#### Simulations (10000)
# temp #1
0.0,2234.0
1807.7965285861867,2234.0
1807.7965285861867,2667.0
40432.51335758251,2667.0
40432.51335758251,2555.0
40783.00234393683,2555.0
40783.00234393683,2429.0
55942.64771884774,2429.0
55942.64771884774,2234.0
81244.98081842905,2234.0
81244.98081842905,2429.0
86400.0,2429.0
# temp #2
0.0,2234.0
68182.41409929469,2234.0
68182.41409929469,2555.0
86400.0,2555.0
# temp #3
0.0,2234.0
30793.535634898584,2234.0
30793.535634898584,2555.0
31484.914754773494,2555.0
31484.914754773494,2667.0
32032.117896317508,2667.0
32032.117896317508,2555.0
32332.117896317508,2555.0
32332.117896317508,2667.0
35932.117896317504,2667.0
35932.117896317504,2555.0
37432.117896317504,2555.0
37432.117896317504,2429.0
45853.28375352547,2429.0
45853.28375352547,2234.0
77842.20992659686,2234.0
77842.20992659686,2429.0
86400.0,2429.0
# temp #4
0.0,2234.0
25960.829299245965,2234.0
25960.829299245965,2555.0
38630.76395310928,2555.0
38630.76395310928,2429.0
39100.340916705325,2429.0
39100.340916705325,2555.0
61402.66240930652,2555.0
61402.66240930652,2429.0
62307.95637911653,2429.0
62307.95637911653,2555.0
63280.186357372455,2555.0
63280.186357372455,2429.0
63580.186357372455,2429.0
63580.186357372455,2555.0
83980.18635737245,2555.0
83980.18635737245,2429.0
84280.18635737245,2429.0
84280.18635737245,2555.0
84880.18635737245,2555.0
84880.18635737245,2667.0
86400.0,2667.0
# temp #5
0.0,2234.0
7205.609144805932,2234.0
7205.609144805932,2667.0
25316.94268675056,2667.0
25316.94268675056,2555.0
26763.373945816427,2555.0
26763.373945816427,2667.0
27638.735679094687,2667.0
27638.735679094687,2555.0
27938.735679094687,2555.0
27938.735679094687,2667.0
28238.735679094687,2667.0
28238.735679094687,2555.0
31538.735679094687,2555.0
31538.735679094687,2667.0
57038.73567909469,2667.0
57038.73567909469,2883.0
86400.0,2883.0
# temp #6
0.0,2234.0
49137.7642286243,2234.0
49137.7642286243,2555.0
53112.77749396396,2555.0
53112.77749396396,2429.0
53541.229859855965,2429.0
53541.229859855965,2555.0
58409.668447938755,2555.0
58409.668447938755,2429.0
59092.231800151065,2429.0
59092.231800151065,2555.0
60347.37616481726,2555.0
60347.37616481726,2429.0
86400.0,2429.0
# temp #7
0.0,2234.0
11952.500967588276,2234.0
11952.500967588276,2429.0
12521.594133018516,2429.0
12521.594133018516,2234.0
13167.52834059298,2234.0
13167.52834059298,2429.0
18224.589229607955,2429.0
18224.589229607955,2234.0
25459.71320976969,2234.0
25459.71320976969,2429.0
26311.565570882525,2429.0
26311.565570882525,2234.0
46827.59309385438,2234.0
46827.59309385438,2429.0
74598.92163046171,2429.0
74598.92163046171,2555.0
86400.0,2555.0
# temp #8
0.0,2234.0
34569.48298537173,2234.0
34569.48298537173,2429.0
66669.48298537172,2429.0
66669.48298537172,2555.0
66969.48298537172,2555.0
66969.48298537172,2667.0
86400.000002,2667.0
# temp #9
0.0,2234.0
57870.74506497011,2234.0
57870.74506497011,2429.0
58411.223242501736,2429.0
58411.223242501736,2555.0
59439.854690129876,2555.0
59439.854690129876,2429.0
78800.60129498599,2429.0
78800.60129498599,2555.0
86400.000002,2555.0
# temp #10
0.0,2234.0
68657.5183412293,2234.0
68657.5183412293,2555.0
85017.32533383183,2555.0
85017.32533383183,2234.0
86400.0,2234.0
# temp #11
0.0,2234.0
51654.10513489042,2234.0
51654.10513489042,2555.0
52891.66200470646,2555.0
52891.66200470646,2667.0
53246.10404097476,2667.0
53246.10404097476,2555.0
53546.10404097476,2555.0
53546.10404097476,2667.0
80246.10404097475,2667.0
80246.10404097475,2555.0
86400.0,2555.0
# temp #12
0.0,2234.0
4856.013013911434,2234.0
4856.013013911434,2667.0
25462.338382238526,2667.0
25462.338382238526,2555.0
26675.729322200645,2555.0
26675.729322200645,2667.0
62914.47823026685,2667.0
62914.47823026685,2555.0
63214.47823026685,2555.0
63214.47823026685,2667.0
64059.62417533157,2667.0
64059.62417533157,2555.0
64659.62417533157,2555.0
64659.62417533157,2667.0
83730.4776885314,2667.0
83730.4776885314,2883.0
86400.0,2883.0
# temp #13
0.0,2234.0
66709.6920062788,2234.0
66709.6920062788,2555.0
86400.000002,2555.0
# temp #14
0.0,2234.0
39321.01356117055,2234.0
39321.01356117055,2883.0
41721.01356117055,2883.0
41721.01356117055,2667.0
62913.02725332789,2667.0
62913.02725332789,2555.0
77295.61375225894,2555.0
77295.61375225894,2667.0
86400.0,2667.0
# temp #15
0.0,2234.0
24794.875121349472,2234.0
24794.875121349472,2555.0
26611.071004997943,2555.0
26611.071004997943,2667.0
26940.77204286587,2667.0
26940.77204286587,2555.0
27240.77204286587,2555.0
27240.77204286587,2667.0
30840.77204286587,2667.0
30840.77204286587,2555.0
32340.77204286587,2555.0
32340.77204286587,2429.0
36530.91428596527,2429.0
36530.91428596527,2234.0
41305.49491555431,2234.0
41305.49491555431,2429.0
76183.69716187009,2429.0
76183.69716187009,2883.0
82469.31565892884,2883.0
82469.31565892884,2667.0
86400.0,2667.0
# temp #16
0.0,2234.0
17455.04737501033,2234.0
17455.04737501033,2883.0
17929.243045882326,2883.0
17929.243045882326,2667.0
23253.68783748709,2667.0
23253.68783748709,2883.0
36107.986891223125,2883.0
36107.986891223125,2667.0
60015.890851523734,2667.0
60015.890851523734,2555.0
73150.38256198169,2555.0
73150.38256198169,2667.0
83884.31193488651,2667.0
83884.31193488651,2555.0
86400.0,2555.0
# temp #17
0.0,2234.0
34619.12399413996,2234.0
34619.12399413996,2555.0
36248.243703972556,2555.0
36248.243703972556,2667.0
46148.243703972556,2667.0
46148.243703972556,2555.0
50497.63522362337,2555.0
50497.63522362337,2429.0
58754.348472878344,2429.0
58754.348472878344,2555.0
74104.82299681754,2555.0
74104.82299681754,2667.0
81596.75732818434,2667.0
81596.75732818434,2555.0
86400.0,2555.0
# temp #18
0.0,2234.0
63066.67640882079,2234.0
63066.67640882079,2555.0
86214.18560205495,2555.0
86214.18560205495,2429.0
86400.000002,2429.0
# temp #19
0.0,2234.0
2472.4781733937566,2234.0
2472.4781733937566,2667.0
18075.006370595656,2667.0
18075.006370595656,2555.0
18734.94590583723,2555.0
18734.94590583723,2667.0
49302.14251654689,2667.0
49302.14251654689,2555.0
49902.14251654689,2555.0
49902.14251654689,2667.0
67830.45156730805,2667.0
67830.45156730805,2555.0
69871.66507153308,2555.0
69871.66507153308,2429.0
86400.000002,2429.0
# temp #20
0.0,2234.0
30167.269983049486,2234.0
30167.269983049486,2429.0
30767.269983049486,2429.0
30767.269983049486,2555.0
34368.97173961625,2555.0
34368.97173961625,2429.0
36516.88488749788,2429.0
36516.88488749788,2883.0
66683.05390533061,2883.0
66683.05390533061,2429.0
84736.38650905342,2429.0
84736.38650905342,2555.0
86400.000002,2555.0
# temp #21
0.0,2234.0
29132.083874847744,2234.0
29132.083874847744,2429.0
36032.08387484774,2429.0
36032.08387484774,2555.0
37832.08387484774,2555.0
37832.08387484774,2429.0
50732.08387484774,2429.0
50732.08387484774,2234.0
51032.08387484774,2234.0
51032.08387484774,2017.0
51332.08387484774,2017.0
51332.08387484774,2234.0
51632.08387484774,2234.0
51632.08387484774,2017.0
70329.84168122057,2017.0
70329.84168122057,2234.0
86400.000002,2234.0
# temp #22
0.0,2234.0
20259.843040863056,2234.0
20259.843040863056,2017.0
24257.748361537237,2017.0
24257.748361537237,2234.0
54215.27699497529,2234.0
54215.27699497529,2017.0
71256.71942364426,2017.0
71256.71942364426,2234.0
74172.11316442119,2234.0
74172.11316442119,2017.0
86400.0,2017.0
# temp #23
0.0,2234.0
5371.445210371167,2234.0
5371.445210371167,2883.0
16471.445210371166,2883.0
16471.445210371166,2555.0
36458.70458325371,2555.0
36458.70458325371,2667.0
63317.585292714655,2667.0
63317.585292714655,2555.0
64257.672445639044,2555.0
64257.672445639044,2667.0
86400.0,2667.0
# temp #24
0.0,2234.0
22253.42396430206,2234.0
22253.42396430206,2555.0
27099.959908216264,2555.0
27099.959908216264,2667.0
27419.061295897704,2667.0
27419.061295897704,2555.0
27719.061295897704,2555.0
27719.061295897704,2667.0
54419.0612958977,2667.0
54419.0612958977,2555.0
70319.0612958977,2555.0
70319.0612958977,2234.0
73919.0612958977,2234.0
73919.0612958977,2429.0
83819.0612958977,2429.0
83819.0612958977,2555.0
84419.0612958977,2555.0
84419.0612958977,2667.0
86400.0,2667.0
# temp #25
0.0,2234.0
10317.735310597347,2234.0
10317.735310597347,2883.0
21417.735310597345,2883.0
21417.735310597345,2555.0
38492.88611733355,2555.0
38492.88611733355,2667.0
43453.18916640245,2667.0
43453.18916640245,2234.0
56555.55446525106,2234.0
56555.55446525106,2667.0
61744.74558429794,2667.0
61744.74558429794,2555.0
67338.70856557043,2555.0
67338.70856557043,2667.0
86400.0,2667.0
# temp #26
0.0,2234.0
8493.626386695543,2234.0
8493.626386695543,2883.0
19593.62638669554,2883.0
19593.62638669554,2555.0
36945.993254589855,2555.0
36945.993254589855,2429.0
73447.19789503144,2429.0
73447.19789503144,2555.0
86400.0,2555.0
# temp #27
0.0,2234.0
13017.986169224607,2234.0
13017.986169224607,2017.0
29498.95930881612,2017.0
29498.95930881612,2234.0
67034.22590545379,2234.0
67034.22590545379,2017.0
75220.88201539592,2017.0
75220.88201539592,2234.0
78422.56155582146,2234.0
78422.56155582146,2017.0
86400.000002,2017.0
# temp #28
0.0,2234.0
58865.7547082752,2234.0
58865.7547082752,2555.0
61778.609760222025,2555.0
61778.609760222025,2234.0
86400.000002,2234.0
# temp #29
0.0,2234.0
17944.05144019984,2234.0
17944.05144019984,2555.0
21452.397519419905,2555.0
21452.397519419905,2667.0
21823.93421866,2667.0
21823.93421866,2555.0
22123.93421866,2555.0
22123.93421866,2667.0
48823.93421866,2667.0
48823.93421866,2555.0
64723.93421866,2555.0
64723.93421866,2234.0
68323.93421866,2234.0
68323.93421866,2429.0
78223.93421866,2429.0
78223.93421866,2555.0
78823.93421866,2555.0
78823.93421866,2667.0
86400.000002,2667.0
# temp #30
0.0,2234.0
37717.331328475855,2234.0
37717.331328475855,2429.0
38118.375679012395,2429.0
38118.375679012395,2555.0
41245.694911759354,2555.0
41245.694911759354,2429.0
58479.51138932259,2429.0
58479.51138932259,2883.0
63970.16806493049,2883.0
63970.16806493049,2429.0
86400.000002,2429.0
# temp #31
0.0,2234.0
10361.117172008382,2234.0
10361.117172008382,2883.0
11315.718929073775,2883.0
11315.718929073775,2667.0
13773.490078956822,2667.0
13773.490078956822,2883.0
49602.2662770236,2883.0
49602.2662770236,2429.0
66991.65505834391,2429.0
66991.65505834391,2234.0
72680.07817317267,2234.0
72680.07817317267,2667.0
86400.0,2667.0
# temp #32
0.0,2234.0
58923.676815396175,2234.0
58923.676815396175,2555.0
76328.39991222136,2555.0
76328.39991222136,2234.0
83221.33357473649,2234.0
83221.33357473649,2667.0
86400.000002,2667.0
# temp #33
0.0,2234.0
51528.72945433483,2234.0
51528.72945433483,2555.0
73324.10804964603,2555.0
73324.10804964603,2429.0
73643.86294092984,2429.0
73643.86294092984,2555.0
86400.0,2555.0
# temp #34
0.0,2234.0
48583.98872197141,2234.0
48583.98872197141,2555.0
77945.95650394914,2555.0
77945.95650394914,2429.0
78533.07794812137,2429.0
78533.07794812137,2555.0
86400.0,2555.0
# temp #35
0.0,2234.0
46564.084794279195,2234.0
46564.084794279195,2555.0
80596.2153062923,2555.0
80596.2153062923,2429.0
86400.0,2429.0
# temp #36
0.0,2234.0
35104.1862574406,2234.0
35104.1862574406,2883.0
37504.1862574406,2883.0
37504.1862574406,2667.0
61038.594864844345,2667.0
61038.594864844345,2555.0
77647.72304117214,2555.0
77647.72304117214,2667.0
86400.0,2667.0
# temp #37
0.0,2234.0
27891.973750409674,2234.0
27891.973750409674,2555.0
31683.27008269262,2555.0
31683.27008269262,2667.0
37983.270082692616,2667.0
37983.270082692616,2555.0
39183.270082692616,2555.0
39183.270082692616,2429.0
82383.27008269262,2429.0
82383.27008269262,2234.0
86400.0,2234.0
# temp #38
0.0,2234.0
8390.860074874947,2234.0
8390.860074874947,2667.0
35406.45765869413,2667.0
35406.45765869413,2555.0
36452.67562663649,2555.0
36452.67562663649,2667.0
71840.28903390282,2667.0
71840.28903390282,2555.0
72440.28903390282,2555.0
72440.28903390282,2667.0
86400.0,2667.0
# temp #39
0.0,2234.0
41845.98556975835,2234.0
41845.98556975835,2429.0
48745.98556975835,2429.0
48745.98556975835,2555.0
50545.98556975835,2555.0
50545.98556975835,2429.0
63445.98556975835,2429.0
63445.98556975835,2234.0
63745.98556975835,2234.0
63745.98556975835,2017.0
64045.98556975835,2017.0
64045.98556975835,2234.0
64345.98556975835,2234.0
64345.98556975835,2017.0
83906.51309669485,2017.0
83906.51309669485,2234.0
86400.0,2234.0
# temp #40
0.0,2234.0
55145.65875241534,2234.0
55145.65875241534,2429.0
55623.50557381288,2429.0
55623.50557381288,2555.0
56228.78290610389,2555.0
56228.78290610389,2429.0
59730.065520037904,2429.0
59730.065520037904,2555.0
68005.55174632465,2555.0
68005.55174632465,2667.0
86400.000002,2667.0
# temp #41
0.0,2234.0
35330.11640673504,2234.0
35330.11640673504,2429.0
35930.11640673504,2429.0
35930.11640673504,2555.0
38608.06704377756,2555.0
38608.06704377756,2429.0
62346.07211463155,2429.0
62346.07211463155,2555.0
86400.0,2555.0
# temp #42
0.0,2234.0
7822.740170569161,2234.0
7822.740170569161,2667.0
56820.33938895912,2667.0
56820.33938895912,2555.0
58045.89662812651,2555.0
58045.89662812651,2667.0
86400.000002,2667.0
# temp #43
0.0,2234.0
14776.922297501009,2234.0
14776.922297501009,2883.0
25876.92229750101,2883.0
25876.92229750101,2555.0
61374.505836982295,2555.0
61374.505836982295,2429.0
82064.68273485081,2429.0
82064.68273485081,2883.0
86400.000002,2883.0
# temp #44
0.0,2234.0
39290.02736164258,2234.0
39290.02736164258,2429.0
39890.02736164258,2429.0
39890.02736164258,2555.0
40245.10669363663,2555.0
40245.10669363663,2429.0
50997.010303591385,2429.0
50997.010303591385,2234.0
61823.794392985306,2234.0
61823.794392985306,2667.0
73048.0283273617,2667.0
73048.0283273617,2883.0
86400.0,2883.0
# temp #45
0.0,2234.0
8119.737100275234,2234.0
8119.737100275234,2429.0
8609.871289506556,2429.0
8609.871289506556,2555.0
12935.131968185307,2555.0
12935.131968185307,2429.0
26745.829070080075,2429.0
26745.829070080075,2883.0
56475.01328140499,2883.0
56475.01328140499,2429.0
81963.55462395588,2429.0
81963.55462395588,2555.0
86400.000002,2555.0
# temp #46
0.0,2234.0
43392.12035194506,2234.0
43392.12035194506,2555.0
44430.05938986317,2555.0
44430.05938986317,2667.0
44891.410248214386,2667.0
44891.410248214386,2555.0
50891.410248214386,2555.0
50891.410248214386,2429.0
53291.410248214386,2429.0
53291.410248214386,2234.0
56891.410248214386,2234.0
56891.410248214386,2429.0
58091.410248214386,2429.0
58091.410248214386,2234.0
63791.410248214386,2234.0
63791.410248214386,2429.0
86400.0,2429.0
# temp #47
0.0,2234.0
4386.281126411633,2234.0
4386.281126411633,2667.0
26558.51103435271,2667.0
26558.51103435271,2555.0
27833.93975081854,2555.0
27833.93975081854,2429.0
35739.51608163771,2429.0
35739.51608163771,2234.0
62791.251481650404,2234.0
62791.251481650404,2429.0
68280.3487637546,2429.0
68280.3487637546,2555.0
80271.15134387279,2555.0
80271.15134387279,2667.0
82995.19938533196,2667.0
82995.19938533196,2555.0
86400.000002,2555.0
# temp #48
0.0,2234.0
7739.011187106373,2234.0
7739.011187106373,2667.0
41724.94032508694,2667.0
41724.94032508694,2555.0
43047.25305684843,2555.0
43047.25305684843,2667.0
61823.26402512846,2667.0
61823.26402512846,2555.0
62123.26402512846,2555.0
62123.26402512846,2429.0
86400.0,2429.0
# temp #49
0.0,2234.0
77464.14347556421,2234.0
77464.14347556421,2555.0
79298.239195277,2555.0
79298.239195277,2667.0
79827.83321023454,2667.0
79827.83321023454,2555.0
80127.83321023454,2555.0
80127.83321023454,2667.0
86400.000002,2667.0
# temp #50
0.0,2234.0
42532.3164029047,2234.0
42532.3164029047,2555.0
43227.625374309726,2555.0
43227.625374309726,2429.0
43587.210938497454,2429.0
43587.210938497454,2555.0
63166.23265240343,2555.0
63166.23265240343,2429.0
63987.9277756205,2429.0
63987.9277756205,2234.0
83580.8165935334,2234.0
83580.8165935334,2429.0
86400.0,2429.0
# temp #51
0.0,2234.0
47261.40732101631,2234.0
47261.40732101631,2555.0
51471.32196065505,2555.0
51471.32196065505,2667.0
52050.48589759973,2667.0
52050.48589759973,2555.0
52350.48589759973,2555.0
52350.48589759973,2667.0
55950.48589759973,2667.0
55950.48589759973,2555.0
57450.48589759973,2555.0
57450.48589759973,2429.0
57846.500829141594,2429.0
57846.500829141594,2234.0
66739.37924907079,2234.0
66739.37924907079,2429.0
86400.0,2429.0
# temp #52
0.0,2234.0
6074.20153124258,2234.0
6074.20153124258,2667.0
47544.337735092275,2667.0
47544.337735092275,2555.0
48442.42763905787,2555.0
48442.42763905787,2667.0
67348.09274137953,2667.0
67348.09274137953,2555.0
67648.09274137953,2555.0
67648.09274137953,2667.0
67948.09274137953,2667.0
67948.09274137953,2555.0
71248.09274137953,2555.0
71248.09274137953,2667.0
86400.000002,2667.0
# temp #53
0.0,2234.0
80883.04283365143,2234.0
80883.04283365143,2555.0
86400.0,2555.0
# temp #54
0.0,2234.0
19963.790916139264,2234.0
19963.790916139264,2429.0
26863.790916139264,2429.0
26863.790916139264,2555.0
28663.790916139264,2555.0
28663.790916139264,2429.0
41563.79091613926,2429.0
41563.79091613926,2234.0
41863.79091613926,2234.0
41863.79091613926,2017.0
42163.79091613926,2017.0
42163.79091613926,2234.0
42463.79091613926,2234.0
42463.79091613926,2017.0
59734.539570962086,2017.0
59734.539570962086,2234.0
75354.80789712166,2234.0
75354.80789712166,2667.0
86400.0,2667.0
# temp #55
0.0,2234.0
27762.475095363337,2234.0
27762.475095363337,2017.0
54251.782754994936,2017.0
54251.782754994936,2234.0
86400.000002,2234.0
# temp #56
0.0,2234.0
65774.15084182285,2234.0
65774.15084182285,2883.0
68174.15084182285,2883.0
68174.15084182285,2667.0
84381.78169741295,2667.0
84381.78169741295,2555.0
86400.000002,2555.0
# temp #57
0.0,2234.0
51132.54905787763,2234.0
51132.54905787763,2555.0
86400.000002,2555.0
# temp #58
0.0,2234.0
48213.587779202506,2234.0
48213.587779202506,2555.0
50354.02798333672,2555.0
50354.02798333672,2429.0
50659.166215010926,2429.0
50659.166215010926,2555.0
67227.8596885968,2555.0
67227.8596885968,2429.0
67698.84934884032,2429.0
67698.84934884032,2234.0
86400.0,2234.0
# temp #59
0.0,2234.0
72235.80127470195,2234.0
72235.80127470195,2883.0
74635.80127470195,2883.0
74635.80127470195,2667.0
86400.000002,2667.0
# temp #60
0.0,2234.0
14726.210519392047,2234.0
14726.210519392047,2883.0
15297.14506203309,2883.0
15297.14506203309,2667.0
18847.78783398215,2667.0
18847.78783398215,2883.0
49303.93035637682,2883.0
49303.93035637682,2429.0
55335.46114058701,2429.0
55335.46114058701,2555.0
65359.22451925,2555.0
65359.22451925,2429.0
86400.000002,2429.0
# temp #61
0.0,2234.0
2179.950280976482,2234.0
2179.950280976482,2667.0
8644.444868504072,2667.0
8644.444868504072,2555.0
9554.459248180503,2555.0
9554.459248180503,2667.0
38285.38175476716,2667.0
38285.38175476716,2555.0
41285.38175476716,2555.0
41285.38175476716,2667.0
67385.38175476715,2667.0
67385.38175476715,2883.0
86400.0,2883.0
# temp #62
0.0,2234.0
58814.49167530519,2234.0
58814.49167530519,2555.0
73856.73651101535,2555.0
73856.73651101535,2429.0
86400.000002,2429.0
# temp #63
0.0,2234.0
73849.66174992734,2234.0
73849.66174992734,2555.0
74885.99119896536,2555.0
74885.99119896536,2667.0
75316.85781721027,2667.0
75316.85781721027,2555.0
75616.85781721027,2555.0
75616.85781721027,2667.0
86400.000002,2667.0
# temp #64
0.0,2234.0
13227.13717245497,2234.0
13227.13717245497,2555.0
16994.754368020225,2555.0
16994.754368020225,2429.0
17304.035773454238,2429.0
17304.035773454238,2555.0
34027.489934465855,2555.0
34027.489934465855,2429.0
34373.564299824655,2429.0
34373.564299824655,2555.0
35677.12017798331,2555.0
35677.12017798331,2429.0
35977.12017798331,2429.0
35977.12017798331,2555.0
36277.12017798331,2555.0
36277.12017798331,2429.0
36877.12017798331,2429.0
36877.12017798331,2555.0
37582.99243056682,2555.0
37582.99243056682,2429.0
48455.13773357962,2429.0
48455.13773357962,2555.0
50997.44257663843,2555.0
50997.44257663843,2429.0
77823.22957220023,2429.0
77823.22957220023,2234.0
86400.000002,2234.0
# temp #65
0.0,2234.0
13939.805768500084,2234.0
13939.805768500084,2429.0
14412.676199083218,2429.0
14412.676199083218,2555.0
18903.080852259885,2555.0
18903.080852259885,2429.0
65681.78432725836,2429.0
65681.78432725836,2883.0
81120.40975105485,2883.0
81120.40975105485,2667.0
86400.000002,2667.0
# temp #66
0.0,2234.0
2539.2836605198686,2234.0
2539.2836605198686,2017.0
22728.032857412476,2017.0
22728.032857412476,2234.0
57406.748086167514,2234.0
57406.748086167514,2017.0
76824.33506674135,2017.0
76824.33506674135,2234.0
80457.58706261405,2234.0
80457.58706261405,2017.0
86400.000002,2017.0
# temp #67
0.0,2234.0
53992.169845104225,2234.0
53992.169845104225,2555.0
54369.77266890463,2555.0
54369.77266890463,2667.0
54849.26984903869,2667.0
54849.26984903869,2555.0
60849.26984903869,2555.0
60849.26984903869,2429.0
63249.26984903869,2429.0
63249.26984903869,2234.0
66849.26984903868,2234.0
66849.26984903868,2429.0
68049.26984903868,2429.0
68049.26984903868,2234.0
73749.26984903868,2234.0
73749.26984903868,2429.0
86400.000002,2429.0
# temp #68
0.0,2234.0
31708.865615352992,2234.0
31708.865615352992,2429.0
38608.86561535299,2429.0
38608.86561535299,2555.0
40408.86561535299,2555.0
40408.86561535299,2429.0
53308.86561535299,2429.0
53308.86561535299,2234.0
53608.86561535299,2234.0
53608.86561535299,2017.0
53908.86561535299,2017.0
53908.86561535299,2234.0
54208.86561535299,2234.0
54208.86561535299,2017.0
63535.29391279445,2017.0
63535.29391279445,2234.0
67450.13016674202,2234.0
67450.13016674202,2429.0
73371.47342164535,2429.0
73371.47342164535,2555.0
83727.08062345629,2555.0
83727.08062345629,2667.0
86344.1050587455,2667.0
86344.1050587455,2883.0
86400.0,2883.0
# temp #69
0.0,2234.0
15199.751230725089,2234.0
15199.751230725089,2555.0
16894.167622388344,2555.0
16894.167622388344,2667.0
17240.915994183164,2667.0
17240.915994183164,2555.0
17540.915994183164,2555.0
17540.915994183164,2667.0
44240.91599418316,2667.0
44240.91599418316,2555.0
60140.91599418316,2555.0
60140.91599418316,2234.0
63740.91599418316,2234.0
63740.91599418316,2429.0
73640.91599418316,2429.0
73640.91599418316,2555.0
74240.91599418316,2555.0
74240.91599418316,2667.0
86400.000002,2667.0
# temp #70
0.0,2234.0
34165.21419386846,2234.0
34165.21419386846,2429.0
34465.21419386846,2429.0
34465.21419386846,2234.0
53974.311817972935,2234.0
53974.311817972935,2667.0
63546.70623696876,2667.0
63546.70623696876,2555.0
86400.0,2555.0
# temp #71
0.0,2234.0
20275.975233223293,2234.0
20275.975233223293,2017.0
24091.50951658376,2017.0
24091.50951658376,2234.0
50398.111883969985,2234.0
50398.111883969985,2017.0
86400.0,2017.0
# temp #72
0.0,2234.0
52554.50724866242,2234.0
52554.50724866242,2555.0
82363.09680626729,2555.0
82363.09680626729,2429.0
82742.04505439849,2429.0
82742.04505439849,2555.0
85709.68080942986,2555.0
85709.68080942986,2429.0
86400.0,2429.0
# temp #73
0.0,2234.0
64857.02107439285,2234.0
64857.02107439285,2555.0
75193.65422457924,2555.0
75193.65422457924,2429.0
86400.000002,2429.0
# temp #74
0.0,2234.0
35135.350089613356,2234.0
35135.350089613356,2555.0
52113.70177734645,2555.0
52113.70177734645,2429.0
68152.17320714147,2429.0
68152.17320714147,2234.0
74263.01175006667,2234.0
74263.01175006667,2429.0
86400.000002,2429.0
# temp #75
0.0,2234.0
14918.535092566166,2234.0
14918.535092566166,2883.0
15595.979665894996,2883.0
15595.979665894996,2667.0
23664.31595825125,2667.0
23664.31595825125,2883.0
40334.073305991486,2883.0
40334.073305991486,2667.0
50685.076418356046,2667.0
50685.076418356046,2555.0
67789.42480443513,2555.0
67789.42480443513,2429.0
73963.49363517949,2429.0
73963.49363517949,2555.0
86400.000002,2555.0
# temp #76
0.0,2234.0
13850.884779682385,2234.0
13850.884779682385,2017.0
31761.796620022513,2017.0
31761.796620022513,2234.0
63224.47360642256,2234.0
63224.47360642256,2017.0
64214.373535523206,2017.0
64214.373535523206,2234.0
86400.000002,2234.0
# temp #77
0.0,2234.0
63917.01372822282,2234.0
63917.01372822282,2555.0
83340.9362799721,2555.0
83340.9362799721,2429.0
83807.81728271396,2429.0
83807.81728271396,2555.0
86400.000002,2555.0
# temp #78
0.0,2234.0
52834.621918411,2234.0
52834.621918411,2555.0
73386.94049811458,2555.0
73386.94049811458,2429.0
73742.16313452927,2429.0
73742.16313452927,2555.0
79172.74694975933,2555.0
79172.74694975933,2429.0
80015.2473071823,2429.0
80015.2473071823,2555.0
80607.72444291507,2555.0
80607.72444291507,2429.0
80907.72444291507,2429.0
80907.72444291507,2555.0
86400.000002,2555.0
# temp #79
0.0,2234.0
41648.348439554684,2234.0
41648.348439554684,2883.0
44048.348439554684,2883.0
44048.348439554684,2667.0
70940.22128577344,2667.0
70940.22128577344,2555.0
86400.000002,2555.0
# temp #80
0.0,2234.0
29081.64064111188,2234.0
29081.64064111188,2555.0
49822.93520467356,2555.0
49822.93520467356,2429.0
86400.0,2429.0
# temp #81
0.0,2234.0
7059.565684595146,2234.0
7059.565684595146,2883.0
8187.92822866235,2883.0
8187.92822866235,2667.0
16154.627873771826,2667.0
16154.627873771826,2883.0
29652.79267842416,2883.0
29652.79267842416,2667.0
58955.50065741409,2667.0
58955.50065741409,2234.0
72241.33948164528,2234.0
72241.33948164528,2667.0
86400.0,2667.0
# temp #82
0.0,2234.0
8337.083622068169,2234.0
8337.083622068169,2667.0
10550.53861490451,2667.0
10550.53861490451,2555.0
10891.975315706806,2555.0
10891.975315706806,2667.0
40128.609280125245,2667.0
40128.609280125245,2555.0
40728.609280125245,2555.0
40728.609280125245,2667.0
57755.13102330734,2667.0
57755.13102330734,2555.0
58586.67730197777,2555.0
58586.67730197777,2429.0
77128.80297184458,2429.0
77128.80297184458,2555.0
86400.000002,2555.0
# temp #83
0.0,2234.0
55248.82045998239,2234.0
55248.82045998239,2429.0
55692.9951468017,2429.0
55692.9951468017,2555.0
57562.37297966146,2555.0
57562.37297966146,2429.0
64603.5653195344,2429.0
64603.5653195344,2555.0
77681.89836619423,2555.0
77681.89836619423,2667.0
86400.0,2667.0
# temp #84
0.0,2234.0
1682.2218022076415,2234.0
1682.2218022076415,2555.0
29095.634899777364,2555.0
29095.634899777364,2429.0
69759.88339532634,2429.0
69759.88339532634,2234.0
71576.07902339661,2234.0
71576.07902339661,2429.0
80237.06197086723,2429.0
80237.06197086723,2234.0
86400.0,2234.0
# temp #85
0.0,2234.0
54453.20700178855,2234.0
54453.20700178855,2555.0
57399.61191017647,2555.0
57399.61191017647,2667.0
57929.31577290875,2667.0
57929.31577290875,2555.0
58229.31577290875,2555.0
58229.31577290875,2667.0
84929.31577290874,2667.0
84929.31577290874,2555.0
86400.000002,2555.0
# temp #86
0.0,2234.0
690.7382450066507,2234.0
690.7382450066507,2667.0
4017.4371408764277,2667.0
4017.4371408764277,2555.0
4668.966074148193,2555.0
4668.966074148193,2667.0
5466.450441861526,2667.0
5466.450441861526,2555.0
5766.450441861526,2555.0
5766.450441861526,2667.0
6580.613747192548,2667.0
6580.613747192548,2555.0
7180.613747192548,2555.0
7180.613747192548,2667.0
20424.972736788914,2667.0
20424.972736788914,2883.0
33737.869557598606,2883.0
33737.869557598606,2667.0
70602.74283816108,2667.0
70602.74283816108,2883.0
86400.000002,2883.0
# temp #87
0.0,2234.0
7306.678140023723,2234.0
7306.678140023723,2429.0
7757.813805481419,2429.0
7757.813805481419,2234.0
8414.680069754831,2234.0
8414.680069754831,2429.0
13849.408203433268,2429.0
13849.408203433268,2234.0
17150.007011764683,2234.0
17150.007011764683,2429.0
18465.88016145397,2429.0
18465.88016145397,2555.0
19103.76093427185,2555.0
19103.76093427185,2429.0
19403.76093427185,2429.0
19403.76093427185,2555.0
39803.76093427185,2555.0
39803.76093427185,2429.0
40103.76093427185,2429.0
40103.76093427185,2555.0
40703.76093427185,2555.0
40703.76093427185,2667.0
77148.7469954649,2667.0
77148.7469954649,2555.0
83795.20688841587,2555.0
83795.20688841587,2667.0
84118.13149033116,2667.0
84118.13149033116,2555.0
86400.000002,2555.0
# temp #88
0.0,2234.0
66823.42934017071,2234.0
66823.42934017071,2555.0
70436.77695442458,2555.0
70436.77695442458,2667.0
70945.84228580353,2667.0
70945.84228580353,2555.0
76945.84228580353,2555.0
76945.84228580353,2429.0
79345.84228580353,2429.0
79345.84228580353,2234.0
82945.84228580353,2234.0
82945.84228580353,2429.0
84145.84228580353,2429.0
84145.84228580353,2234.0
86400.0,2234.0
# temp #89
0.0,2234.0
49718.34807805718,2234.0
49718.34807805718,2555.0
73744.67316437514,2555.0
73744.67316437514,2429.0
74124.95408859105,2429.0
74124.95408859105,2555.0
75984.00440937841,2555.0
75984.00440937841,2429.0
76527.96197372956,2429.0
76527.96197372956,2234.0
86400.000002,2234.0
# temp #90
0.0,2234.0
16317.690007458445,2234.0
16317.690007458445,2883.0
16805.704303923998,2883.0
16805.704303923998,2667.0
28962.922331853777,2667.0
28962.922331853777,2883.0
44533.013571845375,2883.0
44533.013571845375,2429.0
66182.77196462733,2429.0
66182.77196462733,2555.0
68152.55689637271,2555.0
68152.55689637271,2667.0
83685.68000814413,2667.0
83685.68000814413,2234.0
86400.0,2234.0
# temp #91
0.0,2234.0
14367.113531590441,2234.0
14367.113531590441,2555.0
34746.27263608855,2555.0
34746.27263608855,2429.0
35254.901709943086,2429.0
35254.901709943086,2555.0
36939.760117605336,2555.0
36939.760117605336,2429.0
37544.664682354785,2429.0
37544.664682354785,2234.0
48862.535645719625,2234.0
48862.535645719625,2667.0
76075.36608986558,2667.0
76075.36608986558,2555.0
86400.0,2555.0
# temp #92
0.0,2234.0
69386.96597220843,2234.0
69386.96597220843,2555.0
86400.0,2555.0
# temp #93
0.0,2234.0
12397.918666480111,2234.0
12397.918666480111,2555.0
14559.31553640403,2555.0
14559.31553640403,2667.0
15009.216030081736,2667.0
15009.216030081736,2555.0
21009.216030081734,2555.0
21009.216030081734,2429.0
23409.216030081734,2429.0
23409.216030081734,2234.0
27009.216030081734,2234.0
27009.216030081734,2429.0
28209.216030081734,2429.0
28209.216030081734,2234.0
33909.216030081734,2234.0
33909.216030081734,2429.0
42272.63981786091,2429.0
42272.63981786091,2555.0
60738.73240670656,2555.0
60738.73240670656,2667.0
66132.75631538128,2667.0
66132.75631538128,2234.0
70610.89641305154,2234.0
70610.89641305154,2429.0
75275.6003720686,2429.0
75275.6003720686,2234.0
83636.70880990104,2234.0
83636.70880990104,2667.0
86400.000002,2667.0
# temp #94
0.0,2234.0
41725.851230649285,2234.0
41725.851230649285,2555.0
56629.29727840238,2555.0
56629.29727840238,2429.0
63258.50045937114,2429.0
63258.50045937114,2234.0
63558.50045937114,2234.0
63558.50045937114,2017.0
72774.52516760679,2017.0
72774.52516760679,2555.0
74263.54459729047,2555.0
74263.54459729047,2667.0
86400.0,2667.0
# temp #95
0.0,2234.0
957.8415400581436,2234.0
957.8415400581436,2555.0
7476.965808332899,2555.0
7476.965808332899,2429.0
8029.558381880634,2429.0
8029.558381880634,2555.0
26729.083855357025,2555.0
26729.083855357025,2429.0
27143.36372127291,2429.0
27143.36372127291,2234.0
47558.93539753743,2234.0
47558.93539753743,2429.0
64864.20799358749,2429.0
64864.20799358749,2234.0
65799.86005893444,2234.0
65799.86005893444,2429.0
69195.8877428435,2429.0
69195.8877428435,2555.0
81771.4369375259,2555.0
81771.4369375259,2429.0
86400.0,2429.0
# temp #96
0.0,2234.0
8460.47409642488,2234.0
8460.47409642488,2667.0
39062.72082701326,2667.0
39062.72082701326,2555.0
40002.22704643384,2555.0
40002.22704643384,2667.0
77525.52178006155,2667.0
77525.52178006155,2555.0
80525.52178006155,2555.0
80525.52178006155,2667.0
86400.0,2667.0
# temp #97
0.0,2234.0
22342.09575885907,2234.0
22342.09575885907,2017.0
63984.75625044668,2017.0
63984.75625044668,2234.0
69323.07479842567,2234.0
69323.07479842567,2017.0
86400.0,2017.0
# temp #98
0.0,2234.0
68745.19158792683,2234.0
68745.19158792683,2555.0
71910.04919316621,2555.0
71910.04919316621,2667.0
81810.04919316621,2667.0
81810.04919316621,2555.0
83197.04717528076,2555.0
83197.04717528076,2429.0
86400.000002,2429.0
# temp #99
0.0,2234.0
68420.59492939153,2234.0
68420.59492939153,2555.0
71204.57451171243,2555.0
71204.57451171243,2429.0
71672.36055764371,2429.0
71672.36055764371,2555.0
80418.24523669203,2555.0
80418.24523669203,2429.0
81236.51093880182,2429.0
81236.51093880182,2555.0
81756.82733666619,2555.0
81756.82733666619,2429.0
82056.82733666619,2429.0
82056.82733666619,2555.0
83556.82733666619,2555.0
83556.82733666619,2429.0
86400.0,2429.0
# temp #100
0.0,2234.0
78474.30862414186,2234.0
78474.30862414186,2555.0
86400.000002,2555.0
# temp #101
0.0,2234.0
33792.84103335813,2234.0
33792.84103335813,2883.0
36192.84103335813,2883.0
36192.84103335813,2667.0
65641.83824288193,2667.0
65641.83824288193,2555.0
74341.45386444872,2555.0
74341.45386444872,2429.0
86400.0,2429.0
# temp #102
0.0,2234.0
53517.268523667015,2234.0
53517.268523667015,2883.0
55917.268523667015,2883.0
55917.268523667015,2667.0
66431.4853174612,2667.0
66431.4853174612,2234.0
76003.44342913014,2234.0
76003.44342913014,2429.0
86400.000002,2429.0
# temp #103
0.0,2234.0
56672.442892449915,2234.0
56672.442892449915,2429.0
56972.442892449915,2429.0
56972.442892449915,2234.0
70696.72279420776,2234.0
70696.72279420776,2429.0
82552.00719439892,2429.0
82552.00719439892,2883.0
86400.0,2883.0
# temp #104
0.0,2234.0
11624.288082914429,2234.0
11624.288082914429,2555.0
15213.891760027038,2555.0
15213.891760027038,2429.0
19513.96918273531,2429.0
19513.96918273531,2234.0
24098.045035614632,2234.0
24098.045035614632,2429.0
29460.057044774298,2429.0
29460.057044774298,2234.0
50668.663829402074,2234.0
50668.663829402074,2429.0
69248.1314271223,2429.0
69248.1314271223,2234.0
85511.75534357318,2234.0
85511.75534357318,2667.0
86400.0,2667.0
# temp #105
0.0,2234.0
15820.721517107451,2234.0
15820.721517107451,2555.0
20186.10864502844,2555.0
20186.10864502844,2667.0
26486.10864502844,2667.0
26486.10864502844,2555.0
27686.10864502844,2555.0
27686.10864502844,2429.0
70886.10864502843,2429.0
70886.10864502843,2234.0
86400.0,2234.0
# temp #106
0.0,2234.0
67554.9834203208,2234.0
67554.9834203208,2555.0
72574.79104860687,2555.0
72574.79104860687,2667.0
82474.79104860687,2667.0
82474.79104860687,2555.0
83688.04812147284,2555.0
83688.04812147284,2429.0
86400.0,2429.0
# temp #107
0.0,2234.0
23842.58623940405,2234.0
23842.58623940405,2555.0
28657.29193137959,2555.0
28657.29193137959,2667.0
29174.548740056347,2667.0
29174.548740056347,2555.0
29474.548740056347,2555.0
29474.548740056347,2667.0
56174.54874005634,2667.0
56174.54874005634,2555.0
72074.54874005634,2555.0
72074.54874005634,2234.0
75674.54874005634,2234.0
75674.54874005634,2429.0
85574.54874005634,2429.0
85574.54874005634,2555.0
86174.54874005634,2555.0
86174.54874005634,2667.0
86400.0,2667.0
# temp #108
0.0,2234.0
63709.9391340511,2234.0
63709.9391340511,2555.0
86400.0,2555.0
# temp #109
0.0,2234.0
70490.95499322285,2234.0
70490.95499322285,2555.0
86400.0,2555.0
# temp #110
0.0,2234.0
39911.48543064483,2234.0
39911.48543064483,2017.0
61588.85264075363,2017.0
61588.85264075363,2234.0
86400.000002,2234.0
# temp #111
0.0,2234.0
8572.307091602126,2234.0
8572.307091602126,2667.0
39139.318536501385,2667.0
39139.318536501385,2555.0
40448.272217530764,2555.0
40448.272217530764,2667.0
66165.1942314813,2667.0
66165.1942314813,2555.0
66465.1942314813,2555.0
66465.1942314813,2667.0
66765.1942314813,2667.0
66765.1942314813,2555.0
70065.1942314813,2555.0
70065.1942314813,2667.0
86400.0,2667.0
# temp #112
0.0,2234.0
34296.4276473038,2234.0
34296.4276473038,2555.0
41770.57840246708,2555.0
41770.57840246708,2429.0
42296.6462729266,2429.0
42296.6462729266,2555.0
61800.909856567174,2555.0
61800.909856567174,2429.0
62492.97096203083,2429.0
62492.97096203083,2555.0
63527.86980508828,2555.0
63527.86980508828,2429.0
63827.86980508828,2429.0
63827.86980508828,2555.0
84227.86980508828,2555.0
84227.86980508828,2429.0
84527.86980508828,2429.0
84527.86980508828,2555.0
85127.86980508828,2555.0
85127.86980508828,2667.0
86400.0,2667.0
# temp #113
0.0,2234.0
43422.97814302147,2234.0
43422.97814302147,2429.0
43823.13869046048,2429.0
43823.13869046048,2555.0
46917.27064037696,2555.0
46917.27064037696,2429.0
47751.220541261144,2429.0
47751.220541261144,2883.0
59537.21001707018,2883.0
59537.21001707018,2667.0
69063.9338179026,2667.0
69063.9338179026,2555.0
71109.49759029319,2555.0
71109.49759029319,2429.0
86400.0,2429.0
# temp #114
0.0,2234.0
43424.21823700425,2234.0
43424.21823700425,2429.0
75524.21823700424,2429.0
75524.21823700424,2555.0
75824.21823700424,2555.0
75824.21823700424,2667.0
86400.0,2667.0
# temp #115
0.0,2234.0
11054.054760094732,2234.0
11054.054760094732,2017.0
37288.79515025765,2017.0
37288.79515025765,2234.0
75992.68483137713,2234.0
75992.68483137713,2017.0
86400.0,2017.0
# temp #116
0.0,2234.0
8169.184831716121,2234.0
8169.184831716121,2429.0
40269.18483171612,2429.0
40269.18483171612,2555.0
40569.18483171612,2555.0
40569.18483171612,2667.0
78558.57667343225,2667.0
78558.57667343225,2555.0
86400.000002,2555.0
# temp #117
0.0,2234.0
46634.17280386203,2234.0
46634.17280386203,2429.0
47220.274232933305,2429.0
47220.274232933305,2555.0
50057.05860913732,2555.0
50057.05860913732,2429.0
65225.09846426547,2429.0
65225.09846426547,2234.0
80830.41582209991,2234.0
80830.41582209991,2429.0
86400.000002,2429.0
# temp #118
0.0,2234.0
21892.74573682342,2234.0
21892.74573682342,2555.0
59578.22390135845,2555.0
59578.22390135845,2429.0
60016.07687445359,2429.0
60016.07687445359,2555.0
65915.18150763588,2555.0
65915.18150763588,2429.0
66703.21958893912,2429.0
66703.21958893912,2555.0
67711.20911780746,2555.0
67711.20911780746,2429.0
68011.20911780746,2429.0
68011.20911780746,2555.0
69511.20911780746,2555.0
69511.20911780746,2429.0
79711.20911780746,2429.0
79711.20911780746,2234.0
86400.000002,2234.0
# temp #119
0.0,2234.0
28508.878076635305,2234.0
28508.878076635305,2555.0
52026.17930495181,2555.0
52026.17930495181,2429.0
84234.45175015369,2429.0
84234.45175015369,2234.0
86400.0,2234.0
# temp #120
0.0,2234.0
7463.438447518276,2234.0
7463.438447518276,2667.0
48388.1051498931,2667.0
48388.1051498931,2555.0
49712.240161048256,2555.0
49712.240161048256,2667.0
50517.294448753826,2667.0
50517.294448753826,2555.0
51117.294448753826,2555.0
51117.294448753826,2667.0
64463.542632758625,2667.0
64463.542632758625,2555.0
68639.7696632892,2555.0
68639.7696632892,2429.0
86400.000002,2429.0
# temp #121
0.0,2234.0
77293.79887778779,2234.0
77293.79887778779,2555.0
81740.01922470053,2555.0
81740.01922470053,2429.0
86400.0,2429.0
# temp #122
0.0,2234.0
29455.000394582752,2234.0
29455.000394582752,2017.0
63138.18076956087,2017.0
63138.18076956087,2234.0
86400.0,2234.0
# temp #123
0.0,2234.0
10516.25043579843,2234.0
10516.25043579843,2429.0
10955.441440595316,2429.0
10955.441440595316,2555.0
15812.586006475616,2555.0
15812.586006475616,2429.0
40628.118191496476,2429.0
40628.118191496476,2555.0
40702.33863252216,2555.0
40702.33863252216,2429.0
75458.3165521268,2429.0
75458.3165521268,2883.0
83076.0880246293,2883.0
83076.0880246293,2667.0
86400.000002,2667.0
# temp #124
0.0,2234.0
4595.4500436550015,2234.0
4595.4500436550015,2555.0
43008.47178341356,2555.0
43008.47178341356,2429.0
56056.89273343888,2429.0
56056.89273343888,2234.0
56656.89273343888,2234.0
56656.89273343888,2429.0
59056.89273343888,2429.0
59056.89273343888,2555.0
69256.89273343889,2555.0
69256.89273343889,2667.0
81084.9509406835,2667.0
81084.9509406835,2555.0
86400.000002,2555.0
# temp #125
0.0,2234.0
7456.614493508825,2234.0
7456.614493508825,2667.0
26343.684756453156,2667.0
26343.684756453156,2555.0
27394.152885745287,2555.0
27394.152885745287,2667.0
36468.60394275282,2667.0
36468.60394275282,2555.0
36768.60394275282,2555.0
36768.60394275282,2667.0
37640.33482437954,2667.0
37640.33482437954,2555.0
38240.33482437954,2555.0
38240.33482437954,2667.0
67471.09623339494,2667.0
67471.09623339494,2555.0
78047.91082155427,2555.0
78047.91082155427,2667.0
86400.0,2667.0
# temp #126
0.0,2234.0
3893.8505539437765,2234.0
3893.8505539437765,2667.0
39676.59091309179,2667.0
39676.59091309179,2555.0
40938.00917922054,2555.0
40938.00917922054,2667.0
78755.14053558001,2667.0
78755.14053558001,2555.0
79055.14053558001,2555.0
79055.14053558001,2667.0
79931.30598049612,2667.0
79931.30598049612,2555.0
80531.30598049612,2555.0
80531.30598049612,2667.0
86313.77956818325,2667.0
86313.77956818325,2555.0
86400.0,2555.0
# temp #127
0.0,2234.0
6309.050140483306,2234.0
6309.050140483306,2667.0
24697.967437352057,2667.0
24697.967437352057,2555.0
25819.04774063733,2555.0
25819.04774063733,2667.0
54900.11337704492,2667.0
54900.11337704492,2555.0
55500.11337704492,2555.0
55500.11337704492,2667.0
69264.70886527096,2667.0
69264.70886527096,2555.0
73284.48877504563,2555.0
73284.48877504563,2429.0
86400.000002,2429.0
# temp #128
0.0,2234.0
45476.55056440272,2234.0
45476.55056440272,2429.0
46032.082576188266,2429.0
46032.082576188266,2555.0
50145.91747771484,2555.0
50145.91747771484,2429.0
73477.71899476649,2429.0
73477.71899476649,2234.0
86400.000002,2234.0
# temp #129
0.0,2234.0
7334.388941922227,2234.0
7334.388941922227,2667.0
49836.9123229757,2667.0
49836.9123229757,2555.0
51194.86498665065,2555.0
51194.86498665065,2667.0
66875.61862317381,2667.0
66875.61862317381,2555.0
67175.61862317381,2555.0
67175.61862317381,2667.0
67942.78250229546,2667.0
67942.78250229546,2555.0
68542.78250229546,2555.0
68542.78250229546,2667.0
77548.77204727383,2667.0
77548.77204727383,2555.0
81850.75680899901,2555.0
81850.75680899901,2429.0
86400.000002,2429.0
# temp #130
0.0,2234.0
11827.124998206275,2234.0
11827.124998206275,2555.0
39466.24208539725,2555.0
39466.24208539725,2429.0
78919.11009550096,2429.0
78919.11009550096,2234.0
79219.11009550096,2234.0
79219.11009550096,2017.0
86400.000002,2017.0
# temp #131
0.0,2234.0
6142.841331730598,2234.0
6142.841331730598,2883.0
7245.199920167216,2883.0
7245.199920167216,2667.0
10150.03841612488,2667.0
10150.03841612488,2883.0
44436.41646131874,2883.0
44436.41646131874,2429.0
53253.03375252989,2429.0
53253.03375252989,2555.0
64902.435756381616,2555.0
64902.435756381616,2429.0
84202.57393664216,2429.0
84202.57393664216,2555.0
86400.000002,2555.0
# temp #132
0.0,2234.0
31134.208977059465,2234.0
31134.208977059465,2555.0
57021.7453171732,2555.0
57021.7453171732,2429.0
80684.12454400679,2429.0
80684.12454400679,2234.0
81284.12454400679,2234.0
81284.12454400679,2429.0
86400.000002,2429.0
# temp #133
0.0,2234.0
9765.280854608865,2234.0
9765.280854608865,2883.0
20865.280854608864,2883.0
20865.280854608864,2555.0
30018.739891704176,2555.0
30018.739891704176,2429.0
44858.239653683275,2429.0
44858.239653683275,2555.0
50789.6651583491,2555.0
50789.6651583491,2667.0
66663.02272388713,2667.0
66663.02272388713,2555.0
86400.0,2555.0
# temp #134
0.0,2234.0
84359.3410053989,2234.0
84359.3410053989,2555.0
86400.000002,2555.0
# temp #135
0.0,2234.0
31739.81151119806,2234.0
31739.81151119806,2883.0
34139.81151119806,2883.0
34139.81151119806,2667.0
59425.518920319155,2667.0
59425.518920319155,2555.0
61863.610681705184,2555.0
61863.610681705184,2429.0
63786.94523500745,2429.0
63786.94523500745,2555.0
79805.59782602359,2555.0
79805.59782602359,2667.0
86400.000002,2667.0
# temp #136
0.0,2234.0
33235.74663028122,2234.0
33235.74663028122,2017.0
68251.82426534595,2017.0
68251.82426534595,2234.0
73087.25500507282,2234.0
73087.25500507282,2017.0
86400.0,2017.0
# temp #137
0.0,2234.0
63668.72895844281,2234.0
63668.72895844281,2555.0
73055.92116366606,2555.0
73055.92116366606,2234.0
81674.70309433993,2234.0
81674.70309433993,2667.0
86400.000002,2667.0
# temp #138
0.0,2234.0
4904.988471837715,2234.0
4904.988471837715,2883.0
6147.721278271639,2883.0
6147.721278271639,2667.0
17258.916517929178,2667.0
17258.916517929178,2883.0
20021.31446062122,2883.0
20021.31446062122,2667.0
36402.41942333524,2667.0
36402.41942333524,2555.0
37286.47920966615,2555.0
37286.47920966615,2667.0
66485.03997442314,2667.0
66485.03997442314,2555.0
86400.000002,2555.0
# temp #139
0.0,2234.0
78771.26542828047,2234.0
78771.26542828047,2883.0
81171.26542828047,2883.0
81171.26542828047,2667.0
86400.0,2667.0
# temp #140
0.0,2234.0
53629.29071970285,2234.0
53629.29071970285,2429.0
53951.087607862435,2429.0
53951.087607862435,2555.0
54641.765851574026,2555.0
54641.765851574026,2429.0
75615.32544053627,2429.0
75615.32544053627,2555.0
86400.0,2555.0
# temp #141
0.0,2234.0
58844.7540412657,2234.0
58844.7540412657,2555.0
86400.0,2555.0
# temp #142
0.0,2234.0
6313.113944255748,2234.0
6313.113944255748,2555.0
10165.786319947803,2555.0
10165.786319947803,2429.0
10583.53044362739,2429.0
10583.53044362739,2555.0
22022.328671347354,2555.0
22022.328671347354,2429.0
22543.256341293458,2429.0
22543.256341293458,2555.0
23210.972898267213,2555.0
23210.972898267213,2429.0
23510.972898267213,2429.0
23510.972898267213,2555.0
43910.97289826721,2555.0
43910.97289826721,2429.0
44210.97289826721,2429.0
44210.97289826721,2555.0
44810.97289826721,2555.0
44810.97289826721,2667.0
79356.22733160855,2667.0
79356.22733160855,2883.0
86400.000002,2883.0
# temp #143
0.0,2234.0
24015.84274414927,2234.0
24015.84274414927,2429.0
24315.84274414927,2429.0
24315.84274414927,2234.0
44928.68620608934,2234.0
44928.68620608934,2429.0
74366.20555906558,2429.0
74366.20555906558,2555.0
86400.0,2555.0
# temp #144
0.0,2234.0
21222.069294587713,2234.0
21222.069294587713,2555.0
30255.212454241708,2555.0
30255.212454241708,2429.0
30748.954942217104,2429.0
30748.954942217104,2555.0
44600.599764939405,2555.0
44600.599764939405,2429.0
45174.620307516314,2429.0
45174.620307516314,2555.0
45505.213902331896,2555.0
45505.213902331896,2429.0
45805.213902331896,2429.0
45805.213902331896,2555.0
46105.213902331896,2555.0
46105.213902331896,2429.0
46705.213902331896,2429.0
46705.213902331896,2555.0
48888.61818965525,2555.0
48888.61818965525,2429.0
57070.033502904706,2429.0
57070.033502904706,2555.0
64520.157999778174,2555.0
64520.157999778174,2667.0
86400.000002,2667.0
# temp #145
0.0,2234.0
17641.02709698491,2234.0
17641.02709698491,2555.0
46978.28602516093,2555.0
46978.28602516093,2429.0
86400.000002,2429.0
# temp #146
0.0,2234.0
27372.304340125997,2234.0
27372.304340125997,2429.0
59472.30434012599,2429.0
59472.30434012599,2555.0
59772.30434012599,2555.0
59772.30434012599,2667.0
86400.0,2667.0
# temp #147
0.0,2234.0
72778.97143454758,2234.0
72778.97143454758,2555.0
75094.72569508945,2555.0
75094.72569508945,2667.0
81394.72569508945,2667.0
81394.72569508945,2555.0
82594.72569508945,2555.0
82594.72569508945,2429.0
86400.000002,2429.0
# temp #148
0.0,2234.0
19611.308492696848,2234.0
19611.308492696848,2555.0
23941.390201030303,2555.0
23941.390201030303,2667.0
24281.457641045567,2667.0
24281.457641045567,2555.0
30281.457641045567,2555.0
30281.457641045567,2429.0
32681.457641045567,2429.0
32681.457641045567,2234.0
36281.45764104556,2234.0
36281.45764104556,2429.0
37481.45764104556,2429.0
37481.45764104556,2234.0
43181.45764104556,2234.0
43181.45764104556,2429.0
47810.80479151569,2429.0
47810.80479151569,2555.0
50796.012304583564,2555.0
50796.012304583564,2667.0
68992.30490557385,2667.0
68992.30490557385,2555.0
86400.0,2555.0
# temp #149
0.0,2234.0
12884.031218779275,2234.0
12884.031218779275,2883.0
14519.604200986216,2883.0
14519.604200986216,2667.0
19101.796067180112,2667.0
19101.796067180112,2883.0
39377.90575800464,2883.0
39377.90575800464,2429.0
67940.2218790725,2429.0
67940.2218790725,2883.0
75849.63705008851,2883.0
75849.63705008851,2667.0
86400.0,2667.0
# temp #150
0.0,2234.0
67653.14770240804,2234.0
67653.14770240804,2555.0
86400.0,2555.0
# temp #151
0.0,2234.0
12809.793545398863,2234.0
12809.793545398863,2555.0
27653.610826889057,2555.0
27653.610826889057,2429.0
28021.650532144125,2429.0
28021.650532144125,2555.0
41719.43899076433,2555.0
41719.43899076433,2429.0
42240.98634570838,2429.0
42240.98634570838,2234.0
75412.227734481,2234.0
75412.227734481,2429.0
86400.000002,2429.0
# temp #152
0.0,2234.0
37852.953280136,2234.0
37852.953280136,2017.0
52333.171159029014,2017.0
52333.171159029014,2234.0
77698.07301331313,2234.0
77698.07301331313,2017.0
86400.000002,2017.0
# temp #153
0.0,2234.0
42466.12886704971,2234.0
42466.12886704971,2555.0
44225.49280102831,2555.0
44225.49280102831,2667.0
44646.64794146084,2667.0
44646.64794146084,2555.0
50646.64794146084,2555.0
50646.64794146084,2429.0
53046.64794146084,2429.0
53046.64794146084,2234.0
56646.64794146084,2234.0
56646.64794146084,2429.0
57846.64794146084,2429.0
57846.64794146084,2234.0
63546.64794146084,2234.0
63546.64794146084,2429.0
85314.35991930777,2429.0
85314.35991930777,2234.0
86400.000002,2234.0
# temp #154
0.0,2234.0
70360.3499072604,2234.0
70360.3499072604,2555.0
86400.0,2555.0
# temp #155
0.0,2234.0
4251.600840780885,2234.0
4251.600840780885,2667.0
29911.16066614632,2667.0
29911.16066614632,2555.0
30676.610215497207,2555.0
30676.610215497207,2429.0
61656.582709425136,2429.0
61656.582709425136,2883.0
79723.67671562826,2883.0
79723.67671562826,2667.0
86400.0,2667.0
# temp #156
0.0,2234.0
52963.85712975171,2234.0
52963.85712975171,2429.0
85063.8571297517,2429.0
85063.8571297517,2555.0
85363.8571297517,2555.0
85363.8571297517,2667.0
86400.000002,2667.0
# temp #157
0.0,2234.0
40739.41813542043,2234.0
40739.41813542043,2555.0
58813.68660356385,2555.0
58813.68660356385,2429.0
59336.338577116854,2429.0
59336.338577116854,2555.0
65298.58267810197,2555.0
65298.58267810197,2429.0
65924.3250189582,2429.0
65924.3250189582,2234.0
71345.25319871028,2234.0
71345.25319871028,2667.0
86400.0,2667.0
# temp #158
0.0,2234.0
623.9779068622738,2234.0
623.9779068622738,2017.0
42123.572856467224,2017.0
42123.572856467224,2234.0
63524.567972403034,2234.0
63524.567972403034,2017.0
84702.31849509293,2017.0
84702.31849509293,2234.0
86400.000002,2234.0
# temp #159
0.0,2234.0
65506.38852179983,2234.0
65506.38852179983,2555.0
86400.0,2555.0
# temp #160
0.0,2234.0
6644.840347277933,2234.0
6644.840347277933,2667.0
32826.40052391216,2667.0
32826.40052391216,2555.0
33627.39170948044,2555.0
33627.39170948044,2667.0
54544.457307108685,2667.0
54544.457307108685,2555.0
54844.457307108685,2555.0
54844.457307108685,2429.0
74365.7334654825,2429.0
74365.7334654825,2555.0
86400.000002,2555.0
# temp #161
0.0,2234.0
14498.928960599009,2234.0
14498.928960599009,2883.0
15697.78054011986,2883.0
15697.78054011986,2667.0
23583.773595490497,2667.0
23583.773595490497,2883.0
24306.9998662686,2883.0
24306.9998662686,2429.0
34745.8344167797,2429.0
34745.8344167797,2883.0
52917.104440438576,2883.0
52917.104440438576,2667.0
86400.000002,2667.0
# temp #162
0.0,2234.0
1695.2118439134213,2234.0
1695.2118439134213,2667.0
44416.274051670924,2667.0
44416.274051670924,2555.0
45696.932161529556,2555.0
45696.932161529556,2429.0
53678.945964993916,2429.0
53678.945964993916,2555.0
75407.07955027466,2555.0
75407.07955027466,2429.0
86400.0,2429.0
# temp #163
0.0,2234.0
54630.20131057129,2234.0
54630.20131057129,2883.0
57030.20131057129,2883.0
57030.20131057129,2667.0
58317.67444484868,2667.0
58317.67444484868,2555.0
86400.0,2555.0
# temp #164
0.0,2234.0
1159.7648733761162,2234.0
1159.7648733761162,2429.0
1671.058562840335,2429.0
1671.058562840335,2555.0
5413.39683837723,2555.0
5413.39683837723,2429.0
19550.11060622055,2429.0
19550.11060622055,2234.0
29739.353800308894,2234.0
29739.353800308894,2667.0
43619.71189517063,2667.0
43619.71189517063,2234.0
64238.49309347571,2234.0
64238.49309347571,2429.0
77274.3992108619,2429.0
77274.3992108619,2555.0
79348.82666417399,2555.0
79348.82666417399,2429.0
86400.000002,2429.0
# temp #165
0.0,2234.0
39890.63560562209,2234.0
39890.63560562209,2017.0
67762.10679011421,2017.0
67762.10679011421,2234.0
82890.1672708802,2234.0
82890.1672708802,2017.0
86400.0,2017.0
# temp #166
0.0,2234.0
52956.921625812545,2234.0
52956.921625812545,2555.0
82166.28464183306,2555.0
82166.28464183306,2429.0
82648.65352450871,2429.0
82648.65352450871,2555.0
86400.0,2555.0
# temp #167
0.0,2234.0
65420.69959407674,2234.0
65420.69959407674,2555.0
86400.0,2555.0
# temp #168
0.0,2234.0
55310.4503315175,2234.0
55310.4503315175,2555.0
58155.47447239515,2555.0
58155.47447239515,2667.0
58487.32029162348,2667.0
58487.32029162348,2555.0
64487.32029162348,2555.0
64487.32029162348,2429.0
66887.32029162347,2429.0
66887.32029162347,2234.0
70487.32029162347,2234.0
70487.32029162347,2429.0
71687.32029162347,2429.0
71687.32029162347,2234.0
77387.32029162347,2234.0
77387.32029162347,2429.0
86400.0,2429.0
# temp #169
0.0,2234.0
36305.85699796212,2234.0
36305.85699796212,2555.0
69243.82088596468,2555.0
69243.82088596468,2429.0
69704.88267783077,2429.0
69704.88267783077,2555.0
81953.04629146123,2555.0
81953.04629146123,2429.0
82466.06427559165,2429.0
82466.06427559165,2234.0
86400.0,2234.0
# temp #170
0.0,2234.0
41923.84527660907,2234.0
41923.84527660907,2017.0
61245.94298014419,2017.0
61245.94298014419,2234.0
86400.000002,2234.0
# temp #171
0.0,2234.0
9517.65961975325,2234.0
9517.65961975325,2883.0
20617.65961975325,2883.0
20617.65961975325,2555.0
21813.146249181595,2555.0
21813.146249181595,2429.0
24643.202790291984,2429.0
24643.202790291984,2555.0
26262.955672619868,2555.0
26262.955672619868,2667.0
55009.873451641775,2667.0
55009.873451641775,2555.0
70222.77033969296,2555.0
70222.77033969296,2667.0
86400.0,2667.0
# temp #172
0.0,2234.0
47637.65435032547,2234.0
47637.65435032547,2555.0
79493.46133475193,2555.0
79493.46133475193,2429.0
80071.72454001849,2429.0
80071.72454001849,2555.0
86400.000002,2555.0
# temp #173
0.0,2234.0
6306.181077333168,2234.0
6306.181077333168,2883.0
7329.89823378157,2883.0
7329.89823378157,2667.0
11272.837668517606,2667.0
11272.837668517606,2883.0
21462.66932752915,2883.0
21462.66932752915,2667.0
48042.20407926478,2667.0
48042.20407926478,2234.0
67703.65192343017,2234.0
67703.65192343017,2429.0
79894.61498593447,2429.0
79894.61498593447,2555.0
85104.30406539237,2555.0
85104.30406539237,2429.0
86400.000002,2429.0
# temp #174
0.0,2234.0
15644.647957943384,2234.0
15644.647957943384,2883.0
26744.647957943384,2883.0
26744.647957943384,2555.0
51184.30422807579,2555.0
51184.30422807579,2429.0
79957.38193241415,2429.0
79957.38193241415,2555.0
82642.23264351023,2555.0
82642.23264351023,2667.0
86400.000002,2667.0
# temp #175
0.0,2234.0
65972.46463852935,2234.0
65972.46463852935,2555.0
76646.03286925703,2555.0
76646.03286925703,2234.0
86400.000002,2234.0
# temp #176
0.0,2234.0
58468.848816677935,2234.0
58468.848816677935,2883.0
60868.848816677935,2883.0
60868.848816677935,2667.0
86400.000002,2667.0
# temp #177
0.0,2234.0
12283.506259974094,2234.0
12283.506259974094,2017.0
24402.230304339904,2017.0
24402.230304339904,2234.0
63071.62178107539,2234.0
63071.62178107539,2017.0
64660.85053752178,2017.0
64660.85053752178,2234.0
86400.000002,2234.0
# temp #178
0.0,2234.0
6737.575016682968,2234.0
6737.575016682968,2017.0
23078.05584878661,2017.0
23078.05584878661,2234.0
50903.1363893766,2234.0
50903.1363893766,2017.0
76034.85928382726,2017.0
76034.85928382726,2234.0
86400.000002,2234.0
# temp #179
0.0,2234.0
4006.931814830751,2234.0
4006.931814830751,2667.0
12710.83731874824,2667.0
12710.83731874824,2555.0
13397.782722394917,2555.0
13397.782722394917,2667.0
40360.98920381629,2667.0
40360.98920381629,2555.0
40660.98920381629,2555.0
40660.98920381629,2667.0
41346.963846730076,2667.0
41346.963846730076,2555.0
41946.963846730076,2555.0
41946.963846730076,2667.0
81077.36020640006,2667.0
81077.36020640006,2555.0
86400.0,2555.0
# temp #180
0.0,2234.0
47789.42514255178,2234.0
47789.42514255178,2429.0
48089.42514255178,2429.0
48089.42514255178,2234.0
80754.35750226026,2234.0
80754.35750226026,2429.0
86400.0,2429.0
# temp #181
0.0,2234.0
39630.51461884753,2234.0
39630.51461884753,2429.0
40021.06859413908,2429.0
40021.06859413908,2234.0
40669.07401629724,2234.0
40669.07401629724,2429.0
42288.60679445789,2429.0
42288.60679445789,2234.0
57104.22133763787,2234.0
57104.22133763787,2429.0
57437.738011381596,2429.0
57437.738011381596,2555.0
58832.75431289804,2555.0
58832.75431289804,2429.0
59132.75431289804,2429.0
59132.75431289804,2555.0
59432.75431289804,2555.0
59432.75431289804,2429.0
60032.75431289804,2429.0
60032.75431289804,2555.0
62917.2037762357,2555.0
62917.2037762357,2429.0
77552.94983026107,2429.0
77552.94983026107,2234.0
86400.000002,2234.0
# temp #182
0.0,2234.0
14799.046292016284,2234.0
14799.046292016284,2555.0
41295.66956567579,2555.0
41295.66956567579,2429.0
41799.594973493375,2429.0
41799.594973493375,2555.0
62543.12978109812,2555.0
62543.12978109812,2429.0
62936.89072339331,2429.0
62936.89072339331,2555.0
63757.81725395938,2555.0
63757.81725395938,2429.0
86400.0,2429.0
# temp #183
0.0,2234.0
57948.78569820431,2234.0
57948.78569820431,2555.0
69726.0553672677,2555.0
69726.0553672677,2429.0
70251.53527145741,2429.0
70251.53527145741,2555.0
75136.26028485598,2555.0
75136.26028485598,2429.0
75715.44363463765,2429.0
75715.44363463765,2234.0
86400.000002,2234.0
# temp #184
0.0,2234.0
13795.85218273569,2234.0
13795.85218273569,2429.0
14380.032089492308,2429.0
14380.032089492308,2234.0
15258.440403942952,2234.0
15258.440403942952,2429.0
20027.990538510498,2429.0
20027.990538510498,2234.0
41363.64462235943,2234.0
41363.64462235943,2429.0
41915.08779872675,2429.0
41915.08779872675,2234.0
64435.29768332375,2234.0
64435.29768332375,2429.0
71067.7006204147,2429.0
71067.7006204147,2555.0
86400.000002,2555.0
# temp #185
0.0,2234.0
60776.65673405863,2234.0
60776.65673405863,2555.0
63245.634961361066,2555.0
63245.634961361066,2234.0
72237.633031304,2234.0
72237.633031304,2429.0
86400.0,2429.0
# temp #186
0.0,2234.0
19790.016466355886,2234.0
19790.016466355886,2555.0
54907.72812722718,2555.0
54907.72812722718,2429.0
55344.1502828384,2429.0
55344.1502828384,2555.0
61472.206161730006,2555.0
61472.206161730006,2429.0
62590.731212217375,2429.0
62590.731212217375,2234.0
69476.11429514365,2234.0
69476.11429514365,2667.0
86011.13920498177,2667.0
86011.13920498177,2555.0
86400.000002,2555.0
# temp #187
0.0,2234.0
21065.403718873862,2234.0
21065.403718873862,2017.0
39054.06289044768,2017.0
39054.06289044768,2234.0
66838.15505784006,2234.0
66838.15505784006,2017.0
86400.0,2017.0
# temp #188
0.0,2234.0
716.0180697916076,2234.0
716.0180697916076,2667.0
12078.204992157409,2667.0
12078.204992157409,2555.0
12633.389608212748,2555.0
12633.389608212748,2429.0
30004.76542082616,2429.0
30004.76542082616,2555.0
40527.14473083616,2555.0
40527.14473083616,2429.0
61060.24601629471,2429.0
61060.24601629471,2234.0
80058.12734181529,2234.0
80058.12734181529,2667.0
86400.0,2667.0
# temp #189
0.0,2234.0
40296.91891260446,2234.0
40296.91891260446,2017.0
47895.94095898793,2017.0
47895.94095898793,2234.0
73635.12790594251,2234.0
73635.12790594251,2017.0
86400.0,2017.0
# temp #190
0.0,2234.0
1395.1258112909275,2234.0
1395.1258112909275,2667.0
16871.66104351636,2667.0
16871.66104351636,2555.0
17178.734480193816,2555.0
17178.734480193816,2667.0
33263.68229629007,2667.0
33263.68229629007,2555.0
33563.68229629007,2555.0
33563.68229629007,2429.0
56577.30262521655,2429.0
56577.30262521655,2555.0
61778.81851829589,2555.0
61778.81851829589,2667.0
85622.69964599983,2667.0
85622.69964599983,2883.0
86400.0,2883.0
# temp #191
0.0,2234.0
35827.68751156983,2234.0
35827.68751156983,2429.0
36127.68751156983,2429.0
36127.68751156983,2234.0
70026.08643611895,2234.0
70026.08643611895,2429.0
79056.79947668688,2429.0
79056.79947668688,2555.0
86400.000002,2555.0
# temp #192
0.0,2234.0
8674.314782372678,2234.0
8674.314782372678,2555.0
14003.273763530891,2555.0
14003.273763530891,2667.0
14579.218240734193,2667.0
14579.218240734193,2555.0
14879.218240734193,2555.0
14879.218240734193,2667.0
41579.21824073419,2667.0
41579.21824073419,2555.0
57479.21824073419,2555.0
57479.21824073419,2234.0
61079.21824073419,2234.0
61079.21824073419,2429.0
70979.21824073419,2429.0
70979.21824073419,2555.0
71579.21824073419,2555.0
71579.21824073419,2667.0
83879.21824073419,2667.0
83879.21824073419,2883.0
86400.0,2883.0
# temp #193
0.0,2234.0
3091.4845567429443,2234.0
3091.4845567429443,2667.0
22506.232714816,2667.0
22506.232714816,2555.0
23302.89105351549,2555.0
23302.89105351549,2667.0
52477.955374913305,2667.0
52477.955374913305,2555.0
53077.955374913305,2555.0
53077.955374913305,2667.0
69215.27854688467,2667.0
69215.27854688467,2555.0
72615.34529328348,2555.0
72615.34529328348,2429.0
76174.31491333993,2429.0
76174.31491333993,2555.0
86400.0,2555.0
# temp #194
0.0,2234.0
34460.89738318697,2234.0
34460.89738318697,2017.0
41898.79289860838,2017.0
41898.79289860838,2234.0
58307.59398001247,2234.0
58307.59398001247,2017.0
85511.93586699666,2017.0
85511.93586699666,2234.0
86400.000002,2234.0
# temp #195
0.0,2234.0
12009.509106818588,2234.0
12009.509106818588,2017.0
54993.29563756474,2017.0
54993.29563756474,2234.0
65311.47289923393,2234.0
65311.47289923393,2017.0
86400.000002,2017.0
# temp #196
0.0,2234.0
8171.346547664145,2234.0
8171.346547664145,2667.0
42161.085531301804,2667.0
42161.085531301804,2555.0
43159.93524352089,2555.0
43159.93524352089,2429.0
46833.536208467565,2429.0
46833.536208467565,2555.0
51182.07148960792,2555.0
51182.07148960792,2429.0
80208.41956268997,2429.0
80208.41956268997,2234.0
86400.000002,2234.0
# temp #197
0.0,2234.0
45357.76648207103,2234.0
45357.76648207103,2429.0
45933.22384203785,2429.0
45933.22384203785,2555.0
48254.44112154656,2555.0
48254.44112154656,2429.0
54027.5028015487,2429.0
54027.5028015487,2234.0
54810.04668208771,2234.0
54810.04668208771,2429.0
61975.759206223316,2429.0
61975.759206223316,2555.0
74571.29533309491,2555.0
74571.29533309491,2429.0
81224.8615841847,2429.0
81224.8615841847,2555.0
86400.0,2555.0
# temp #198
0.0,2234.0
19486.61523938645,2234.0
19486.61523938645,2555.0
55481.89336729703,2555.0
55481.89336729703,2429.0
56031.448967289194,2429.0
56031.448967289194,2555.0
70559.75834922866,2555.0
70559.75834922866,2429.0
71527.91166161188,2429.0
71527.91166161188,2234.0
86400.0,2234.0
# temp #199
0.0,2234.0
18214.484543376606,2234.0
18214.484543376606,2883.0
19047.15956342407,2883.0
19047.15956342407,2667.0
21182.467344193723,2667.0
21182.467344193723,2883.0
28037.519599660303,2883.0
28037.519599660303,2667.0
41316.797454329215,2667.0
41316.797454329215,2555.0
75583.4635366453,2555.0
75583.4635366453,2429.0
86400.000002,2429.0
# temp #200
0.0,2234.0
7443.746300367639,2234.0
7443.746300367639,2883.0
18543.74630036764,2883.0
18543.74630036764,2555.0
26514.092740835622,2555.0
26514.092740835622,2667.0
31540.975585556593,2667.0
31540.975585556593,2234.0
57893.58980557882,2234.0
57893.58980557882,2429.0
71507.30757142884,2429.0
71507.30757142884,2555.0
79890.51700558049,2555.0
79890.51700558049,2667.0
86400.0,2667.0
# temp #201
0.0,2234.0
84379.98715736905,2234.0
84379.98715736905,2555.0
86400.0,2555.0
# temp #202
0.0,2234.0
8831.397903920153,2234.0
8831.397903920153,2883.0
9683.63586687483,2883.0
9683.63586687483,2667.0
14372.698940313423,2667.0
14372.698940313423,2883.0
39167.194232507616,2883.0
39167.194232507616,2429.0
86096.37530639303,2429.0
86096.37530639303,2883.0
86400.0,2883.0
# temp #203
0.0,2234.0
54759.884187905125,2234.0
54759.884187905125,2555.0
80533.72189532967,2555.0
80533.72189532967,2429.0
86400.000002,2429.0
# temp #204
0.0,2234.0
31523.075661971237,2234.0
31523.075661971237,2429.0
31828.995526582006,2429.0
31828.995526582006,2555.0
35354.239880293615,2555.0
35354.239880293615,2429.0
41608.32438999788,2429.0
41608.32438999788,2234.0
65872.53556719515,2234.0
65872.53556719515,2429.0
74266.67494839059,2429.0
74266.67494839059,2555.0
86400.000002,2555.0
# temp #205
0.0,2234.0
5751.165855070577,2234.0
5751.165855070577,2667.0
32800.35015014,2667.0
32800.35015014,2555.0
33758.16438118928,2555.0
33758.16438118928,2429.0
62266.123261512264,2429.0
62266.123261512264,2555.0
86400.0,2555.0
# temp #206
0.0,2234.0
57076.99792901986,2234.0
57076.99792901986,2555.0
60877.19933046029,2555.0
60877.19933046029,2667.0
61190.379860904075,2667.0
61190.379860904075,2555.0
67190.37986090407,2555.0
67190.37986090407,2429.0
69590.37986090407,2429.0
69590.37986090407,2234.0
73190.37986090407,2234.0
73190.37986090407,2429.0
74390.37986090407,2429.0
74390.37986090407,2234.0
80090.37986090407,2234.0
80090.37986090407,2429.0
86400.000002,2429.0
# temp #207
0.0,2234.0
4788.998936768622,2234.0
4788.998936768622,2667.0
16827.924783923667,2667.0
16827.924783923667,2555.0
18228.342784219425,2555.0
18228.342784219425,2667.0
46663.39507063386,2667.0
46663.39507063386,2555.0
46963.39507063386,2555.0
46963.39507063386,2429.0
62311.229887953974,2429.0
62311.229887953974,2555.0
86400.000002,2555.0
# temp #208
0.0,2234.0
4344.592513516546,2234.0
4344.592513516546,2667.0
29604.64502940886,2667.0
29604.64502940886,2555.0
29927.56887492724,2555.0
29927.56887492724,2667.0
52129.1217239108,2667.0
52129.1217239108,2555.0
52429.1217239108,2555.0
52429.1217239108,2667.0
52729.1217239108,2667.0
52729.1217239108,2555.0
56029.1217239108,2555.0
56029.1217239108,2667.0
81529.1217239108,2667.0
81529.1217239108,2883.0
86400.000002,2883.0
# temp #209
0.0,2234.0
71473.28230356798,2234.0
71473.28230356798,2555.0
85714.0942285303,2555.0
85714.0942285303,2234.0
86400.000002,2234.0
# temp #210
0.0,2234.0
23016.7757190764,2234.0
23016.7757190764,2429.0
23443.531720619652,2429.0
23443.531720619652,2555.0
24378.18729942665,2555.0
24378.18729942665,2429.0
50179.18178499677,2429.0
50179.18178499677,2555.0
57065.07526757196,2555.0
57065.07526757196,2429.0
69811.33432060016,2429.0
69811.33432060016,2234.0
80564.85812121538,2234.0
80564.85812121538,2429.0
86400.0,2429.0
# temp #211
0.0,2234.0
35578.86353053619,2234.0
35578.86353053619,2429.0
35971.549967047766,2429.0
35971.549967047766,2234.0
36741.63790375461,2234.0
36741.63790375461,2429.0
38127.29635199067,2429.0
38127.29635199067,2234.0
45962.34422244598,2234.0
45962.34422244598,2429.0
46372.34690648039,2429.0
46372.34690648039,2234.0
50864.92807392497,2234.0
50864.92807392497,2429.0
86400.0,2429.0
# temp #212
0.0,2234.0
6116.427612933331,2234.0
6116.427612933331,2667.0
35339.08887547441,2667.0
35339.08887547441,2555.0
36524.65159599669,2555.0
36524.65159599669,2429.0
57747.04545708374,2429.0
57747.04545708374,2555.0
86400.000002,2555.0
# temp #213
0.0,2234.0
31552.323129493747,2234.0
31552.323129493747,2017.0
37233.94876993262,2017.0
37233.94876993262,2234.0
70863.29934750685,2234.0
70863.29934750685,2017.0
86400.000002,2017.0
# temp #214
0.0,2234.0
70797.70972437691,2234.0
70797.70972437691,2883.0
73197.70972437691,2883.0
73197.70972437691,2667.0
86400.000002,2667.0
# temp #215
0.0,2234.0
2756.4067970495676,2234.0
2756.4067970495676,2667.0
12800.677438848654,2667.0
12800.677438848654,2555.0
14081.436308962295,2555.0
14081.436308962295,2667.0
19634.702074178498,2667.0
19634.702074178498,2555.0
22634.702074178498,2555.0
22634.702074178498,2667.0
48734.702074178495,2667.0
48734.702074178495,2883.0
86400.0,2883.0
# temp #216
0.0,2234.0
82176.50732989424,2234.0
82176.50732989424,2883.0
84576.50732989424,2883.0
84576.50732989424,2667.0
86400.000002,2667.0
# temp #217
0.0,2234.0
5576.447496400216,2234.0
5576.447496400216,2667.0
47789.71300399863,2667.0
47789.71300399863,2555.0
48159.985810378574,2555.0
48159.985810378574,2667.0
64804.00041122922,2667.0
64804.00041122922,2555.0
65404.00041122922,2555.0
65404.00041122922,2667.0
84790.46417525971,2667.0
84790.46417525971,2555.0
86400.0,2555.0
# temp #218
0.0,2234.0
8074.885639292189,2234.0
8074.885639292189,2429.0
8405.9240300674,2429.0
8405.9240300674,2555.0
11626.027621747928,2555.0
11626.027621747928,2429.0
21928.373390296478,2429.0
21928.373390296478,2555.0
27030.813510180455,2555.0
27030.813510180455,2429.0
55220.033258479096,2429.0
55220.033258479096,2555.0
69900.72791876738,2555.0
69900.72791876738,2429.0
86400.0,2429.0
# temp #219
0.0,2234.0
7773.641619365664,2234.0
7773.641619365664,2667.0
24328.9856930729,2667.0
24328.9856930729,2555.0
25747.36963310279,2555.0
25747.36963310279,2667.0
45804.08491529524,2667.0
45804.08491529524,2555.0
46404.08491529524,2555.0
46404.08491529524,2667.0
66112.80655385926,2667.0
66112.80655385926,2555.0
67046.91150086002,2555.0
67046.91150086002,2429.0
86400.000002,2429.0
# temp #220
0.0,2234.0
27375.675089098517,2234.0
27375.675089098517,2555.0
57609.249420790016,2555.0
57609.249420790016,2429.0
59438.140622852385,2429.0
59438.140622852385,2234.0
59738.140622852385,2234.0
59738.140622852385,2017.0
61935.1770149544,2017.0
61935.1770149544,2667.0
65328.06809137111,2667.0
65328.06809137111,2555.0
66697.26123588627,2555.0
66697.26123588627,2667.0
85137.20134093893,2667.0
85137.20134093893,2234.0
86400.0,2234.0
# temp #221
0.0,2234.0
6066.971640614794,2234.0
6066.971640614794,2017.0
16247.954822145406,2017.0
16247.954822145406,2234.0
40402.050986979164,2234.0
40402.050986979164,2017.0
86400.000002,2017.0
# temp #222
0.0,2234.0
84897.82240977512,2234.0
84897.82240977512,2555.0
86400.0,2555.0
# temp #223
0.0,2234.0
37649.728278745904,2234.0
37649.728278745904,2555.0
55941.700953827254,2555.0
55941.700953827254,2429.0
56384.48393095752,2429.0
56384.48393095752,2555.0
63455.01642117744,2555.0
63455.01642117744,2429.0
64622.868156689234,2429.0
64622.868156689234,2234.0
75762.47369335034,2234.0
75762.47369335034,2429.0
86400.0,2429.0
# temp #224
0.0,2234.0
28001.084226393144,2234.0
28001.084226393144,2555.0
30032.648922340017,2555.0
30032.648922340017,2429.0
30452.34029903077,2429.0
30452.34029903077,2555.0
33677.33392186929,2555.0
33677.33392186929,2429.0
34452.194036683075,2429.0
34452.194036683075,2234.0
43834.574409713976,2234.0
43834.574409713976,2667.0
63012.60481495412,2667.0
63012.60481495412,2555.0
86400.000002,2555.0
# temp #225
0.0,2234.0
3867.8502951515848,2234.0
3867.8502951515848,2667.0
37808.29305821099,2667.0
37808.29305821099,2555.0
38768.745641084395,2555.0
38768.745641084395,2667.0
64051.12302387135,2667.0
64051.12302387135,2555.0
64351.12302387135,2555.0
64351.12302387135,2429.0
86400.0,2429.0
# temp #226
0.0,2234.0
37322.07721320447,2234.0
37322.07721320447,2555.0
72998.8555431599,2555.0
72998.8555431599,2429.0
73586.9182429975,2429.0
73586.9182429975,2555.0
79696.79534300232,2555.0
79696.79534300232,2429.0
80448.85812371505,2429.0
80448.85812371505,2234.0
86400.0,2234.0
# temp #227
0.0,2234.0
84906.16429857911,2234.0
84906.16429857911,2555.0
86400.000002,2555.0
# temp #228
0.0,2234.0
78904.31812943426,2234.0
78904.31812943426,2555.0
84699.71354487354,2555.0
84699.71354487354,2234.0
86400.000002,2234.0
# temp #229
0.0,2234.0
7294.709796854297,2234.0
7294.709796854297,2667.0
43387.798128160655,2667.0
43387.798128160655,2555.0
43913.600978138864,2555.0
43913.600978138864,2429.0
70810.88540763596,2429.0
70810.88540763596,2234.0
86368.0164167192,2234.0
86368.0164167192,2667.0
86400.000002,2667.0
# temp #230
0.0,2234.0
15655.90467117727,2234.0
15655.90467117727,2017.0
41848.930936027326,2017.0
41848.930936027326,2234.0
56909.081190358855,2234.0
56909.081190358855,2017.0
77658.15204586835,2017.0
77658.15204586835,2234.0
86400.0,2234.0
# temp #231
0.0,2234.0
29307.43815377355,2234.0
29307.43815377355,2429.0
29907.43815377355,2429.0
29907.43815377355,2555.0
33699.40454363824,2555.0
33699.40454363824,2429.0
45624.85384312459,2429.0
45624.85384312459,2555.0
47598.03926772439,2555.0
47598.03926772439,2429.0
47673.566967551604,2429.0
47673.566967551604,2555.0
56368.37562960573,2555.0
56368.37562960573,2429.0
77939.2524502706,2429.0
77939.2524502706,2555.0
86400.0,2555.0
# temp #232
0.0,2234.0
84186.39480373824,2234.0
84186.39480373824,2555.0
86400.0,2555.0
# temp #233
0.0,2234.0
56224.21993841418,2234.0
56224.21993841418,2555.0
86400.000002,2555.0
# temp #234
0.0,2234.0
7636.473246105016,2234.0
7636.473246105016,2883.0
18736.473246105015,2883.0
18736.473246105015,2555.0
40399.224184965715,2555.0
40399.224184965715,2429.0
75207.59509268684,2429.0
75207.59509268684,2555.0
86400.000002,2555.0
# temp #235
0.0,2234.0
9537.172141112387,2234.0
9537.172141112387,2429.0
10137.172141112387,2429.0
10137.172141112387,2555.0
14150.287233106792,2555.0
14150.287233106792,2429.0
36050.23876600899,2429.0
36050.23876600899,2234.0
66753.71491627303,2234.0
66753.71491627303,2429.0
86400.0,2429.0
# temp #236
0.0,2234.0
68326.45106131677,2234.0
68326.45106131677,2555.0
80705.37046948448,2555.0
80705.37046948448,2234.0
86400.0,2234.0
# temp #237
0.0,2234.0
63202.761896001175,2234.0
63202.761896001175,2555.0
82507.4949148111,2555.0
82507.4949148111,2234.0
86400.000002,2234.0
# temp #238
0.0,2234.0
56489.64943459724,2234.0
56489.64943459724,2429.0
57005.06511828863,2429.0
57005.06511828863,2555.0
58586.951083084576,2555.0
58586.951083084576,2429.0
86400.0,2429.0
# temp #239
0.0,2234.0
49679.63862160687,2234.0
49679.63862160687,2555.0
50284.15001642425,2555.0
50284.15001642425,2429.0
50604.07221098431,2429.0
50604.07221098431,2555.0
60048.85490213056,2555.0
60048.85490213056,2429.0
60401.60899024923,2429.0
60401.60899024923,2555.0
60900.2276697429,2555.0
60900.2276697429,2429.0
61200.2276697429,2429.0
61200.2276697429,2555.0
61500.2276697429,2555.0
61500.2276697429,2429.0
62100.2276697429,2429.0
62100.2276697429,2555.0
62406.937113893226,2555.0
62406.937113893226,2429.0
70889.97286374216,2429.0
70889.97286374216,2555.0
71886.14363449161,2555.0
71886.14363449161,2667.0
86400.000002,2667.0
# temp #240
0.0,2234.0
75902.71810947453,2234.0
75902.71810947453,2555.0
86400.0,2555.0
# temp #241
0.0,2234.0
10351.249324693346,2234.0
10351.249324693346,2883.0
11748.070233059118,2883.0
11748.070233059118,2667.0
21590.71289605927,2667.0
21590.71289605927,2883.0
29270.55519749411,2883.0
29270.55519749411,2429.0
48568.082155077725,2429.0
48568.082155077725,2555.0
80189.34904576746,2555.0
80189.34904576746,2429.0
86400.000002,2429.0
# temp #242
0.0,2234.0
57994.693654915325,2234.0
57994.693654915325,2883.0
60394.693654915325,2883.0
60394.693654915325,2667.0
78241.60656009337,2667.0
78241.60656009337,2555.0
86400.0,2555.0
# temp #243
0.0,2234.0
2507.759622414597,2234.0
2507.759622414597,2667.0
33252.87226906512,2667.0
33252.87226906512,2555.0
34014.33396900539,2555.0
34014.33396900539,2667.0
69987.30234105607,2667.0
69987.30234105607,2555.0
70287.30234105607,2555.0
70287.30234105607,2429.0
86400.000002,2429.0
# temp #244
0.0,2234.0
14400.861581275241,2234.0
14400.861581275241,2429.0
21300.86158127524,2429.0
21300.86158127524,2555.0
23100.86158127524,2555.0
23100.86158127524,2429.0
36000.86158127524,2429.0
36000.86158127524,2234.0
36300.86158127524,2234.0
36300.86158127524,2017.0
36600.86158127524,2017.0
36600.86158127524,2234.0
36900.86158127524,2234.0
36900.86158127524,2017.0
55502.21899459139,2017.0
55502.21899459139,2234.0
61647.10033005104,2234.0
61647.10033005104,2667.0
83520.48934986816,2667.0
83520.48934986816,2234.0
86400.000002,2234.0
# temp #245
0.0,2234.0
3587.2125338763003,2234.0
3587.2125338763003,2883.0
3977.50457553193,2883.0
3977.50457553193,2667.0
7085.673728934489,2667.0
7085.673728934489,2883.0
33116.11973347608,2883.0
33116.11973347608,2429.0
54730.48938810826,2429.0
54730.48938810826,2555.0
57607.829326833606,2555.0
57607.829326833606,2429.0
60704.589991900146,2429.0
60704.589991900146,2234.0
69657.38401261625,2234.0
69657.38401261625,2667.0
86400.000002,2667.0
# temp #246
0.0,2234.0
9902.465117583053,2234.0
9902.465117583053,2429.0
42002.46511758305,2429.0
42002.46511758305,2555.0
42302.46511758305,2555.0
42302.46511758305,2667.0
86400.000002,2667.0
# temp #247
0.0,2234.0
16057.03590558842,2234.0
16057.03590558842,2429.0
16657.03590558842,2429.0
16657.03590558842,2555.0
18305.620349664245,2555.0
18305.620349664245,2429.0
24492.573696118783,2429.0
24492.573696118783,2555.0
40548.8574871095,2555.0
40548.8574871095,2667.0
75496.70211353806,2667.0
75496.70211353806,2555.0
77252.9189162655,2555.0
77252.9189162655,2667.0
86400.000002,2667.0
# temp #248
0.0,2234.0
51676.46820237861,2234.0
51676.46820237861,2555.0
75377.25498592482,2555.0
75377.25498592482,2429.0
75739.43660140505,2429.0
75739.43660140505,2555.0
76236.88022720163,2555.0
76236.88022720163,2429.0
77237.47582824437,2429.0
77237.47582824437,2234.0
85985.61230089983,2234.0
85985.61230089983,2429.0
86400.000002,2429.0
# temp #249
0.0,2234.0
73279.4990940951,2234.0
73279.4990940951,2555.0
86400.0,2555.0
# temp #250
0.0,2234.0
75127.99394207542,2234.0
75127.99394207542,2555.0
86400.0,2555.0
# temp #251
0.0,2234.0
40218.09489552398,2234.0
40218.09489552398,2429.0
47118.09489552398,2429.0
47118.09489552398,2555.0
48918.09489552398,2555.0
48918.09489552398,2429.0
61818.09489552398,2429.0
61818.09489552398,2234.0
62118.09489552398,2234.0
62118.09489552398,2017.0
62418.09489552398,2017.0
62418.09489552398,2234.0
62718.09489552398,2234.0
62718.09489552398,2017.0
78980.04502812402,2017.0
78980.04502812402,2234.0
86400.0,2234.0
# temp #252
0.0,2234.0
35758.578278543435,2234.0
35758.578278543435,2555.0
54878.03757973017,2555.0
54878.03757973017,2429.0
55402.81493661461,2429.0
55402.81493661461,2555.0
56956.503457529485,2555.0
56956.503457529485,2429.0
57838.234007125735,2429.0
57838.234007125735,2555.0
58565.03790789285,2555.0
58565.03790789285,2429.0
58865.03790789285,2429.0
58865.03790789285,2555.0
79265.03790789285,2555.0
79265.03790789285,2429.0
79565.03790789285,2429.0
79565.03790789285,2555.0
80165.03790789285,2555.0
80165.03790789285,2667.0
86400.0,2667.0
# temp #253
0.0,2234.0
54908.63012052142,2234.0
54908.63012052142,2555.0
64529.7812297009,2555.0
64529.7812297009,2429.0
86400.000002,2429.0
# temp #254
0.0,2234.0
7210.722895734945,2234.0
7210.722895734945,2667.0
24803.708289563663,2667.0
24803.708289563663,2555.0
25304.152120649822,2555.0
25304.152120649822,2667.0
55554.604502138696,2667.0
55554.604502138696,2555.0
55854.604502138696,2555.0
55854.604502138696,2667.0
56653.67624172942,2667.0
56653.67624172942,2555.0
57253.67624172942,2555.0
57253.67624172942,2667.0
68060.15003956856,2667.0
68060.15003956856,2555.0
82731.41993950123,2555.0
82731.41993950123,2429.0
86400.000002,2429.0
# temp #255
0.0,2234.0
57363.81138134748,2234.0
57363.81138134748,2555.0
57848.267492931336,2555.0
57848.267492931336,2234.0
86400.0,2234.0
# temp #256
0.0,2234.0
43619.575551291935,2234.0
43619.575551291935,2429.0
75719.57555129193,2429.0
75719.57555129193,2555.0
76019.57555129193,2555.0
76019.57555129193,2667.0
86400.000002,2667.0
# temp #257
0.0,2234.0
25181.961041316394,2234.0
25181.961041316394,2017.0
49623.864616826184,2017.0
49623.864616826184,2234.0
86400.0,2234.0
# temp #258
0.0,2234.0
5854.965219832958,2234.0
5854.965219832958,2017.0
43505.83189940081,2017.0
43505.83189940081,2234.0
49205.83189940081,2234.0
49205.83189940081,2429.0
55517.07340520807,2429.0
55517.07340520807,2234.0
64772.31355758851,2234.0
64772.31355758851,2429.0
86251.0915094521,2429.0
86251.0915094521,2555.0
86400.000002,2555.0
# temp #259
0.0,2234.0
8065.379070234487,2234.0
8065.379070234487,2667.0
36129.402504418984,2667.0
36129.402504418984,2555.0
37382.01779380907,2555.0
37382.01779380907,2667.0
39993.691022205174,2667.0
39993.691022205174,2555.0
40593.691022205174,2555.0
40593.691022205174,2667.0
57950.51566602197,2667.0
57950.51566602197,2555.0
58499.62064044085,2555.0
58499.62064044085,2429.0
74579.01157911403,2429.0
74579.01157911403,2555.0
86400.000002,2555.0
# temp #260
0.0,2234.0
1680.5670700734483,2234.0
1680.5670700734483,2667.0
9509.215978416614,2667.0
9509.215978416614,2555.0
10648.875901079737,2555.0
10648.875901079737,2667.0
46866.16404675879,2667.0
46866.16404675879,2555.0
47166.16404675879,2555.0
47166.16404675879,2667.0
47935.75483777095,2667.0
47935.75483777095,2555.0
48535.75483777095,2555.0
48535.75483777095,2667.0
79794.12385148463,2667.0
79794.12385148463,2555.0
86400.000002,2555.0
# temp #261
0.0,2234.0
2683.2829273073007,2234.0
2683.2829273073007,2667.0
29997.801940678622,2667.0
29997.801940678622,2555.0
30662.905008508827,2555.0
30662.905008508827,2667.0
67005.30405705796,2667.0
67005.30405705796,2555.0
67305.30405705796,2555.0
67305.30405705796,2667.0
67605.30405705796,2667.0
67605.30405705796,2555.0
70905.30405705796,2555.0
70905.30405705796,2667.0
86400.000002,2667.0
# temp #262
0.0,2234.0
75467.3535480397,2234.0
75467.3535480397,2555.0
76001.66862315965,2555.0
76001.66862315965,2667.0
82301.66862315965,2667.0
82301.66862315965,2555.0
83501.66862315965,2555.0
83501.66862315965,2429.0
86400.000002,2429.0
# temp #263
0.0,2234.0
3489.220669562929,2234.0
3489.220669562929,2883.0
4450.388890248724,2883.0
4450.388890248724,2667.0
8942.56814753171,2667.0
8942.56814753171,2883.0
34251.86762090307,2883.0
34251.86762090307,2429.0
74423.74854998199,2429.0
74423.74854998199,2883.0
86400.0,2883.0
# temp #264
0.0,2234.0
64211.31615259219,2234.0
64211.31615259219,2555.0
72621.74791535363,2555.0
72621.74791535363,2234.0
86400.0,2234.0
# temp #265
0.0,2234.0
48570.327585283674,2234.0
48570.327585283674,2555.0
52492.148024006754,2555.0
52492.148024006754,2667.0
53004.62035210804,2667.0
53004.62035210804,2555.0
53304.62035210804,2555.0
53304.62035210804,2667.0
80004.62035210803,2667.0
80004.62035210803,2555.0
86400.0,2555.0
# temp #266
0.0,2234.0
9294.468006072568,2234.0
9294.468006072568,2883.0
10465.699344431052,2883.0
10465.699344431052,2667.0
12271.274710865693,2667.0
12271.274710865693,2883.0
26903.24120703154,2883.0
26903.24120703154,2429.0
51676.137251104235,2429.0
51676.137251104235,2234.0
71428.60914131162,2234.0
71428.60914131162,2429.0
86400.0,2429.0
# temp #267
0.0,2234.0
5446.377482567915,2234.0
5446.377482567915,2883.0
5910.160454479047,2883.0
5910.160454479047,2667.0
13700.089847878555,2667.0
13700.089847878555,2883.0
16285.115303308705,2883.0
16285.115303308705,2667.0
38702.26962044836,2667.0
38702.26962044836,2555.0
59399.151839618586,2555.0
59399.151839618586,2429.0
86400.0,2429.0
# temp #268
0.0,2234.0
22851.369785168212,2234.0
22851.369785168212,2429.0
23370.466106082316,2429.0
23370.466106082316,2234.0
24177.356906561185,2234.0
24177.356906561185,2429.0
28352.4215196725,2429.0
28352.4215196725,2234.0
47633.76651573927,2234.0
47633.76651573927,2429.0
48368.17819867284,2429.0
48368.17819867284,2555.0
49353.68775324897,2555.0
49353.68775324897,2429.0
86400.0,2429.0
# temp #269
0.0,2234.0
65972.87264303306,2234.0
65972.87264303306,2555.0
69218.26617980843,2555.0
69218.26617980843,2667.0
69735.92972997577,2667.0
69735.92972997577,2555.0
70035.92972997577,2555.0
70035.92972997577,2667.0
86400.0,2667.0
# temp #270
0.0,2234.0
54961.72050791793,2234.0
54961.72050791793,2883.0
57361.72050791793,2883.0
57361.72050791793,2667.0
67858.63965007012,2667.0
67858.63965007012,2555.0
86400.0,2555.0
# temp #271
0.0,2234.0
43717.16904288624,2234.0
43717.16904288624,2429.0
44219.46174970363,2429.0
44219.46174970363,2555.0
44887.70616597031,2555.0
44887.70616597031,2429.0
65527.95555463528,2429.0
65527.95555463528,2883.0
82024.73555684557,2883.0
82024.73555684557,2429.0
86400.000002,2429.0
# temp #272
0.0,2234.0
1969.9057202087718,2234.0
1969.9057202087718,2667.0
23101.498064375486,2667.0
23101.498064375486,2555.0
23809.82503553387,2555.0
23809.82503553387,2667.0
33526.93661700469,2667.0
33526.93661700469,2555.0
34126.93661700469,2555.0
34126.93661700469,2667.0
49943.229968030944,2667.0
49943.229968030944,2555.0
54603.737748716965,2555.0
54603.737748716965,2429.0
73332.76960335208,2429.0
73332.76960335208,2555.0
76078.49712807221,2555.0
76078.49712807221,2667.0
86400.0,2667.0
# temp #273
0.0,2234.0
69956.11881741788,2234.0
69956.11881741788,2555.0
86400.000002,2555.0
# temp #274
0.0,2234.0
10477.65850061551,2234.0
10477.65850061551,2883.0
10778.501969785431,2883.0
10778.501969785431,2667.0
17239.980191783983,2667.0
17239.980191783983,2883.0
26449.10553186201,2883.0
26449.10553186201,2667.0
58074.53825608828,2667.0
58074.53825608828,2883.0
76159.81602114627,2883.0
76159.81602114627,2429.0
86400.0,2429.0
# temp #275
0.0,2234.0
18560.891264816746,2234.0
18560.891264816746,2429.0
19124.72400662955,2429.0
19124.72400662955,2234.0
19900.441568903625,2234.0
19900.441568903625,2429.0
24716.40095184557,2429.0
24716.40095184557,2234.0
40503.20234214887,2234.0
40503.20234214887,2429.0
41394.48331324384,2429.0
41394.48331324384,2234.0
47268.14148374834,2234.0
47268.14148374834,2429.0
71566.58607549034,2429.0
71566.58607549034,2883.0
76288.3633764228,2883.0
76288.3633764228,2429.0
86400.000002,2429.0
# temp #276
0.0,2234.0
2985.935344244354,2234.0
2985.935344244354,2667.0
46472.76558768936,2667.0
46472.76558768936,2555.0
46999.22261196189,2555.0
46999.22261196189,2429.0
51016.97274756153,2429.0
51016.97274756153,2234.0
54333.26620843728,2234.0
54333.26620843728,2667.0
71268.75784755686,2667.0
71268.75784755686,2555.0
82115.45120535886,2555.0
82115.45120535886,2429.0
86400.000002,2429.0
# temp #277
0.0,2234.0
51203.48731039558,2234.0
51203.48731039558,2429.0
51683.76029874199,2429.0
51683.76029874199,2555.0
56764.32119789534,2555.0
56764.32119789534,2429.0
61675.72678313591,2429.0
61675.72678313591,2555.0
74955.5034981575,2555.0
74955.5034981575,2667.0
76822.64658152127,2667.0
76822.64658152127,2555.0
86400.000002,2555.0
# temp #278
0.0,2234.0
3344.3854952696715,2234.0
3344.3854952696715,2667.0
36839.250775217086,2667.0
36839.250775217086,2555.0
37731.443924247294,2555.0
37731.443924247294,2667.0
73435.5588011211,2667.0
73435.5588011211,2555.0
74035.5588011211,2555.0
74035.5588011211,2667.0
86400.0,2667.0
# temp #279
0.0,2234.0
3798.724380112254,2234.0
3798.724380112254,2667.0
7190.868619666437,2667.0
7190.868619666437,2555.0
7939.991112076679,2555.0
7939.991112076679,2667.0
10170.02383831423,2667.0
10170.02383831423,2555.0
10470.02383831423,2555.0
10470.02383831423,2667.0
10770.02383831423,2667.0
10770.02383831423,2555.0
14070.02383831423,2555.0
14070.02383831423,2667.0
39570.02383831423,2667.0
39570.02383831423,2883.0
86400.000002,2883.0
# temp #280
0.0,2234.0
8788.837237400003,2234.0
8788.837237400003,2429.0
15688.837237400003,2429.0
15688.837237400003,2555.0
17488.837237400003,2555.0
17488.837237400003,2429.0
30388.837237400003,2429.0
30388.837237400003,2234.0
30688.837237400003,2234.0
30688.837237400003,2017.0
30988.837237400003,2017.0
30988.837237400003,2234.0
31288.837237400003,2234.0
31288.837237400003,2017.0
47652.863288414665,2017.0
47652.863288414665,2234.0
52182.356922444895,2234.0
52182.356922444895,2667.0
66009.19431082439,2667.0
66009.19431082439,2234.0
75986.08700924089,2234.0
75986.08700924089,2429.0
78419.31022263599,2429.0
78419.31022263599,2555.0
86400.000002,2555.0
# temp #281
0.0,2234.0
12890.149921830745,2234.0
12890.149921830745,2555.0
19510.48986744136,2555.0
19510.48986744136,2429.0
47572.881896607585,2429.0
47572.881896607585,2234.0
57662.56781774574,2234.0
57662.56781774574,2429.0
76355.33329553438,2429.0
76355.33329553438,2234.0
86400.000002,2234.0
# temp #282
0.0,2234.0
40125.58687655256,2234.0
40125.58687655256,2555.0
62734.909542230904,2555.0
62734.909542230904,2429.0
63321.89146180173,2429.0
63321.89146180173,2555.0
80195.9581526695,2555.0
80195.9581526695,2429.0
81315.37101964933,2429.0
81315.37101964933,2555.0
82458.68596534712,2555.0
82458.68596534712,2429.0
82758.68596534712,2429.0
82758.68596534712,2555.0
86400.0,2555.0
# temp #283
0.0,2234.0
40184.25089071971,2234.0
40184.25089071971,2555.0
53170.052500139,2555.0
53170.052500139,2429.0
86400.0,2429.0
# temp #284
0.0,2234.0
42068.26755639632,2234.0
42068.26755639632,2555.0
51012.24619403948,2555.0
51012.24619403948,2429.0
86400.000002,2429.0
# temp #285
0.0,2234.0
25490.935257892128,2234.0
25490.935257892128,2429.0
57590.935257892124,2429.0
57590.935257892124,2555.0
57890.935257892124,2555.0
57890.935257892124,2667.0
85627.8049074579,2667.0
85627.8049074579,2555.0
86400.0,2555.0
# temp #286
0.0,2234.0
26447.177004441623,2234.0
26447.177004441623,2429.0
27047.177004441623,2429.0
27047.177004441623,2555.0
29186.678734794263,2555.0
29186.678734794263,2429.0
30748.82163300645,2429.0
30748.82163300645,2555.0
43404.95235237759,2555.0
43404.95235237759,2667.0
65951.20633123443,2667.0
65951.20633123443,2555.0
81319.12614656614,2555.0
81319.12614656614,2667.0
86400.000002,2667.0
# temp #287
0.0,2234.0
50327.642202889554,2234.0
50327.642202889554,2555.0
63212.3208094854,2555.0
63212.3208094854,2429.0
63635.063742147766,2429.0
63635.063742147766,2555.0
70281.28807630857,2555.0
70281.28807630857,2429.0
70730.43311303483,2429.0
70730.43311303483,2234.0
86400.000002,2234.0
# temp #288
0.0,2234.0
14747.825172892773,2234.0
14747.825172892773,2429.0
15316.912123560907,2429.0
15316.912123560907,2555.0
15875.839130580427,2555.0
15875.839130580427,2429.0
33753.72884608806,2429.0
33753.72884608806,2883.0
54987.648747372456,2883.0
54987.648747372456,2429.0
82172.83759515268,2429.0
82172.83759515268,2555.0
86400.000002,2555.0
# temp #289
0.0,2234.0
66552.19616638497,2234.0
66552.19616638497,2555.0
78779.6762481099,2555.0
78779.6762481099,2234.0
79282.01963219326,2234.0
79282.01963219326,2555.0
80378.61296895426,2555.0
80378.61296895426,2429.0
86400.000002,2429.0
# temp #290
0.0,2234.0
7041.7535700369635,2234.0
7041.7535700369635,2555.0
30708.83004055359,2555.0
30708.83004055359,2429.0
31209.853102220226,2429.0
31209.853102220226,2555.0
45195.79602910672,2555.0
45195.79602910672,2429.0
45571.20396012907,2429.0
45571.20396012907,2555.0
46404.05443443452,2555.0
46404.05443443452,2429.0
86400.000002,2429.0
# temp #291
0.0,2234.0
34244.5477581583,2234.0
34244.5477581583,2555.0
35516.71212001239,2555.0
35516.71212001239,2667.0
45416.71212001239,2667.0
45416.71212001239,2555.0
50143.129890994176,2555.0
50143.129890994176,2429.0
79118.83042773699,2429.0
79118.83042773699,2234.0
86400.0,2234.0
# temp #292
0.0,2234.0
14679.223197698595,2234.0
14679.223197698595,2017.0
15891.274627670648,2017.0
15891.274627670648,2234.0
55939.113187417395,2234.0
55939.113187417395,2017.0
86400.0,2017.0
# temp #293
0.0,2234.0
39237.7455910435,2234.0
39237.7455910435,2555.0
41547.52433735412,2555.0
41547.52433735412,2667.0
51447.52433735412,2667.0
51447.52433735412,2555.0
56172.15329061729,2555.0
56172.15329061729,2429.0
68461.076332815,2429.0
68461.076332815,2555.0
84578.54722479825,2555.0
84578.54722479825,2429.0
86400.000002,2429.0
# temp #294
0.0,2234.0
64531.76369313152,2234.0
64531.76369313152,2555.0
85211.70361200349,2555.0
85211.70361200349,2429.0
86400.0,2429.0
# temp #295
0.0,2234.0
8946.107561071405,2234.0
8946.107561071405,2883.0
9813.595885550605,2883.0
9813.595885550605,2667.0
14339.272881718354,2667.0
14339.272881718354,2883.0
38063.674590806484,2883.0
38063.674590806484,2429.0
73493.65121719895,2429.0
73493.65121719895,2555.0
86400.0,2555.0
# temp #296
0.0,2234.0
14060.009089345114,2234.0
14060.009089345114,2429.0
14419.989071809689,2429.0
14419.989071809689,2234.0
15060.847273631955,2234.0
15060.847273631955,2429.0
16649.593373830434,2429.0
16649.593373830434,2234.0
28641.390386153947,2234.0
28641.390386153947,2429.0
29363.411287148487,2429.0
29363.411287148487,2555.0
30712.556419917386,2555.0
30712.556419917386,2429.0
31012.556419917386,2429.0
31012.556419917386,2555.0
32512.556419917386,2555.0
32512.556419917386,2429.0
42712.55641991738,2429.0
42712.55641991738,2234.0
86400.000002,2234.0
# temp #297
0.0,2234.0
1056.1786625068635,2234.0
1056.1786625068635,2667.0
26040.940936328847,2667.0
26040.940936328847,2555.0
27362.360165873546,2555.0
27362.360165873546,2429.0
34141.22531970498,2429.0
34141.22531970498,2555.0
42217.80146767852,2555.0
42217.80146767852,2667.0
68349.1340555018,2667.0
68349.1340555018,2555.0
73260.38825993893,2555.0
73260.38825993893,2429.0
86400.000002,2429.0
# temp #298
0.0,2234.0
872.6712126284838,2234.0
872.6712126284838,2667.0
46244.39317784273,2667.0
46244.39317784273,2555.0
47144.96010658332,2555.0
47144.96010658332,2429.0
75216.87692524867,2429.0
75216.87692524867,2234.0
82403.10080442579,2234.0
82403.10080442579,2667.0
86400.0,2667.0
# temp #299
0.0,2234.0
26020.558752282526,2234.0
26020.558752282526,2555.0
31148.403151170354,2555.0
31148.403151170354,2667.0
41048.40315117035,2667.0
41048.40315117035,2555.0
44087.91770583485,2555.0
44087.91770583485,2429.0
55914.84754127451,2429.0
55914.84754127451,2555.0
62008.99226549082,2555.0
62008.99226549082,2667.0
65259.15581700393,2667.0
65259.15581700393,2883.0
80821.98710921222,2883.0
80821.98710921222,2667.0
86400.000002,2667.0
# temp #300
0.0,2234.0
8388.034811080435,2234.0
8388.034811080435,2667.0
12335.080995596947,2667.0
12335.080995596947,2555.0
13705.186864547433,2555.0
13705.186864547433,2667.0
42753.428032086245,2667.0
42753.428032086245,2555.0
43053.428032086245,2555.0
43053.428032086245,2429.0
52976.21121529957,2429.0
52976.21121529957,2234.0
79773.11025699602,2234.0
79773.11025699602,2429.0
86400.000002,2429.0
# temp #301
0.0,2234.0
44985.027822875425,2234.0
44985.027822875425,2555.0
63999.06420910267,2555.0
63999.06420910267,2429.0
86400.000002,2429.0
# temp #302
0.0,2234.0
31546.940026944507,2234.0
31546.940026944507,2017.0
70057.51761733556,2017.0
70057.51761733556,2234.0
86400.0,2234.0
# temp #303
0.0,2234.0
2647.5423700176184,2234.0
2647.5423700176184,2555.0
32099.473821418364,2555.0
32099.473821418364,2429.0
32631.431427388456,2429.0
32631.431427388456,2555.0
52948.74794860371,2555.0
52948.74794860371,2429.0
53712.76398499031,2429.0
53712.76398499031,2234.0
68107.49785259833,2234.0
68107.49785259833,2667.0
74508.94212692512,2667.0
74508.94212692512,2555.0
86400.000002,2555.0
# temp #304
0.0,2234.0
8643.5679075541,2234.0
8643.5679075541,2667.0
16513.894335692752,2667.0
16513.894335692752,2555.0
17447.207552706826,2555.0
17447.207552706826,2667.0
26164.871294936172,2667.0
26164.871294936172,2555.0
26464.871294936172,2555.0
26464.871294936172,2667.0
26764.871294936172,2667.0
26764.871294936172,2555.0
30064.871294936172,2555.0
30064.871294936172,2667.0
55564.87129493617,2667.0
55564.87129493617,2883.0
86400.000002,2883.0
# temp #305
0.0,2234.0
59277.950249821886,2234.0
59277.950249821886,2555.0
62913.54353763164,2555.0
62913.54353763164,2667.0
72813.54353763163,2667.0
72813.54353763163,2555.0
73744.67738047244,2555.0
73744.67738047244,2429.0
79013.70705866722,2429.0
79013.70705866722,2555.0
81894.28561383394,2555.0
81894.28561383394,2667.0
82296.00703516045,2667.0
82296.00703516045,2234.0
86400.000002,2234.0
# temp #306
0.0,2234.0
25041.24804893509,2234.0
25041.24804893509,2429.0
25628.65846564528,2429.0
25628.65846564528,2234.0
26385.26570051909,2234.0
26385.26570051909,2429.0
31504.933210322637,2429.0
31504.933210322637,2234.0
52841.504873684615,2234.0
52841.504873684615,2429.0
54004.72644350958,2429.0
54004.72644350958,2555.0
54513.096222910106,2555.0
54513.096222910106,2429.0
54813.096222910106,2429.0
54813.096222910106,2555.0
56313.096222910106,2555.0
56313.096222910106,2429.0
66513.0962229101,2429.0
66513.0962229101,2234.0
86400.000002,2234.0
# temp #307
0.0,2234.0
34588.85144451634,2234.0
34588.85144451634,2429.0
34888.85144451634,2429.0
34888.85144451634,2234.0
35453.860149392865,2234.0
35453.860149392865,2555.0
39401.43341780641,2555.0
39401.43341780641,2429.0
59683.653875067845,2429.0
59683.653875067845,2555.0
60089.88702613862,2555.0
60089.88702613862,2667.0
75754.0716039017,2667.0
75754.0716039017,2883.0
86257.29188157713,2883.0
86257.29188157713,2429.0
86400.0,2429.0
# temp #308
0.0,2234.0
41348.602294642486,2234.0
41348.602294642486,2555.0
45993.90885131434,2555.0
45993.90885131434,2429.0
83711.36757927017,2429.0
83711.36757927017,2234.0
86400.000002,2234.0
# temp #309
0.0,2234.0
37432.723372871995,2234.0
37432.723372871995,2555.0
38626.71006589663,2555.0
38626.71006589663,2667.0
44926.71006589663,2667.0
44926.71006589663,2555.0
46126.71006589663,2555.0
46126.71006589663,2429.0
86400.0,2429.0
# temp #310
0.0,2234.0
36433.38179925923,2234.0
36433.38179925923,2429.0
37010.638774232946,2429.0
37010.638774232946,2555.0
38915.62117603608,2555.0
38915.62117603608,2429.0
52223.20834030398,2429.0
52223.20834030398,2883.0
75652.40847675597,2883.0
75652.40847675597,2429.0
86400.0,2429.0
# temp #311
0.0,2234.0
80500.4419743782,2234.0
80500.4419743782,2555.0
86400.0,2555.0
# temp #312
0.0,2234.0
1519.3251678021627,2234.0
1519.3251678021627,2667.0
9067.62655642815,2667.0
9067.62655642815,2555.0
10013.370055379348,2555.0
10013.370055379348,2667.0
26374.746538186453,2667.0
26374.746538186453,2555.0
29374.746538186453,2555.0
29374.746538186453,2667.0
55474.74653818645,2667.0
55474.74653818645,2883.0
86400.000002,2883.0
# temp #313
0.0,2234.0
13223.89753740281,2234.0
13223.89753740281,2883.0
13816.252391925083,2883.0
13816.252391925083,2667.0
18775.956475851126,2667.0
18775.956475851126,2883.0
25842.403789144013,2883.0
25842.403789144013,2429.0
36359.5972710522,2429.0
36359.5972710522,2555.0
37146.76048981492,2555.0
37146.76048981492,2667.0
42198.71503806208,2667.0
42198.71503806208,2555.0
42829.093725071296,2555.0
42829.093725071296,2667.0
46209.251835336916,2667.0
46209.251835336916,2555.0
77555.14362060932,2555.0
77555.14362060932,2429.0
86400.0,2429.0
# temp #314
0.0,2234.0
62657.00975717046,2234.0
62657.00975717046,2555.0
74198.90663190746,2555.0
74198.90663190746,2429.0
79365.83161815071,2429.0
79365.83161815071,2234.0
79965.83161815071,2234.0
79965.83161815071,2429.0
82365.83161815071,2429.0
82365.83161815071,2555.0
86400.000002,2555.0
# temp #315
0.0,2234.0
6111.54119654093,2234.0
6111.54119654093,2883.0
7468.246998405085,2883.0
7468.246998405085,2667.0
17663.546505477283,2667.0
17663.546505477283,2883.0
42418.77227697988,2883.0
42418.77227697988,2429.0
73165.87054284757,2429.0
73165.87054284757,2883.0
81981.42606422772,2883.0
81981.42606422772,2667.0
86400.000002,2667.0
# temp #316
0.0,2234.0
36627.82097614837,2234.0
36627.82097614837,2429.0
36994.15574278683,2429.0
36994.15574278683,2234.0
37604.84083313496,2234.0
37604.84083313496,2429.0
42540.978825185455,2429.0
42540.978825185455,2234.0
64414.24321532251,2234.0
64414.24321532251,2429.0
65526.64597481491,2429.0
65526.64597481491,2555.0
66006.17766380312,2555.0
66006.17766380312,2429.0
66306.17766380312,2429.0
66306.17766380312,2555.0
86400.000002,2555.0
# temp #317
0.0,2234.0
41088.87695318554,2234.0
41088.87695318554,2429.0
41598.08892931324,2429.0
41598.08892931324,2555.0
43060.95007758123,2555.0
43060.95007758123,2429.0
80050.51012316254,2429.0
80050.51012316254,2555.0
86400.0,2555.0
# temp #318
0.0,2234.0
2984.421144984663,2234.0
2984.421144984663,2017.0
15800.918981898578,2017.0
15800.918981898578,2234.0
24996.56831743196,2234.0
24996.56831743196,2017.0
47809.06320582145,2017.0
47809.06320582145,2234.0
86400.000002,2234.0
# temp #319
0.0,2234.0
4701.627049106174,2234.0
4701.627049106174,2667.0
37450.00030780211,2667.0
37450.00030780211,2555.0
38514.56524981186,2555.0
38514.56524981186,2667.0
54454.46496871301,2667.0
54454.46496871301,2555.0
55054.46496871301,2555.0
55054.46496871301,2667.0
69897.24657428451,2667.0
69897.24657428451,2555.0
74686.3386761863,2555.0
74686.3386761863,2429.0
86400.000002,2429.0
# temp #320
0.0,2234.0
14647.99452563748,2234.0
14647.99452563748,2017.0
22938.7584711425,2017.0
22938.7584711425,2234.0
33434.53286429867,2234.0
33434.53286429867,2017.0
64041.7594020255,2017.0
64041.7594020255,2234.0
86400.000002,2234.0
# temp #321
0.0,2234.0
44525.10357156862,2234.0
44525.10357156862,2429.0
44834.91924097762,2429.0
44834.91924097762,2555.0
45452.32831416652,2555.0
45452.32831416652,2429.0
86205.05799511449,2429.0
86205.05799511449,2883.0
86400.0,2883.0
# temp #322
0.0,2234.0
6707.553340704182,2234.0
6707.553340704182,2667.0
32930.05219178741,2667.0
32930.05219178741,2555.0
33902.2850296693,2555.0
33902.2850296693,2667.0
38121.103977039464,2667.0
38121.103977039464,2555.0
38421.103977039464,2555.0
38421.103977039464,2667.0
38721.103977039464,2667.0
38721.103977039464,2555.0
42021.103977039464,2555.0
42021.103977039464,2667.0
67521.10397703946,2667.0
67521.10397703946,2883.0
86400.0,2883.0
# temp #323
0.0,2234.0
33762.65988308006,2234.0
33762.65988308006,2429.0
34359.21189759393,2429.0
34359.21189759393,2234.0
34972.824827372104,2234.0
34972.824827372104,2429.0
40511.15377584939,2429.0
40511.15377584939,2234.0
59605.348019907266,2234.0
59605.348019907266,2429.0
60742.41622004194,2429.0
60742.41622004194,2234.0
77519.65071985034,2234.0
77519.65071985034,2667.0
78020.09623856285,2667.0
78020.09623856285,2555.0
86400.0,2555.0
# temp #324
0.0,2234.0
5859.539891942405,2234.0
5859.539891942405,2667.0
47983.441511797726,2667.0
47983.441511797726,2555.0
48347.536889347255,2555.0
48347.536889347255,2667.0
63886.9676878676,2667.0
63886.9676878676,2555.0
64186.9676878676,2555.0
64186.9676878676,2667.0
64486.9676878676,2667.0
64486.9676878676,2555.0
67786.9676878676,2555.0
67786.9676878676,2667.0
86400.000002,2667.0
# temp #325
0.0,2234.0
2887.497918005102,2234.0
2887.497918005102,2667.0
36265.06564139855,2667.0
36265.06564139855,2555.0
37445.46737212223,2555.0
37445.46737212223,2667.0
58303.85571978988,2667.0
58303.85571978988,2555.0
61303.85571978988,2555.0
61303.85571978988,2667.0
86400.0,2667.0
# temp #326
0.0,2234.0
48483.64820675925,2234.0
48483.64820675925,2429.0
48793.9550908981,2429.0
48793.9550908981,2555.0
53200.742380949676,2555.0
53200.742380949676,2429.0
76419.59682970775,2429.0
76419.59682970775,2883.0
86400.000002,2883.0
# temp #327
0.0,2234.0
4827.7367506641895,2234.0
4827.7367506641895,2883.0
5872.980735171586,2883.0
5872.980735171586,2667.0
16054.063588706778,2667.0
16054.063588706778,2883.0
17854.479937953878,2883.0
17854.479937953878,2667.0
54923.89631986153,2667.0
54923.89631986153,2555.0
78547.02514288948,2555.0
78547.02514288948,2429.0
80691.09732212966,2429.0
80691.09732212966,2667.0
86400.000002,2667.0
# temp #328
0.0,2234.0
5489.599894895219,2234.0
5489.599894895219,2667.0
19367.715676780794,2667.0
19367.715676780794,2555.0
20419.199899770323,2555.0
20419.199899770323,2667.0
29825.4962515086,2667.0
29825.4962515086,2555.0
32825.4962515086,2555.0
32825.4962515086,2667.0
58925.4962515086,2667.0
58925.4962515086,2883.0
86400.0,2883.0
# temp #329
0.0,2234.0
31629.51051257551,2234.0
31629.51051257551,2555.0
32140.62196654268,2555.0
32140.62196654268,2667.0
32708.63207979128,2667.0
32708.63207979128,2555.0
33008.632079791285,2555.0
33008.632079791285,2667.0
36608.63207979128,2667.0
36608.63207979128,2555.0
38108.63207979128,2555.0
38108.63207979128,2429.0
51187.02454261948,2429.0
51187.02454261948,2234.0
86400.0,2234.0
# temp #330
0.0,2234.0
24726.447079936046,2234.0
24726.447079936046,2017.0
50048.989033419646,2017.0
50048.989033419646,2234.0
86400.000002,2234.0
# temp #331
0.0,2234.0
16235.978335398251,2234.0
16235.978335398251,2429.0
16821.905224886727,2429.0
16821.905224886727,2234.0
17586.938052624468,2234.0
17586.938052624468,2429.0
19252.259235363457,2429.0
19252.259235363457,2234.0
35720.49959131982,2234.0
35720.49959131982,2429.0
36721.12893706653,2429.0
36721.12893706653,2234.0
46995.09919958655,2234.0
46995.09919958655,2555.0
48195.09919958655,2555.0
48195.09919958655,2883.0
58127.14237917681,2883.0
58127.14237917681,2667.0
86400.000002,2667.0
# temp #332
0.0,2234.0
1900.190885178745,2234.0
1900.190885178745,2429.0
2328.00451819785,2429.0
2328.00451819785,2555.0
7260.876494692639,2555.0
7260.876494692639,2429.0
15869.262215006169,2429.0
15869.262215006169,2234.0
27217.456171754755,2234.0
27217.456171754755,2429.0
44630.36075290293,2429.0
44630.36075290293,2883.0
52449.320860952146,2883.0
52449.320860952146,2667.0
67100.68382096944,2667.0
67100.68382096944,2555.0
72216.5163162863,2555.0
72216.5163162863,2667.0
86400.000002,2667.0
# temp #333
0.0,2234.0
13276.461420580747,2234.0
13276.461420580747,2429.0
13762.274126149716,2429.0
13762.274126149716,2555.0
18779.392724297944,2555.0
18779.392724297944,2429.0
42510.783971194185,2429.0
42510.783971194185,2883.0
56099.56538714469,2883.0
56099.56538714469,2667.0
73723.2011004584,2667.0
73723.2011004584,2555.0
86400.0,2555.0
# temp #334
0.0,2234.0
11399.079495761544,2234.0
11399.079495761544,2017.0
56016.699964553125,2017.0
56016.699964553125,2234.0
86400.000002,2234.0
# temp #335
0.0,2234.0
27234.484444255944,2234.0
27234.484444255944,2555.0
47545.87695964147,2555.0
47545.87695964147,2429.0
48010.50034977962,2429.0
48010.50034977962,2555.0
71068.34297447932,2555.0
71068.34297447932,2429.0
71938.35343576504,2429.0
71938.35343576504,2555.0
72760.8438827796,2555.0
72760.8438827796,2429.0
73060.8438827796,2429.0
73060.8438827796,2555.0
73360.8438827796,2555.0
73360.8438827796,2429.0
73960.8438827796,2429.0
73960.8438827796,2555.0
75151.99165313972,2555.0
75151.99165313972,2429.0
86400.000002,2429.0
# temp #336
0.0,2234.0
8019.2323776427675,2234.0
8019.2323776427675,2667.0
36754.49206139893,2667.0
36754.49206139893,2555.0
37072.18598965556,2555.0
37072.18598965556,2667.0
44359.870672412224,2667.0
44359.870672412224,2555.0
44659.870672412224,2555.0
44659.870672412224,2667.0
45451.752100302845,2667.0
45451.752100302845,2555.0
46051.752100302845,2555.0
46051.752100302845,2667.0
46399.492893833674,2667.0
46399.492893833674,2234.0
76780.63227531967,2234.0
76780.63227531967,2429.0
86400.0,2429.0
# temp #337
0.0,2234.0
28408.03789221682,2234.0
28408.03789221682,2555.0
35917.58943032474,2555.0
35917.58943032474,2429.0
37727.883089147515,2429.0
37727.883089147515,2234.0
38027.883089147515,2234.0
38027.883089147515,2017.0
70023.55349957944,2017.0
70023.55349957944,2555.0
78435.8254215913,2555.0
78435.8254215913,2429.0
86400.000002,2429.0
# temp #338
0.0,2234.0
17989.462452800948,2234.0
17989.462452800948,2017.0
39281.18964987808,2017.0
39281.18964987808,2234.0
59940.596539853155,2234.0
59940.596539853155,2017.0
66541.70748875478,2017.0
66541.70748875478,2234.0
67599.99866927975,2234.0
67599.99866927975,2017.0
86400.0,2017.0
# temp #339
0.0,2234.0
35382.56302590017,2234.0
35382.56302590017,2429.0
42282.56302590017,2429.0
42282.56302590017,2555.0
44082.56302590017,2555.0
44082.56302590017,2429.0
56982.56302590017,2429.0
56982.56302590017,2234.0
57282.56302590017,2234.0
57282.56302590017,2017.0
57582.56302590017,2017.0
57582.56302590017,2234.0
57882.56302590017,2234.0
57882.56302590017,2017.0
73838.66357272492,2017.0
73838.66357272492,2234.0
86400.000002,2234.0
# temp #340
0.0,2234.0
4919.906196068042,2234.0
4919.906196068042,2555.0
19662.06443177071,2555.0
19662.06443177071,2429.0
27632.51093567815,2429.0
27632.51093567815,2234.0
28232.51093567815,2234.0
28232.51093567815,2429.0
30632.51093567815,2429.0
30632.51093567815,2555.0
40832.51093567815,2555.0
40832.51093567815,2667.0
54152.0284006605,2667.0
54152.0284006605,2555.0
60319.71123728436,2555.0
60319.71123728436,2429.0
70509.66291481163,2429.0
70509.66291481163,2883.0
86400.0,2883.0
# temp #341
0.0,2234.0
39706.491287704564,2234.0
39706.491287704564,2017.0
76879.36350200327,2017.0
76879.36350200327,2234.0
86400.000002,2234.0
# temp #342
0.0,2234.0
48415.38459733129,2234.0
48415.38459733129,2555.0
56604.52397391201,2555.0
56604.52397391201,2429.0
57159.79010851589,2429.0
57159.79010851589,2555.0
73416.8750222074,2555.0
73416.8750222074,2429.0
73780.94279584476,2429.0
73780.94279584476,2234.0
86400.000002,2234.0
# temp #343
0.0,2234.0
54172.70283338149,2234.0
54172.70283338149,2883.0
56572.70283338149,2883.0
56572.70283338149,2667.0
72681.24017463998,2667.0
72681.24017463998,2555.0
86400.0,2555.0
# temp #344
0.0,2234.0
39684.58355341573,2234.0
39684.58355341573,2429.0
46584.58355341573,2429.0
46584.58355341573,2555.0
48384.58355341573,2555.0
48384.58355341573,2429.0
61284.58355341573,2429.0
61284.58355341573,2234.0
61584.58355341573,2234.0
61584.58355341573,2017.0
61884.58355341573,2017.0
61884.58355341573,2234.0
62184.58355341573,2234.0
62184.58355341573,2017.0
72281.63785371,2017.0
72281.63785371,2234.0
86400.000002,2234.0
# temp #345
0.0,2234.0
40514.135270565755,2234.0
40514.135270565755,2429.0
40814.135270565755,2429.0
40814.135270565755,2234.0
51186.135828215636,2234.0
51186.135828215636,2667.0
79363.89106172138,2667.0
79363.89106172138,2555.0
86400.000002,2555.0
# temp #346
0.0,2234.0
3798.6518428428103,2234.0
3798.6518428428103,2555.0
7936.829261435198,2555.0
7936.829261435198,2667.0
8320.341685716996,2667.0
8320.341685716996,2555.0
8620.341685716996,2555.0
8620.341685716996,2667.0
12220.341685716996,2667.0
12220.341685716996,2555.0
13720.341685716996,2555.0
13720.341685716996,2429.0
28691.075189877305,2429.0
28691.075189877305,2234.0
47381.87922639773,2234.0
47381.87922639773,2429.0
70812.3653059127,2429.0
70812.3653059127,2555.0
84740.55431338494,2555.0
84740.55431338494,2667.0
86400.000002,2667.0
# temp #347
0.0,2234.0
14915.261628990997,2234.0
14915.261628990997,2883.0
26015.261628990997,2883.0
26015.261628990997,2555.0
34458.53981045075,2555.0
34458.53981045075,2883.0
43324.938602861956,2883.0
43324.938602861956,2429.0
67835.76707609463,2429.0
67835.76707609463,2883.0
86400.000002,2883.0
# temp #348
0.0,2234.0
39105.78375246842,2234.0
39105.78375246842,2429.0
71205.78375246841,2429.0
71205.78375246841,2555.0
71505.78375246841,2555.0
71505.78375246841,2667.0
86400.000002,2667.0
# temp #349
0.0,2234.0
79153.39485593142,2234.0
79153.39485593142,2555.0
86400.000002,2555.0
# temp #350
0.0,2234.0
946.0546785034239,2234.0
946.0546785034239,2667.0
42633.188260020695,2667.0
42633.188260020695,2555.0
43255.429393379025,2555.0
43255.429393379025,2667.0
71630.0072404789,2667.0
71630.0072404789,2555.0
71930.0072404789,2555.0
71930.0072404789,2667.0
72230.0072404789,2667.0
72230.0072404789,2555.0
75530.0072404789,2555.0
75530.0072404789,2667.0
86400.000002,2667.0
# temp #351
0.0,2234.0
29725.090440362696,2234.0
29725.090440362696,2429.0
30069.246801990088,2429.0
30069.246801990088,2555.0
34944.70721881372,2555.0
34944.70721881372,2429.0
63978.49575206639,2429.0
63978.49575206639,2555.0
64401.880470290795,2555.0
64401.880470290795,2667.0
86400.000002,2667.0
# temp #352
0.0,2234.0
5529.57315214444,2234.0
5529.57315214444,2883.0
6170.462294155733,2883.0
6170.462294155733,2667.0
10883.65245864261,2667.0
10883.65245864261,2883.0
33693.00514196511,2883.0
33693.00514196511,2429.0
70940.96305829009,2429.0
70940.96305829009,2555.0
75262.46209640523,2555.0
75262.46209640523,2429.0
86400.0,2429.0
# temp #353
0.0,2234.0
6332.082053879277,2234.0
6332.082053879277,2667.0
39960.257752798505,2667.0
39960.257752798505,2555.0
41144.42062284798,2555.0
41144.42062284798,2667.0
79407.1128457552,2667.0
79407.1128457552,2555.0
82407.1128457552,2555.0
82407.1128457552,2667.0
86400.0,2667.0
# temp #354
0.0,2234.0
36966.64441628382,2234.0
36966.64441628382,2017.0
77504.77722580546,2017.0
77504.77722580546,2234.0
86400.000002,2234.0
# temp #355
0.0,2234.0
50321.10923447181,2234.0
50321.10923447181,2429.0
82421.1092344718,2429.0
82421.1092344718,2555.0
82721.1092344718,2555.0
82721.1092344718,2667.0
86400.000002,2667.0
# temp #356
0.0,2234.0
6621.353073581123,2234.0
6621.353073581123,2883.0
7897.377416747623,2883.0
7897.377416747623,2667.0
13251.735738222487,2667.0
13251.735738222487,2883.0
17415.815857448615,2883.0
17415.815857448615,2667.0
19601.32272066549,2667.0
19601.32272066549,2555.0
22222.160323429856,2555.0
22222.160323429856,2667.0
36499.47148973588,2667.0
36499.47148973588,2555.0
46830.79273172189,2555.0
46830.79273172189,2667.0
62200.29769004323,2667.0
62200.29769004323,2555.0
64172.71123998799,2555.0
64172.71123998799,2667.0
86400.0,2667.0
# temp #357
0.0,2234.0
48001.22238232289,2234.0
48001.22238232289,2555.0
48600.176601181745,2555.0
48600.176601181745,2667.0
49151.998414099224,2667.0
49151.998414099224,2555.0
55151.998414099224,2555.0
55151.998414099224,2429.0
57551.998414099224,2429.0
57551.998414099224,2234.0
61151.998414099224,2234.0
61151.998414099224,2429.0
62351.998414099224,2429.0
62351.998414099224,2234.0
68051.99841409922,2234.0
68051.99841409922,2429.0
86400.000002,2429.0
# temp #358
0.0,2234.0
14753.915267670529,2234.0
14753.915267670529,2017.0
43134.076255001135,2017.0
43134.076255001135,2234.0
61104.83196191491,2234.0
61104.83196191491,2017.0
67942.93622318657,2017.0
67942.93622318657,2234.0
86400.0,2234.0
# temp #359
0.0,2234.0
1911.5377169335263,2234.0
1911.5377169335263,2555.0
16050.567646999845,2555.0
16050.567646999845,2429.0
46065.251675178304,2429.0
46065.251675178304,2234.0
47922.69479110838,2234.0
47922.69479110838,2429.0
54527.169877686545,2429.0
54527.169877686545,2234.0
86400.000002,2234.0
# temp #360
0.0,2234.0
5386.387787084096,2234.0
5386.387787084096,2555.0
35359.9794469541,2555.0
35359.9794469541,2429.0
35906.006642477594,2429.0
35906.006642477594,2555.0
46236.80785121397,2555.0
46236.80785121397,2429.0
46589.04223758728,2429.0
46589.04223758728,2555.0
47932.30784246699,2555.0
47932.30784246699,2429.0
48232.30784246699,2429.0
48232.30784246699,2555.0
48532.30784246699,2555.0
48532.30784246699,2429.0
49132.30784246699,2429.0
49132.30784246699,2555.0
50865.24408543483,2555.0
50865.24408543483,2429.0
74784.07425808256,2429.0
74784.07425808256,2234.0
79458.29696750735,2234.0
79458.29696750735,2667.0
86400.000002,2667.0
# temp #361
0.0,2234.0
56337.0553091867,2234.0
56337.0553091867,2555.0
60690.894849062905,2555.0
60690.894849062905,2429.0
61000.81164236181,2429.0
61000.81164236181,2555.0
70604.86115785317,2555.0
70604.86115785317,2429.0
71114.77508191021,2429.0
71114.77508191021,2555.0
71662.3457433656,2555.0
71662.3457433656,2429.0
71962.3457433656,2429.0
71962.3457433656,2555.0
86400.000002,2555.0
# temp #362
0.0,2234.0
26788.090358208865,2234.0
26788.090358208865,2555.0
29619.1424516961,2555.0
29619.1424516961,2667.0
41152.67050447874,2667.0
41152.67050447874,2555.0
61687.480238405995,2555.0
61687.480238405995,2429.0
80166.23451628258,2429.0
80166.23451628258,2555.0
86400.0,2555.0
# temp #363
0.0,2234.0
15734.094482101504,2234.0
15734.094482101504,2883.0
16472.581745730717,2883.0
16472.581745730717,2667.0
26848.96989036352,2667.0
26848.96989036352,2883.0
51810.94204788097,2883.0
51810.94204788097,2429.0
65158.76619508491,2429.0
65158.76619508491,2234.0
81601.72700313853,2234.0
81601.72700313853,2667.0
86400.000002,2667.0
# temp #364
0.0,2234.0
7139.265203964898,2234.0
7139.265203964898,2667.0
53568.49777512253,2667.0
53568.49777512253,2555.0
54997.226427868016,2555.0
54997.226427868016,2667.0
63209.06060580165,2667.0
63209.06060580165,2555.0
63809.06060580165,2555.0
63809.06060580165,2667.0
79566.40835897998,2667.0
79566.40835897998,2555.0
80571.34993532674,2555.0
80571.34993532674,2429.0
86400.000002,2429.0
# temp #365
0.0,2234.0
2760.3569208411504,2234.0
2760.3569208411504,2667.0
15572.453192900868,2667.0
15572.453192900868,2555.0
16006.926029361786,2555.0
16006.926029361786,2667.0
52809.384014108226,2667.0
52809.384014108226,2555.0
55809.384014108226,2555.0
55809.384014108226,2667.0
81909.38401410822,2667.0
81909.38401410822,2883.0
86400.0,2883.0
# temp #366
0.0,2234.0
34960.275646182716,2234.0
34960.275646182716,2555.0
46959.22498272267,2555.0
46959.22498272267,2429.0
52399.95511786547,2429.0
52399.95511786547,2234.0
52699.95511786547,2234.0
52699.95511786547,2017.0
86400.0,2017.0
# temp #367
0.0,2234.0
9895.947634452024,2234.0
9895.947634452024,2555.0
12362.592459702866,2555.0
12362.592459702866,2667.0
12775.170362298379,2667.0
12775.170362298379,2555.0
13075.170362298379,2555.0
13075.170362298379,2667.0
39775.17036229838,2667.0
39775.17036229838,2555.0
55675.17036229838,2555.0
55675.17036229838,2234.0
59275.17036229838,2234.0
59275.17036229838,2429.0
69175.17036229838,2429.0
69175.17036229838,2555.0
69775.17036229838,2555.0
69775.17036229838,2667.0
82075.17036229838,2667.0
82075.17036229838,2883.0
86400.0,2883.0
# temp #368
0.0,2234.0
15750.45661751647,2234.0
15750.45661751647,2883.0
26850.45661751647,2883.0
26850.45661751647,2555.0
36262.09241836332,2555.0
36262.09241836332,2883.0
42077.471276046716,2883.0
42077.471276046716,2667.0
55217.96913889703,2667.0
55217.96913889703,2555.0
64301.532437489375,2555.0
64301.532437489375,2429.0
79531.95015331732,2429.0
79531.95015331732,2555.0
85579.63265692817,2555.0
85579.63265692817,2667.0
86400.0,2667.0
# temp #369
0.0,2234.0
22190.616409876387,2234.0
22190.616409876387,2429.0
22654.69318663236,2429.0
22654.69318663236,2555.0
23428.935692436065,2555.0
23428.935692436065,2429.0
72012.98813761679,2429.0
72012.98813761679,2883.0
86400.000002,2883.0
# temp #370
0.0,2234.0
76772.13698630223,2234.0
76772.13698630223,2555.0
86400.000002,2555.0
# temp #371
0.0,2234.0
35957.50337925275,2234.0
35957.50337925275,2555.0
36338.357848883614,2555.0
36338.357848883614,2667.0
36694.8398213368,2667.0
36694.8398213368,2555.0
36994.8398213368,2555.0
36994.8398213368,2667.0
40594.8398213368,2667.0
40594.8398213368,2555.0
42094.8398213368,2555.0
42094.8398213368,2429.0
53413.43914757018,2429.0
53413.43914757018,2234.0
59382.21105749254,2234.0
59382.21105749254,2667.0
75554.38133880963,2667.0
75554.38133880963,2555.0
86400.0,2555.0
# temp #372
0.0,2234.0
3566.8400181457405,2234.0
3566.8400181457405,2667.0
11464.737455360593,2667.0
11464.737455360593,2555.0
12570.526159275325,2555.0
12570.526159275325,2667.0
17991.364781255837,2667.0
17991.364781255837,2555.0
18291.364781255837,2555.0
18291.364781255837,2667.0
19188.778305519376,2667.0
19188.778305519376,2555.0
19788.778305519376,2555.0
19788.778305519376,2667.0
57017.68275022042,2667.0
57017.68275022042,2555.0
77219.69672420529,2555.0
77219.69672420529,2667.0
86400.000002,2667.0
# temp #373
0.0,2234.0
40817.00244150125,2234.0
40817.00244150125,2555.0
42733.874200796716,2555.0
42733.874200796716,2667.0
49033.874200796716,2667.0
49033.874200796716,2555.0
50233.874200796716,2555.0
50233.874200796716,2429.0
86400.000002,2429.0
# temp #374
0.0,2234.0
7863.799988594839,2234.0
7863.799988594839,2667.0
37836.34645726998,2667.0
37836.34645726998,2555.0
38350.59143446852,2555.0
38350.59143446852,2667.0
40800.40973376018,2667.0
40800.40973376018,2555.0
41100.40973376018,2555.0
41100.40973376018,2429.0
55540.25501681027,2429.0
55540.25501681027,2883.0
62010.19745261875,2883.0
62010.19745261875,2667.0
86400.000002,2667.0
# temp #375
0.0,2234.0
21827.2090993356,2234.0
21827.2090993356,2555.0
24917.019316088412,2555.0
24917.019316088412,2667.0
25413.723141700033,2667.0
25413.723141700033,2555.0
31413.723141700033,2555.0
31413.723141700033,2429.0
33813.72314170004,2429.0
33813.72314170004,2234.0
37413.72314170004,2234.0
37413.72314170004,2429.0
38613.72314170004,2429.0
38613.72314170004,2234.0
44313.72314170004,2234.0
44313.72314170004,2429.0
55034.63207976893,2429.0
55034.63207976893,2555.0
63598.51942006499,2555.0
63598.51942006499,2667.0
75909.16135604495,2667.0
75909.16135604495,2234.0
86400.0,2234.0
# temp #376
0.0,2234.0
50572.350080986515,2234.0
50572.350080986515,2555.0
83720.5362118548,2555.0
83720.5362118548,2429.0
84197.20901667608,2429.0
84197.20901667608,2555.0
86400.0,2555.0
# temp #377
0.0,2234.0
42545.78331168742,2234.0
42545.78331168742,2017.0
66902.43837847376,2017.0
66902.43837847376,2234.0
86400.000002,2234.0
# temp #378
0.0,2234.0
31942.290602275174,2234.0
31942.290602275174,2555.0
48641.09602498357,2555.0
48641.09602498357,2429.0
66411.78675221746,2429.0
66411.78675221746,2234.0
70588.82583626547,2234.0
70588.82583626547,2429.0
86400.0,2429.0
# temp #379
0.0,2234.0
12258.351986180061,2234.0
12258.351986180061,2555.0
22046.84181029443,2555.0
22046.84181029443,2429.0
34587.86562646274,2429.0
34587.86562646274,2234.0
38301.733738440096,2234.0
38301.733738440096,2429.0
55023.83911649232,2429.0
55023.83911649232,2234.0
55906.569691398196,2234.0
55906.569691398196,2667.0
63191.926849284224,2667.0
63191.926849284224,2883.0
66870.19317608794,2883.0
66870.19317608794,2667.0
84836.03082764895,2667.0
84836.03082764895,2555.0
86400.0,2555.0
# temp #380
0.0,2234.0
65554.36459039338,2234.0
65554.36459039338,2555.0
81434.83645829838,2555.0
81434.83645829838,2234.0
86156.47965527605,2234.0
86156.47965527605,2429.0
86400.000002,2429.0
# temp #381
0.0,2234.0
11319.877283368261,2234.0
11319.877283368261,2883.0
11843.600862217138,2883.0
11843.600862217138,2667.0
15704.295674082825,2667.0
15704.295674082825,2883.0
24960.644495417368,2883.0
24960.644495417368,2667.0
45674.834074289545,2667.0
45674.834074289545,2883.0
62606.17416822353,2883.0
62606.17416822353,2429.0
65697.61378881523,2429.0
65697.61378881523,2555.0
68450.5342278164,2555.0
68450.5342278164,2667.0
86400.0,2667.0
# temp #382
0.0,2234.0
13093.01504082978,2234.0
13093.01504082978,2017.0
60725.299308355905,2017.0
60725.299308355905,2234.0
86400.0,2234.0
# temp #383
0.0,2234.0
11671.934163104745,2234.0
11671.934163104745,2429.0
12008.024807204494,2429.0
12008.024807204494,2555.0
16035.397752304565,2555.0
16035.397752304565,2429.0
64109.03992087115,2429.0
64109.03992087115,2883.0
80202.36139318442,2883.0
80202.36139318442,2667.0
86400.0,2667.0
# temp #384
0.0,2234.0
40291.40904913657,2234.0
40291.40904913657,2017.0
41429.69115441666,2017.0
41429.69115441666,2234.0
86272.60339362548,2234.0
86272.60339362548,2017.0
86400.0,2017.0
# temp #385
0.0,2234.0
54364.10855816212,2234.0
54364.10855816212,2429.0
54952.79731939082,2429.0
54952.79731939082,2555.0
59309.891994693324,2555.0
59309.891994693324,2429.0
86400.000002,2429.0
# temp #386
0.0,2234.0
35240.354979783304,2234.0
35240.354979783304,2429.0
35647.054652078084,2429.0
35647.054652078084,2234.0
36262.95308475383,2234.0
36262.95308475383,2429.0
39909.08647533507,2429.0
39909.08647533507,2234.0
41719.40076369793,2234.0
41719.40076369793,2429.0
42898.64105461166,2429.0
42898.64105461166,2555.0
44333.50913347677,2555.0
44333.50913347677,2429.0
44633.50913347677,2429.0
44633.50913347677,2555.0
44933.50913347677,2555.0
44933.50913347677,2429.0
45533.50913347677,2429.0
45533.50913347677,2555.0
48665.90908030049,2555.0
48665.90908030049,2429.0
73176.11168785953,2429.0
73176.11168785953,2555.0
73635.63018715942,2555.0
73635.63018715942,2667.0
86400.0,2667.0
# temp #387
0.0,2234.0
2795.3112235525628,2234.0
2795.3112235525628,2667.0
48282.0969603723,2667.0
48282.0969603723,2555.0
49218.12839338091,2555.0
49218.12839338091,2667.0
86400.000002,2667.0
# temp #388
0.0,2234.0
71749.92989727763,2234.0
71749.92989727763,2555.0
76037.04732956832,2555.0
76037.04732956832,2429.0
76389.41298003776,2429.0
76389.41298003776,2555.0
81429.89195021802,2555.0
81429.89195021802,2429.0
82140.8744597342,2429.0
82140.8744597342,2555.0
82446.08704070562,2555.0
82446.08704070562,2429.0
82746.08704070562,2429.0
82746.08704070562,2555.0
84246.08704070562,2555.0
84246.08704070562,2429.0
86400.0,2429.0
# temp #389
0.0,2234.0
55524.923181859784,2234.0
55524.923181859784,2555.0
79912.84098797479,2555.0
79912.84098797479,2429.0
86400.0,2429.0
# temp #390
0.0,2234.0
2445.641358336434,2234.0
2445.641358336434,2667.0
36110.233352403164,2667.0
36110.233352403164,2555.0
37089.316306798726,2555.0
37089.316306798726,2667.0
61593.334772670656,2667.0
61593.334772670656,2555.0
61893.334772670656,2555.0
61893.334772670656,2667.0
62631.22821555009,2667.0
62631.22821555009,2555.0
63231.22821555009,2555.0
63231.22821555009,2667.0
76733.96194756498,2667.0
76733.96194756498,2555.0
86400.0,2555.0
# temp #391
0.0,2234.0
4273.790448973887,2234.0
4273.790448973887,2883.0
5068.568297917955,2883.0
5068.568297917955,2667.0
8440.065091336146,2667.0
8440.065091336146,2883.0
20940.436320612207,2883.0
20940.436320612207,2429.0
57914.99773235992,2429.0
57914.99773235992,2555.0
68665.53010214122,2555.0
68665.53010214122,2667.0
86400.0,2667.0
# temp #392
0.0,2234.0
2224.925776314922,2234.0
2224.925776314922,2667.0
15785.089686303401,2667.0
15785.089686303401,2555.0
17091.702167387124,2555.0
17091.702167387124,2667.0
22708.35418326315,2667.0
22708.35418326315,2555.0
25708.35418326315,2555.0
25708.35418326315,2667.0
51808.354183263145,2667.0
51808.354183263145,2883.0
86400.000002,2883.0
# temp #393
0.0,2234.0
8337.086237221958,2234.0
8337.086237221958,2883.0
9633.343610703016,2883.0
9633.343610703016,2667.0
13790.316858538428,2667.0
13790.316858538428,2883.0
14115.906810737217,2883.0
14115.906810737217,2555.0
16439.636531076398,2555.0
16439.636531076398,2429.0
45056.325362878866,2429.0
45056.325362878866,2555.0
50521.84877512047,2555.0
50521.84877512047,2429.0
86400.0,2429.0
# temp #394
0.0,2234.0
65657.67894359307,2234.0
65657.67894359307,2555.0
79742.83541617916,2555.0
79742.83541617916,2429.0
86400.000002,2429.0
# temp #395
0.0,2234.0
8958.025396289306,2234.0
8958.025396289306,2883.0
9578.447795729155,2883.0
9578.447795729155,2667.0
21775.15599362087,2667.0
21775.15599362087,2883.0
42480.831441306516,2883.0
42480.831441306516,2429.0
72459.09907012248,2429.0
72459.09907012248,2234.0
84087.48691077346,2234.0
84087.48691077346,2667.0
86400.000002,2667.0
# temp #396
0.0,2234.0
25504.85992971808,2234.0
25504.85992971808,2429.0
25876.06482713018,2429.0
25876.06482713018,2555.0
29129.10690440331,2555.0
29129.10690440331,2429.0
40380.33419747372,2429.0
40380.33419747372,2555.0
75093.07919719724,2555.0
75093.07919719724,2429.0
82246.76906168462,2429.0
82246.76906168462,2555.0
86400.0,2555.0
# temp #397
0.0,2234.0
80821.64361518809,2234.0
80821.64361518809,2555.0
86400.000002,2555.0
# temp #398
0.0,2234.0
49278.84155481588,2234.0
49278.84155481588,2883.0
51678.84155481588,2883.0
51678.84155481588,2667.0
70733.21764266584,2667.0
70733.21764266584,2234.0
86400.000002,2234.0
# temp #399
0.0,2234.0
5476.46218892187,2234.0
5476.46218892187,2667.0
14558.115623169582,2667.0
14558.115623169582,2555.0
15210.859331977557,2555.0
15210.859331977557,2667.0
53163.13322461212,2667.0
53163.13322461212,2555.0
53763.13322461212,2555.0
53763.13322461212,2667.0
70573.96372170189,2667.0
70573.96372170189,2555.0
75297.23882772961,2555.0
75297.23882772961,2429.0
86400.0,2429.0
# temp #400
0.0,2234.0
37975.94676695299,2234.0
37975.94676695299,2555.0
46312.354924273684,2555.0
46312.354924273684,2429.0
80505.59498865624,2429.0
80505.59498865624,2234.0
84773.7417151686,2234.0
84773.7417151686,2429.0
86400.000002,2429.0
# temp #401
0.0,2234.0
5223.963533970528,2234.0
5223.963533970528,2667.0
47096.97007220239,2667.0
47096.97007220239,2555.0
48213.00823381171,2555.0
48213.00823381171,2667.0
66906.933728233,2667.0
66906.933728233,2555.0
67506.933728233,2555.0
67506.933728233,2667.0
86400.0,2667.0
# temp #402
0.0,2234.0
42605.99614901003,2234.0
42605.99614901003,2555.0
47331.09667128884,2555.0
47331.09667128884,2667.0
47907.60011645035,2667.0
47907.60011645035,2555.0
48207.60011645035,2555.0
48207.60011645035,2667.0
74907.60011645034,2667.0
74907.60011645034,2555.0
86400.0,2555.0
# temp #403
0.0,2234.0
3802.4409279227266,2234.0
3802.4409279227266,2667.0
9710.413732845338,2667.0
9710.413732845338,2555.0
10919.53258663416,2555.0
10919.53258663416,2667.0
12373.011285206305,2667.0
12373.011285206305,2555.0
12973.011285206305,2555.0
12973.011285206305,2667.0
26192.55255656317,2667.0
26192.55255656317,2555.0
28278.672679234296,2555.0
28278.672679234296,2429.0
31203.175359754827,2429.0
31203.175359754827,2555.0
61800.55699220394,2555.0
61800.55699220394,2429.0
86400.0,2429.0
# temp #404
0.0,2234.0
14278.526582708586,2234.0
14278.526582708586,2883.0
15741.99929335155,2883.0
15741.99929335155,2667.0
17711.55564298388,2667.0
17711.55564298388,2883.0
23674.258788744923,2883.0
23674.258788744923,2429.0
47685.01924504527,2429.0
47685.01924504527,2234.0
82336.44186244348,2234.0
82336.44186244348,2429.0
86400.000002,2429.0
# temp #405
0.0,2234.0
3815.0988277047877,2234.0
3815.0988277047877,2555.0
16393.175396556035,2555.0
16393.175396556035,2429.0
59748.34961690941,2429.0
59748.34961690941,2234.0
60348.34961690941,2234.0
60348.34961690941,2429.0
78648.3496169094,2429.0
78648.3496169094,2555.0
80148.3496169094,2555.0
80148.3496169094,2429.0
86400.0,2429.0
# temp #406
0.0,2234.0
2374.9769269488756,2234.0
2374.9769269488756,2429.0
34474.976926948875,2429.0
34474.976926948875,2555.0
34774.976926948875,2555.0
34774.976926948875,2667.0
58168.9517356921,2667.0
58168.9517356921,2234.0
68838.65094319917,2234.0
68838.65094319917,2667.0
75695.68429333158,2667.0
75695.68429333158,2555.0
86400.000002,2555.0
# temp #407
0.0,2234.0
12604.702668171378,2234.0
12604.702668171378,2017.0
22615.538386255506,2017.0
22615.538386255506,2234.0
53794.510871451355,2234.0
53794.510871451355,2017.0
60553.09275886976,2017.0
60553.09275886976,2234.0
71288.84464739823,2234.0
71288.84464739823,2017.0
86400.000002,2017.0
# temp #408
0.0,2234.0
41594.14787229617,2234.0
41594.14787229617,2555.0
69417.784081609,2555.0
69417.784081609,2429.0
86400.0,2429.0
# temp #409
0.0,2234.0
63153.74934556895,2234.0
63153.74934556895,2555.0
83221.24887742104,2555.0
83221.24887742104,2429.0
83525.01414616128,2429.0
83525.01414616128,2555.0
86400.000002,2555.0
# temp #410
0.0,2234.0
5177.019014535473,2234.0
5177.019014535473,2667.0
7143.5395712731415,2667.0
7143.5395712731415,2555.0
8424.934242269957,2555.0
8424.934242269957,2667.0
46297.281878557995,2667.0
46297.281878557995,2555.0
46597.281878557995,2555.0
46597.281878557995,2667.0
47348.05548582227,2667.0
47348.05548582227,2555.0
47948.05548582227,2555.0
47948.05548582227,2667.0
76763.91870619265,2667.0
76763.91870619265,2234.0
86400.0,2234.0
# temp #411
0.0,2234.0
4165.628375974485,2234.0
4165.628375974485,2667.0
27319.66061610729,2667.0
27319.66061610729,2555.0
28329.33034859598,2555.0
28329.33034859598,2667.0
44355.4077875102,2667.0
44355.4077875102,2555.0
44955.4077875102,2555.0
44955.4077875102,2667.0
65346.027809497915,2667.0
65346.027809497915,2555.0
66004.54899680337,2555.0
66004.54899680337,2429.0
86400.000002,2429.0
# temp #412
0.0,2234.0
6462.224837718532,2234.0
6462.224837718532,2667.0
7385.268250387163,2667.0
7385.268250387163,2555.0
8050.495033711196,2555.0
8050.495033711196,2429.0
20813.310507196005,2429.0
20813.310507196005,2234.0
31922.596379905015,2234.0
31922.596379905015,2667.0
33432.55527564325,2667.0
33432.55527564325,2555.0
49554.76484508254,2555.0
49554.76484508254,2667.0
60325.74994806202,2667.0
60325.74994806202,2555.0
64429.392678709715,2555.0
64429.392678709715,2429.0
86400.0,2429.0
# temp #413
0.0,2234.0
67719.15505912622,2234.0
67719.15505912622,2555.0
72576.9307987299,2555.0
72576.9307987299,2667.0
78876.9307987299,2667.0
78876.9307987299,2555.0
80076.9307987299,2555.0
80076.9307987299,2429.0
86400.000002,2429.0
# temp #414
0.0,2234.0
33455.36396917888,2234.0
33455.36396917888,2555.0
39888.65103553981,2555.0
39888.65103553981,2429.0
77812.86983471365,2429.0
77812.86983471365,2234.0
83603.70989539662,2234.0
83603.70989539662,2429.0
86400.0,2429.0
# temp #415
0.0,2234.0
8456.868614698762,2234.0
8456.868614698762,2667.0
38266.99924247806,2667.0
38266.99924247806,2555.0
39407.84637399484,2555.0
39407.84637399484,2667.0
56420.98895141391,2667.0
56420.98895141391,2555.0
57020.98895141391,2555.0
57020.98895141391,2667.0
76007.60141958018,2667.0
76007.60141958018,2555.0
77478.03244788667,2555.0
77478.03244788667,2429.0
86400.0,2429.0
# temp #416
0.0,2234.0
37167.894756048925,2234.0
37167.894756048925,2017.0
60235.232466878384,2017.0
60235.232466878384,2234.0
71355.20073431545,2234.0
71355.20073431545,2017.0
86400.0,2017.0
# temp #417
0.0,2234.0
40795.21948266775,2234.0
40795.21948266775,2429.0
41395.21948266775,2429.0
41395.21948266775,2555.0
45719.6929531172,2555.0
45719.6929531172,2429.0
56877.02390158085,2429.0
56877.02390158085,2234.0
82037.39887517878,2234.0
82037.39887517878,2429.0
86400.0,2429.0
# temp #418
0.0,2234.0
8133.689798461275,2234.0
8133.689798461275,2667.0
22205.766795272943,2667.0
22205.766795272943,2555.0
23559.867475437935,2555.0
23559.867475437935,2667.0
29585.252094059255,2667.0
29585.252094059255,2555.0
30185.252094059255,2555.0
30185.252094059255,2667.0
49220.745941880166,2667.0
49220.745941880166,2555.0
52081.61935682875,2555.0
52081.61935682875,2429.0
77402.56821254735,2429.0
77402.56821254735,2555.0
83333.68880257478,2555.0
83333.68880257478,2667.0
86400.0,2667.0
# temp #419
0.0,2234.0
25802.463540248576,2234.0
25802.463540248576,2555.0
58319.35035679491,2555.0
58319.35035679491,2429.0
58845.78984410038,2429.0
58845.78984410038,2555.0
67421.08216616327,2555.0
67421.08216616327,2429.0
67726.61490768661,2429.0
67726.61490768661,2234.0
75351.06804147364,2234.0
75351.06804147364,2429.0
86400.000002,2429.0
# temp #420
0.0,2234.0
11294.824373745361,2234.0
11294.824373745361,2555.0
33440.39545257111,2555.0
33440.39545257111,2429.0
33988.990773819394,2429.0
33988.990773819394,2555.0
41009.75716402755,2555.0
41009.75716402755,2429.0
42088.165779900744,2429.0
42088.165779900744,2234.0
44382.70315455739,2234.0
44382.70315455739,2667.0
60915.33808680252,2667.0
60915.33808680252,2234.0
86400.0,2234.0
# temp #421
0.0,2234.0
70868.4523558477,2234.0
70868.4523558477,2555.0
85094.8096764274,2555.0
85094.8096764274,2234.0
86400.000002,2234.0
# temp #422
0.0,2234.0
35185.26576405857,2234.0
35185.26576405857,2883.0
37585.26576405857,2883.0
37585.26576405857,2667.0
48602.19177030958,2667.0
48602.19177030958,2555.0
57459.21227855142,2555.0
57459.21227855142,2429.0
61608.60791627783,2429.0
61608.60791627783,2234.0
70063.14813368954,2234.0
70063.14813368954,2429.0
86400.000002,2429.0
# temp #423
0.0,2234.0
28533.84187133052,2234.0
28533.84187133052,2555.0
30116.23653697316,2555.0
30116.23653697316,2667.0
30588.230570009913,2667.0
30588.230570009913,2555.0
36588.23057000991,2555.0
36588.23057000991,2429.0
38988.23057000991,2429.0
38988.23057000991,2234.0
42588.23057000991,2234.0
42588.23057000991,2429.0
43788.23057000991,2429.0
43788.23057000991,2234.0
49488.23057000991,2234.0
49488.23057000991,2429.0
67249.89160008263,2429.0
67249.89160008263,2883.0
72955.6918807095,2883.0
72955.6918807095,2667.0
83152.30507759844,2667.0
83152.30507759844,2234.0
86400.0,2234.0
# temp #424
0.0,2234.0
49871.980536729105,2234.0
49871.980536729105,2555.0
61305.48594938592,2555.0
61305.48594938592,2429.0
76326.73835987227,2429.0
76326.73835987227,2883.0
80970.81913235599,2883.0
80970.81913235599,2429.0
86400.0,2429.0
# temp #425
0.0,2234.0
31382.24145448767,2234.0
31382.24145448767,2429.0
31888.74858738855,2429.0
31888.74858738855,2234.0
32651.57057633624,2234.0
32651.57057633624,2429.0
35868.91108928249,2429.0
35868.91108928249,2234.0
44443.483175360605,2234.0
44443.483175360605,2429.0
45023.36728451774,2429.0
45023.36728451774,2234.0
47901.39095310588,2234.0
47901.39095310588,2429.0
78495.90125705583,2429.0
78495.90125705583,2555.0
86400.000002,2555.0
# temp #426
0.0,2234.0
19844.551680050794,2234.0
19844.551680050794,2555.0
23514.921957487244,2555.0
23514.921957487244,2429.0
28741.096862638376,2429.0
28741.096862638376,2234.0
36227.859298652045,2234.0
36227.859298652045,2429.0
44688.28508444131,2429.0
44688.28508444131,2234.0
64096.100159827634,2234.0
64096.100159827634,2667.0
84585.07174977569,2667.0
84585.07174977569,2234.0
86400.000002,2234.0
# temp #427
0.0,2234.0
2751.4422576176003,2234.0
2751.4422576176003,2883.0
4140.631611831486,2883.0
4140.631611831486,2667.0
9920.78201493714,2667.0
9920.78201493714,2883.0
25576.80948127527,2883.0
25576.80948127527,2429.0
58664.189858827755,2429.0
58664.189858827755,2555.0
72204.9737465568,2555.0
72204.9737465568,2667.0
86400.000002,2667.0
# temp #428
0.0,2234.0
84608.72206909118,2234.0
84608.72206909118,2555.0
86400.000002,2555.0
# temp #429
0.0,2234.0
11891.133839171382,2234.0
11891.133839171382,2555.0
19852.477684244517,2555.0
19852.477684244517,2429.0
66375.87410844864,2429.0
66375.87410844864,2234.0
66675.87410844864,2234.0
66675.87410844864,2017.0
70033.71516123881,2017.0
70033.71516123881,2234.0
85472.62207895984,2234.0
85472.62207895984,2429.0
86400.000002,2429.0
# temp #430
0.0,2234.0
6999.383705598304,2234.0
6999.383705598304,2667.0
11370.89255678002,2667.0
11370.89255678002,2555.0
12271.858586487362,2555.0
12271.858586487362,2667.0
27099.419874278836,2667.0
27099.419874278836,2555.0
27399.419874278836,2555.0
27399.419874278836,2667.0
28145.10448852089,2667.0
28145.10448852089,2555.0
28745.10448852089,2555.0
28745.10448852089,2667.0
38037.158099468805,2667.0
38037.158099468805,2555.0
51408.43787072227,2555.0
51408.43787072227,2667.0
58344.31647767779,2667.0
58344.31647767779,2234.0
86400.0,2234.0
# temp #431
0.0,2234.0
6763.638069690207,2234.0
6763.638069690207,2667.0
37882.68852776383,2667.0
37882.68852776383,2555.0
39320.347224385485,2555.0
39320.347224385485,2667.0
76547.6924679475,2667.0
76547.6924679475,2555.0
77147.6924679475,2555.0
77147.6924679475,2667.0
86400.000002,2667.0
# temp #432
0.0,2234.0
4794.822864769958,2234.0
4794.822864769958,2883.0
15894.822864769958,2883.0
15894.822864769958,2555.0
29455.584128270857,2555.0
29455.584128270857,2667.0
48693.8837989932,2667.0
48693.8837989932,2555.0
61313.60512236134,2555.0
61313.60512236134,2429.0
86400.0,2429.0
# temp #433
0.0,2234.0
16172.598448977807,2234.0
16172.598448977807,2429.0
16645.666166162122,2429.0
16645.666166162122,2234.0
17370.133020915095,2234.0
17370.133020915095,2429.0
19697.58566175588,2429.0
19697.58566175588,2234.0
25377.174338651825,2234.0
25377.174338651825,2429.0
25818.11056151055,2429.0
25818.11056151055,2555.0
26431.93685053848,2555.0
26431.93685053848,2429.0
82531.93685053848,2429.0
82531.93685053848,2555.0
82831.93685053848,2555.0
82831.93685053848,2667.0
84331.93685053848,2667.0
84331.93685053848,2883.0
85831.93685053848,2883.0
85831.93685053848,2667.0
86400.0,2667.0
# temp #434
0.0,2234.0
82655.39445283359,2234.0
82655.39445283359,2555.0
86400.000002,2555.0
# temp #435
0.0,2234.0
28973.348997370344,2234.0
28973.348997370344,2429.0
29552.135452441875,2429.0
29552.135452441875,2234.0
30400.75897648931,2234.0
30400.75897648931,2429.0
32238.307906407867,2429.0
32238.307906407867,2234.0
50865.92421575916,2234.0
50865.92421575916,2429.0
51554.07596714795,2429.0
51554.07596714795,2234.0
63907.30490921997,2234.0
63907.30490921997,2429.0
86400.000002,2429.0
# temp #436
0.0,2234.0
51327.602007938556,2234.0
51327.602007938556,2429.0
83427.60200793855,2429.0
83427.60200793855,2555.0
83727.60200793855,2555.0
83727.60200793855,2667.0
86400.000002,2667.0
# temp #437
0.0,2234.0
4244.738638121635,2234.0
4244.738638121635,2555.0
12963.35624358617,2555.0
12963.35624358617,2429.0
36249.543452030055,2429.0
36249.543452030055,2234.0
43178.08752749116,2234.0
43178.08752749116,2429.0
62138.831626181505,2429.0
62138.831626181505,2234.0
69375.10603945704,2234.0
69375.10603945704,2555.0
70575.10603945704,2555.0
70575.10603945704,2883.0
82519.17133228855,2883.0
82519.17133228855,2429.0
86400.000002,2429.0
# temp #438
0.0,2234.0
19125.29229959473,2234.0
19125.29229959473,2555.0
39234.68797181267,2555.0
39234.68797181267,2429.0
76197.40955207964,2429.0
76197.40955207964,2555.0
86400.000002,2555.0
# temp #439
0.0,2234.0
55411.95235708729,2234.0
55411.95235708729,2429.0
86400.0,2429.0
# temp #440
0.0,2234.0
74188.62910978496,2234.0
74188.62910978496,2555.0
79482.12571302429,2555.0
79482.12571302429,2234.0
81907.70019250922,2234.0
81907.70019250922,2429.0
86400.000002,2429.0
# temp #441
0.0,2234.0
18000.00928323716,2234.0
18000.00928323716,2555.0
43100.16197995283,2555.0
43100.16197995283,2429.0
69203.89779580291,2429.0
69203.89779580291,2555.0
84672.80251819176,2555.0
84672.80251819176,2429.0
86400.0,2429.0
# temp #442
0.0,2234.0
18714.609667472545,2234.0
18714.609667472545,2017.0
64416.412764228895,2017.0
64416.412764228895,2234.0
86400.000002,2234.0
# temp #443
0.0,2234.0
59976.97307083291,2234.0
59976.97307083291,2555.0
74163.47905669828,2555.0
74163.47905669828,2429.0
74686.42085390167,2429.0
74686.42085390167,2555.0
86400.000002,2555.0
# temp #444
0.0,2234.0
7818.678124481814,2234.0
7818.678124481814,2667.0
56293.88010730036,2667.0
56293.88010730036,2555.0
57015.82042998635,2555.0
57015.82042998635,2667.0
57879.51837375295,2667.0
57879.51837375295,2555.0
60879.51837375295,2555.0
60879.51837375295,2667.0
86400.0,2667.0
# temp #445
0.0,2234.0
52942.783418367624,2234.0
52942.783418367624,2429.0
53505.32323254739,2429.0
53505.32323254739,2555.0
54003.70924940799,2555.0
54003.70924940799,2429.0
63992.76961202268,2429.0
63992.76961202268,2555.0
67385.94479870518,2555.0
67385.94479870518,2667.0
86400.000002,2667.0
# temp #446
0.0,2234.0
3488.375482591801,2234.0
3488.375482591801,2667.0
23705.425229924735,2667.0
23705.425229924735,2555.0
25132.700246642347,2555.0
25132.700246642347,2667.0
56197.06269954333,2667.0
56197.06269954333,2555.0
56497.06269954333,2555.0
56497.06269954333,2667.0
57280.10491440074,2667.0
57280.10491440074,2555.0
57880.10491440074,2555.0
57880.10491440074,2667.0
70284.55161591993,2667.0
70284.55161591993,2234.0
86400.0,2234.0
# temp #447
0.0,2234.0
869.1377016948536,2234.0
869.1377016948536,2667.0
37577.6023227023,2667.0
37577.6023227023,2555.0
38741.10307639931,2555.0
38741.10307639931,2667.0
57397.92613573374,2667.0
57397.92613573374,2555.0
57697.92613573374,2555.0
57697.92613573374,2667.0
57997.92613573374,2667.0
57997.92613573374,2555.0
61297.92613573374,2555.0
61297.92613573374,2667.0
86400.000002,2667.0
# temp #448
0.0,2234.0
8589.975278056228,2234.0
8589.975278056228,2667.0
49955.802615685396,2667.0
49955.802615685396,2555.0
51179.825423145674,2555.0
51179.825423145674,2667.0
53912.482756306425,2667.0
53912.482756306425,2555.0
54212.482756306425,2555.0
54212.482756306425,2667.0
55030.82165820525,2667.0
55030.82165820525,2555.0
55630.82165820525,2555.0
55630.82165820525,2667.0
80445.55792445318,2667.0
80445.55792445318,2883.0
86400.0,2883.0
# temp #449
0.0,2234.0
12015.471256314779,2234.0
12015.471256314779,2429.0
12328.432564297693,2429.0
12328.432564297693,2555.0
14773.60911355354,2555.0
14773.60911355354,2429.0
24105.43001540937,2429.0
24105.43001540937,2555.0
59761.99882628863,2555.0
59761.99882628863,2429.0
61071.39431498946,2429.0
61071.39431498946,2234.0
64015.295645780876,2234.0
64015.295645780876,2667.0
70857.51333448572,2667.0
70857.51333448572,2234.0
86400.000002,2234.0
# temp #450
0.0,2234.0
13050.872329459527,2234.0
13050.872329459527,2883.0
14078.674461599441,2883.0
14078.674461599441,2667.0
19067.919915402308,2667.0
19067.919915402308,2883.0
33275.463613634936,2883.0
33275.463613634936,2429.0
70370.31794919168,2429.0
70370.31794919168,2555.0
83107.37427987625,2555.0
83107.37427987625,2667.0
86400.000002,2667.0
# temp #451
0.0,2234.0
54041.67105336674,2234.0
54041.67105336674,2555.0
55025.52152315621,2555.0
55025.52152315621,2667.0
55326.79150085897,2667.0
55326.79150085897,2555.0
55626.79150085897,2555.0
55626.79150085897,2667.0
59226.79150085897,2667.0
59226.79150085897,2555.0
60726.79150085897,2555.0
60726.79150085897,2429.0
81110.48219455408,2429.0
81110.48219455408,2234.0
86400.000002,2234.0
# temp #452
0.0,2234.0
9455.864636180924,2234.0
9455.864636180924,2883.0
20555.864636180922,2883.0
20555.864636180922,2555.0
53934.884522063665,2555.0
53934.884522063665,2429.0
61142.43606145029,2429.0
61142.43606145029,2555.0
86400.0,2555.0
# temp #453
0.0,2234.0
6575.132319750265,2234.0
6575.132319750265,2667.0
34234.22620722558,2667.0
34234.22620722558,2555.0
35511.137824575424,2555.0
35511.137824575424,2429.0
40618.62229930703,2429.0
40618.62229930703,2555.0
46732.92851645966,2555.0
46732.92851645966,2429.0
59956.71895437409,2429.0
59956.71895437409,2883.0
85887.46943185107,2883.0
85887.46943185107,2429.0
86400.0,2429.0
# temp #454
0.0,2234.0
23104.318233369853,2234.0
23104.318233369853,2429.0
23554.811462759975,2429.0
23554.811462759975,2555.0
27320.02737410367,2555.0
27320.02737410367,2429.0
49559.46673694999,2429.0
49559.46673694999,2234.0
58595.69308902138,2234.0
58595.69308902138,2429.0
70018.01367695445,2429.0
70018.01367695445,2883.0
86400.0,2883.0
# temp #455
0.0,2234.0
63691.061672684744,2234.0
63691.061672684744,2883.0
66091.06167268474,2883.0
66091.06167268474,2667.0
81275.17537409441,2667.0
81275.17537409441,2555.0
86400.0,2555.0
# temp #456
0.0,2234.0
52228.279529116124,2234.0
52228.279529116124,2555.0
59864.33429194149,2555.0
59864.33429194149,2429.0
79591.6420914,2429.0
79591.6420914,2234.0
80191.6420914,2234.0
80191.6420914,2429.0
86400.0,2429.0
# temp #457
0.0,2234.0
5067.388581717388,2234.0
5067.388581717388,2667.0
31175.406879256483,2667.0
31175.406879256483,2555.0
32620.13227657881,2555.0
32620.13227657881,2667.0
60993.2080674218,2667.0
60993.2080674218,2555.0
61593.2080674218,2555.0
61593.2080674218,2667.0
76041.068231198,2667.0
76041.068231198,2555.0
77755.44569331688,2555.0
77755.44569331688,2429.0
86400.0,2429.0
# temp #458
0.0,2234.0
39641.35914430954,2234.0
39641.35914430954,2017.0
73445.57218383999,2017.0
73445.57218383999,2234.0
86400.000002,2234.0
# temp #459
0.0,2234.0
10532.155855419116,2234.0
10532.155855419116,2429.0
10994.72370981239,2429.0
10994.72370981239,2555.0
15571.812603017319,2555.0
15571.812603017319,2429.0
33188.84254675359,2429.0
33188.84254675359,2234.0
67494.83922212386,2234.0
67494.83922212386,2429.0
81897.97879604159,2429.0
81897.97879604159,2234.0
81972.75426364505,2234.0
81972.75426364505,2429.0
86400.0,2429.0
# temp #460
0.0,2234.0
12656.759369093927,2234.0
12656.759369093927,2555.0
16129.838006501088,2555.0
16129.838006501088,2667.0
16609.899023780603,2667.0
16609.899023780603,2555.0
16909.899023780603,2555.0
16909.899023780603,2667.0
20509.899023780603,2667.0
20509.899023780603,2555.0
22009.899023780603,2555.0
22009.899023780603,2429.0
24866.415345948193,2429.0
24866.415345948193,2234.0
28174.514640262354,2234.0
28174.514640262354,2429.0
34373.53636671323,2429.0
34373.53636671323,2555.0
44264.07781548333,2555.0
44264.07781548333,2429.0
72787.87701262627,2429.0
72787.87701262627,2234.0
86400.0,2234.0
# temp #461
0.0,2234.0
2924.3278140435,2234.0
2924.3278140435,2667.0
28357.66271024477,2667.0
28357.66271024477,2555.0
29800.26498937514,2555.0
29800.26498937514,2667.0
59656.827931478634,2667.0
59656.827931478634,2555.0
59956.827931478634,2555.0
59956.827931478634,2429.0
81401.55831088779,2429.0
81401.55831088779,2555.0
86400.000002,2555.0
# temp #462
0.0,2234.0
4918.682158458979,2234.0
4918.682158458979,2017.0
11995.594217162581,2017.0
11995.594217162581,2234.0
13738.604761753233,2234.0
13738.604761753233,2017.0
40210.87141502649,2017.0
40210.87141502649,2234.0
76612.16603089125,2234.0
76612.16603089125,2017.0
86400.000002,2017.0
# temp #463
0.0,2234.0
5671.928490232677,2234.0
5671.928490232677,2429.0
6118.65399205126,2429.0
6118.65399205126,2555.0
10697.0957568381,2555.0
10697.0957568381,2429.0
39375.662576593466,2429.0
39375.662576593466,2234.0
43216.8532264419,2234.0
43216.8532264419,2667.0
47081.35925384705,2667.0
47081.35925384705,2234.0
68947.14330977296,2234.0
68947.14330977296,2429.0
82428.7365168566,2429.0
82428.7365168566,2883.0
86400.0,2883.0
# temp #464
0.0,2234.0
14491.270343726505,2234.0
14491.270343726505,2883.0
16258.826085389595,2883.0
16258.826085389595,2667.0
28081.389410630807,2667.0
28081.389410630807,2883.0
42955.80076219049,2883.0
42955.80076219049,2429.0
86400.000002,2429.0
# temp #465
0.0,2234.0
46837.485386291526,2234.0
46837.485386291526,2555.0
51567.16919057072,2555.0
51567.16919057072,2667.0
51901.91788212397,2667.0
51901.91788212397,2555.0
57901.91788212397,2555.0
57901.91788212397,2429.0
60301.91788212397,2429.0
60301.91788212397,2234.0
63901.91788212397,2234.0
63901.91788212397,2429.0
65101.91788212397,2429.0
65101.91788212397,2234.0
70801.91788212398,2234.0
70801.91788212398,2429.0
86400.0,2429.0
# temp #466
0.0,2234.0
7968.69064453058,2234.0
7968.69064453058,2555.0
12073.262912174687,2555.0
12073.262912174687,2667.0
21973.262912174687,2667.0
21973.262912174687,2555.0
26702.153656398878,2555.0
26702.153656398878,2429.0
63028.943489561796,2429.0
63028.943489561796,2555.0
71319.98635183556,2555.0
71319.98635183556,2667.0
86400.0,2667.0
# temp #467
0.0,2234.0
6752.180476044306,2234.0
6752.180476044306,2883.0
7622.656943066978,2883.0
7622.656943066978,2667.0
15026.208983128892,2667.0
15026.208983128892,2883.0
15355.571913393216,2883.0
15355.571913393216,2429.0
48358.397678774796,2429.0
48358.397678774796,2555.0
50091.92300741562,2555.0
50091.92300741562,2429.0
63986.8248795625,2429.0
63986.8248795625,2555.0
78182.18523622492,2555.0
78182.18523622492,2667.0
86400.000002,2667.0
# temp #468
0.0,2234.0
15843.226378387775,2234.0
15843.226378387775,2883.0
17261.424845340665,2883.0
17261.424845340665,2667.0
20204.002491524447,2667.0
20204.002491524447,2883.0
26338.105092616755,2883.0
26338.105092616755,2667.0
31226.932130637586,2667.0
31226.932130637586,2234.0
34285.5162190972,2234.0
34285.5162190972,2667.0
71016.97804229335,2667.0
71016.97804229335,2555.0
80270.43703319506,2555.0
80270.43703319506,2667.0
82447.5002245512,2667.0
82447.5002245512,2555.0
86105.01565996093,2555.0
86105.01565996093,2429.0
86400.0,2429.0
# temp #469
0.0,2234.0
33130.29566067272,2234.0
33130.29566067272,2429.0
33511.952305748135,2429.0
33511.952305748135,2555.0
37019.67920602766,2555.0
37019.67920602766,2429.0
58520.85421804806,2429.0
58520.85421804806,2234.0
71212.78314425146,2234.0
71212.78314425146,2667.0
82054.23904205674,2667.0
82054.23904205674,2234.0
86400.000002,2234.0
# temp #470
0.0,2234.0
4294.396057887935,2234.0
4294.396057887935,2667.0
4872.834857739509,2667.0
4872.834857739509,2555.0
5752.874017227442,2555.0
5752.874017227442,2667.0
37270.91638874263,2667.0
37270.91638874263,2555.0
37870.91638874263,2555.0
37870.91638874263,2667.0
59319.96933482589,2667.0
59319.96933482589,2555.0
64169.5880547166,2555.0
64169.5880547166,2429.0
86400.000002,2429.0
# temp #471
0.0,2234.0
35299.118795036346,2234.0
35299.118795036346,2429.0
35644.24160106574,2429.0
35644.24160106574,2555.0
40637.573319138035,2555.0
40637.573319138035,2429.0
60538.91284447165,2429.0
60538.91284447165,2234.0
69634.0095754713,2234.0
69634.0095754713,2555.0
70834.0095754713,2555.0
70834.0095754713,2883.0
86400.0,2883.0
# temp #472
0.0,2234.0
33963.21344822646,2234.0
33963.21344822646,2017.0
44730.00103910454,2017.0
44730.00103910454,2234.0
83695.10238175282,2234.0
83695.10238175282,2017.0
86400.0,2017.0
# temp #473
0.0,2234.0
6028.840872645379,2234.0
6028.840872645379,2883.0
6521.944985864685,2883.0
6521.944985864685,2667.0
18771.582104125995,2667.0
18771.582104125995,2883.0
52447.7158223279,2883.0
52447.7158223279,2429.0
75364.39232658596,2429.0
75364.39232658596,2883.0
81070.6689734012,2883.0
81070.6689734012,2667.0
86400.0,2667.0
# temp #474
0.0,2234.0
34299.8643334955,2234.0
34299.8643334955,2429.0
34899.8643334955,2429.0
34899.8643334955,2555.0
37800.50282478333,2555.0
37800.50282478333,2429.0
75414.82581237798,2429.0
75414.82581237798,2555.0
86400.000002,2555.0
# temp #475
0.0,2234.0
40020.52607245278,2234.0
40020.52607245278,2555.0
61901.235110987924,2555.0
61901.235110987924,2429.0
62305.83941973747,2429.0
62305.83941973747,2555.0
85684.22909500079,2555.0
85684.22909500079,2429.0
86400.0,2429.0
# temp #476
0.0,2234.0
3787.575500481763,2234.0
3787.575500481763,2667.0
29728.4688341897,2667.0
29728.4688341897,2555.0
30274.55857372843,2555.0
30274.55857372843,2667.0
58457.93932727539,2667.0
58457.93932727539,2555.0
59057.93932727539,2555.0
59057.93932727539,2667.0
73581.91852932796,2667.0
73581.91852932796,2555.0
77465.31270174311,2555.0
77465.31270174311,2429.0
86400.0,2429.0
# temp #477
0.0,2234.0
25132.922513200905,2234.0
25132.922513200905,2555.0
27005.225647031333,2555.0
27005.225647031333,2667.0
27477.118096849885,2667.0
27477.118096849885,2555.0
33477.11809684988,2555.0
33477.11809684988,2429.0
35877.11809684988,2429.0
35877.11809684988,2234.0
39477.11809684988,2234.0
39477.11809684988,2429.0
40677.11809684988,2429.0
40677.11809684988,2234.0
46377.11809684988,2234.0
46377.11809684988,2429.0
68590.11521812063,2429.0
68590.11521812063,2883.0
86400.000002,2883.0
# temp #478
0.0,2234.0
1209.9026834825054,2234.0
1209.9026834825054,2667.0
9491.64008104708,2667.0
9491.64008104708,2555.0
10100.15231051948,2555.0
10100.15231051948,2667.0
31146.71597736888,2667.0
31146.71597736888,2555.0
31446.71597736888,2555.0
31446.71597736888,2429.0
36030.03153714818,2429.0
36030.03153714818,2555.0
55652.29819889647,2555.0
55652.29819889647,2667.0
73125.81168136095,2667.0
73125.81168136095,2555.0
86400.000002,2555.0
# temp #479
0.0,2234.0
7395.703777950258,2234.0
7395.703777950258,2017.0
37722.5212790072,2017.0
37722.5212790072,2234.0
71091.07021847741,2234.0
71091.07021847741,2017.0
86400.000002,2017.0
# temp #480
0.0,2234.0
19087.72171873134,2234.0
19087.72171873134,2555.0
46049.09796521534,2555.0
46049.09796521534,2429.0
69433.05520147552,2429.0
69433.05520147552,2234.0
74564.81450472494,2234.0
74564.81450472494,2429.0
86400.000002,2429.0
# temp #481
0.0,2234.0
61549.0298325196,2234.0
61549.0298325196,2555.0
86400.0,2555.0
# temp #482
0.0,2234.0
4023.810993041844,2234.0
4023.810993041844,2667.0
8042.552637797782,2667.0
8042.552637797782,2555.0
9105.741379992107,2555.0
9105.741379992107,2667.0
37677.36873810645,2667.0
37677.36873810645,2555.0
37977.36873810645,2555.0
37977.36873810645,2667.0
38629.20890743844,2667.0
38629.20890743844,2555.0
39229.20890743844,2555.0
39229.20890743844,2667.0
52738.122320221744,2667.0
52738.122320221744,2555.0
58216.425687493764,2555.0
58216.425687493764,2667.0
60713.33170097788,2667.0
60713.33170097788,2234.0
86400.0,2234.0
# temp #483
0.0,2234.0
16396.807035757232,2234.0
16396.807035757232,2555.0
16998.922314075757,2555.0
16998.922314075757,2429.0
23593.487224308778,2429.0
23593.487224308778,2234.0
34363.69913863019,2234.0
34363.69913863019,2429.0
44102.678131428554,2429.0
44102.678131428554,2234.0
64489.73308810966,2234.0
64489.73308810966,2429.0
86400.0,2429.0
# temp #484
0.0,2234.0
7302.641948685052,2234.0
7302.641948685052,2667.0
51944.88332457841,2667.0
51944.88332457841,2555.0
52741.84237159789,2555.0
52741.84237159789,2667.0
65355.96560211853,2667.0
65355.96560211853,2555.0
65655.96560211854,2555.0
65655.96560211854,2667.0
65955.96560211854,2667.0
65955.96560211854,2555.0
69255.96560211854,2555.0
69255.96560211854,2667.0
86400.000002,2667.0
# temp #485
0.0,2234.0
7314.414848014714,2234.0
7314.414848014714,2667.0
31974.275670200594,2667.0
31974.275670200594,2555.0
33463.734117988504,2555.0
33463.734117988504,2667.0
71471.99161886239,2667.0
71471.99161886239,2555.0
74471.99161886239,2555.0
74471.99161886239,2667.0
86400.000002,2667.0
# temp #486
0.0,2234.0
17773.216560808945,2234.0
17773.216560808945,2017.0
50824.4459040463,2017.0
50824.4459040463,2234.0
63647.204057872295,2234.0
63647.204057872295,2017.0
86400.000002,2017.0
# temp #487
0.0,2234.0
76397.98416635023,2234.0
76397.98416635023,2883.0
78797.98416635023,2883.0
78797.98416635023,2667.0
86400.000002,2667.0
# temp #488
0.0,2234.0
7294.675942556934,2234.0
7294.675942556934,2667.0
53915.17445852515,2667.0
53915.17445852515,2555.0
55246.7562125763,2555.0
55246.7562125763,2667.0
82868.43943395653,2667.0
82868.43943395653,2555.0
83168.43943395653,2555.0
83168.43943395653,2667.0
84063.44264934307,2667.0
84063.44264934307,2555.0
84663.44264934307,2555.0
84663.44264934307,2667.0
86400.000002,2667.0
# temp #489
0.0,2234.0
7502.577045955697,2234.0
7502.577045955697,2667.0
9722.05575630069,2667.0
9722.05575630069,2555.0
10512.567207030954,2555.0
10512.567207030954,2429.0
15988.971770019274,2429.0
15988.971770019274,2555.0
25905.35530589987,2555.0
25905.35530589987,2667.0
33384.53330390622,2667.0
33384.53330390622,2234.0
38438.92108232249,2234.0
38438.92108232249,2667.0
64438.446643506184,2667.0
64438.446643506184,2555.0
79225.05134521054,2555.0
79225.05134521054,2429.0
86400.000002,2429.0
# temp #490
0.0,2234.0
26710.951292887334,2234.0
26710.951292887334,2017.0
51147.734636859976,2017.0
51147.734636859976,2234.0
86400.000002,2234.0
# temp #491
0.0,2234.0
23342.501053959135,2234.0
23342.501053959135,2017.0
45660.234324960045,2017.0
45660.234324960045,2234.0
65811.36738848874,2234.0
65811.36738848874,2017.0
84330.99464080298,2017.0
84330.99464080298,2234.0
86400.000002,2234.0
# temp #492
0.0,2234.0
19203.37703693658,2234.0
19203.37703693658,2429.0
19803.37703693658,2429.0
19803.37703693658,2555.0
22311.694035865366,2555.0
22311.694035865366,2429.0
31797.98698865343,2429.0
31797.98698865343,2555.0
34926.563489972614,2555.0
34926.563489972614,2429.0
52662.70971482155,2429.0
52662.70971482155,2555.0
57316.10518132803,2555.0
57316.10518132803,2667.0
75353.43511321118,2667.0
75353.43511321118,2555.0
86400.0,2555.0
# temp #493
0.0,2234.0
26337.820924026895,2234.0
26337.820924026895,2555.0
28803.760286257606,2555.0
28803.760286257606,2667.0
29304.52244295739,2667.0
29304.52244295739,2555.0
29604.52244295739,2555.0
29604.52244295739,2667.0
33204.522442957394,2667.0
33204.522442957394,2555.0
34704.522442957394,2555.0
34704.522442957394,2429.0
37089.72578770482,2429.0
37089.72578770482,2234.0
53595.135620702065,2234.0
53595.135620702065,2429.0
66737.4856544193,2429.0
66737.4856544193,2555.0
84000.94624876512,2555.0
84000.94624876512,2429.0
86400.0,2429.0
# temp #494
0.0,2234.0
2331.7359416512772,2234.0
2331.7359416512772,2883.0
3763.215266657062,2883.0
3763.215266657062,2667.0
15714.647720893847,2667.0
15714.647720893847,2883.0
33042.439152533196,2883.0
33042.439152533196,2667.0
64143.083006981775,2667.0
64143.083006981775,2555.0
71036.94881626872,2555.0
71036.94881626872,2429.0
86400.0,2429.0
# temp #495
0.0,2234.0
15941.152691468598,2234.0
15941.152691468598,2017.0
26837.24439335056,2017.0
26837.24439335056,2234.0
44819.522326206796,2234.0
44819.522326206796,2017.0
78103.86932389812,2017.0
78103.86932389812,2234.0
86400.000002,2234.0
# temp #496
0.0,2234.0
50140.71887154132,2234.0
50140.71887154132,2883.0
52540.71887154132,2883.0
52540.71887154132,2667.0
79093.2376959594,2667.0
79093.2376959594,2234.0
86400.000002,2234.0
# temp #497
0.0,2234.0
3158.6184676503767,2234.0
3158.6184676503767,2667.0
51993.64969041199,2667.0
51993.64969041199,2555.0
53395.28175713495,2555.0
53395.28175713495,2667.0
69557.47817312369,2667.0
69557.47817312369,2555.0
70157.47817312369,2555.0
70157.47817312369,2667.0
84014.74512903953,2667.0
84014.74512903953,2555.0
86400.0,2555.0
# temp #498
0.0,2234.0
9825.735670700671,2234.0
9825.735670700671,2883.0
10887.463209475392,2883.0
10887.463209475392,2667.0
16423.06823199615,2667.0
16423.06823199615,2883.0
26700.990231614564,2883.0
26700.990231614564,2667.0
37604.42122193054,2667.0
37604.42122193054,2555.0
52545.30988242478,2555.0
52545.30988242478,2429.0
58527.91672723834,2429.0
58527.91672723834,2555.0
62657.070276676684,2555.0
62657.070276676684,2429.0
77083.12444332989,2429.0
77083.12444332989,2555.0
86400.000002,2555.0
# temp #499
0.0,2234.0
69253.78480441868,2234.0
69253.78480441868,2555.0
85406.83978423476,2555.0
85406.83978423476,2234.0
86400.0,2234.0
# temp #500
0.0,2234.0
8134.013248351404,2234.0
8134.013248351404,2667.0
37422.548060165725,2667.0
37422.548060165725,2555.0
38643.02929672413,2555.0
38643.02929672413,2667.0
73807.62897629758,2667.0
73807.62897629758,2555.0
74407.62897629758,2555.0
74407.62897629758,2667.0
86400.000002,2667.0
# temp #501
0.0,2234.0
80044.73513527775,2234.0
80044.73513527775,2555.0
81370.206303522,2555.0
81370.206303522,2667.0
86400.0,2667.0
# temp #502
0.0,2234.0
47177.68785108347,2234.0
47177.68785108347,2555.0
51635.43202753645,2555.0
51635.43202753645,2429.0
52044.52591077425,2429.0
52044.52591077425,2555.0
61782.99511056395,2555.0
61782.99511056395,2429.0
63036.95292966442,2429.0
63036.95292966442,2555.0
63691.77914215253,2555.0
63691.77914215253,2429.0
63991.77914215253,2429.0
63991.77914215253,2555.0
84391.77914215253,2555.0
84391.77914215253,2429.0
84691.77914215253,2429.0
84691.77914215253,2555.0
85291.77914215253,2555.0
85291.77914215253,2667.0
86400.0,2667.0
# temp #503
0.0,2234.0
4936.888323957101,2234.0
4936.888323957101,2667.0
9159.94754245039,2667.0
9159.94754245039,2555.0
9994.567920430565,2555.0
9994.567920430565,2667.0
20137.902896641757,2667.0
20137.902896641757,2555.0
20437.902896641757,2555.0
20437.902896641757,2667.0
20737.902896641757,2667.0
20737.902896641757,2555.0
24037.902896641757,2555.0
24037.902896641757,2667.0
49537.90289664175,2667.0
49537.90289664175,2883.0
86400.0,2883.0
# temp #504
0.0,2234.0
19581.47826259956,2234.0
19581.47826259956,2017.0
49395.340948132805,2017.0
49395.340948132805,2234.0
84725.15601734632,2234.0
84725.15601734632,2017.0
86400.0,2017.0
# temp #505
0.0,2234.0
11789.517665351741,2234.0
11789.517665351741,2429.0
12266.913741803728,2429.0
12266.913741803728,2234.0
12897.711916663684,2234.0
12897.711916663684,2429.0
13355.508537380956,2429.0
13355.508537380956,2234.0
29606.564634572715,2234.0
29606.564634572715,2429.0
30257.125930069018,2429.0
30257.125930069018,2234.0
48048.6721611349,2234.0
48048.6721611349,2429.0
61925.14103406575,2429.0
61925.14103406575,2883.0
86400.0,2883.0
# temp #506
0.0,2234.0
7964.88468849566,2234.0
7964.88468849566,2667.0
55537.855867529295,2667.0
55537.855867529295,2555.0
56846.30423742347,2555.0
56846.30423742347,2667.0
72274.29764857517,2667.0
72274.29764857517,2555.0
75274.29764857517,2555.0
75274.29764857517,2667.0
86400.000002,2667.0
# temp #507
0.0,2234.0
79315.87176318282,2234.0
79315.87176318282,2555.0
81484.27913580091,2555.0
81484.27913580091,2667.0
82040.07879523562,2667.0
82040.07879523562,2555.0
82340.07879523562,2555.0
82340.07879523562,2667.0
86400.0,2667.0
# temp #508
0.0,2234.0
51807.593406108215,2234.0
51807.593406108215,2555.0
55594.857525662526,2555.0
55594.857525662526,2429.0
56030.37473231089,2429.0
56030.37473231089,2555.0
78268.46177210101,2555.0
78268.46177210101,2429.0
78583.18195017056,2429.0
78583.18195017056,2234.0
86400.0,2234.0
# temp #509
0.0,2234.0
23943.800157657828,2234.0
23943.800157657828,2429.0
24520.083107496615,2429.0
24520.083107496615,2555.0
24996.53552330565,2555.0
24996.53552330565,2429.0
45456.528966757476,2429.0
45456.528966757476,2883.0
63841.26642483754,2883.0
63841.26642483754,2667.0
78905.92322659215,2667.0
78905.92322659215,2555.0
86400.000002,2555.0
# temp #510
0.0,2234.0
16385.600091121163,2234.0
16385.600091121163,2555.0
35308.81499208045,2555.0
35308.81499208045,2429.0
35657.728975103244,2429.0
35657.728975103244,2555.0
49181.61058807746,2555.0
49181.61058807746,2429.0
49741.591250617064,2429.0
49741.591250617064,2234.0
76895.61025639997,2234.0
76895.61025639997,2429.0
86400.000002,2429.0
# temp #511
0.0,2234.0
2086.792901926674,2234.0
2086.792901926674,2883.0
3285.254799085669,2883.0
3285.254799085669,2667.0
9611.44020720385,2667.0
9611.44020720385,2883.0
32960.256157955155,2883.0
32960.256157955155,2429.0
40215.67651152146,2429.0
40215.67651152146,2555.0
52055.64344676678,2555.0
52055.64344676678,2429.0
67769.99651715161,2429.0
67769.99651715161,2555.0
85992.53895571457,2555.0
85992.53895571457,2429.0
86400.000002,2429.0
# temp #512
0.0,2234.0
9202.949707489463,2234.0
9202.949707489463,2017.0
16307.573532499377,2017.0
16307.573532499377,2234.0
50864.34811726213,2234.0
50864.34811726213,2017.0
67885.85257711822,2017.0
67885.85257711822,2234.0
86400.0,2234.0
# temp #513
0.0,2234.0
60584.16148899124,2234.0
60584.16148899124,2883.0
62984.16148899124,2883.0
62984.16148899124,2667.0
82676.82336182335,2667.0
82676.82336182335,2555.0
86400.000002,2555.0
# temp #514
0.0,2234.0
11897.484150552193,2234.0
11897.484150552193,2555.0
19801.277713640597,2555.0
19801.277713640597,2429.0
20105.705750500787,2429.0
20105.705750500787,2555.0
25727.46075082105,2555.0
25727.46075082105,2429.0
26723.956211493354,2429.0
26723.956211493354,2234.0
47101.96742203553,2234.0
47101.96742203553,2667.0
53965.029639657594,2667.0
53965.029639657594,2555.0
82694.85406524038,2555.0
82694.85406524038,2429.0
86383.3673595451,2429.0
86400.0,2555.0
# temp #515
0.0,2234.0
35457.70258158446,2234.0
35457.70258158446,2017.0
63905.18328454347,2017.0
63905.18328454347,2234.0
86400.000002,2234.0
# temp #516
0.0,2234.0
17093.653682456355,2234.0
17093.653682456355,2883.0
17624.26507312339,2883.0
17624.26507312339,2667.0
25237.93091028929,2667.0
25237.93091028929,2883.0
51232.90780065582,2883.0
51232.90780065582,2429.0
67504.64207944462,2429.0
67504.64207944462,2555.0
70550.02188852524,2555.0
70550.02188852524,2429.0
75021.39191378375,2429.0
75021.39191378375,2883.0
81400.31052134001,2883.0
81400.31052134001,2429.0
86400.0,2429.0
# temp #517
0.0,2234.0
47047.61820256245,2234.0
47047.61820256245,2555.0
52275.06030157675,2555.0
52275.06030157675,2667.0
52596.30093241577,2667.0
52596.30093241577,2555.0
52896.30093241577,2555.0
52896.30093241577,2667.0
79596.30093241576,2667.0
79596.30093241576,2555.0
86400.0,2555.0
# temp #518
0.0,2234.0
40779.7366462648,2234.0
40779.7366462648,2429.0
41379.7366462648,2429.0
41379.7366462648,2555.0
42576.20849981905,2555.0
42576.20849981905,2429.0
64314.86424794422,2429.0
64314.86424794422,2883.0
86400.000002,2883.0
# temp #519
0.0,2234.0
66436.63472319022,2234.0
66436.63472319022,2555.0
83109.79795467574,2555.0
83109.79795467574,2234.0
86400.0,2234.0
# temp #520
0.0,2234.0
40946.03145627771,2234.0
40946.03145627771,2429.0
41246.03145627771,2429.0
41246.03145627771,2234.0
57391.55367210043,2234.0
57391.55367210043,2429.0
60412.84284701107,2429.0
60412.84284701107,2234.0
86400.000002,2234.0
# temp #521
0.0,2234.0
27529.22332249582,2234.0
27529.22332249582,2017.0
46728.346020262696,2017.0
46728.346020262696,2234.0
66859.41292159261,2234.0
66859.41292159261,2017.0
86400.000002,2017.0
# temp #522
0.0,2234.0
32904.03673164547,2234.0
32904.03673164547,2017.0
54004.92614381948,2017.0
54004.92614381948,2234.0
72837.28559701705,2234.0
72837.28559701705,2017.0
86400.000002,2017.0
# temp #523
0.0,2234.0
3632.1510700508957,2234.0
3632.1510700508957,2667.0
8778.308799653316,2667.0
8778.308799653316,2555.0
9248.19082429167,2555.0
9248.19082429167,2667.0
36585.12140144595,2667.0
36585.12140144595,2555.0
36885.12140144595,2555.0
36885.12140144595,2667.0
37554.30542423856,2667.0
37554.30542423856,2555.0
38154.30542423856,2555.0
38154.30542423856,2667.0
76064.34333894869,2667.0
76064.34333894869,2555.0
86400.000002,2555.0
# temp #524
0.0,2234.0
46660.99301311188,2234.0
46660.99301311188,2555.0
49722.98667090946,2555.0
49722.98667090946,2429.0
50057.59203031194,2429.0
50057.59203031194,2555.0
53257.93956813869,2555.0
53257.93956813869,2429.0
53784.67742835638,2429.0
53784.67742835638,2234.0
69985.90608215892,2234.0
69985.90608215892,2429.0
86400.0,2429.0
# temp #525
0.0,2234.0
21388.512138789523,2234.0
21388.512138789523,2429.0
21734.550198912624,2429.0
21734.550198912624,2555.0
22320.784991607074,2555.0
22320.784991607074,2429.0
39347.280189371675,2429.0
39347.280189371675,2555.0
67294.16874214077,2555.0
67294.16874214077,2429.0
86400.0,2429.0
# temp #526
0.0,2234.0
4064.4028672948484,2234.0
4064.4028672948484,2883.0
5165.693947370164,2883.0
5165.693947370164,2667.0
16096.799990837464,2667.0
16096.799990837464,2883.0
33047.658502799466,2883.0
33047.658502799466,2667.0
54095.63573808411,2667.0
54095.63573808411,2555.0
70652.51420745628,2555.0
70652.51420745628,2429.0
83556.94866946434,2429.0
83556.94866946434,2555.0
86400.0,2555.0
# temp #527
0.0,2234.0
4405.629195878283,2234.0
4405.629195878283,2667.0
14685.921908053573,2667.0
14685.921908053573,2555.0
15343.675756431188,2555.0
15343.675756431188,2667.0
42352.21041468904,2667.0
42352.21041468904,2555.0
42952.21041468904,2555.0
42952.21041468904,2667.0
63576.299393456444,2667.0
63576.299393456444,2555.0
68282.37281693147,2555.0
68282.37281693147,2429.0
86400.000002,2429.0
# temp #528
0.0,2234.0
80203.4504398238,2234.0
80203.4504398238,2555.0
81529.70049739817,2555.0
81529.70049739817,2667.0
82076.83631423862,2667.0
82076.83631423862,2555.0
86400.0,2555.0
# temp #529
0.0,2234.0
66051.102866116,2234.0
66051.102866116,2555.0
86400.000002,2555.0
# temp #530
0.0,2234.0
7495.523663260975,2234.0
7495.523663260975,2429.0
7795.523663260975,2429.0
7795.523663260975,2234.0
12202.705328003505,2234.0
12202.705328003505,2667.0
28943.90002659057,2667.0
28943.90002659057,2234.0
42687.996752117775,2234.0
42687.996752117775,2429.0
80357.58648589255,2429.0
80357.58648589255,2555.0
86400.0,2555.0
# temp #531
0.0,2234.0
11937.764629907908,2234.0
11937.764629907908,2883.0
23037.764629907906,2883.0
23037.764629907906,2555.0
44866.71719988809,2555.0
44866.71719988809,2429.0
54453.44879797195,2429.0
54453.44879797195,2555.0
68663.85914005806,2555.0
68663.85914005806,2667.0
77377.46729822831,2667.0
77377.46729822831,2555.0
86400.000002,2555.0
# temp #532
0.0,2234.0
47526.92060165574,2234.0
47526.92060165574,2555.0
49728.04046999664,2555.0
49728.04046999664,2667.0
59628.04046999664,2667.0
59628.04046999664,2555.0
63584.739508666105,2555.0
63584.739508666105,2429.0
66075.18253612799,2429.0
66075.18253612799,2555.0
77559.47864593474,2555.0
77559.47864593474,2667.0
80820.86240616628,2667.0
80820.86240616628,2555.0
86400.000002,2555.0
# temp #533
0.0,2234.0
11555.084912641907,2234.0
11555.084912641907,2429.0
12104.731890745463,2429.0
12104.731890745463,2555.0
12589.733120240273,2555.0
12589.733120240273,2429.0
48363.91443838366,2429.0
48363.91443838366,2555.0
83967.68641155215,2555.0
83967.68641155215,2429.0
86400.0,2429.0
# temp #534
0.0,2234.0
66312.08143529948,2234.0
66312.08143529948,2883.0
68712.08143529948,2883.0
68712.08143529948,2667.0
86400.000002,2667.0
# temp #535
0.0,2234.0
77204.60021782202,2234.0
77204.60021782202,2883.0
79604.60021782202,2883.0
79604.60021782202,2667.0
86400.0,2667.0
# temp #536
0.0,2234.0
70681.13192736638,2234.0
70681.13192736638,2555.0
79907.11777147373,2555.0
79907.11777147373,2429.0
80335.70199622774,2429.0
80335.70199622774,2555.0
86400.000002,2555.0
# temp #537
0.0,2234.0
31286.647214647386,2234.0
31286.647214647386,2017.0
61160.67255106755,2017.0
61160.67255106755,2234.0
74979.25307876432,2234.0
74979.25307876432,2017.0
86400.000002,2017.0
# temp #538
0.0,2234.0
7907.118181139233,2234.0
7907.118181139233,2667.0
55040.739746508196,2667.0
55040.739746508196,2555.0
55527.43288914208,2555.0
55527.43288914208,2667.0
61803.45077002422,2667.0
61803.45077002422,2555.0
62103.45077002422,2555.0
62103.45077002422,2429.0
86400.000002,2429.0
# temp #539
0.0,2234.0
83592.14667461348,2234.0
83592.14667461348,2555.0
86400.000002,2555.0
# temp #540
0.0,2234.0
15158.567402930934,2234.0
15158.567402930934,2883.0
16205.50626064651,2883.0
16205.50626064651,2667.0
21261.283892998475,2667.0
21261.283892998475,2883.0
39816.11986015924,2883.0
39816.11986015924,2667.0
65725.32060449013,2667.0
65725.32060449013,2234.0
73402.80381054619,2234.0
73402.80381054619,2429.0
82551.26227769071,2429.0
82551.26227769071,2883.0
86294.93955052459,2883.0
86294.93955052459,2429.0
86400.0,2429.0
# temp #541
0.0,2234.0
76741.18525476662,2234.0
76741.18525476662,2555.0
81389.07302962618,2555.0
81389.07302962618,2667.0
86400.000002,2667.0
# temp #542
0.0,2234.0
7582.55195345264,2234.0
7582.55195345264,2883.0
8117.348799970933,2883.0
8117.348799970933,2667.0
12951.551877404563,2667.0
12951.551877404563,2883.0
26097.627183306035,2883.0
26097.627183306035,2429.0
38453.77001292073,2429.0
38453.77001292073,2555.0
43687.81100946945,2555.0
43687.81100946945,2429.0
86400.0,2429.0
# temp #543
0.0,2234.0
11351.725538168104,2234.0
11351.725538168104,2555.0
30877.954204659916,2555.0
30877.954204659916,2429.0
76262.06244556235,2429.0
76262.06244556235,2234.0
76862.06244556235,2234.0
76862.06244556235,2429.0
86400.000002,2429.0
# temp #544
0.0,2234.0
3291.827714955434,2234.0
3291.827714955434,2883.0
4991.752172727138,2883.0
4991.752172727138,2667.0
8886.775197903626,2667.0
8886.775197903626,2883.0
30538.71892327443,2883.0
30538.71892327443,2429.0
35574.238780536696,2429.0
35574.238780536696,2555.0
48166.13579916303,2555.0
48166.13579916303,2667.0
82556.35066491087,2667.0
82556.35066491087,2555.0
86400.0,2555.0
# temp #545
0.0,2234.0
39946.052057761706,2234.0
39946.052057761706,2429.0
40246.052057761706,2429.0
40246.052057761706,2234.0
47334.89729238209,2234.0
47334.89729238209,2429.0
70463.34336195143,2429.0
70463.34336195143,2555.0
76531.4472887898,2555.0
76531.4472887898,2429.0
86400.0,2429.0
# temp #546
0.0,2234.0
63612.77563192417,2234.0
63612.77563192417,2555.0
64965.37080982235,2555.0
64965.37080982235,2429.0
65452.97432898079,2429.0
65452.97432898079,2555.0
81310.34804508091,2555.0
81310.34804508091,2429.0
82524.83036862688,2429.0
82524.83036862688,2555.0
83112.62423163281,2555.0
83112.62423163281,2429.0
83412.62423163281,2429.0
83412.62423163281,2555.0
84912.62423163281,2555.0
84912.62423163281,2429.0
86400.0,2429.0
# temp #547
0.0,2234.0
11734.638329199517,2234.0
11734.638329199517,2883.0
22834.638329199515,2883.0
22834.638329199515,2555.0
39546.595718502074,2555.0
39546.595718502074,2667.0
43252.01208454092,2667.0
43252.01208454092,2555.0
68637.27524047719,2555.0
68637.27524047719,2429.0
86192.2104001511,2429.0
86192.2104001511,2555.0
86400.0,2555.0
# temp #548
0.0,2234.0
83838.93237495796,2234.0
83838.93237495796,2555.0
85933.92489161344,2555.0
85933.92489161344,2667.0
86400.000002,2667.0
# temp #549
0.0,2234.0
55582.28008188308,2234.0
55582.28008188308,2555.0
57829.781239922166,2555.0
57829.781239922166,2667.0
64129.781239922166,2667.0
64129.781239922166,2555.0
65329.781239922166,2555.0
65329.781239922166,2429.0
86400.000002,2429.0
# temp #550
0.0,2234.0
40011.573886033155,2234.0
40011.573886033155,2017.0
52829.736878816046,2017.0
52829.736878816046,2234.0
72569.61090099068,2234.0
72569.61090099068,2017.0
86400.0,2017.0
# temp #551
0.0,2234.0
15147.973995725628,2234.0
15147.973995725628,2883.0
16269.19828683604,2883.0
16269.19828683604,2667.0
19169.020001054745,2667.0
19169.020001054745,2883.0
51907.551471213825,2883.0
51907.551471213825,2429.0
71689.86938546879,2429.0
71689.86938546879,2555.0
77147.95723899735,2555.0
77147.95723899735,2667.0
86400.0,2667.0
# temp #552
0.0,2234.0
20773.311835317876,2234.0
20773.311835317876,2555.0
35689.539855835035,2555.0
35689.539855835035,2429.0
36127.014605677694,2429.0
36127.014605677694,2555.0
56712.626329762876,2555.0
56712.626329762876,2429.0
57054.160858551055,2429.0
57054.160858551055,2555.0
57417.86684361288,2555.0
57417.86684361288,2429.0
57717.86684361288,2429.0
57717.86684361288,2555.0
58017.86684361288,2555.0
58017.86684361288,2429.0
58617.86684361288,2429.0
58617.86684361288,2555.0
61511.27308686265,2555.0
61511.27308686265,2429.0
86400.000002,2429.0
# temp #553
0.0,2234.0
71495.0940251816,2234.0
71495.0940251816,2555.0
86400.0,2555.0
# temp #554
0.0,2234.0
35529.11809275393,2234.0
35529.11809275393,2429.0
42429.11809275393,2429.0
42429.11809275393,2555.0
44229.11809275393,2555.0
44229.11809275393,2429.0
57129.11809275393,2429.0
57129.11809275393,2234.0
57429.11809275393,2234.0
57429.11809275393,2017.0
57729.11809275393,2017.0
57729.11809275393,2234.0
58029.11809275393,2234.0
58029.11809275393,2017.0
78383.69271587582,2017.0
78383.69271587582,2234.0
86400.0,2234.0
# temp #555
0.0,2234.0
8212.31356104836,2234.0
8212.31356104836,2667.0
37646.12044910901,2667.0
37646.12044910901,2555.0
38661.37170908042,2555.0
38661.37170908042,2667.0
75079.62817798836,2667.0
75079.62817798836,2555.0
78079.62817798836,2555.0
78079.62817798836,2667.0
86400.000002,2667.0
# temp #556
0.0,2234.0
16112.501496146435,2234.0
16112.501496146435,2555.0
37327.5194055168,2555.0
37327.5194055168,2429.0
84222.94046643657,2429.0
84222.94046643657,2234.0
84822.94046643657,2234.0
84822.94046643657,2429.0
86400.0,2429.0
# temp #557
0.0,2234.0
36627.054329495884,2234.0
36627.054329495884,2555.0
37336.472120485276,2555.0
37336.472120485276,2667.0
37767.170960409574,2667.0
37767.170960409574,2555.0
38067.170960409574,2555.0
38067.170960409574,2667.0
64767.170960409574,2667.0
64767.170960409574,2555.0
80667.17096040957,2555.0
80667.17096040957,2234.0
84267.17096040957,2234.0
84267.17096040957,2429.0
86400.000002,2429.0
# temp #558
0.0,2234.0
48088.248966448016,2234.0
48088.248966448016,2555.0
57606.06821738184,2555.0
57606.06821738184,2667.0
62985.12547330466,2667.0
62985.12547330466,2234.0
72517.38955413458,2234.0
72517.38955413458,2667.0
84049.019085872,2667.0
84049.019085872,2555.0
86400.0,2555.0
# temp #559
0.0,2234.0
37348.10810561758,2234.0
37348.10810561758,2429.0
37947.08170574159,2429.0
37947.08170574159,2234.0
38653.48975192756,2234.0
38653.48975192756,2429.0
42598.50125508384,2429.0
42598.50125508384,2234.0
64238.83440261708,2234.0
64238.83440261708,2429.0
64876.579737360604,2429.0
64876.579737360604,2234.0
77277.11580817123,2234.0
77277.11580817123,2429.0
86400.0,2429.0
# temp #560
0.0,2234.0
41263.14203334042,2234.0
41263.14203334042,2429.0
41789.06097456348,2429.0
41789.06097456348,2555.0
44169.490605290055,2555.0
44169.490605290055,2429.0
66542.18541446609,2429.0
66542.18541446609,2555.0
79214.47306245101,2555.0
79214.47306245101,2429.0
83370.89759863449,2429.0
83370.89759863449,2555.0
86400.0,2555.0
# temp #561
0.0,2234.0
20189.66049291194,2234.0
20189.66049291194,2555.0
31560.976942582063,2555.0
31560.976942582063,2429.0
31872.916057845585,2429.0
31872.916057845585,2555.0
55103.24993350078,2555.0
55103.24993350078,2429.0
56326.665876922205,2429.0
56326.665876922205,2555.0
56859.924588468864,2555.0
56859.924588468864,2429.0
86400.000002,2429.0
# temp #562
0.0,2234.0
21609.873902192343,2234.0
21609.873902192343,2017.0
56419.184937933474,2017.0
56419.184937933474,2234.0
56808.51478851402,2234.0
56808.51478851402,2017.0
86400.000002,2017.0
# temp #563
0.0,2234.0
31059.995209146295,2234.0
31059.995209146295,2429.0
31576.18958135136,2429.0
31576.18958135136,2234.0
32312.332630553286,2234.0
32312.332630553286,2429.0
35229.85647360329,2429.0
35229.85647360329,2234.0
48487.39427626134,2234.0
48487.39427626134,2429.0
49227.73235980422,2429.0
49227.73235980422,2555.0
50714.40722784028,2555.0
50714.40722784028,2429.0
51014.40722784028,2429.0
51014.40722784028,2555.0
52514.40722784028,2555.0
52514.40722784028,2429.0
62714.40722784028,2429.0
62714.40722784028,2234.0
86400.0,2234.0
# temp #564
0.0,2234.0
39014.64536190034,2234.0
39014.64536190034,2429.0
39614.64536190034,2429.0
39614.64536190034,2555.0
40188.73066529632,2555.0
40188.73066529632,2429.0
57117.14181415738,2429.0
57117.14181415738,2883.0
72856.67074983941,2883.0
72856.67074983941,2667.0
86400.0,2667.0
# temp #565
0.0,2234.0
1779.6267941594126,2234.0
1779.6267941594126,2667.0
9245.951621350832,2667.0
9245.951621350832,2555.0
10138.479951233605,2555.0
10138.479951233605,2667.0
29635.123053425927,2667.0
29635.123053425927,2555.0
29935.123053425927,2555.0
29935.123053425927,2429.0
74236.58613064328,2429.0
74236.58613064328,2883.0
86400.000002,2883.0
# temp #566
0.0,2234.0
8023.612232599409,2234.0
8023.612232599409,2883.0
19123.612232599407,2883.0
19123.612232599407,2555.0
36513.62587641925,2555.0
36513.62587641925,2667.0
42880.8621224016,2667.0
42880.8621224016,2555.0
43274.835521634675,2555.0
43274.835521634675,2429.0
56979.926742729745,2429.0
56979.926742729745,2555.0
73018.52062465624,2555.0
73018.52062465624,2429.0
83799.22811442522,2429.0
83799.22811442522,2555.0
86400.0,2555.0
# temp #567
0.0,2234.0
643.0138697382063,2234.0
643.0138697382063,2667.0
38104.83078451362,2667.0
38104.83078451362,2555.0
38731.31030935329,2555.0
38731.31030935329,2667.0
56590.39179186804,2667.0
56590.39179186804,2555.0
56890.39179186804,2555.0
56890.39179186804,2667.0
57507.243643188864,2667.0
57507.243643188864,2555.0
58107.243643188864,2555.0
58107.243643188864,2667.0
66083.16142950208,2667.0
66083.16142950208,2234.0
74041.72233687715,2234.0
74041.72233687715,2667.0
76644.18308255264,2667.0
76644.18308255264,2555.0
86400.000002,2555.0
# temp #568
0.0,2234.0
30127.179182530384,2234.0
30127.179182530384,2429.0
30544.901684811342,2429.0
30544.901684811342,2555.0
32414.096792181957,2555.0
32414.096792181957,2429.0
46268.43572608196,2429.0
46268.43572608196,2883.0
74932.01525746846,2883.0
74932.01525746846,2429.0
86400.000002,2429.0
# temp #569
0.0,2234.0
32915.680603450164,2234.0
32915.680603450164,2883.0
35315.680603450164,2883.0
35315.680603450164,2667.0
47540.79023769591,2667.0
47540.79023769591,2234.0
79808.39202690404,2234.0
79808.39202690404,2429.0
86400.000002,2429.0
# temp #570
0.0,2234.0
21256.26908212435,2234.0
21256.26908212435,2429.0
53356.269082124345,2429.0
53356.269082124345,2555.0
53656.269082124345,2555.0
53656.269082124345,2667.0
81406.37433005031,2667.0
81406.37433005031,2883.0
86400.000002,2883.0
# temp #571
0.0,2234.0
29048.034620750695,2234.0
29048.034620750695,2555.0
41442.86069562659,2555.0
41442.86069562659,2667.0
54304.64301374741,2667.0
54304.64301374741,2234.0
85490.31825943386,2234.0
85490.31825943386,2429.0
86400.000002,2429.0
# temp #572
0.0,2234.0
22671.7214725446,2234.0
22671.7214725446,2429.0
23119.15452482645,2429.0
23119.15452482645,2555.0
24349.201067187827,2555.0
24349.201067187827,2429.0
41308.01468887367,2429.0
41308.01468887367,2234.0
44026.81360482239,2234.0
44026.81360482239,2667.0
51053.24124398176,2667.0
51053.24124398176,2555.0
60638.009401783354,2555.0
60638.009401783354,2883.0
80509.30781308563,2883.0
80509.30781308563,2667.0
86400.0,2667.0
# temp #573
0.0,2234.0
24202.55361646414,2234.0
24202.55361646414,2017.0
81127.10676742719,2017.0
81127.10676742719,2234.0
86400.000002,2234.0
# temp #574
0.0,2234.0
11038.211921229959,2234.0
11038.211921229959,2017.0
15853.56450076215,2017.0
15853.56450076215,2234.0
60839.44341656753,2234.0
60839.44341656753,2017.0
78991.77070143634,2017.0
78991.77070143634,2234.0
85220.90799012223,2234.0
85220.90799012223,2017.0
86400.000002,2017.0
# temp #575
0.0,2234.0
74346.13918410616,2234.0
74346.13918410616,2555.0
82443.42435300352,2555.0
82443.42435300352,2429.0
82747.52708331218,2429.0
82747.52708331218,2555.0
86400.0,2555.0
# temp #576
0.0,2234.0
70801.36199619157,2234.0
70801.36199619157,2555.0
81858.71648455506,2555.0
81858.71648455506,2429.0
82376.88772932162,2429.0
82376.88772932162,2555.0
83026.76506927238,2555.0
83026.76506927238,2429.0
83872.20539830161,2429.0
83872.20539830161,2234.0
86400.0,2234.0
# temp #577
0.0,2234.0
7717.957008141093,2234.0
7717.957008141093,2429.0
8278.388901008293,2429.0
8278.388901008293,2234.0
8951.066360576078,2234.0
8951.066360576078,2429.0
10214.683854393661,2429.0
10214.683854393661,2234.0
13750.375484582037,2234.0
13750.375484582037,2429.0
14854.852011613548,2429.0
14854.852011613548,2555.0
15865.10826330632,2555.0
15865.10826330632,2429.0
16165.10826330632,2429.0
16165.10826330632,2555.0
17665.10826330632,2555.0
17665.10826330632,2429.0
27865.10826330632,2429.0
27865.10826330632,2234.0
86400.0,2234.0
# temp #578
0.0,2234.0
920.0855356408283,2234.0
920.0855356408283,2667.0
50050.21882408765,2667.0
50050.21882408765,2555.0
50637.97638674733,2555.0
50637.97638674733,2667.0
57531.94390197751,2667.0
57531.94390197751,2555.0
57831.94390197751,2555.0
57831.94390197751,2429.0
86400.000002,2429.0
# temp #579
0.0,2234.0
3889.4755771150817,2234.0
3889.4755771150817,2883.0
14989.475577115081,2883.0
14989.475577115081,2555.0
18494.852178613655,2555.0
18494.852178613655,2667.0
28059.244028641842,2667.0
28059.244028641842,2555.0
38674.63188995607,2555.0
38674.63188995607,2429.0
41480.66313327291,2429.0
41480.66313327291,2555.0
44431.96589516011,2555.0
44431.96589516011,2429.0
45219.71522513778,2429.0
45219.71522513778,2555.0
59212.11595153437,2555.0
59212.11595153437,2667.0
59735.41335817427,2667.0
59735.41335817427,2883.0
80374.67593057083,2883.0
80374.67593057083,2667.0
82075.33898998519,2667.0
82075.33898998519,2234.0
86400.0,2234.0
# temp #580
0.0,2234.0
6873.573133558967,2234.0
6873.573133558967,2883.0
7618.190093804152,2883.0
7618.190093804152,2667.0
17196.508552855812,2667.0
17196.508552855812,2883.0
39230.86080662906,2883.0
39230.86080662906,2429.0
46660.86858313066,2429.0
46660.86858313066,2234.0
53262.041730922654,2234.0
53262.041730922654,2429.0
67078.4281485714,2429.0
67078.4281485714,2555.0
74304.08410308884,2555.0
74304.08410308884,2667.0
86400.000002,2667.0
# temp #581
0.0,2234.0
49459.96378599666,2234.0
49459.96378599666,2883.0
51859.96378599666,2883.0
51859.96378599666,2667.0
52311.154943984,2667.0
52311.154943984,2555.0
57768.184311292134,2555.0
57768.184311292134,2429.0
68013.37496973574,2429.0
68013.37496973574,2555.0
82990.1960497722,2555.0
82990.1960497722,2667.0
86400.0,2667.0
# temp #582
0.0,2234.0
11371.738508320415,2234.0
11371.738508320415,2555.0
16329.14078717586,2555.0
16329.14078717586,2429.0
56715.752173564404,2429.0
56715.752173564404,2234.0
57315.752173564404,2234.0
57315.752173564404,2429.0
59715.752173564404,2429.0
59715.752173564404,2555.0
69915.7521735644,2555.0
69915.7521735644,2667.0
77664.10272647628,2667.0
77664.10272647628,2234.0
86400.000002,2234.0
# temp #583
0.0,2234.0
26708.874284103513,2234.0
26708.874284103513,2555.0
55713.91320645344,2555.0
55713.91320645344,2429.0
64354.67745987699,2429.0
64354.67745987699,2555.0
71213.22677219288,2555.0
71213.22677219288,2667.0
75182.1505780332,2667.0
75182.1505780332,2883.0
86400.0,2883.0
# temp #584
0.0,2234.0
2921.816942235455,2234.0
2921.816942235455,2883.0
14021.816942235455,2883.0
14021.816942235455,2555.0
31036.85205825605,2555.0
31036.85205825605,2667.0
47667.28787824977,2667.0
47667.28787824977,2234.0
48943.197467573926,2234.0
48943.197467573926,2667.0
78884.00924568996,2667.0
78884.00924568996,2234.0
86400.000002,2234.0
# temp #585
0.0,2234.0
7209.069287125022,2234.0
7209.069287125022,2017.0
44625.388895301156,2017.0
44625.388895301156,2234.0
86400.000002,2234.0
# temp #586
0.0,2234.0
44694.84680271708,2234.0
44694.84680271708,2555.0
62375.69781839849,2555.0
62375.69781839849,2429.0
62856.91125474406,2429.0
62856.91125474406,2555.0
79327.54264140969,2555.0
79327.54264140969,2429.0
79924.02947174852,2429.0
79924.02947174852,2555.0
81011.8573880056,2555.0
81011.8573880056,2429.0
81311.8573880056,2429.0
81311.8573880056,2555.0
82811.8573880056,2555.0
82811.8573880056,2429.0
86400.0,2429.0
# temp #587
0.0,2234.0
56760.96803646069,2234.0
56760.96803646069,2555.0
64329.88954538014,2555.0
64329.88954538014,2234.0
86400.0,2234.0
# temp #588
0.0,2234.0
4504.794378485531,2234.0
4504.794378485531,2883.0
5388.924032240175,2883.0
5388.924032240175,2667.0
11798.643416818231,2667.0
11798.643416818231,2883.0
19314.00145953521,2883.0
19314.00145953521,2667.0
46350.66824820825,2667.0
46350.66824820825,2234.0
69433.84641660379,2234.0
69433.84641660379,2429.0
85954.54552760349,2429.0
85954.54552760349,2883.0
86400.0,2883.0
# temp #589
0.0,2234.0
3325.8401032537226,2234.0
3325.8401032537226,2667.0
39060.70744190366,2667.0
39060.70744190366,2555.0
40082.2171621956,2555.0
40082.2171621956,2429.0
55900.180192594424,2429.0
55900.180192594424,2234.0
70565.40721636267,2234.0
70565.40721636267,2429.0
86400.000002,2429.0
# temp #590
0.0,2234.0
24838.263945118528,2234.0
24838.263945118528,2429.0
31738.263945118528,2429.0
31738.263945118528,2555.0
33538.263945118524,2555.0
33538.263945118524,2429.0
46438.263945118524,2429.0
46438.263945118524,2234.0
46738.263945118524,2234.0
46738.263945118524,2017.0
47038.263945118524,2017.0
47038.263945118524,2234.0
47338.263945118524,2234.0
47338.263945118524,2017.0
49248.663986334584,2017.0
49248.663986334584,2234.0
61214.39979197458,2234.0
61214.39979197458,2429.0
86400.000002,2429.0
# temp #591
0.0,2234.0
28122.790380427617,2234.0
28122.790380427617,2555.0
39483.75733173453,2555.0
39483.75733173453,2429.0
39798.320595407866,2429.0
39798.320595407866,2555.0
55797.88720349316,2555.0
55797.88720349316,2429.0
56705.14602886979,2429.0
56705.14602886979,2555.0
57095.94528882299,2555.0
57095.94528882299,2429.0
57395.94528882299,2429.0
57395.94528882299,2555.0
57695.94528882299,2555.0
57695.94528882299,2429.0
58295.94528882299,2429.0
58295.94528882299,2555.0
60801.95104165469,2555.0
60801.95104165469,2429.0
63140.606132615365,2429.0
63140.606132615365,2555.0
84509.60019913038,2555.0
84509.60019913038,2429.0
86400.0,2429.0
# temp #592
0.0,2234.0
22662.521287961867,2234.0
22662.521287961867,2429.0
22962.521287961867,2429.0
22962.521287961867,2234.0
36707.56809187588,2234.0
36707.56809187588,2429.0
46670.00697897748,2429.0
46670.00697897748,2555.0
73729.58409232089,2555.0
73729.58409232089,2429.0
86400.000002,2429.0
# temp #593
0.0,2234.0
71380.61736286618,2234.0
71380.61736286618,2555.0
86400.000002,2555.0
# temp #594
0.0,2234.0
8055.014693364503,2234.0
8055.014693364503,2667.0
49589.378058048904,2667.0
49589.378058048904,2555.0
50670.42615932879,2555.0
50670.42615932879,2667.0
66469.70598392656,2667.0
66469.70598392656,2555.0
67069.70598392656,2555.0
67069.70598392656,2667.0
86400.0,2667.0
# temp #595
0.0,2234.0
21232.86111345515,2234.0
21232.86111345515,2429.0
53332.86111345515,2429.0
53332.86111345515,2555.0
53632.86111345515,2555.0
53632.86111345515,2667.0
85618.15933864565,2667.0
85618.15933864565,2555.0
86400.0,2555.0
# temp #596
0.0,2234.0
36987.002293020494,2234.0
36987.002293020494,2017.0
43734.03280028143,2017.0
43734.03280028143,2234.0
51288.211536454044,2234.0
51288.211536454044,2017.0
86400.0,2017.0
# temp #597
0.0,2234.0
2872.039036662318,2234.0
2872.039036662318,2883.0
13972.039036662318,2883.0
13972.039036662318,2555.0
20558.693992439657,2555.0
20558.693992439657,2429.0
44018.440837506205,2429.0
44018.440837506205,2555.0
53316.08322865796,2555.0
53316.08322865796,2429.0
65990.24750324897,2429.0
65990.24750324897,2234.0
86400.000002,2234.0
# temp #598
0.0,2234.0
50578.003069921404,2234.0
50578.003069921404,2429.0
50878.003069921404,2429.0
50878.003069921404,2234.0
85220.02485799605,2234.0
85220.02485799605,2429.0
86400.000002,2429.0
# temp #599
0.0,2234.0
3533.4948704810818,2234.0
3533.4948704810818,2667.0
22312.27807675023,2667.0
22312.27807675023,2555.0
23341.349593293857,2555.0
23341.349593293857,2667.0
54655.74264081662,2667.0
54655.74264081662,2555.0
54955.74264081662,2555.0
54955.74264081662,2429.0
61741.060706391014,2429.0
61741.060706391014,2555.0
74015.01416524408,2555.0
74015.01416524408,2667.0
86400.000002,2667.0
# temp #600
0.0,2234.0
51742.89136470762,2234.0
51742.89136470762,2555.0
81459.85200831202,2555.0
81459.85200831202,2429.0
81761.90793898424,2429.0
81761.90793898424,2555.0
86400.000002,2555.0
# temp #601
0.0,2234.0
37158.59347719234,2234.0
37158.59347719234,2555.0
42177.2423853865,2555.0
42177.2423853865,2429.0
80007.19606631903,2429.0
80007.19606631903,2234.0
86400.0,2234.0
# temp #602
0.0,2234.0
28446.749556320723,2234.0
28446.749556320723,2429.0
28933.081269054677,2429.0
28933.081269054677,2555.0
32432.20964649227,2555.0
32432.20964649227,2429.0
64743.13527003398,2429.0
64743.13527003398,2555.0
64916.223879181794,2555.0
64916.223879181794,2429.0
86400.000002,2429.0
# temp #603
0.0,2234.0
70407.28937045205,2234.0
70407.28937045205,2883.0
72807.28937045205,2883.0
72807.28937045205,2667.0
86400.0,2667.0
# temp #604
0.0,2234.0
7098.807430802846,2234.0
7098.807430802846,2667.0
26116.130501660526,2667.0
26116.130501660526,2555.0
26537.6863925485,2555.0
26537.6863925485,2667.0
36267.09913392552,2667.0
36267.09913392552,2555.0
36567.09913392552,2555.0
36567.09913392552,2429.0
72455.57866115124,2429.0
72455.57866115124,2555.0
72965.59678399937,2555.0
72965.59678399937,2429.0
83790.10394176004,2429.0
83790.10394176004,2234.0
86400.000002,2234.0
# temp #605
0.0,2234.0
1084.097319538705,2234.0
1084.097319538705,2667.0
11068.48137744237,2667.0
11068.48137744237,2555.0
11714.35820341576,2555.0
11714.35820341576,2667.0
26516.455723391853,2667.0
26516.455723391853,2555.0
27116.455723391853,2555.0
27116.455723391853,2667.0
41784.088089130826,2667.0
41784.088089130826,2555.0
45461.120385490365,2555.0
45461.120385490365,2429.0
65248.60403453933,2429.0
65248.60403453933,2883.0
86400.0,2883.0
# temp #606
0.0,2234.0
6201.430603140035,2234.0
6201.430603140035,2667.0
50261.382797034465,2667.0
50261.382797034465,2555.0
51656.95015056991,2555.0
51656.95015056991,2667.0
86400.000002,2667.0
# temp #607
0.0,2234.0
30732.74452602491,2234.0
30732.74452602491,2017.0
49914.77867946961,2017.0
49914.77867946961,2234.0
86400.0,2234.0
# temp #608
0.0,2234.0
36004.756482783705,2234.0
36004.756482783705,2555.0
54776.45332552493,2555.0
54776.45332552493,2667.0
86400.000002,2667.0
# temp #609
0.0,2234.0
56301.57804703341,2234.0
56301.57804703341,2555.0
86400.000002,2555.0
# temp #610
0.0,2234.0
30495.27804718819,2234.0
30495.27804718819,2429.0
62595.278047188185,2429.0
62595.278047188185,2555.0
62895.278047188185,2555.0
62895.278047188185,2667.0
69341.07217693236,2667.0
69341.07217693236,2555.0
74094.05514586251,2555.0
74094.05514586251,2667.0
86400.000002,2667.0
# temp #611
0.0,2234.0
47265.20560516511,2234.0
47265.20560516511,2429.0
47828.944688360214,2429.0
47828.944688360214,2555.0
49055.84347962868,2555.0
49055.84347962868,2429.0
84465.41386563332,2429.0
84465.41386563332,2555.0
86400.0,2555.0
# temp #612
0.0,2234.0
4613.5716011049235,2234.0
4613.5716011049235,2667.0
38999.917265307166,2667.0
38999.917265307166,2555.0
40283.03285529838,2555.0
40283.03285529838,2667.0
50484.133087378,2667.0
50484.133087378,2555.0
50784.133087378,2555.0
50784.133087378,2667.0
51533.76831170172,2667.0
51533.76831170172,2555.0
52133.76831170172,2555.0
52133.76831170172,2667.0
77214.79799947703,2667.0
77214.79799947703,2555.0
79391.21895215941,2555.0
79391.21895215941,2429.0
86400.0,2429.0
# temp #613
0.0,2234.0
24645.497304014865,2234.0
24645.497304014865,2017.0
37883.881550794475,2017.0
37883.881550794475,2234.0
53866.80001043715,2234.0
53866.80001043715,2017.0
78211.11182235183,2017.0
78211.11182235183,2234.0
86400.000002,2234.0
# temp #614
0.0,2234.0
61137.36693835818,2234.0
61137.36693835818,2555.0
65219.19021501672,2555.0
65219.19021501672,2667.0
71519.19021501672,2667.0
71519.19021501672,2555.0
72719.19021501672,2555.0
72719.19021501672,2429.0
86400.0,2429.0
# temp #615
0.0,2234.0
4464.79268569965,2234.0
4464.79268569965,2667.0
53119.99427494594,2667.0
53119.99427494594,2555.0
53851.2967017945,2555.0
53851.2967017945,2667.0
79132.60793290102,2667.0
79132.60793290102,2555.0
82132.60793290102,2555.0
82132.60793290102,2667.0
86400.000002,2667.0
# temp #616
0.0,2234.0
4671.6145902872095,2234.0
4671.6145902872095,2429.0
4971.6145902872095,2429.0
4971.6145902872095,2234.0
17412.50224951655,2234.0
17412.50224951655,2667.0
22118.116572406147,2667.0
22118.116572406147,2234.0
26726.968772336848,2234.0
26726.968772336848,2667.0
31867.508262698546,2667.0
31867.508262698546,2234.0
43714.935710770085,2234.0
43714.935710770085,2667.0
64975.03219891807,2667.0
64975.03219891807,2883.0
79774.25182072913,2883.0
79774.25182072913,2667.0
86400.0,2667.0
# temp #617
0.0,2234.0
15836.718348786237,2234.0
15836.718348786237,2429.0
47936.718348786235,2429.0
47936.718348786235,2555.0
48236.718348786235,2555.0
48236.718348786235,2667.0
81158.71767969802,2667.0
81158.71767969802,2555.0
86400.0,2555.0
# temp #618
0.0,2234.0
81480.1077468088,2234.0
81480.1077468088,2555.0
84076.52927760502,2555.0
84076.52927760502,2667.0
86400.000002,2667.0
# temp #619
0.0,2234.0
2921.0156281013046,2234.0
2921.0156281013046,2667.0
41646.196991228506,2667.0
41646.196991228506,2555.0
42662.48606101145,2555.0
42662.48606101145,2667.0
62550.52951374093,2667.0
62550.52951374093,2555.0
63150.52951374093,2555.0
63150.52951374093,2667.0
83024.87233704889,2667.0
83024.87233704889,2555.0
84692.32407859528,2555.0
84692.32407859528,2429.0
86400.000002,2429.0
# temp #620
0.0,2234.0
28154.901010729376,2234.0
28154.901010729376,2555.0
67015.15555498192,2555.0
67015.15555498192,2429.0
67344.44808270784,2429.0
67344.44808270784,2555.0
80437.5213957159,2555.0
80437.5213957159,2429.0
81015.71205414367,2429.0
81015.71205414367,2555.0
81707.50573526604,2555.0
81707.50573526604,2429.0
82007.50573526604,2429.0
82007.50573526604,2555.0
83507.50573526604,2555.0
83507.50573526604,2429.0
86400.0,2429.0
# temp #621
0.0,2234.0
7034.063881449402,2234.0
7034.063881449402,2017.0
36952.97980019823,2017.0
36952.97980019823,2234.0
41035.04641810433,2234.0
41035.04641810433,2017.0
84591.29889830948,2017.0
84591.29889830948,2234.0
86400.000002,2234.0
# temp #622
0.0,2234.0
35821.96009196342,2234.0
35821.96009196342,2017.0
46987.73326920346,2017.0
46987.73326920346,2234.0
63062.37719105558,2234.0
63062.37719105558,2017.0
77984.3067483511,2017.0
77984.3067483511,2234.0
86400.0,2234.0
# temp #623
0.0,2234.0
5821.107862167993,2234.0
5821.107862167993,2667.0
17937.269177567217,2667.0
17937.269177567217,2555.0
19037.894800119106,2555.0
19037.894800119106,2667.0
48650.58411012871,2667.0
48650.58411012871,2555.0
48950.58411012871,2555.0
48950.58411012871,2667.0
49769.50203892776,2667.0
49769.50203892776,2555.0
50369.50203892776,2555.0
50369.50203892776,2667.0
71541.32214265411,2667.0
71541.32214265411,2555.0
86400.000002,2555.0
# temp #624
0.0,2234.0
55174.87789553125,2234.0
55174.87789553125,2555.0
60144.952043308884,2555.0
60144.952043308884,2667.0
70044.95204330888,2667.0
70044.95204330888,2555.0
71537.81538472978,2555.0
71537.81538472978,2429.0
86400.0,2429.0
# temp #625
0.0,2234.0
71126.57622538974,2234.0
71126.57622538974,2555.0
72006.02280632594,2555.0
72006.02280632594,2667.0
72605.24875572884,2667.0
72605.24875572884,2555.0
72905.24875572884,2555.0
72905.24875572884,2667.0
86400.0,2667.0
# temp #626
0.0,2234.0
37417.47167841532,2234.0
37417.47167841532,2555.0
38685.86783939973,2555.0
38685.86783939973,2429.0
39026.22880772688,2429.0
39026.22880772688,2555.0
41507.43415765465,2555.0
41507.43415765465,2429.0
41821.32732057945,2429.0
41821.32732057945,2234.0
71488.65900496022,2234.0
71488.65900496022,2429.0
83451.25512925444,2429.0
83451.25512925444,2555.0
86400.0,2555.0
# temp #627
0.0,2234.0
7111.483719921673,2234.0
7111.483719921673,2667.0
47353.01668366884,2667.0
47353.01668366884,2555.0
47974.778820597574,2555.0
47974.778820597574,2667.0
80069.49133104646,2667.0
80069.49133104646,2555.0
80669.49133104646,2555.0
80669.49133104646,2667.0
86400.000002,2667.0
# temp #628
0.0,2234.0
75358.57160494199,2234.0
75358.57160494199,2555.0
77931.87079103665,2555.0
77931.87079103665,2667.0
78409.0479364386,2667.0
78409.0479364386,2555.0
78709.0479364386,2555.0
78709.0479364386,2667.0
82309.0479364386,2667.0
82309.0479364386,2555.0
83809.0479364386,2555.0
83809.0479364386,2429.0
86400.0,2429.0
# temp #629
0.0,2234.0
20297.70574299619,2234.0
20297.70574299619,2017.0
44894.40342639574,2017.0
44894.40342639574,2234.0
69414.59313961679,2234.0
69414.59313961679,2017.0
86400.000002,2017.0
# temp #630
0.0,2234.0
32808.21439479478,2234.0
32808.21439479478,2429.0
33378.873481065966,2429.0
33378.873481065966,2555.0
37040.526158572175,2555.0
37040.526158572175,2429.0
46331.64198787417,2429.0
46331.64198787417,2555.0
48988.09369665105,2555.0
48988.09369665105,2429.0
75582.4917283142,2429.0
75582.4917283142,2555.0
86400.0,2555.0
# temp #631
0.0,2234.0
18371.767558157444,2234.0
18371.767558157444,2429.0
18971.767558157444,2429.0
18971.767558157444,2555.0
22901.728228479627,2555.0
22901.728228479627,2429.0
52942.77818540578,2429.0
52942.77818540578,2555.0
66960.36144301762,2555.0
66960.36144301762,2667.0
86400.000002,2667.0
# temp #632
0.0,2234.0
53904.52392327134,2234.0
53904.52392327134,2429.0
54204.52392327134,2429.0
54204.52392327134,2234.0
65547.20705857036,2234.0
65547.20705857036,2429.0
86400.0,2429.0
# temp #633
0.0,2234.0
77997.80462547207,2234.0
77997.80462547207,2555.0
86400.0,2555.0
# temp #634
0.0,2234.0
6212.55073954817,2234.0
6212.55073954817,2555.0
8412.171441083774,2555.0
8412.171441083774,2667.0
8844.35872952454,2667.0
8844.35872952454,2555.0
9144.35872952454,2555.0
9144.35872952454,2667.0
35844.35872952454,2667.0
35844.35872952454,2555.0
51744.35872952454,2555.0
51744.35872952454,2234.0
55344.35872952454,2234.0
55344.35872952454,2429.0
65244.35872952454,2429.0
65244.35872952454,2555.0
65844.35872952454,2555.0
65844.35872952454,2667.0
78144.35872952454,2667.0
78144.35872952454,2883.0
84636.56019244809,2883.0
84636.56019244809,2555.0
86400.0,2555.0
# temp #635
0.0,2234.0
10546.560532017613,2234.0
10546.560532017613,2883.0
11477.310231328012,2883.0
11477.310231328012,2667.0
13334.71492873505,2667.0
13334.71492873505,2883.0
42365.9157011658,2883.0
42365.9157011658,2429.0
71299.38848584426,2429.0
71299.38848584426,2555.0
73429.84964351637,2555.0
73429.84964351637,2667.0
80435.67477094477,2667.0
80435.67477094477,2555.0
86400.0,2555.0
# temp #636
0.0,2234.0
23552.029867284004,2234.0
23552.029867284004,2429.0
30452.029867284004,2429.0
30452.029867284004,2555.0
32252.029867284004,2555.0
32252.029867284004,2429.0
45152.029867284,2429.0
45152.029867284,2234.0
45452.029867284,2234.0
45452.029867284,2017.0
45752.029867284,2017.0
45752.029867284,2234.0
46052.029867284,2234.0
46052.029867284,2017.0
59819.915648410104,2017.0
59819.915648410104,2234.0
60914.88003416453,2234.0
60914.88003416453,2429.0
62167.35672578216,2429.0
62167.35672578216,2555.0
81663.39589459823,2555.0
81663.39589459823,2667.0
86400.000002,2667.0
# temp #637
0.0,2234.0
12262.547224620359,2234.0
12262.547224620359,2555.0
13792.963196919301,2555.0
13792.963196919301,2667.0
20092.9631969193,2667.0
20092.9631969193,2555.0
21292.9631969193,2555.0
21292.9631969193,2429.0
64492.9631969193,2429.0
64492.9631969193,2234.0
72771.36780435685,2234.0
72771.36780435685,2667.0
86400.000002,2667.0
# temp #638
0.0,2234.0
41174.95694949758,2234.0
41174.95694949758,2555.0
74608.07923183312,2555.0
74608.07923183312,2429.0
83173.887557094,2429.0
83173.887557094,2234.0
86400.000002,2234.0
# temp #639
0.0,2234.0
25626.83177639265,2234.0
25626.83177639265,2429.0
32526.83177639265,2429.0
32526.83177639265,2555.0
34326.831776392646,2555.0
34326.831776392646,2429.0
47226.831776392646,2429.0
47226.831776392646,2234.0
47526.831776392646,2234.0
47526.831776392646,2017.0
47826.831776392646,2017.0
47826.831776392646,2234.0
48126.831776392646,2234.0
48126.831776392646,2017.0
58596.92798852921,2017.0
58596.92798852921,2234.0
59784.88844716922,2234.0
59784.88844716922,2667.0
70936.32699523587,2667.0
70936.32699523587,2234.0
86400.000002,2234.0
# temp #640
0.0,2234.0
13133.700664574282,2234.0
13133.700664574282,2429.0
13514.05079488177,2429.0
13514.05079488177,2555.0
15364.664818835447,2555.0
15364.664818835447,2429.0
35506.275073089644,2429.0
35506.275073089644,2234.0
39664.25957365428,2234.0
39664.25957365428,2667.0
62549.93040834089,2667.0
62549.93040834089,2555.0
86400.0,2555.0
# temp #641
0.0,2234.0
49821.056828834124,2234.0
49821.056828834124,2429.0
50283.0980337225,2429.0
50283.0980337225,2555.0
54010.24690037594,2555.0
54010.24690037594,2429.0
75580.22235422397,2429.0
75580.22235422397,2555.0
86400.0,2555.0
# temp #642
0.0,2234.0
38073.316224035814,2234.0
38073.316224035814,2429.0
44973.316224035814,2429.0
44973.316224035814,2555.0
46773.316224035814,2555.0
46773.316224035814,2429.0
59673.316224035814,2429.0
59673.316224035814,2234.0
59973.316224035814,2234.0
59973.316224035814,2017.0
60273.316224035814,2017.0
60273.316224035814,2234.0
60573.316224035814,2234.0
60573.316224035814,2017.0
69248.87306084858,2017.0
69248.87306084858,2234.0
83219.23159821892,2234.0
83219.23159821892,2429.0
86400.000002,2429.0
# temp #643
0.0,2234.0
38854.58948265296,2234.0
38854.58948265296,2429.0
39305.26430639439,2429.0
39305.26430639439,2234.0
40053.954571927905,2234.0
40053.954571927905,2429.0
44022.798586380675,2429.0
44022.798586380675,2234.0
55363.54258584326,2234.0
55363.54258584326,2429.0
55914.87859545743,2429.0
55914.87859545743,2555.0
57080.711798951976,2555.0
57080.711798951976,2429.0
57380.711798951976,2429.0
57380.711798951976,2555.0
77780.71179895198,2555.0
77780.71179895198,2429.0
78080.71179895198,2429.0
78080.71179895198,2555.0
78680.71179895198,2555.0
78680.71179895198,2667.0
86400.0,2667.0
# temp #644
0.0,2234.0
16291.503055673096,2234.0
16291.503055673096,2883.0
17154.806800908413,2883.0
17154.806800908413,2667.0
23853.15878593829,2667.0
23853.15878593829,2883.0
48950.34573739395,2883.0
48950.34573739395,2429.0
60719.557855837054,2429.0
60719.557855837054,2555.0
75859.52064665036,2555.0
75859.52064665036,2429.0
86400.0,2429.0
# temp #645
0.0,2234.0
11221.40282399487,2234.0
11221.40282399487,2883.0
12264.162889821457,2883.0
12264.162889821457,2667.0
21334.366863104515,2667.0
21334.366863104515,2883.0
22637.786482251253,2883.0
22637.786482251253,2667.0
54562.33323155904,2667.0
54562.33323155904,2555.0
55890.827505150824,2555.0
55890.827505150824,2429.0
72463.3154801326,2429.0
72463.3154801326,2234.0
86400.0,2234.0
# temp #646
0.0,2234.0
29060.831076744947,2234.0
29060.831076744947,2429.0
29360.831076744947,2429.0
29360.831076744947,2234.0
30140.918623935435,2234.0
30140.918623935435,2667.0
65244.88670714201,2667.0
65244.88670714201,2555.0
86400.000002,2555.0
# temp #647
0.0,2234.0
3601.3509183190768,2234.0
3601.3509183190768,2429.0
3901.3509183190768,2429.0
3901.3509183190768,2234.0
16343.254936253654,2234.0
16343.254936253654,2429.0
31172.06736118533,2429.0
31172.06736118533,2883.0
34051.13152186387,2883.0
34051.13152186387,2667.0
45552.331083733596,2667.0
45552.331083733596,2555.0
67035.34032076132,2555.0
67035.34032076132,2429.0
73577.34996986111,2429.0
73577.34996986111,2234.0
74679.53288129067,2234.0
74679.53288129067,2667.0
84509.60514550099,2667.0
84509.60514550099,2234.0
86400.000002,2234.0
# temp #648
0.0,2234.0
3879.722882760689,2234.0
3879.722882760689,2017.0
21171.532358927656,2017.0
21171.532358927656,2234.0
40434.98052950018,2234.0
40434.98052950018,2017.0
86400.0,2017.0
# temp #649
0.0,2234.0
59494.05416117516,2234.0
59494.05416117516,2555.0
69938.94628796262,2555.0
69938.94628796262,2429.0
71042.49718326611,2429.0
71042.49718326611,2234.0
71342.49718326611,2234.0
71342.49718326611,2017.0
86400.0,2017.0
# temp #650
0.0,2234.0
10234.960650117137,2234.0
10234.960650117137,2429.0
10624.47374977637,2429.0
10624.47374977637,2234.0
11446.006126189604,2234.0
11446.006126189604,2429.0
16995.841978909448,2429.0
16995.841978909448,2234.0
22871.63716738578,2234.0
22871.63716738578,2429.0
24199.881731229838,2429.0
24199.881731229838,2555.0
25629.033568105664,2555.0
25629.033568105664,2429.0
25929.033568105664,2429.0
25929.033568105664,2555.0
27429.033568105664,2555.0
27429.033568105664,2429.0
37629.03356810566,2429.0
37629.03356810566,2234.0
86400.0,2234.0
# temp #651
0.0,2234.0
35782.73544791155,2234.0
35782.73544791155,2555.0
70045.59321608396,2555.0
70045.59321608396,2429.0
86400.000002,2429.0
# temp #652
0.0,2234.0
35179.69849084039,2234.0
35179.69849084039,2555.0
39394.72537140828,2555.0
39394.72537140828,2667.0
39876.628700271256,2667.0
39876.628700271256,2555.0
45876.628700271256,2555.0
45876.628700271256,2429.0
48276.628700271256,2429.0
48276.628700271256,2234.0
51876.628700271256,2234.0
51876.628700271256,2429.0
53076.628700271256,2429.0
53076.628700271256,2234.0
58776.628700271256,2234.0
58776.628700271256,2429.0
86400.000002,2429.0
# temp #653
0.0,2234.0
4854.57079934422,2234.0
4854.57079934422,2667.0
19534.916430967864,2667.0
19534.916430967864,2555.0
20774.428357626315,2555.0
20774.428357626315,2429.0
57715.79904982356,2429.0
57715.79904982356,2555.0
68758.15706723371,2555.0
68758.15706723371,2429.0
79784.97481341475,2429.0
79784.97481341475,2883.0
86400.0,2883.0
# temp #654
0.0,2234.0
36724.68815173489,2234.0
36724.68815173489,2429.0
68824.68815173488,2429.0
68824.68815173488,2555.0
69124.68815173488,2555.0
69124.68815173488,2667.0
80978.89243690298,2667.0
80978.89243690298,2555.0
86400.0,2555.0
# temp #655
0.0,2234.0
3791.3765524048363,2234.0
3791.3765524048363,2429.0
4091.3765524048363,2429.0
4091.3765524048363,2234.0
12558.955279737713,2234.0
12558.955279737713,2429.0
36509.62916202844,2429.0
36509.62916202844,2555.0
47639.31839286816,2555.0
47639.31839286816,2429.0
70826.95535102395,2429.0
70826.95535102395,2234.0
86400.0,2234.0
# temp #656
0.0,2234.0
20469.328350084837,2234.0
20469.328350084837,2429.0
52569.328350084834,2429.0
52569.328350084834,2555.0
52869.328350084834,2555.0
52869.328350084834,2667.0
83340.12572576759,2667.0
83340.12572576759,2555.0
86400.0,2555.0
# temp #657
0.0,2234.0
2280.106818024069,2234.0
2280.106818024069,2017.0
26661.29735335708,2017.0
26661.29735335708,2234.0
46929.99741230161,2234.0
46929.99741230161,2017.0
86400.000002,2017.0
# temp #658
0.0,2234.0
44563.583503570415,2234.0
44563.583503570415,2429.0
44863.583503570415,2429.0
44863.583503570415,2234.0
60250.34094583244,2234.0
60250.34094583244,2667.0
72156.75510086586,2667.0
72156.75510086586,2555.0
86400.0,2555.0
# temp #659
0.0,2234.0
2830.9705033432697,2234.0
2830.9705033432697,2555.0
9416.957543604078,2555.0
9416.957543604078,2429.0
10007.048605615275,2429.0
10007.048605615275,2555.0
28215.174430422492,2555.0
28215.174430422492,2429.0
28822.47702728492,2429.0
28822.47702728492,2234.0
48843.0199209368,2234.0
48843.0199209368,2667.0
52301.8141169334,2667.0
52301.8141169334,2234.0
57528.5285331309,2234.0
57528.5285331309,2429.0
68216.85601919891,2429.0
68216.85601919891,2555.0
80594.28597204389,2555.0
80594.28597204389,2667.0
86400.000002,2667.0
# temp #660
0.0,2234.0
3930.6714880513036,2234.0
3930.6714880513036,2667.0
20088.78502857406,2667.0
20088.78502857406,2555.0
20417.650359612893,2555.0
20417.650359612893,2667.0
45271.41989045777,2667.0
45271.41989045777,2555.0
45571.41989045777,2555.0
45571.41989045777,2667.0
46334.8904907005,2667.0
46334.8904907005,2555.0
46934.8904907005,2555.0
46934.8904907005,2667.0
70762.67895286439,2667.0
70762.67895286439,2555.0
86400.000002,2555.0
# temp #661
0.0,2234.0
6266.489729681053,2234.0
6266.489729681053,2429.0
6736.657669767738,2429.0
6736.657669767738,2555.0
8916.56676605344,2555.0
8916.56676605344,2429.0
26994.032905530188,2429.0
26994.032905530188,2234.0
29110.08183555678,2234.0
29110.08183555678,2667.0
51979.4668605784,2667.0
51979.4668605784,2234.0
52067.35077635386,2234.0
52067.35077635386,2429.0
78574.12378261799,2429.0
78574.12378261799,2555.0
86400.0,2555.0
# temp #662
0.0,2234.0
46480.61798326672,2234.0
46480.61798326672,2555.0
50139.92390222848,2555.0
50139.92390222848,2667.0
60496.19805444964,2667.0
60496.19805444964,2555.0
63518.90517580324,2555.0
63518.90517580324,2667.0
75379.75365479944,2667.0
75379.75365479944,2555.0
86400.0,2555.0
# temp #663
0.0,2234.0
63210.98545643035,2234.0
63210.98545643035,2555.0
75432.25414620247,2555.0
75432.25414620247,2234.0
80267.77859567665,2234.0
80267.77859567665,2429.0
86400.000002,2429.0
# temp #664
0.0,2234.0
8787.128833914177,2234.0
8787.128833914177,2017.0
42747.1425598953,2017.0
42747.1425598953,2234.0
77034.21187768692,2234.0
77034.21187768692,2017.0
86400.0,2017.0
# temp #665
0.0,2234.0
5074.838628270664,2234.0
5074.838628270664,2555.0
22737.270262255337,2555.0
22737.270262255337,2429.0
23290.713856648657,2429.0
23290.713856648657,2555.0
33278.53863285855,2555.0
33278.53863285855,2429.0
34746.3584904559,2429.0
34746.3584904559,2555.0
35666.17266386748,2555.0
35666.17266386748,2429.0
35966.17266386748,2429.0
35966.17266386748,2555.0
56366.17266386748,2555.0
56366.17266386748,2429.0
56666.17266386748,2429.0
56666.17266386748,2555.0
57266.17266386748,2555.0
57266.17266386748,2667.0
57451.4040503651,2667.0
57451.4040503651,2555.0
71724.01534002276,2555.0
71724.01534002276,2667.0
82443.62677177416,2667.0
82443.62677177416,2883.0
86400.0,2883.0
# temp #666
0.0,2234.0
68341.41660626048,2234.0
68341.41660626048,2555.0
80363.3266661782,2555.0
80363.3266661782,2429.0
80783.32128447948,2429.0
80783.32128447948,2555.0
86400.0,2555.0
# temp #667
0.0,2234.0
47434.853759408004,2234.0
47434.853759408004,2555.0
60751.49745466188,2555.0
60751.49745466188,2667.0
82434.46195791477,2667.0
82434.46195791477,2555.0
84216.29235022703,2555.0
84216.29235022703,2667.0
86400.000002,2667.0
# temp #668
0.0,2234.0
63644.18329673354,2234.0
63644.18329673354,2555.0
76018.7545998255,2555.0
76018.7545998255,2429.0
76337.19000366984,2429.0
76337.19000366984,2555.0
78764.12806722803,2555.0
78764.12806722803,2429.0
79302.26122846363,2429.0
79302.26122846363,2555.0
80563.64124321846,2555.0
80563.64124321846,2429.0
86400.000002,2429.0
# temp #669
0.0,2234.0
56380.99255284761,2234.0
56380.99255284761,2883.0
58780.99255284761,2883.0
58780.99255284761,2667.0
66418.60307289755,2667.0
66418.60307289755,2555.0
77445.3426500084,2555.0
77445.3426500084,2667.0
86400.000002,2667.0
# temp #670
0.0,2234.0
49239.92662942038,2234.0
49239.92662942038,2555.0
68472.39887542093,2555.0
68472.39887542093,2429.0
86400.000002,2429.0
# temp #671
0.0,2234.0
744.2078948020935,2234.0
744.2078948020935,2017.0
7363.023550109939,2017.0
7363.023550109939,2234.0
9918.672017427163,2234.0
9918.672017427163,2017.0
65348.147260816775,2017.0
65348.147260816775,2234.0
86400.0,2234.0
# temp #672
0.0,2234.0
19122.0823150361,2234.0
19122.0823150361,2429.0
19597.72216281854,2429.0
19597.72216281854,2555.0
23683.61570737325,2555.0
23683.61570737325,2429.0
36458.97172275,2429.0
36458.97172275,2234.0
53189.696221961654,2234.0
53189.696221961654,2429.0
77834.13294469939,2429.0
77834.13294469939,2234.0
84272.57911199705,2234.0
84272.57911199705,2429.0
86400.0,2429.0
# temp #673
0.0,2234.0
54638.27216061764,2234.0
54638.27216061764,2429.0
86400.0,2429.0
# temp #674
0.0,2234.0
61844.45101157763,2234.0
61844.45101157763,2883.0
64244.45101157763,2883.0
64244.45101157763,2667.0
65463.199035683654,2667.0
65463.199035683654,2883.0
78307.70126511344,2883.0
78307.70126511344,2667.0
86400.0,2667.0
# temp #675
0.0,2234.0
5831.742168171332,2234.0
5831.742168171332,2667.0
12472.999635664748,2667.0
12472.999635664748,2555.0
13628.637927258389,2555.0
13628.637927258389,2667.0
28265.829345770188,2667.0
28265.829345770188,2555.0
28865.829345770188,2555.0
28865.829345770188,2667.0
42311.02387248539,2667.0
42311.02387248539,2555.0
45737.877016654245,2555.0
45737.877016654245,2429.0
80921.52788692621,2429.0
80921.52788692621,2555.0
85866.06071486605,2555.0
85866.06071486605,2667.0
86400.0,2667.0
# temp #676
0.0,2234.0
13806.332168472001,2234.0
13806.332168472001,2883.0
24906.332168472,2883.0
24906.332168472,2555.0
42955.71316913702,2555.0
42955.71316913702,2429.0
53611.46458927543,2429.0
53611.46458927543,2234.0
69955.34954296892,2234.0
69955.34954296892,2429.0
81624.12926119288,2429.0
81624.12926119288,2555.0
86400.000002,2555.0
# temp #677
0.0,2234.0
10417.990106181243,2234.0
10417.990106181243,2555.0
18241.315042111095,2555.0
18241.315042111095,2429.0
18754.294110042978,2429.0
18754.294110042978,2555.0
33168.73530868907,2555.0
33168.73530868907,2429.0
34321.90303027165,2429.0
34321.90303027165,2234.0
42148.21993780789,2234.0
42148.21993780789,2667.0
70186.99355400169,2667.0
70186.99355400169,2555.0
86114.5961671835,2555.0
86114.5961671835,2429.0
86400.000002,2429.0
# temp #678
0.0,2234.0
7565.397791890429,2234.0
7565.397791890429,2667.0
26312.708889297217,2667.0
26312.708889297217,2555.0
27616.766624129385,2555.0
27616.766624129385,2429.0
46144.38015099151,2429.0
46144.38015099151,2234.0
46640.19172796981,2234.0
46640.19172796981,2555.0
49618.475459609195,2555.0
49618.475459609195,2429.0
85614.3294816837,2429.0
85614.3294816837,2555.0
86400.0,2555.0
# temp #679
0.0,2234.0
47280.67870032974,2234.0
47280.67870032974,2555.0
83779.59913560191,2555.0
83779.59913560191,2429.0
84093.25018732344,2429.0
84093.25018732344,2555.0
86400.0,2555.0
# temp #680
0.0,2234.0
3347.388040577062,2234.0
3347.388040577062,2883.0
4449.506663507782,2883.0
4449.506663507782,2667.0
11362.580577470364,2667.0
11362.580577470364,2883.0
32107.96171543189,2883.0
32107.96171543189,2429.0
63102.0406906726,2429.0
63102.0406906726,2555.0
81562.64428887518,2555.0
81562.64428887518,2429.0
81883.03800621071,2429.0
81883.03800621071,2234.0
86400.000002,2234.0
# temp #681
0.0,2234.0
66470.94042061362,2234.0
66470.94042061362,2555.0
75588.38821160607,2555.0
75588.38821160607,2234.0
86400.0,2234.0
# temp #682
0.0,2234.0
3133.5680830059578,2234.0
3133.5680830059578,2667.0
44413.150898460306,2667.0
44413.150898460306,2555.0
45820.84285682068,2555.0
45820.84285682068,2667.0
54988.97311524489,2667.0
54988.97311524489,2555.0
55288.97311524489,2555.0
55288.97311524489,2667.0
56148.17837567535,2667.0
56148.17837567535,2555.0
56748.17837567535,2555.0
56748.17837567535,2667.0
67669.70752717463,2667.0
67669.70752717463,2555.0
83623.11712671073,2555.0
83623.11712671073,2429.0
86400.0,2429.0
# temp #683
0.0,2234.0
14675.51447376609,2234.0
14675.51447376609,2017.0
27822.56142413244,2017.0
27822.56142413244,2234.0
74188.54933138938,2234.0
74188.54933138938,2017.0
86400.000002,2017.0
# temp #684
0.0,2234.0
15040.104549215179,2234.0
15040.104549215179,2883.0
15716.13834346645,2883.0
15716.13834346645,2667.0
22496.54020238668,2667.0
22496.54020238668,2883.0
36364.33240547777,2883.0
36364.33240547777,2667.0
73968.29762295821,2667.0
73968.29762295821,2555.0
83229.04750651216,2555.0
83229.04750651216,2429.0
86400.000002,2429.0
# temp #685
0.0,2234.0
1391.5529994992542,2234.0
1391.5529994992542,2667.0
39598.46501299181,2667.0
39598.46501299181,2555.0
39987.37645433285,2555.0
39987.37645433285,2667.0
68150.97098650878,2667.0
68150.97098650878,2555.0
71150.97098650878,2555.0
71150.97098650878,2667.0
86400.0,2667.0
# temp #686
0.0,2234.0
7267.6689451094735,2234.0
7267.6689451094735,2667.0
44465.639887517325,2667.0
44465.639887517325,2555.0
45928.30676981249,2555.0
45928.30676981249,2667.0
83877.1038047271,2667.0
83877.1038047271,2555.0
86400.0,2555.0
# temp #687
0.0,2234.0
83819.77927987465,2234.0
83819.77927987465,2883.0
86219.77927987465,2883.0
86219.77927987465,2667.0
86400.000002,2667.0
# temp #688
0.0,2234.0
3703.139214729891,2234.0
3703.139214729891,2667.0
6928.35657396354,2667.0
6928.35657396354,2555.0
8177.49541369267,2555.0
8177.49541369267,2667.0
21020.614818250764,2667.0
21020.614818250764,2555.0
24020.614818250764,2555.0
24020.614818250764,2667.0
50120.61481825076,2667.0
50120.61481825076,2883.0
86400.0,2883.0
# temp #689
0.0,2234.0
56024.47509518825,2234.0
56024.47509518825,2429.0
86400.0,2429.0
# temp #690
0.0,2234.0
64895.70309380071,2234.0
64895.70309380071,2555.0
66805.53192864174,2555.0
66805.53192864174,2667.0
67355.19149343019,2667.0
67355.19149343019,2555.0
67655.19149343019,2555.0
67655.19149343019,2667.0
71255.19149343019,2667.0
71255.19149343019,2555.0
72755.19149343019,2555.0
72755.19149343019,2429.0
81023.70982901195,2429.0
81023.70982901195,2234.0
86400.0,2234.0
# temp #691
0.0,2234.0
57062.50253228937,2234.0
57062.50253228937,2555.0
86400.0,2555.0
# temp #692
0.0,2234.0
62566.77256640979,2234.0
62566.77256640979,2555.0
65826.04869520293,2555.0
65826.04869520293,2429.0
66357.29456800038,2429.0
66357.29456800038,2555.0
86400.000002,2555.0
# temp #693
0.0,2234.0
3601.123324572109,2234.0
3601.123324572109,2667.0
4709.777544694953,2667.0
4709.777544694953,2555.0
6118.222308601254,2555.0
6118.222308601254,2429.0
43945.613952213906,2429.0
43945.613952213906,2555.0
74075.56083009114,2555.0
74075.56083009114,2429.0
82514.11459275988,2429.0
82514.11459275988,2234.0
86400.0,2234.0
# temp #694
0.0,2234.0
42542.8388447268,2234.0
42542.8388447268,2555.0
47478.173841093674,2555.0
47478.173841093674,2667.0
47841.708906646825,2667.0
47841.708906646825,2555.0
48141.708906646825,2555.0
48141.708906646825,2667.0
74841.70890664682,2667.0
74841.70890664682,2555.0
86400.000002,2555.0
# temp #695
0.0,2234.0
58409.526332700625,2234.0
58409.526332700625,2555.0
61421.49669856299,2555.0
61421.49669856299,2234.0
86400.000002,2234.0
# temp #696
0.0,2234.0
84444.85749586021,2234.0
84444.85749586021,2555.0
86400.000002,2555.0
# temp #697
0.0,2234.0
10689.909970108421,2234.0
10689.909970108421,2883.0
21789.90997010842,2883.0
21789.90997010842,2555.0
30929.672562167983,2555.0
30929.672562167983,2429.0
65953.8848246215,2429.0
65953.8848246215,2555.0
75441.50671118406,2555.0
75441.50671118406,2667.0
80451.20889579413,2667.0
80451.20889579413,2883.0
82314.39694098664,2883.0
82314.39694098664,2667.0
86400.0,2667.0
# temp #698
0.0,2234.0
8023.051397362726,2234.0
8023.051397362726,2667.0
38686.19253770449,2667.0
38686.19253770449,2555.0
40161.5635465365,2555.0
40161.5635465365,2667.0
66468.01454289818,2667.0
66468.01454289818,2555.0
67068.01454289818,2555.0
67068.01454289818,2667.0
80005.22811943667,2667.0
80005.22811943667,2555.0
82965.8864744939,2555.0
82965.8864744939,2429.0
86400.0,2429.0
# temp #699
0.0,2234.0
65803.16016466824,2234.0
65803.16016466824,2555.0
76241.9823742239,2555.0
76241.9823742239,2429.0
76836.37702949347,2429.0
76836.37702949347,2555.0
86400.0,2555.0
# temp #700
0.0,2234.0
18335.82422852051,2234.0
18335.82422852051,2429.0
50435.824228520505,2429.0
50435.824228520505,2555.0
50735.824228520505,2555.0
50735.824228520505,2667.0
65846.67984531261,2667.0
65846.67984531261,2555.0
74361.26952865162,2555.0
74361.26952865162,2667.0
82892.0533160912,2667.0
82892.0533160912,2555.0
86400.000002,2555.0
# temp #701
0.0,2234.0
21166.959840198982,2234.0
21166.959840198982,2555.0
25152.39211432636,2555.0
25152.39211432636,2429.0
25562.348776822913,2429.0
25562.348776822913,2555.0
28230.020230240192,2555.0
28230.020230240192,2429.0
29079.158419067975,2429.0
29079.158419067975,2555.0
30475.423941551715,2555.0
30475.423941551715,2429.0
86400.0,2429.0
# temp #702
0.0,2234.0
38630.65832953435,2234.0
38630.65832953435,2555.0
48250.866149109796,2555.0
48250.866149109796,2429.0
48676.05852317066,2429.0
48676.05852317066,2555.0
67733.79222645891,2555.0
67733.79222645891,2429.0
68243.47195588054,2429.0
68243.47195588054,2234.0
69041.91821319984,2234.0
69041.91821319984,2667.0
86400.0,2667.0
# temp #703
0.0,2234.0
28464.790087658916,2234.0
28464.790087658916,2429.0
29064.790087658916,2429.0
29064.790087658916,2555.0
33082.976123783745,2555.0
33082.976123783745,2429.0
34878.505741339184,2429.0
34878.505741339184,2883.0
71166.04113921059,2883.0
71166.04113921059,2429.0
86400.000002,2429.0
# temp #704
0.0,2234.0
8487.122060288677,2234.0
8487.122060288677,2667.0
34791.42590593547,2667.0
34791.42590593547,2555.0
35569.0406061709,2555.0
35569.0406061709,2667.0
45329.449517000474,2667.0
45329.449517000474,2555.0
45629.449517000474,2555.0
45629.449517000474,2667.0
45929.449517000474,2667.0
45929.449517000474,2555.0
49229.449517000474,2555.0
49229.449517000474,2667.0
74729.44951700047,2667.0
74729.44951700047,2883.0
86400.0,2883.0
# temp #705
0.0,2234.0
17696.764727518897,2234.0
17696.764727518897,2429.0
17996.764727518897,2429.0
17996.764727518897,2234.0
33475.77398470604,2234.0
33475.77398470604,2429.0
70316.5070141433,2429.0
70316.5070141433,2555.0
82070.77272401658,2555.0
82070.77272401658,2429.0
86400.000002,2429.0
# temp #706
0.0,2234.0
1383.4286659257489,2234.0
1383.4286659257489,2667.0
43117.3852021806,2667.0
43117.3852021806,2555.0
44223.97736907006,2555.0
44223.97736907006,2667.0
68920.20790425596,2667.0
68920.20790425596,2555.0
69520.20790425596,2555.0
69520.20790425596,2667.0
86400.0,2667.0
# temp #707
0.0,2234.0
9865.452779293993,2234.0
9865.452779293993,2883.0
11114.731810195373,2883.0
11114.731810195373,2667.0
16568.085946468636,2667.0
16568.085946468636,2883.0
28035.43761125766,2883.0
28035.43761125766,2667.0
76149.49397561142,2667.0
76149.49397561142,2883.0
86400.0,2883.0
# temp #708
0.0,2234.0
53983.593466342434,2234.0
53983.593466342434,2429.0
86083.59346634243,2429.0
86083.59346634243,2555.0
86383.59346634243,2555.0
86400.0,2667.0
# temp #709
0.0,2234.0
25061.078923218887,2234.0
25061.078923218887,2429.0
25370.809056912552,2429.0
25370.809056912552,2234.0
26095.565774501305,2234.0
26095.565774501305,2429.0
29738.35271748249,2429.0
29738.35271748249,2234.0
41143.08803777677,2234.0
41143.08803777677,2429.0
42609.13655336481,2429.0
42609.13655336481,2555.0
43299.61811152753,2555.0
43299.61811152753,2429.0
43599.61811152753,2429.0
43599.61811152753,2555.0
63999.61811152753,2555.0
63999.61811152753,2429.0
64299.61811152753,2429.0
64299.61811152753,2555.0
64899.61811152753,2555.0
64899.61811152753,2667.0
86400.0,2667.0
# temp #710
0.0,2234.0
11520.850780606272,2234.0
11520.850780606272,2883.0
12233.476604009049,2883.0
12233.476604009049,2667.0
19763.52364998311,2667.0
19763.52364998311,2883.0
30239.164927485403,2883.0
30239.164927485403,2555.0
31439.164927485403,2555.0
31439.164927485403,2883.0
40910.64836753067,2883.0
40910.64836753067,2667.0
50667.93781709858,2667.0
50667.93781709858,2555.0
57652.34230519273,2555.0
57652.34230519273,2429.0
60799.89502178506,2429.0
60799.89502178506,2555.0
71317.56734624506,2555.0
71317.56734624506,2667.0
84547.70907713102,2667.0
84547.70907713102,2883.0
86400.000002,2883.0
# temp #711
0.0,2234.0
59594.718600972556,2234.0
59594.718600972556,2555.0
70969.47223038878,2555.0
70969.47223038878,2234.0
84666.65251019876,2234.0
84666.65251019876,2667.0
86400.0,2667.0
# temp #712
0.0,2234.0
1906.091593927704,2234.0
1906.091593927704,2429.0
2206.091593927704,2429.0
2206.091593927704,2234.0
15163.088040053846,2234.0
15163.088040053846,2429.0
45242.60316279252,2429.0
45242.60316279252,2555.0
52546.05282268022,2555.0
52546.05282268022,2667.0
60261.36832984631,2667.0
60261.36832984631,2555.0
76688.84335414042,2555.0
76688.84335414042,2429.0
86400.0,2429.0
# temp #713
0.0,2234.0
28462.799304351214,2234.0
28462.799304351214,2017.0
50845.796904433526,2017.0
50845.796904433526,2234.0
65739.6261890419,2234.0
65739.6261890419,2017.0
68945.6860322971,2017.0
68945.6860322971,2234.0
86400.000002,2234.0
# temp #714
0.0,2234.0
71820.78752112575,2234.0
71820.78752112575,2555.0
86400.000002,2555.0
# temp #715
0.0,2234.0
1705.1508760778236,2234.0
1705.1508760778236,2667.0
50278.36916372181,2667.0
50278.36916372181,2555.0
50894.39575290308,2555.0
50894.39575290308,2667.0
58708.35403015372,2667.0
58708.35403015372,2555.0
61708.35403015372,2555.0
61708.35403015372,2667.0
86400.000002,2667.0
# temp #716
0.0,2234.0
78234.8974789493,2234.0
78234.8974789493,2555.0
81990.34028914759,2555.0
81990.34028914759,2429.0
82455.2155930549,2429.0
82455.2155930549,2555.0
86400.000002,2555.0
# temp #717
0.0,2234.0
25018.212170409974,2234.0
25018.212170409974,2429.0
25380.71786365472,2429.0
25380.71786365472,2555.0
26345.2104897704,2555.0
26345.2104897704,2429.0
47439.829692151405,2429.0
47439.829692151405,2555.0
83274.32636583691,2555.0
83274.32636583691,2429.0
86400.000002,2429.0
# temp #718
0.0,2234.0
31379.211388248954,2234.0
31379.211388248954,2555.0
57446.159500535585,2555.0
57446.159500535585,2429.0
57962.93697422371,2429.0
57962.93697422371,2555.0
72227.89338659497,2555.0
72227.89338659497,2429.0
73126.57528985293,2429.0
73126.57528985293,2555.0
74441.7249438353,2555.0
74441.7249438353,2429.0
86400.0,2429.0
# temp #719
0.0,2234.0
63998.20759780705,2234.0
63998.20759780705,2555.0
78631.11708881333,2555.0
78631.11708881333,2234.0
86400.000002,2234.0
# temp #720
0.0,2234.0
7187.693441589365,2234.0
7187.693441589365,2667.0
50616.226562485106,2667.0
50616.226562485106,2555.0
51502.33710380272,2555.0
51502.33710380272,2667.0
72066.11071347726,2667.0
72066.11071347726,2555.0
72366.11071347726,2555.0
72366.11071347726,2429.0
86400.0,2429.0
# temp #721
0.0,2234.0
7437.334003276193,2234.0
7437.334003276193,2429.0
7855.010628607125,2429.0
7855.010628607125,2555.0
12427.161298971625,2555.0
12427.161298971625,2429.0
15091.513799456881,2429.0
15091.513799456881,2667.0
19181.146621378142,2667.0
19181.146621378142,2234.0
49829.35164961965,2234.0
49829.35164961965,2429.0
86400.0,2429.0
# temp #722
0.0,2234.0
2929.751486331225,2234.0
2929.751486331225,2555.0
18616.51081661694,2555.0
18616.51081661694,2429.0
19079.51707437169,2429.0
19079.51707437169,2555.0
32695.174952899113,2555.0
32695.174952899113,2429.0
33345.492950943306,2429.0
33345.492950943306,2555.0
34259.14497601335,2555.0
34259.14497601335,2429.0
34559.14497601335,2429.0
34559.14497601335,2555.0
54959.14497601335,2555.0
54959.14497601335,2429.0
55259.14497601335,2429.0
55259.14497601335,2555.0
55859.14497601335,2555.0
55859.14497601335,2667.0
66642.16953918805,2667.0
66642.16953918805,2883.0
73915.05770974328,2883.0
73915.05770974328,2667.0
77134.49003447314,2667.0
77134.49003447314,2555.0
86400.0,2555.0
# temp #723
0.0,2234.0
34752.12865504437,2234.0
34752.12865504437,2555.0
38602.22329585814,2555.0
38602.22329585814,2667.0
38961.990872095346,2667.0
38961.990872095346,2555.0
39261.990872095346,2555.0
39261.990872095346,2667.0
42861.990872095346,2667.0
42861.990872095346,2555.0
44361.990872095346,2555.0
44361.990872095346,2429.0
49826.37882905547,2429.0
49826.37882905547,2234.0
50957.67840959598,2234.0
50957.67840959598,2667.0
78049.32625489311,2667.0
78049.32625489311,2555.0
86400.000002,2555.0
# temp #724
0.0,2234.0
30194.766501872804,2234.0
30194.766501872804,2555.0
39347.47121476103,2555.0
39347.47121476103,2429.0
39860.50000616816,2429.0
39860.50000616816,2555.0
48189.30552585517,2555.0
48189.30552585517,2429.0
49197.75906996802,2429.0
49197.75906996802,2234.0
69496.3641839102,2234.0
69496.3641839102,2667.0
86400.0,2667.0
# temp #725
0.0,2234.0
33790.949936583645,2234.0
33790.949936583645,2429.0
65890.94993658364,2429.0
65890.94993658364,2555.0
66190.94993658364,2555.0
66190.94993658364,2667.0
76406.90329286737,2667.0
76406.90329286737,2555.0
79448.94561481198,2555.0
79448.94561481198,2429.0
86400.0,2429.0
# temp #726
0.0,2234.0
48653.150330437355,2234.0
48653.150330437355,2555.0
49495.43830628973,2555.0
49495.43830628973,2667.0
49865.560295968324,2667.0
49865.560295968324,2555.0
50165.560295968324,2555.0
50165.560295968324,2667.0
53765.560295968324,2667.0
53765.560295968324,2555.0
55265.560295968324,2555.0
55265.560295968324,2429.0
66730.37120215596,2429.0
66730.37120215596,2234.0
79475.05512479694,2234.0
79475.05512479694,2667.0
86400.0,2667.0
# temp #727
0.0,2234.0
5303.300584782847,2234.0
5303.300584782847,2667.0
47398.1254170416,2667.0
47398.1254170416,2555.0
47900.81998386887,2555.0
47900.81998386887,2429.0
79166.93748773543,2429.0
79166.93748773543,2555.0
81618.09699560983,2555.0
81618.09699560983,2667.0
85550.45297183098,2667.0
85550.45297183098,2234.0
86400.0,2234.0
# temp #728
0.0,2234.0
39313.732673996135,2234.0
39313.732673996135,2429.0
39755.33163012006,2429.0
39755.33163012006,2234.0
40396.65742709768,2234.0
40396.65742709768,2429.0
41912.89372520988,2429.0
41912.89372520988,2234.0
42744.280151557185,2234.0
42744.280151557185,2429.0
43223.82313571871,2429.0
43223.82313571871,2555.0
44231.180891487755,2555.0
44231.180891487755,2429.0
44531.180891487755,2429.0
44531.180891487755,2555.0
44831.180891487755,2555.0
44831.180891487755,2429.0
45431.180891487755,2429.0
45431.180891487755,2555.0
46332.414477411665,2555.0
46332.414477411665,2429.0
49533.66175512784,2429.0
49533.66175512784,2234.0
63519.19869133273,2234.0
63519.19869133273,2667.0
64922.60067199824,2667.0
64922.60067199824,2234.0
70890.45379164164,2234.0
70890.45379164164,2429.0
86400.0,2429.0
# temp #729
0.0,2234.0
6174.053660896608,2234.0
6174.053660896608,2883.0
6811.646606214345,2883.0
6811.646606214345,2667.0
13389.47462020442,2667.0
13389.47462020442,2883.0
14915.907787531616,2883.0
14915.907787531616,2667.0
51467.17982848641,2667.0
51467.17982848641,2555.0
57090.94477482141,2555.0
57090.94477482141,2429.0
69308.71975673364,2429.0
69308.71975673364,2883.0
86400.0,2883.0
# temp #730
0.0,2234.0
23196.71517654788,2234.0
23196.71517654788,2555.0
24321.362117934044,2555.0
24321.362117934044,2429.0
24754.55946188886,2429.0
24754.55946188886,2555.0
41901.33871058934,2555.0
41901.33871058934,2429.0
42555.386011814706,2429.0
42555.386011814706,2555.0
43487.32258672827,2555.0
43487.32258672827,2429.0
43787.32258672827,2429.0
43787.32258672827,2555.0
44087.32258672827,2555.0
44087.32258672827,2429.0
44687.32258672827,2429.0
44687.32258672827,2555.0
47805.01047293656,2555.0
47805.01047293656,2429.0
72300.95948015807,2429.0
72300.95948015807,2234.0
75624.76933125874,2234.0
75624.76933125874,2429.0
86400.0,2429.0
# temp #731
0.0,2234.0
20735.437077772807,2234.0
20735.437077772807,2429.0
21271.991825359877,2429.0
21271.991825359877,2555.0
22933.03769405466,2555.0
22933.03769405466,2429.0
46216.241890518,2429.0
46216.241890518,2555.0
80961.28876092845,2555.0
80961.28876092845,2429.0
86400.0,2429.0
# temp #732
0.0,2234.0
38428.650958905935,2234.0
38428.650958905935,2429.0
39005.866535729736,2429.0
39005.866535729736,2234.0
39850.67744767294,2234.0
39850.67744767294,2429.0
41388.812228897594,2429.0
41388.812228897594,2234.0
60002.610536478474,2234.0
60002.610536478474,2429.0
60839.140291884556,2429.0
60839.140291884556,2555.0
61674.92103762926,2555.0
61674.92103762926,2429.0
61974.92103762926,2429.0
61974.92103762926,2555.0
82374.92103762926,2555.0
82374.92103762926,2429.0
82674.92103762926,2429.0
82674.92103762926,2555.0
83274.92103762926,2555.0
83274.92103762926,2667.0
86400.000002,2667.0
# temp #733
0.0,2234.0
51745.94660194126,2234.0
51745.94660194126,2555.0
53076.464851317,2555.0
53076.464851317,2429.0
53466.14488621709,2429.0
53466.14488621709,2555.0
59762.621455010965,2555.0
59762.621455010965,2429.0
60194.309264374904,2429.0
60194.309264374904,2234.0
66510.11734390633,2234.0
66510.11734390633,2429.0
79655.94909656794,2429.0
79655.94909656794,2555.0
83873.19291830064,2555.0
83873.19291830064,2667.0
86400.0,2667.0
# temp #734
0.0,2234.0
3495.835692202673,2234.0
3495.835692202673,2667.0
8411.90409944393,2667.0
8411.90409944393,2555.0
9190.764496615158,2555.0
9190.764496615158,2667.0
11964.04659454711,2667.0
11964.04659454711,2555.0
12564.04659454711,2555.0
12564.04659454711,2667.0
26119.165561068803,2667.0
26119.165561068803,2555.0
30403.7072413601,2555.0
30403.7072413601,2429.0
52386.14824817051,2429.0
52386.14824817051,2555.0
52754.78789799382,2555.0
52754.78789799382,2667.0
67681.01804265754,2667.0
67681.01804265754,2555.0
85917.33784452082,2555.0
85917.33784452082,2667.0
86400.000002,2667.0
# temp #735
0.0,2234.0
15385.456761857497,2234.0
15385.456761857497,2429.0
15864.370258315468,2429.0
15864.370258315468,2234.0
16625.21814750508,2234.0
16625.21814750508,2429.0
18504.69935727306,2429.0
18504.69935727306,2234.0
42177.686110697694,2234.0
42177.686110697694,2429.0
42532.2486575693,2429.0
42532.2486575693,2555.0
43186.480601225056,2555.0
43186.480601225056,2429.0
86400.0,2429.0
# temp #736
0.0,2234.0
55972.55248054863,2234.0
55972.55248054863,2555.0
57334.9065252347,2555.0
57334.9065252347,2667.0
57727.58718661499,2667.0
57727.58718661499,2555.0
58027.58718661499,2555.0
58027.58718661499,2667.0
84727.58718661498,2667.0
84727.58718661498,2555.0
86400.000002,2555.0
# temp #737
0.0,2234.0
16978.914079209793,2234.0
16978.914079209793,2883.0
18533.156900340695,2883.0
18533.156900340695,2667.0
30150.100408913575,2667.0
30150.100408913575,2883.0
35665.59900753201,2883.0
35665.59900753201,2429.0
50026.31157673896,2429.0
50026.31157673896,2234.0
62924.21686935705,2234.0
62924.21686935705,2429.0
76982.88928577678,2429.0
76982.88928577678,2555.0
86400.0,2555.0
# temp #738
0.0,2234.0
8920.779204438442,2234.0
8920.779204438442,2555.0
11169.0033987863,2555.0
11169.0033987863,2429.0
12279.18393246364,2429.0
12279.18393246364,2234.0
17648.95427275915,2234.0
17648.95427275915,2429.0
32719.934326736264,2429.0
32719.934326736264,2234.0
61794.572390243426,2234.0
61794.572390243426,2429.0
86400.0,2429.0
# temp #739
0.0,2234.0
5153.830189746805,2234.0
5153.830189746805,2555.0
6739.500235696324,2555.0
6739.500235696324,2667.0
7210.424159257674,2667.0
7210.424159257674,2555.0
7510.424159257674,2555.0
7510.424159257674,2667.0
34210.42415925767,2667.0
34210.42415925767,2555.0
50110.42415925767,2555.0
50110.42415925767,2234.0
53710.42415925767,2234.0
53710.42415925767,2429.0
63610.42415925767,2429.0
63610.42415925767,2555.0
64210.42415925767,2555.0
64210.42415925767,2667.0
76510.42415925767,2667.0
76510.42415925767,2883.0
86400.0,2883.0
# temp #740
0.0,2234.0
2520.618725311943,2234.0
2520.618725311943,2429.0
3041.337597300299,2429.0
3041.337597300299,2555.0
4735.422419314274,2555.0
4735.422419314274,2429.0
9803.210623143243,2429.0
9803.210623143243,2555.0
23385.524695878852,2555.0
23385.524695878852,2667.0
25717.98096278217,2667.0
25717.98096278217,2555.0
28925.73968858924,2555.0
28925.73968858924,2667.0
40560.900881770074,2667.0
40560.900881770074,2555.0
46752.56100834814,2555.0
46752.56100834814,2667.0
74328.11719891617,2667.0
74328.11719891617,2234.0
79598.15127183685,2234.0
79598.15127183685,2667.0
82045.06764966065,2667.0
82045.06764966065,2555.0
86400.0,2555.0
# temp #741
0.0,2234.0
8648.843926051632,2234.0
8648.843926051632,2429.0
8967.633996298537,2429.0
8967.633996298537,2234.0
9645.309751736932,2234.0
9645.309751736932,2429.0
10835.68476412911,2429.0
10835.68476412911,2234.0
11298.28613398131,2234.0
11298.28613398131,2429.0
12312.287760595791,2429.0
12312.287760595791,2234.0
12826.081537851132,2234.0
12826.081537851132,2555.0
16502.06754805986,2555.0
16502.06754805986,2429.0
46372.496510809295,2429.0
46372.496510809295,2555.0
81204.53829097097,2555.0
81204.53829097097,2429.0
86400.000002,2429.0
# temp #742
0.0,2234.0
22268.90590852127,2234.0
22268.90590852127,2555.0
22804.20002129395,2555.0
22804.20002129395,2667.0
23112.951264018197,2667.0
23112.951264018197,2555.0
29112.951264018197,2555.0
29112.951264018197,2429.0
31512.951264018197,2429.0
31512.951264018197,2234.0
35112.95126401819,2234.0
35112.95126401819,2429.0
36312.95126401819,2429.0
36312.95126401819,2234.0
42012.95126401819,2234.0
42012.95126401819,2429.0
43677.62717027218,2429.0
43677.62717027218,2555.0
53483.41938368977,2555.0
53483.41938368977,2667.0
78265.32713568304,2667.0
78265.32713568304,2555.0
86400.0,2555.0
# temp #743
0.0,2234.0
2358.56848647818,2234.0
2358.56848647818,2667.0
27926.92861645483,2667.0
27926.92861645483,2555.0
28228.34191541188,2555.0
28228.34191541188,2667.0
49074.610822484836,2667.0
49074.610822484836,2555.0
49374.610822484836,2555.0
49374.610822484836,2429.0
81118.22337463965,2429.0
81118.22337463965,2555.0
86400.000002,2555.0
# temp #744
0.0,2234.0
9257.881030859427,2234.0
9257.881030859427,2883.0
10556.032531452367,2883.0
10556.032531452367,2667.0
17533.77288077027,2667.0
17533.77288077027,2883.0
31819.01898644865,2883.0
31819.01898644865,2667.0
63486.34763387964,2667.0
63486.34763387964,2883.0
86400.0,2883.0
# temp #745
0.0,2234.0
31230.354299442846,2234.0
31230.354299442846,2429.0
31738.54832723737,2429.0
31738.54832723737,2234.0
32418.53092722595,2234.0
32418.53092722595,2429.0
34838.88569567353,2429.0
34838.88569567353,2234.0
57616.66873313953,2234.0
57616.66873313953,2429.0
58313.272858131684,2429.0
58313.272858131684,2234.0
86400.000002,2234.0
# temp #746
0.0,2234.0
44668.52799709887,2234.0
44668.52799709887,2555.0
62917.26223030129,2555.0
62917.26223030129,2429.0
63769.48174866849,2429.0
63769.48174866849,2555.0
76537.75739350823,2555.0
76537.75739350823,2429.0
82849.25212555101,2429.0
82849.25212555101,2555.0
83604.8869968625,2555.0
83604.8869968625,2667.0
86400.0,2667.0
# temp #747
0.0,2234.0
29511.17549389601,2234.0
29511.17549389601,2429.0
29881.35130433366,2429.0
29881.35130433366,2234.0
30513.180036214184,2234.0
30513.180036214184,2429.0
32679.121378739368,2429.0
32679.121378739368,2234.0
40525.70277897176,2234.0
40525.70277897176,2429.0
41883.96222617012,2429.0
41883.96222617012,2555.0
42588.24715919328,2555.0
42588.24715919328,2429.0
42888.24715919328,2429.0
42888.24715919328,2555.0
63288.24715919327,2555.0
63288.24715919327,2429.0
63588.24715919327,2429.0
63588.24715919327,2555.0
64188.24715919327,2555.0
64188.24715919327,2667.0
86400.0,2667.0
# temp #748
0.0,2234.0
66258.32098948304,2234.0
66258.32098948304,2555.0
69024.26300807856,2555.0
69024.26300807856,2234.0
78564.82838715892,2234.0
78564.82838715892,2429.0
86400.0,2429.0
# temp #749
0.0,2234.0
16879.245579591956,2234.0
16879.245579591956,2429.0
17403.840866382237,2429.0
17403.840866382237,2555.0
18416.38382642996,2555.0
18416.38382642996,2429.0
24472.12172762957,2429.0
24472.12172762957,2883.0
33588.600491336554,2883.0
33588.600491336554,2667.0
51365.6998619903,2667.0
51365.6998619903,2555.0
59286.539250542424,2555.0
59286.539250542424,2429.0
75110.56097662078,2429.0
75110.56097662078,2555.0
86400.0,2555.0
# temp #750
0.0,2234.0
5056.411983515137,2234.0
5056.411983515137,2667.0
52956.74331807532,2667.0
52956.74331807532,2555.0
53288.90271442943,2555.0
53288.90271442943,2429.0
60911.41359717586,2429.0
60911.41359717586,2555.0
69229.83477408999,2555.0
69229.83477408999,2667.0
86400.000002,2667.0
# temp #751
0.0,2234.0
1504.351049778052,2234.0
1504.351049778052,2429.0
1867.5782107282432,2429.0
1867.5782107282432,2555.0
3454.256565542892,2555.0
3454.256565542892,2429.0
11660.126126417892,2429.0
11660.126126417892,2555.0
16060.83140918054,2555.0
16060.83140918054,2667.0
63727.9666798655,2667.0
63727.9666798655,2883.0
65002.95385918581,2883.0
65002.95385918581,2667.0
83562.69335970284,2667.0
83562.69335970284,2555.0
86400.0,2555.0
# temp #752
0.0,2234.0
21135.135239479136,2234.0
21135.135239479136,2429.0
21552.775266696703,2429.0
21552.775266696703,2555.0
23145.693086762916,2555.0
23145.693086762916,2429.0
47690.65602798947,2429.0
47690.65602798947,2234.0
68960.13709148394,2234.0
68960.13709148394,2429.0
86400.000002,2429.0
# temp #753
0.0,2234.0
43521.93753223401,2234.0
43521.93753223401,2555.0
60788.53165225593,2555.0
60788.53165225593,2429.0
61235.7277586125,2429.0
61235.7277586125,2555.0
77231.99406210335,2555.0
77231.99406210335,2429.0
77711.63281335031,2429.0
77711.63281335031,2234.0
86400.000002,2234.0
# temp #754
0.0,2234.0
52930.48840749544,2234.0
52930.48840749544,2555.0
77051.67436560152,2555.0
77051.67436560152,2429.0
77469.34037350585,2429.0
77469.34037350585,2555.0
86001.19664382657,2555.0
86001.19664382657,2429.0
86400.0,2429.0
# temp #755
0.0,2234.0
13746.179717662746,2234.0
13746.179717662746,2883.0
14632.80485328287,2883.0
14632.80485328287,2667.0
21004.546749265868,2667.0
21004.546749265868,2883.0
50847.536662872895,2883.0
50847.536662872895,2429.0
50895.171437482364,2429.0
50895.171437482364,2555.0
72606.60184992013,2555.0
72606.60184992013,2429.0
86400.0,2429.0
# temp #756
0.0,2234.0
3430.3966404637326,2234.0
3430.3966404637326,2667.0
17533.601462468505,2667.0
17533.601462468505,2555.0
18631.612563226372,2555.0
18631.612563226372,2667.0
44592.04563111999,2667.0
44592.04563111999,2555.0
44892.04563111999,2555.0
44892.04563111999,2429.0
47222.13130826131,2429.0
47222.13130826131,2667.0
74635.40303197225,2667.0
74635.40303197225,2555.0
78793.0191470543,2555.0
78793.0191470543,2667.0
79082.80385050458,2667.0
79082.80385050458,2555.0
86400.000002,2555.0
# temp #757
0.0,2234.0
6849.618445476518,2234.0
6849.618445476518,2555.0
43656.044181715704,2555.0
43656.044181715704,2429.0
44188.981776195586,2429.0
44188.981776195586,2555.0
67777.55550302101,2555.0
67777.55550302101,2429.0
68804.90410155618,2429.0
68804.90410155618,2234.0
86400.000002,2234.0
# temp #758
0.0,2234.0
72236.53365313077,2234.0
72236.53365313077,2555.0
76520.5040223431,2555.0
76520.5040223431,2667.0
86400.0,2667.0
# temp #759
0.0,2234.0
7402.7670315234,2234.0
7402.7670315234,2555.0
18439.678971678954,2555.0
18439.678971678954,2429.0
18944.653366156857,2429.0
18944.653366156857,2555.0
36919.76957672742,2555.0
36919.76957672742,2429.0
37717.72365972866,2429.0
37717.72365972866,2234.0
65024.17876697147,2234.0
65024.17876697147,2429.0
86400.0,2429.0
# temp #760
0.0,2234.0
34555.27789397165,2234.0
34555.27789397165,2883.0
36955.27789397165,2883.0
36955.27789397165,2667.0
65843.593589589,2667.0
65843.593589589,2883.0
67557.0009299554,2883.0
67557.0009299554,2667.0
86400.000002,2667.0
# temp #761
0.0,2234.0
11214.036641875284,2234.0
11214.036641875284,2017.0
37329.93063605391,2017.0
37329.93063605391,2234.0
83826.91372144037,2234.0
83826.91372144037,2017.0
86400.0,2017.0
# temp #762
0.0,2234.0
5587.181618926116,2234.0
5587.181618926116,2667.0
37085.71618117858,2667.0
37085.71618117858,2555.0
38361.490076989874,2555.0
38361.490076989874,2667.0
44659.47401260492,2667.0
44659.47401260492,2555.0
44959.47401260492,2555.0
44959.47401260492,2667.0
45783.69067800232,2667.0
45783.69067800232,2555.0
46383.69067800232,2555.0
46383.69067800232,2667.0
71511.13286395557,2667.0
71511.13286395557,2883.0
86400.0,2883.0
# temp #763
0.0,2234.0
57976.90375219099,2234.0
57976.90375219099,2555.0
75006.5879189875,2555.0
75006.5879189875,2234.0
86400.0,2234.0
# temp #764
0.0,2234.0
19873.313344479542,2234.0
19873.313344479542,2429.0
20283.638830482963,2429.0
20283.638830482963,2555.0
23277.43033021689,2555.0
23277.43033021689,2429.0
36342.3514837632,2429.0
36342.3514837632,2234.0
56349.58255647217,2234.0
56349.58255647217,2667.0
86177.41624647753,2667.0
86177.41624647753,2555.0
86400.0,2555.0
# temp #765
0.0,2234.0
4270.523122837767,2234.0
4270.523122837767,2017.0
40450.961589859806,2017.0
40450.961589859806,2234.0
66952.0933486987,2234.0
66952.0933486987,2017.0
86400.000002,2017.0
# temp #766
0.0,2234.0
16529.91646744777,2234.0
16529.91646744777,2883.0
18220.454542804513,2883.0
18220.454542804513,2667.0
23853.56700906996,2667.0
23853.56700906996,2883.0
41311.90965988208,2883.0
41311.90965988208,2667.0
86400.0,2667.0
# temp #767
0.0,2234.0
34468.26646998525,2234.0
34468.26646998525,2555.0
35350.39382725955,2555.0
35350.39382725955,2667.0
65205.97716942431,2667.0
65205.97716942431,2555.0
76742.0772389509,2555.0
76742.0772389509,2667.0
86400.000002,2667.0
# temp #768
0.0,2234.0
16036.994233634325,2234.0
16036.994233634325,2017.0
42220.19544183277,2017.0
42220.19544183277,2234.0
42661.91817694344,2234.0
42661.91817694344,2017.0
43015.67018344068,2017.0
43015.67018344068,2234.0
51987.650558492176,2234.0
51987.650558492176,2017.0
86400.000002,2017.0
# temp #769
0.0,2234.0
22983.596862154085,2234.0
22983.596862154085,2555.0
54684.98390056194,2555.0
54684.98390056194,2429.0
55027.229295624435,2429.0
55027.229295624435,2555.0
65560.85993377493,2555.0
65560.85993377493,2429.0
66661.9108756073,2429.0
66661.9108756073,2555.0
66997.8126704693,2555.0
66997.8126704693,2429.0
67297.8126704693,2429.0
67297.8126704693,2555.0
86400.000002,2555.0
# temp #770
0.0,2234.0
24789.091956429187,2234.0
24789.091956429187,2429.0
25312.1607455425,2429.0
25312.1607455425,2555.0
28894.558147620413,2555.0
28894.558147620413,2429.0
59359.78208512535,2429.0
59359.78208512535,2555.0
86400.000002,2555.0
# temp #771
0.0,2234.0
8929.95108640753,2234.0
8929.95108640753,2429.0
9229.95108640753,2429.0
9229.95108640753,2234.0
24797.728278860457,2234.0
24797.728278860457,2429.0
72793.59984481709,2429.0
72793.59984481709,2883.0
81971.05949381368,2883.0
81971.05949381368,2667.0
86400.0,2667.0
# temp #772
0.0,2234.0
29059.79388370179,2234.0
29059.79388370179,2429.0
61159.79388370179,2429.0
61159.79388370179,2555.0
61459.79388370179,2555.0
61459.79388370179,2667.0
73879.93548712693,2667.0
73879.93548712693,2555.0
86400.000002,2555.0
# temp #773
0.0,2234.0
34729.708010237664,2234.0
34729.708010237664,2429.0
35329.708010237664,2429.0
35329.708010237664,2555.0
37791.62804698572,2555.0
37791.62804698572,2429.0
63728.566070878886,2429.0
63728.566070878886,2555.0
84736.32030745504,2555.0
84736.32030745504,2429.0
86400.000002,2429.0
# temp #774
0.0,2234.0
67805.32490601765,2234.0
67805.32490601765,2555.0
86400.000002,2555.0
# temp #775
0.0,2234.0
32746.8643009197,2234.0
32746.8643009197,2429.0
64846.8643009197,2429.0
64846.8643009197,2555.0
65146.8643009197,2555.0
65146.8643009197,2667.0
77918.33643259015,2667.0
77918.33643259015,2555.0
86400.000002,2555.0
# temp #776
0.0,2234.0
24387.716211425144,2234.0
24387.716211425144,2555.0
58481.178464368,2555.0
58481.178464368,2429.0
59021.88021289186,2429.0
59021.88021289186,2555.0
61243.75624561218,2555.0
61243.75624561218,2429.0
62181.231068889625,2429.0
62181.231068889625,2555.0
63002.00788972435,2555.0
63002.00788972435,2429.0
63302.00788972435,2429.0
63302.00788972435,2555.0
64802.00788972435,2555.0
64802.00788972435,2429.0
75002.00788972435,2429.0
75002.00788972435,2234.0
86400.000002,2234.0
# temp #777
0.0,2234.0
12616.671701380985,2234.0
12616.671701380985,2429.0
12952.147999964656,2429.0
12952.147999964656,2555.0
16042.264033667745,2555.0
16042.264033667745,2429.0
26553.086339822043,2429.0
26553.086339822043,2555.0
34388.49124819972,2555.0
34388.49124819972,2667.0
45074.43997215015,2667.0
45074.43997215015,2555.0
59109.732065512806,2555.0
59109.732065512806,2667.0
79826.29781055731,2667.0
79826.29781055731,2883.0
86400.000002,2883.0
# temp #778
0.0,2234.0
65811.3418933237,2234.0
65811.3418933237,2883.0
68211.3418933237,2883.0
68211.3418933237,2667.0
86400.0,2667.0
# temp #779
0.0,2234.0
1675.7498832419517,2234.0
1675.7498832419517,2667.0
24998.19842136931,2667.0
24998.19842136931,2555.0
26318.336704163816,2555.0
26318.336704163816,2667.0
61791.80297213608,2667.0
61791.80297213608,2555.0
62091.80297213608,2555.0
62091.80297213608,2667.0
62783.37707903703,2667.0
62783.37707903703,2555.0
63383.37707903703,2555.0
63383.37707903703,2667.0
75197.56440420171,2667.0
75197.56440420171,2234.0
83589.93056800684,2234.0
83589.93056800684,2667.0
86400.0,2667.0
# temp #780
0.0,2234.0
2616.673898440786,2234.0
2616.673898440786,2555.0
4996.845132415184,2555.0
4996.845132415184,2429.0
5414.14769338444,2429.0
5414.14769338444,2555.0
17071.284899767492,2555.0
17071.284899767492,2429.0
18535.424705687914,2429.0
18535.424705687914,2555.0
19372.8496410884,2555.0
19372.8496410884,2429.0
19672.8496410884,2429.0
19672.8496410884,2555.0
19972.8496410884,2555.0
19972.8496410884,2429.0
20572.8496410884,2429.0
20572.8496410884,2555.0
20926.83451334015,2555.0
20926.83451334015,2429.0
44158.07307211217,2429.0
44158.07307211217,2555.0
49957.488742517315,2555.0
49957.488742517315,2429.0
59797.62705559844,2429.0
59797.62705559844,2555.0
67416.04606085458,2555.0
67416.04606085458,2667.0
81921.53259941844,2667.0
81921.53259941844,2555.0
86400.000002,2555.0
# temp #781
0.0,2234.0
10635.62756481115,2234.0
10635.62756481115,2883.0
11699.845209158959,2883.0
11699.845209158959,2667.0
13660.443697334269,2667.0
13660.443697334269,2883.0
32657.00713957195,2883.0
32657.00713957195,2667.0
43077.849133056596,2667.0
43077.849133056596,2234.0
46839.57858451177,2234.0
46839.57858451177,2667.0
52110.753057058915,2667.0
52110.753057058915,2234.0
85860.87776811329,2234.0
85860.87776811329,2429.0
86400.000002,2429.0
# temp #782
0.0,2234.0
7670.481900544839,2234.0
7670.481900544839,2667.0
50980.26361525991,2667.0
50980.26361525991,2555.0
51921.202598093085,2555.0
51921.202598093085,2667.0
60732.32076333371,2667.0
60732.32076333371,2555.0
63732.32076333371,2555.0
63732.32076333371,2667.0
86400.0,2667.0
# temp #783
0.0,2234.0
1920.2137937536465,2234.0
1920.2137937536465,2667.0
16754.340394120663,2667.0
16754.340394120663,2555.0
17962.936658598486,2555.0
17962.936658598486,2429.0
18732.217930792835,2429.0
18732.217930792835,2555.0
26423.987687076446,2555.0
26423.987687076446,2667.0
35284.086737944745,2667.0
35284.086737944745,2234.0
45990.69202558604,2234.0
45990.69202558604,2667.0
69914.7999595385,2667.0
69914.7999595385,2234.0
86400.0,2234.0
# temp #784
0.0,2234.0
14355.575247108938,2234.0
14355.575247108938,2555.0
16617.619575792927,2555.0
16617.619575792927,2429.0
48107.7401238028,2429.0
48107.7401238028,2234.0
48407.7401238028,2234.0
48407.7401238028,2017.0
72112.12193991525,2017.0
72112.12193991525,2234.0
82019.37754859684,2234.0
82019.37754859684,2667.0
86400.000002,2667.0
# temp #785
0.0,2234.0
22226.930258329958,2234.0
22226.930258329958,2555.0
29981.444172235206,2555.0
29981.444172235206,2429.0
50329.16213166901,2429.0
50329.16213166901,2883.0
72856.04519876653,2883.0
72856.04519876653,2429.0
86400.000002,2429.0
# temp #786
0.0,2234.0
35651.714752614505,2234.0
35651.714752614505,2429.0
35990.397791052244,2429.0
35990.397791052244,2555.0
38868.07133951225,2555.0
38868.07133951225,2429.0
43033.206356037415,2429.0
43033.206356037415,2555.0
72605.80637964887,2555.0
72605.80637964887,2429.0
77356.20327915532,2429.0
77356.20327915532,2555.0
86400.000002,2555.0
# temp #787
0.0,2234.0
40629.783744737506,2234.0
40629.783744737506,2883.0
43029.783744737506,2883.0
43029.783744737506,2667.0
51815.88576401118,2667.0
51815.88576401118,2555.0
66182.16810731683,2555.0
66182.16810731683,2667.0
72381.7778024124,2667.0
72381.7778024124,2555.0
86400.0,2555.0
# temp #788
0.0,2234.0
83356.9109412376,2234.0
83356.9109412376,2555.0
84911.25868605451,2555.0
84911.25868605451,2667.0
85501.98983014563,2667.0
85501.98983014563,2555.0
85801.98983014563,2555.0
85801.98983014563,2667.0
86400.000002,2667.0
# temp #789
0.0,2234.0
36294.44921761752,2234.0
36294.44921761752,2017.0
62751.2599410955,2017.0
62751.2599410955,2234.0
83967.92113683188,2234.0
83967.92113683188,2017.0
86400.000002,2017.0
# temp #790
0.0,2234.0
2807.2653058916335,2234.0
2807.2653058916335,2667.0
27579.342030803677,2667.0
27579.342030803677,2555.0
29050.200868095275,2555.0
29050.200868095275,2667.0
35000.155517016545,2667.0
35000.155517016545,2555.0
35300.155517016545,2555.0
35300.155517016545,2667.0
35600.155517016545,2667.0
35600.155517016545,2555.0
38900.155517016545,2555.0
38900.155517016545,2667.0
64400.15551701654,2667.0
64400.15551701654,2883.0
86400.0,2883.0
# temp #791
0.0,2234.0
20314.209399092946,2234.0
20314.209399092946,2429.0
20682.489270321097,2429.0
20682.489270321097,2234.0
21300.533107691448,2234.0
21300.533107691448,2429.0
24404.389377753254,2429.0
24404.389377753254,2234.0
46568.25099599083,2234.0
46568.25099599083,2429.0
47459.21739551705,2429.0
47459.21739551705,2234.0
53016.7608082993,2234.0
53016.7608082993,2667.0
58625.368926976815,2667.0
58625.368926976815,2234.0
79058.44941402321,2234.0
79058.44941402321,2667.0
86400.000002,2667.0
# temp #792
0.0,2234.0
6493.105495884084,2234.0
6493.105495884084,2667.0
7749.369981489145,2667.0
7749.369981489145,2555.0
8602.704297169113,2555.0
8602.704297169113,2429.0
36458.55056683067,2429.0
36458.55056683067,2234.0
44327.222656854436,2234.0
44327.222656854436,2667.0
51245.79183433671,2667.0
51245.79183433671,2555.0
67276.10267002603,2555.0
67276.10267002603,2667.0
86400.0,2667.0
# temp #793
0.0,2234.0
54538.17048857455,2234.0
54538.17048857455,2555.0
71138.61472879072,2555.0
71138.61472879072,2429.0
86400.000002,2429.0
# temp #794
0.0,2234.0
68368.35622382352,2234.0
68368.35622382352,2555.0
86400.0,2555.0
# temp #795
0.0,2234.0
32187.12241840549,2234.0
32187.12241840549,2429.0
32639.76192392875,2429.0
32639.76192392875,2555.0
35814.45601761807,2555.0
35814.45601761807,2429.0
53414.43520041648,2429.0
53414.43520041648,2883.0
66440.22267339753,2883.0
66440.22267339753,2429.0
86400.0,2429.0
# temp #796
0.0,2234.0
5843.279588618317,2234.0
5843.279588618317,2667.0
26887.769200536426,2667.0
26887.769200536426,2555.0
28037.516982830133,2555.0
28037.516982830133,2667.0
54429.96730646119,2667.0
54429.96730646119,2555.0
55029.96730646119,2555.0
55029.96730646119,2667.0
74295.95477641562,2667.0
74295.95477641562,2555.0
79214.45712880233,2555.0
79214.45712880233,2429.0
86400.000002,2429.0
# temp #797
0.0,2234.0
7840.388757688925,2234.0
7840.388757688925,2429.0
8213.424990652129,2429.0
8213.424990652129,2234.0
8921.889311028644,2234.0
8921.889311028644,2429.0
9353.076973278075,2429.0
9353.076973278075,2234.0
28541.006247536283,2234.0
28541.006247536283,2429.0
29085.956879728477,2429.0
29085.956879728477,2555.0
30345.491096586924,2555.0
30345.491096586924,2429.0
30645.491096586924,2429.0
30645.491096586924,2555.0
30945.491096586924,2555.0
30945.491096586924,2429.0
31545.491096586924,2429.0
31545.491096586924,2555.0
32788.14088983928,2555.0
32788.14088983928,2429.0
36617.123061139144,2429.0
36617.123061139144,2555.0
57196.39907414094,2555.0
57196.39907414094,2667.0
86400.0,2667.0
# temp #798
0.0,2234.0
5984.262725547888,2234.0
5984.262725547888,2667.0
33800.71201112587,2667.0
33800.71201112587,2555.0
34634.043614496484,2555.0
34634.043614496484,2667.0
49077.86995754578,2667.0
49077.86995754578,2555.0
49377.86995754578,2555.0
49377.86995754578,2429.0
51779.25264746883,2429.0
51779.25264746883,2667.0
71253.71686443688,2667.0
71253.71686443688,2555.0
86400.0,2555.0
# temp #799
0.0,2234.0
18924.171268008653,2234.0
18924.171268008653,2555.0
57511.52884815821,2555.0
57511.52884815821,2429.0
74166.28431309947,2429.0
74166.28431309947,2234.0
76516.9133587042,2234.0
76516.9133587042,2429.0
86400.0,2429.0
# temp #800
0.0,2234.0
32977.73596309126,2234.0
32977.73596309126,2017.0
73852.00599892998,2017.0
73852.00599892998,2234.0
84531.70653353447,2234.0
84531.70653353447,2017.0
86400.000002,2017.0
# temp #801
0.0,2234.0
23456.75206971355,2234.0
23456.75206971355,2429.0
23796.750745712783,2429.0
23796.750745712783,2555.0
24674.712468101647,2555.0
24674.712468101647,2429.0
49022.98935719301,2429.0
49022.98935719301,2555.0
73725.9544786066,2555.0
73725.9544786066,2429.0
86400.000002,2429.0
# temp #802
0.0,2234.0
47427.27159603965,2234.0
47427.27159603965,2555.0
76987.61702638587,2555.0
76987.61702638587,2429.0
77342.10596296472,2429.0
77342.10596296472,2555.0
86400.0,2555.0
# temp #803
0.0,2234.0
4313.17585380748,2234.0
4313.17585380748,2667.0
30407.77257601731,2667.0
30407.77257601731,2555.0
31709.94310243987,2555.0
31709.94310243987,2667.0
47447.15802459978,2667.0
47447.15802459978,2555.0
47747.15802459978,2555.0
47747.15802459978,2667.0
48047.15802459978,2667.0
48047.15802459978,2555.0
51347.15802459978,2555.0
51347.15802459978,2667.0
76847.15802459978,2667.0
76847.15802459978,2883.0
86400.000002,2883.0
# temp #804
0.0,2234.0
52771.94754956291,2234.0
52771.94754956291,2555.0
55653.984503285035,2555.0
55653.984503285035,2667.0
56199.276210134856,2667.0
56199.276210134856,2555.0
62199.276210134856,2555.0
62199.276210134856,2429.0
64599.276210134856,2429.0
64599.276210134856,2234.0
68199.27621013486,2234.0
68199.27621013486,2429.0
69399.27621013486,2429.0
69399.27621013486,2234.0
75099.27621013486,2234.0
75099.27621013486,2429.0
84967.16153682211,2429.0
84967.16153682211,2234.0
86400.000002,2234.0
# temp #805
0.0,2234.0
2081.5533648245037,2234.0
2081.5533648245037,2883.0
2747.169119096361,2883.0
2747.169119096361,2667.0
7514.654258242808,2667.0
7514.654258242808,2883.0
27891.03675268125,2883.0
27891.03675268125,2667.0
41966.94607743994,2667.0
41966.94607743994,2555.0
77789.1720660031,2555.0
77789.1720660031,2429.0
86400.000002,2429.0
# temp #806
0.0,2234.0
30709.803691785786,2234.0
30709.803691785786,2555.0
32026.626562373716,2555.0
32026.626562373716,2429.0
32346.97676324286,2429.0
32346.97676324286,2555.0
34165.61103891582,2555.0
34165.61103891582,2429.0
35065.80834416673,2429.0
35065.80834416673,2555.0
35961.49021815509,2555.0
35961.49021815509,2429.0
36261.49021815509,2429.0
36261.49021815509,2555.0
36561.49021815509,2555.0
36561.49021815509,2429.0
37161.49021815509,2429.0
37161.49021815509,2555.0
38465.46144168825,2555.0
38465.46144168825,2429.0
65021.39685347211,2429.0
65021.39685347211,2555.0
86400.0,2555.0
# temp #807
0.0,2234.0
6135.196610027925,2234.0
6135.196610027925,2667.0
9525.902085634882,2667.0
9525.902085634882,2555.0
10106.469909637237,2555.0
10106.469909637237,2667.0
22114.270614366982,2667.0
22114.270614366982,2555.0
22414.270614366982,2555.0
22414.270614366982,2429.0
56331.945642898805,2429.0
56331.945642898805,2555.0
61158.5156297777,2555.0
61158.5156297777,2429.0
86400.0,2429.0
# temp #808
0.0,2234.0
15386.922800587492,2234.0
15386.922800587492,2555.0
41390.12750177645,2555.0
41390.12750177645,2429.0
84842.68608181739,2429.0
84842.68608181739,2234.0
85442.68608181739,2234.0
85442.68608181739,2429.0
86400.0,2429.0
# temp #809
0.0,2234.0
35491.30662004464,2234.0
35491.30662004464,2017.0
63150.337014393896,2017.0
63150.337014393896,2234.0
83882.16751576403,2234.0
83882.16751576403,2017.0
86400.0,2017.0
# temp #810
0.0,2234.0
51920.80987107475,2234.0
51920.80987107475,2555.0
57539.33234440629,2555.0
57539.33234440629,2429.0
66253.53593977635,2429.0
66253.53593977635,2234.0
66853.53593977635,2234.0
66853.53593977635,2429.0
69253.53593977635,2429.0
69253.53593977635,2555.0
79453.53593977635,2555.0
79453.53593977635,2667.0
86400.000002,2667.0
# temp #811
0.0,2234.0
41364.5558366552,2234.0
41364.5558366552,2555.0
76299.95092707688,2555.0
76299.95092707688,2429.0
86400.0,2429.0
# temp #812
0.0,2234.0
22449.99003284611,2234.0
22449.99003284611,2555.0
23978.378774737943,2555.0
23978.378774737943,2667.0
24498.030924727213,2667.0
24498.030924727213,2555.0
24798.030924727213,2555.0
24798.030924727213,2667.0
51498.03092472721,2667.0
51498.03092472721,2555.0
67398.03092472721,2555.0
67398.03092472721,2234.0
70998.03092472721,2234.0
70998.03092472721,2429.0
80898.03092472721,2429.0
80898.03092472721,2555.0
81498.03092472721,2555.0
81498.03092472721,2667.0
86400.0,2667.0
# temp #813
0.0,2234.0
46661.85888110195,2234.0
46661.85888110195,2555.0
48963.921234221205,2555.0
48963.921234221205,2667.0
49276.249207626104,2667.0
49276.249207626104,2555.0
55276.249207626104,2555.0
55276.249207626104,2429.0
57676.249207626104,2429.0
57676.249207626104,2234.0
61276.249207626104,2234.0
61276.249207626104,2429.0
62476.249207626104,2429.0
62476.249207626104,2234.0
68176.2492076261,2234.0
68176.2492076261,2429.0
86400.0,2429.0
# temp #814
0.0,2234.0
43133.37138534989,2234.0
43133.37138534989,2883.0
45533.37138534989,2883.0
45533.37138534989,2667.0
81186.12788615283,2667.0
81186.12788615283,2555.0
83870.92368069572,2555.0
83870.92368069572,2667.0
86400.0,2667.0
# temp #815
0.0,2234.0
64159.45132188499,2234.0
64159.45132188499,2555.0
83731.17014926393,2555.0
83731.17014926393,2234.0
86400.0,2234.0
# temp #816
0.0,2234.0
63019.180706050254,2234.0
63019.180706050254,2883.0
65419.180706050254,2883.0
65419.180706050254,2667.0
86400.0,2667.0
# temp #817
0.0,2234.0
3167.008539824747,2234.0
3167.008539824747,2667.0
5773.31286573317,2667.0
5773.31286573317,2555.0
7264.025154872798,2555.0
7264.025154872798,2667.0
14590.946589759553,2667.0
14590.946589759553,2555.0
14890.946589759553,2555.0
14890.946589759553,2667.0
15190.946589759553,2667.0
15190.946589759553,2555.0
18490.94658975955,2555.0
18490.94658975955,2667.0
43990.94658975955,2667.0
43990.94658975955,2883.0
86400.0,2883.0
# temp #818
0.0,2234.0
82622.01027330013,2234.0
82622.01027330013,2555.0
83835.23922166789,2555.0
83835.23922166789,2667.0
84378.98423981389,2667.0
84378.98423981389,2555.0
84678.98423981389,2555.0
84678.98423981389,2667.0
86400.000002,2667.0
# temp #819
0.0,2234.0
42442.69696071279,2234.0
42442.69696071279,2555.0
47485.23441357539,2555.0
47485.23441357539,2667.0
48049.686712352566,2667.0
48049.686712352566,2555.0
48349.686712352566,2555.0
48349.686712352566,2667.0
75049.68671235256,2667.0
75049.68671235256,2555.0
86400.0,2555.0
# temp #820
0.0,2234.0
48220.52118326538,2234.0
48220.52118326538,2429.0
80320.52118326537,2429.0
80320.52118326537,2555.0
80620.52118326537,2555.0
80620.52118326537,2667.0
86400.0,2667.0
# temp #821
0.0,2234.0
25555.04077866208,2234.0
25555.04077866208,2555.0
44603.30302643125,2555.0
44603.30302643125,2429.0
55150.511845224544,2429.0
55150.511845224544,2234.0
55450.511845224544,2234.0
55450.511845224544,2017.0
70377.7900360292,2017.0
70377.7900360292,2234.0
81656.13096531016,2234.0
81656.13096531016,2667.0
86400.0,2667.0
# temp #822
0.0,2234.0
73552.80666919427,2234.0
73552.80666919427,2555.0
84128.23472404854,2555.0
84128.23472404854,2429.0
84474.85778855627,2429.0
84474.85778855627,2555.0
86400.000002,2555.0
# temp #823
0.0,2234.0
6872.4744864273825,2234.0
6872.4744864273825,2883.0
17972.47448642738,2883.0
17972.47448642738,2555.0
31933.502429025248,2555.0
31933.502429025248,2667.0
65864.7409745492,2667.0
65864.7409745492,2555.0
75634.12225926296,2555.0
75634.12225926296,2667.0
84719.85219251366,2667.0
84719.85219251366,2234.0
86400.0,2234.0
# temp #824
0.0,2234.0
82742.02373181471,2234.0
82742.02373181471,2555.0
86400.000002,2555.0
# temp #825
0.0,2234.0
64811.19111240843,2234.0
64811.19111240843,2555.0
68937.78331330979,2555.0
68937.78331330979,2429.0
70541.59317961895,2429.0
70541.59317961895,2234.0
70841.59317961895,2234.0
70841.59317961895,2017.0
86400.0,2017.0
# temp #826
0.0,2234.0
1499.3453859351578,2234.0
1499.3453859351578,2667.0
43877.04388902058,2667.0
43877.04388902058,2555.0
44784.65356857051,2555.0
44784.65356857051,2667.0
64045.33137262335,2667.0
64045.33137262335,2555.0
64645.33137262335,2555.0
64645.33137262335,2667.0
77490.1886577951,2667.0
77490.1886577951,2555.0
82412.6155837672,2555.0
82412.6155837672,2429.0
86400.000002,2429.0
# temp #827
0.0,2234.0
8164.195982948879,2234.0
8164.195982948879,2667.0
47135.77913814225,2667.0
47135.77913814225,2555.0
47919.6215605829,2555.0
47919.6215605829,2429.0
48360.79060358462,2429.0
48360.79060358462,2555.0
60416.784092620954,2555.0
60416.784092620954,2429.0
66509.34300783557,2429.0
66509.34300783557,2555.0
82466.79185077084,2555.0
82466.79185077084,2667.0
86400.000002,2667.0
# temp #828
0.0,2234.0
42806.17561955006,2234.0
42806.17561955006,2429.0
43406.17561955006,2429.0
43406.17561955006,2555.0
46935.8180327341,2555.0
46935.8180327341,2429.0
86400.0,2429.0
# temp #829
0.0,2234.0
34189.49299785309,2234.0
34189.49299785309,2017.0
61029.952793475255,2017.0
61029.952793475255,2234.0
71732.23216272892,2234.0
71732.23216272892,2017.0
86400.0,2017.0
# temp #830
0.0,2234.0
1727.0913254935297,2234.0
1727.0913254935297,2667.0
11773.827923694627,2667.0
11773.827923694627,2555.0
12339.228534372525,2555.0
12339.228534372525,2667.0
42651.5139166033,2667.0
42651.5139166033,2555.0
43251.5139166033,2555.0
43251.5139166033,2667.0
57973.39677389246,2667.0
57973.39677389246,2555.0
61983.784553292215,2555.0
61983.784553292215,2429.0
79865.05156585482,2429.0
79865.05156585482,2234.0
86400.000002,2234.0
# temp #831
0.0,2234.0
9772.170150722379,2234.0
9772.170150722379,2883.0
10522.2374917008,2883.0
10522.2374917008,2667.0
20731.227452843454,2667.0
20731.227452843454,2883.0
21082.538738194857,2883.0
21082.538738194857,2555.0
25836.228952277455,2555.0
25836.228952277455,2429.0
49199.647559830926,2429.0
49199.647559830926,2234.0
84398.68049444632,2234.0
84398.68049444632,2429.0
86400.0,2429.0
# temp #832
0.0,2234.0
9211.30440970883,2234.0
9211.30440970883,2017.0
27496.919598430402,2017.0
27496.919598430402,2234.0
29640.029985364534,2234.0
29640.029985364534,2017.0
53002.08523529583,2017.0
53002.08523529583,2234.0
58963.77948489973,2234.0
58963.77948489973,2017.0
86400.0,2017.0
# temp #833
0.0,2234.0
11621.48288015742,2234.0
11621.48288015742,2883.0
12173.94619972911,2883.0
12173.94619972911,2667.0
14047.640635608697,2667.0
14047.640635608697,2883.0
14471.507933246905,2883.0
14471.507933246905,2555.0
18057.07491624635,2555.0
18057.07491624635,2429.0
52705.67863995676,2429.0
52705.67863995676,2555.0
72432.56640352776,2555.0
72432.56640352776,2667.0
86400.0,2667.0
# temp #834
0.0,2234.0
65006.795046105995,2234.0
65006.795046105995,2555.0
71231.50367536584,2555.0
71231.50367536584,2429.0
71823.54069468567,2429.0
71823.54069468567,2555.0
78800.28106200045,2555.0
78800.28106200045,2429.0
79153.65119283089,2429.0
79153.65119283089,2234.0
86400.000002,2234.0
# temp #835
0.0,2234.0
29283.51013201755,2234.0
29283.51013201755,2555.0
55871.45722748247,2555.0
55871.45722748247,2429.0
70135.49403862563,2429.0
70135.49403862563,2234.0
75012.84696639051,2234.0
75012.84696639051,2429.0
82480.84443511908,2429.0
82480.84443511908,2234.0
86400.0,2234.0
# temp #836
0.0,2234.0
8386.483327718453,2234.0
8386.483327718453,2667.0
23385.902795917358,2667.0
23385.902795917358,2555.0
24722.609537257817,2555.0
24722.609537257817,2667.0
51975.69697969594,2667.0
51975.69697969594,2555.0
52575.69697969594,2555.0
52575.69697969594,2667.0
73190.40209515953,2667.0
73190.40209515953,2555.0
78032.30456016028,2555.0
78032.30456016028,2429.0
86400.0,2429.0
# temp #837
0.0,2234.0
38633.099161251455,2234.0
38633.099161251455,2429.0
45533.099161251455,2429.0
45533.099161251455,2555.0
47333.099161251455,2555.0
47333.099161251455,2429.0
60233.099161251455,2429.0
60233.099161251455,2234.0
60533.099161251455,2234.0
60533.099161251455,2017.0
60833.099161251455,2017.0
60833.099161251455,2234.0
61133.099161251455,2234.0
61133.099161251455,2017.0
80956.14795712756,2017.0
80956.14795712756,2234.0
86400.000002,2234.0
# temp #838
0.0,2234.0
4536.689205653966,2234.0
4536.689205653966,2017.0
17800.084260804582,2017.0
17800.084260804582,2234.0
33926.8060610164,2234.0
33926.8060610164,2017.0
54427.58075650782,2017.0
54427.58075650782,2234.0
75047.29660749437,2234.0
75047.29660749437,2017.0
86400.0,2017.0
# temp #839
0.0,2234.0
14133.321188273841,2234.0
14133.321188273841,2555.0
19530.872086691674,2555.0
19530.872086691674,2667.0
20125.23300556932,2667.0
20125.23300556932,2555.0
20425.23300556932,2555.0
20425.23300556932,2667.0
47125.23300556932,2667.0
47125.23300556932,2555.0
63025.23300556932,2555.0
63025.23300556932,2234.0
66625.23300556932,2234.0
66625.23300556932,2429.0
76525.23300556932,2429.0
76525.23300556932,2555.0
77125.23300556932,2555.0
77125.23300556932,2667.0
86400.0,2667.0
# temp #840
0.0,2234.0
21908.858970226724,2234.0
21908.858970226724,2555.0
32445.626761671163,2555.0
32445.626761671163,2429.0
32810.02814678942,2429.0
32810.02814678942,2555.0
35868.8750904752,2555.0
35868.8750904752,2429.0
37075.48199545127,2429.0
37075.48199545127,2555.0
37499.04596011621,2555.0
37499.04596011621,2429.0
37799.04596011621,2429.0
37799.04596011621,2555.0
39299.04596011621,2555.0
39299.04596011621,2429.0
49499.04596011621,2429.0
49499.04596011621,2234.0
86400.0,2234.0
# temp #841
0.0,2234.0
5010.165744088591,2234.0
5010.165744088591,2667.0
17887.494771298956,2667.0
17887.494771298956,2555.0
19373.34248882253,2555.0
19373.34248882253,2667.0
48480.169749492794,2667.0
48480.169749492794,2555.0
51480.169749492794,2555.0
51480.169749492794,2667.0
77580.1697494928,2667.0
77580.1697494928,2883.0
86400.0,2883.0
# temp #842
0.0,2234.0
6301.615928602406,2234.0
6301.615928602406,2883.0
7277.997544175015,2883.0
7277.997544175015,2667.0
18558.949840231802,2667.0
18558.949840231802,2883.0
31095.60173784849,2883.0
31095.60173784849,2429.0
51836.29591071513,2429.0
51836.29591071513,2234.0
69348.26339674184,2234.0
69348.26339674184,2429.0
73248.73807900587,2429.0
73248.73807900587,2555.0
75901.34892133066,2555.0
75901.34892133066,2667.0
80848.63069779241,2667.0
80848.63069779241,2555.0
86400.000002,2555.0
# temp #843
0.0,2234.0
4134.224394452758,2234.0
4134.224394452758,2429.0
4719.735348480754,2429.0
4719.735348480754,2555.0
8654.783525574021,2555.0
8654.783525574021,2429.0
18626.534138945866,2429.0
18626.534138945866,2234.0
33894.79022794404,2234.0
33894.79022794404,2667.0
39704.93447289337,2667.0
39704.93447289337,2555.0
40816.51676420589,2555.0
40816.51676420589,2667.0
50739.21311006416,2667.0
50739.21311006416,2555.0
53928.88535738458,2555.0
53928.88535738458,2667.0
82640.07458270063,2667.0
82640.07458270063,2555.0
84128.73171034736,2555.0
84128.73171034736,2429.0
86400.0,2429.0
# temp #844
0.0,2234.0
6514.416520530359,2234.0
6514.416520530359,2667.0
52542.107082693845,2667.0
52542.107082693845,2555.0
52963.42844513711,2555.0
52963.42844513711,2667.0
85170.96019922757,2667.0
85170.96019922757,2555.0
85470.96019922757,2555.0
85470.96019922757,2667.0
86198.51715636907,2667.0
86198.51715636907,2555.0
86400.000002,2555.0
# temp #845
0.0,2234.0
34593.8052456826,2234.0
34593.8052456826,2429.0
35193.8052456826,2429.0
35193.8052456826,2555.0
39049.35435801745,2555.0
39049.35435801745,2429.0
57632.89481643588,2429.0
57632.89481643588,2883.0
65082.86592978985,2883.0
65082.86592978985,2667.0
86400.0,2667.0
# temp #846
0.0,2234.0
17038.627346232537,2234.0
17038.627346232537,2883.0
17498.650591378104,2883.0
17498.650591378104,2667.0
21645.820541633297,2667.0
21645.820541633297,2883.0
29440.21396567114,2883.0
29440.21396567114,2667.0
69371.95560992697,2667.0
69371.95560992697,2883.0
75079.60650580937,2883.0
75079.60650580937,2429.0
86400.000002,2429.0
# temp #847
0.0,2234.0
31298.20299467538,2234.0
31298.20299467538,2429.0
31724.272953439508,2429.0
31724.272953439508,2555.0
35312.75839107112,2555.0
35312.75839107112,2429.0
38969.812413328335,2429.0
38969.812413328335,2555.0
60989.312309701934,2555.0
60989.312309701934,2429.0
81291.41665336212,2429.0
81291.41665336212,2883.0
86400.000002,2883.0
# temp #848
0.0,2234.0
25572.472204221416,2234.0
25572.472204221416,2017.0
33132.46636530385,2017.0
33132.46636530385,2234.0
71680.16807846726,2234.0
71680.16807846726,2017.0
77484.34471841903,2017.0
77484.34471841903,2234.0
86400.0,2234.0
# temp #849
0.0,2234.0
4882.869553891943,2234.0
4882.869553891943,2667.0
23994.81285279617,2667.0
23994.81285279617,2555.0
24673.243161477152,2555.0
24673.243161477152,2667.0
31307.802354334857,2667.0
31307.802354334857,2555.0
31907.802354334857,2555.0
31907.802354334857,2667.0
48205.755666992634,2667.0
48205.755666992634,2555.0
52496.9440802699,2555.0
52496.9440802699,2429.0
70609.99113118743,2429.0
70609.99113118743,2555.0
86400.000002,2555.0
# temp #850
0.0,2234.0
76594.39523932525,2234.0
76594.39523932525,2555.0
84615.18571609633,2555.0
84615.18571609633,2429.0
85045.47837094871,2429.0
85045.47837094871,2555.0
86400.0,2555.0
# temp #851
0.0,2234.0
25249.30180991069,2234.0
25249.30180991069,2429.0
25652.322496706623,2429.0
25652.322496706623,2234.0
26356.66655392852,2234.0
26356.66655392852,2429.0
31558.067191368904,2429.0
31558.067191368904,2234.0
48661.93374472205,2234.0
48661.93374472205,2429.0
49840.992336650386,2429.0
49840.992336650386,2234.0
65457.2444280144,2234.0
65457.2444280144,2429.0
86400.0,2429.0
# temp #852
0.0,2234.0
50141.37672751677,2234.0
50141.37672751677,2555.0
77149.94149000851,2555.0
77149.94149000851,2429.0
77739.25512512216,2429.0
77739.25512512216,2555.0
86400.0,2555.0
# temp #853
0.0,2234.0
48868.17605299876,2234.0
48868.17605299876,2555.0
74580.6951689534,2555.0
74580.6951689534,2429.0
80115.09760944174,2429.0
80115.09760944174,2234.0
86140.27141153348,2234.0
86140.27141153348,2429.0
86400.000002,2429.0
# temp #854
0.0,2234.0
1670.6248599104586,2234.0
1670.6248599104586,2017.0
10845.605695853012,2017.0
10845.605695853012,2234.0
41953.57108949684,2234.0
41953.57108949684,2017.0
74297.84308061936,2017.0
74297.84308061936,2234.0
86400.0,2234.0
# temp #855
0.0,2234.0
1574.8936467804017,2234.0
1574.8936467804017,2555.0
3302.268935507164,2555.0
3302.268935507164,2667.0
3890.763271786273,2667.0
3890.763271786273,2555.0
9890.763271786273,2555.0
9890.763271786273,2429.0
12290.763271786273,2429.0
12290.763271786273,2234.0
15890.763271786273,2234.0
15890.763271786273,2429.0
17090.763271786273,2429.0
17090.763271786273,2234.0
22790.763271786273,2234.0
22790.763271786273,2429.0
27684.694509766996,2429.0
27684.694509766996,2234.0
61567.43930142839,2234.0
61567.43930142839,2429.0
72343.15525400454,2429.0
72343.15525400454,2555.0
86400.000002,2555.0
# temp #856
0.0,2234.0
48761.25897879247,2234.0
48761.25897879247,2555.0
68185.0377606461,2555.0
68185.0377606461,2429.0
73671.02972588038,2429.0
73671.02972588038,2234.0
75532.64939426446,2234.0
75532.64939426446,2429.0
81987.6567203086,2429.0
81987.6567203086,2234.0
86400.000002,2234.0
# temp #857
0.0,2234.0
55108.607653202496,2234.0
55108.607653202496,2555.0
75680.07363528015,2555.0
75680.07363528015,2429.0
86349.63665977122,2429.0
86349.63665977122,2234.0
86400.000002,2234.0
# temp #858
0.0,2234.0
9794.089002138937,2234.0
9794.089002138937,2883.0
10381.957813887859,2883.0
10381.957813887859,2667.0
13110.24327655323,2667.0
13110.24327655323,2883.0
42288.1228336366,2883.0
42288.1228336366,2429.0
54789.78263796308,2429.0
54789.78263796308,2555.0
66981.13238636871,2555.0
66981.13238636871,2429.0
82041.26163173934,2429.0
82041.26163173934,2555.0
86400.0,2555.0
# temp #859
0.0,2234.0
861.9923798600212,2234.0
861.9923798600212,2667.0
39885.77609618661,2667.0
39885.77609618661,2555.0
40506.56377372798,2555.0
40506.56377372798,2667.0
67247.13577392978,2667.0
67247.13577392978,2555.0
70247.13577392978,2555.0
70247.13577392978,2667.0
86400.0,2667.0
# temp #860
0.0,2234.0
13039.57513086498,2234.0
13039.57513086498,2017.0
34701.97031102144,2017.0
34701.97031102144,2234.0
67830.22134429777,2234.0
67830.22134429777,2017.0
86400.0,2017.0
# temp #861
0.0,2234.0
5396.231122850441,2234.0
5396.231122850441,2883.0
6895.128023601138,2883.0
6895.128023601138,2667.0
17526.201042090546,2667.0
17526.201042090546,2883.0
17821.609826339412,2883.0
17821.609826339412,2429.0
20133.271138183776,2429.0
20133.271138183776,2667.0
42232.54049720709,2667.0
42232.54049720709,2555.0
61436.70261728113,2555.0
61436.70261728113,2667.0
73494.05920598657,2667.0
73494.05920598657,2234.0
86400.0,2234.0
# temp #862
0.0,2234.0
83580.72789811996,2234.0
83580.72789811996,2555.0
86400.000002,2555.0
# temp #863
0.0,2234.0
82378.49572082052,2234.0
82378.49572082052,2883.0
84778.49572082052,2883.0
84778.49572082052,2667.0
86400.000002,2667.0
# temp #864
0.0,2234.0
6988.121310062708,2234.0
6988.121310062708,2667.0
36035.045735165484,2667.0
36035.045735165484,2555.0
37479.583234526224,2555.0
37479.583234526224,2429.0
58349.09936736805,2429.0
58349.09936736805,2555.0
73659.47132518051,2555.0
73659.47132518051,2429.0
86400.0,2429.0
# temp #865
0.0,2234.0
40137.83464974259,2234.0
40137.83464974259,2555.0
42575.546280224815,2555.0
42575.546280224815,2667.0
43033.33240463399,2667.0
43033.33240463399,2555.0
49033.33240463399,2555.0
49033.33240463399,2429.0
51433.33240463399,2429.0
51433.33240463399,2234.0
55033.33240463399,2234.0
55033.33240463399,2429.0
56233.33240463399,2429.0
56233.33240463399,2234.0
61933.33240463399,2234.0
61933.33240463399,2429.0
86400.000002,2429.0
# temp #866
0.0,2234.0
31054.227065923627,2234.0
31054.227065923627,2429.0
31447.40407909267,2429.0
31447.40407909267,2234.0
32153.255800344054,2234.0
32153.255800344054,2429.0
32454.00981330313,2429.0
32454.00981330313,2234.0
56347.00893703849,2234.0
56347.00893703849,2429.0
57577.40975199268,2429.0
57577.40975199268,2555.0
58278.52360093967,2555.0
58278.52360093967,2429.0
58578.52360093967,2429.0
58578.52360093967,2555.0
58878.52360093967,2555.0
58878.52360093967,2429.0
59478.52360093967,2429.0
59478.52360093967,2555.0
63611.70086273924,2555.0
63611.70086273924,2429.0
68381.87685145532,2429.0
68381.87685145532,2555.0
85280.87359350176,2555.0
85280.87359350176,2429.0
86400.000002,2429.0
# temp #867
0.0,2234.0
53400.46889183578,2234.0
53400.46889183578,2429.0
53700.46889183578,2429.0
53700.46889183578,2234.0
78200.9341425961,2234.0
78200.9341425961,2429.0
86400.000002,2429.0
# temp #868
0.0,2234.0
65510.34359978512,2234.0
65510.34359978512,2555.0
75596.68528174516,2555.0
75596.68528174516,2234.0
86400.0,2234.0
# temp #869
0.0,2234.0
10878.478373237887,2234.0
10878.478373237887,2883.0
11370.526197622532,2883.0
11370.526197622532,2667.0
23144.78952912614,2667.0
23144.78952912614,2883.0
40676.70786939562,2883.0
40676.70786939562,2667.0
58402.1548142424,2667.0
58402.1548142424,2555.0
75608.76767977608,2555.0
75608.76767977608,2667.0
86400.000002,2667.0
# temp #870
0.0,2234.0
59100.20652611275,2234.0
59100.20652611275,2555.0
62012.882954045206,2555.0
62012.882954045206,2667.0
71912.8829540452,2667.0
71912.8829540452,2555.0
74895.92477360276,2555.0
74895.92477360276,2429.0
86400.0,2429.0
# temp #871
0.0,2234.0
7112.401695479641,2234.0
7112.401695479641,2667.0
32279.738297034062,2667.0
32279.738297034062,2555.0
33410.05606502295,2555.0
33410.05606502295,2667.0
60506.541432975806,2667.0
60506.541432975806,2555.0
60806.541432975806,2555.0
60806.541432975806,2667.0
61106.541432975806,2667.0
61106.541432975806,2555.0
64406.541432975806,2555.0
64406.541432975806,2667.0
86400.000002,2667.0
# temp #872
0.0,2234.0
22272.728275973353,2234.0
22272.728275973353,2555.0
24635.2088251384,2555.0
24635.2088251384,2667.0
34535.2088251384,2667.0
34535.2088251384,2555.0
38579.782613483265,2555.0
38579.782613483265,2429.0
68165.1209881995,2429.0
68165.1209881995,2555.0
80314.33481178248,2555.0
80314.33481178248,2667.0
86400.000002,2667.0
# temp #873
0.0,2234.0
18376.181972678754,2234.0
18376.181972678754,2555.0
33998.08328244836,2555.0
33998.08328244836,2429.0
53814.77836836131,2429.0
53814.77836836131,2234.0
62644.570684782244,2234.0
62644.570684782244,2429.0
64359.12763362286,2429.0
64359.12763362286,2234.0
79430.16563176645,2234.0
79430.16563176645,2667.0
86400.0,2667.0
# temp #874
0.0,2234.0
9208.396347309465,2234.0
9208.396347309465,2883.0
10008.096955041403,2883.0
10008.096955041403,2667.0
18729.93317989167,2667.0
18729.93317989167,2883.0
27478.113281610425,2883.0
27478.113281610425,2667.0
44801.994434650995,2667.0
44801.994434650995,2555.0
56590.24152208586,2555.0
56590.24152208586,2429.0
74992.74378656411,2429.0
74992.74378656411,2555.0
86400.000002,2555.0
# temp #875
0.0,2234.0
72306.27644062044,2234.0
72306.27644062044,2555.0
86400.0,2555.0
# temp #876
0.0,2234.0
12311.62410399411,2234.0
12311.62410399411,2883.0
14050.835522264244,2883.0
14050.835522264244,2667.0
20840.61999348924,2667.0
20840.61999348924,2883.0
37719.68246621546,2883.0
37719.68246621546,2429.0
47273.99142149371,2429.0
47273.99142149371,2883.0
58370.85938765669,2883.0
58370.85938765669,2429.0
65964.61997777225,2429.0
65964.61997777225,2555.0
78163.436553441,2555.0
78163.436553441,2667.0
86400.0,2667.0
# temp #877
0.0,2234.0
1830.1692101173105,2234.0
1830.1692101173105,2667.0
15644.408114952968,2667.0
15644.408114952968,2555.0
16072.079892782496,2555.0
16072.079892782496,2667.0
43628.23561832775,2667.0
43628.23561832775,2555.0
43928.23561832775,2555.0
43928.23561832775,2667.0
44228.23561832775,2667.0
44228.23561832775,2555.0
47528.23561832775,2555.0
47528.23561832775,2667.0
73028.23561832774,2667.0
73028.23561832774,2883.0
86400.000002,2883.0
# temp #878
0.0,2234.0
21077.578990766782,2234.0
21077.578990766782,2017.0
42592.36976201647,2017.0
42592.36976201647,2234.0
84635.3155985009,2234.0
84635.3155985009,2017.0
86400.0,2017.0
# temp #879
0.0,2234.0
65295.55408924353,2234.0
65295.55408924353,2883.0
67695.55408924352,2883.0
67695.55408924352,2667.0
71131.86235791074,2667.0
71131.86235791074,2555.0
86400.000002,2555.0
# temp #880
0.0,2234.0
77671.84649265838,2234.0
77671.84649265838,2555.0
81100.67181168126,2555.0
81100.67181168126,2667.0
86400.0,2667.0
# temp #881
0.0,2234.0
56699.56805594266,2234.0
56699.56805594266,2429.0
57010.55400073529,2429.0
57010.55400073529,2555.0
58642.17122532428,2555.0
58642.17122532428,2429.0
79780.85921918975,2429.0
79780.85921918975,2555.0
86400.0,2555.0
# temp #882
0.0,2234.0
766.0535161849111,2234.0
766.0535161849111,2667.0
42866.080847103156,2667.0
42866.080847103156,2555.0
43965.14745773748,2555.0
43965.14745773748,2667.0
78908.86096707547,2667.0
78908.86096707547,2555.0
79208.86096707547,2555.0
79208.86096707547,2667.0
79844.83358811123,2667.0
79844.83358811123,2555.0
80444.83358811123,2555.0
80444.83358811123,2667.0
85796.95033868776,2667.0
85796.95033868776,2555.0
86400.0,2555.0
# temp #883
0.0,2234.0
38328.979471279315,2234.0
38328.979471279315,2017.0
83122.28055973539,2017.0
83122.28055973539,2234.0
86400.000002,2234.0
# temp #884
0.0,2234.0
9113.677999936046,2234.0
9113.677999936046,2555.0
48164.396174205474,2555.0
48164.396174205474,2429.0
48539.076447417036,2429.0
48539.076447417036,2555.0
54522.77087902185,2555.0
54522.77087902185,2429.0
55294.119069515735,2429.0
55294.119069515735,2555.0
55873.01041956526,2555.0
55873.01041956526,2429.0
56173.01041956526,2429.0
56173.01041956526,2555.0
76573.01041956525,2555.0
76573.01041956525,2429.0
76873.01041956525,2429.0
76873.01041956525,2555.0
77473.01041956525,2555.0
77473.01041956525,2667.0
86400.000002,2667.0
# temp #885
0.0,2234.0
5645.875355531462,2234.0
5645.875355531462,2555.0
29499.113237508576,2555.0
29499.113237508576,2429.0
29830.153307248842,2429.0
29830.153307248842,2555.0
35677.58299440612,2555.0
35677.58299440612,2429.0
36805.403961637065,2429.0
36805.403961637065,2555.0
38083.592887152925,2555.0
38083.592887152925,2429.0
38383.592887152925,2429.0
38383.592887152925,2555.0
58783.59288715292,2555.0
58783.59288715292,2429.0
59083.59288715292,2429.0
59083.59288715292,2555.0
59683.59288715292,2555.0
59683.59288715292,2667.0
85502.77115532663,2667.0
85502.77115532663,2555.0
86400.000002,2555.0
# temp #886
0.0,2234.0
8382.639470323922,2234.0
8382.639470323922,2667.0
20718.007481074896,2667.0
20718.007481074896,2555.0
21026.882679644044,2555.0
21026.882679644044,2667.0
53709.41004089547,2667.0
53709.41004089547,2555.0
54309.41004089547,2555.0
54309.41004089547,2667.0
72690.66275570077,2667.0
72690.66275570077,2555.0
74272.95824016912,2555.0
74272.95824016912,2429.0
86400.0,2429.0
# temp #887
0.0,2234.0
28929.33510532603,2234.0
28929.33510532603,2017.0
50935.577951883904,2017.0
50935.577951883904,2234.0
86400.000002,2234.0
# temp #888
0.0,2234.0
37118.93469511998,2234.0
37118.93469511998,2555.0
38503.791855485186,2555.0
38503.791855485186,2667.0
38995.59594215826,2667.0
38995.59594215826,2555.0
39295.59594215826,2555.0
39295.59594215826,2667.0
65995.59594215825,2667.0
65995.59594215825,2555.0
81895.59594215825,2555.0
81895.59594215825,2234.0
85495.59594215825,2234.0
85495.59594215825,2429.0
86400.000002,2429.0
# temp #889
0.0,2234.0
7839.593605860138,2234.0
7839.593605860138,2667.0
18266.140045062642,2667.0
18266.140045062642,2555.0
19055.639908765446,2555.0
19055.639908765446,2667.0
29519.593900395565,2667.0
29519.593900395565,2555.0
29819.593900395565,2555.0
29819.593900395565,2667.0
30640.50419591368,2667.0
30640.50419591368,2555.0
31240.50419591368,2555.0
31240.50419591368,2667.0
44504.726288490936,2667.0
44504.726288490936,2555.0
55012.514996551916,2555.0
55012.514996551916,2667.0
70860.96260128544,2667.0
70860.96260128544,2555.0
79393.47416432576,2555.0
79393.47416432576,2429.0
86400.0,2429.0
# temp #890
0.0,2234.0
14791.632795240732,2234.0
14791.632795240732,2555.0
32701.06154582464,2555.0
32701.06154582464,2429.0
49632.337158685565,2429.0
49632.337158685565,2234.0
52753.62127760892,2234.0
52753.62127760892,2429.0
58942.606713948786,2429.0
58942.606713948786,2234.0
70751.21821418872,2234.0
70751.21821418872,2429.0
86400.000002,2429.0
# temp #891
0.0,2234.0
58731.406049919315,2234.0
58731.406049919315,2555.0
59380.68757862784,2555.0
59380.68757862784,2234.0
86400.0,2234.0
# temp #892
0.0,2234.0
6679.302002163606,2234.0
6679.302002163606,2667.0
26449.945020815365,2667.0
26449.945020815365,2555.0
27271.035695588223,2555.0
27271.035695588223,2667.0
50462.516527343556,2667.0
50462.516527343556,2555.0
50762.516527343556,2555.0
50762.516527343556,2667.0
51572.998340078644,2667.0
51572.998340078644,2555.0
52172.998340078644,2555.0
52172.998340078644,2667.0
67155.11119596196,2667.0
67155.11119596196,2555.0
73855.6288454449,2555.0
73855.6288454449,2667.0
86400.0,2667.0
# temp #893
0.0,2234.0
11554.937976412477,2234.0
11554.937976412477,2017.0
34545.27198937722,2017.0
34545.27198937722,2234.0
46737.641492625706,2234.0
46737.641492625706,2017.0
69860.46183337459,2017.0
69860.46183337459,2234.0
86400.000002,2234.0
# temp #894
0.0,2234.0
35536.50005003438,2234.0
35536.50005003438,2555.0
39794.67808725313,2555.0
39794.67808725313,2667.0
40145.75685274322,2667.0
40145.75685274322,2555.0
46145.75685274322,2555.0
46145.75685274322,2429.0
48545.75685274322,2429.0
48545.75685274322,2234.0
52145.75685274322,2234.0
52145.75685274322,2429.0
53345.75685274322,2429.0
53345.75685274322,2234.0
59045.75685274322,2234.0
59045.75685274322,2429.0
80714.18624168729,2429.0
80714.18624168729,2555.0
86400.000002,2555.0
# temp #895
0.0,2234.0
55105.41349123233,2234.0
55105.41349123233,2555.0
60169.585676933646,2555.0
60169.585676933646,2667.0
60767.83494735137,2667.0
60767.83494735137,2555.0
66767.83494735138,2555.0
66767.83494735138,2429.0
69167.83494735138,2429.0
69167.83494735138,2234.0
72767.83494735138,2234.0
72767.83494735138,2429.0
73967.83494735138,2429.0
73967.83494735138,2234.0
79667.83494735138,2234.0
79667.83494735138,2429.0
82710.81598433667,2429.0
82710.81598433667,2555.0
86400.000002,2555.0
# temp #896
0.0,2234.0
7082.312549720519,2234.0
7082.312549720519,2429.0
7478.603240777739,2429.0
7478.603240777739,2555.0
8664.546524290927,2555.0
8664.546524290927,2429.0
53228.18391846959,2429.0
53228.18391846959,2883.0
72882.2750410298,2883.0
72882.2750410298,2667.0
86400.000002,2667.0
# temp #897
0.0,2234.0
15172.055039741103,2234.0
15172.055039741103,2883.0
15965.987497963946,2883.0
15965.987497963946,2667.0
25991.845163726255,2667.0
25991.845163726255,2883.0
45887.74394234643,2883.0
45887.74394234643,2429.0
71710.79327180052,2429.0
71710.79327180052,2234.0
86400.000002,2234.0
# temp #898
0.0,2234.0
41051.191133447,2234.0
41051.191133447,2017.0
76766.19213838132,2017.0
76766.19213838132,2234.0
86400.000002,2234.0
# temp #899
0.0,2234.0
49439.15023645387,2234.0
49439.15023645387,2555.0
73233.73514050619,2555.0
73233.73514050619,2429.0
86400.000002,2429.0
# temp #900
0.0,2234.0
4206.376079656184,2234.0
4206.376079656184,2883.0
5912.709049670957,2883.0
5912.709049670957,2667.0
11257.116126338951,2667.0
11257.116126338951,2883.0
15924.405182618648,2883.0
15924.405182618648,2429.0
58901.506871636964,2429.0
58901.506871636964,2883.0
86124.57694779152,2883.0
86124.57694779152,2429.0
86400.000002,2429.0
# temp #901
0.0,2234.0
8605.926651251504,2234.0
8605.926651251504,2667.0
34921.54617968482,2667.0
34921.54617968482,2555.0
35650.086724455476,2555.0
35650.086724455476,2667.0
58625.23199769204,2667.0
58625.23199769204,2555.0
61625.23199769204,2555.0
61625.23199769204,2667.0
86400.0,2667.0
# temp #902
0.0,2234.0
25322.19192506746,2234.0
25322.19192506746,2429.0
57422.191925067455,2429.0
57422.191925067455,2555.0
57722.191925067455,2555.0
57722.191925067455,2667.0
67336.12835446838,2667.0
67336.12835446838,2555.0
86400.0,2555.0
# temp #903
0.0,2234.0
85601.2826194754,2234.0
85601.2826194754,2555.0
86400.0,2555.0
# temp #904
0.0,2234.0
40333.17901873962,2234.0
40333.17901873962,2555.0
50053.90555900522,2555.0
50053.90555900522,2429.0
50559.721775748774,2429.0
50559.721775748774,2555.0
59482.84904540052,2555.0
59482.84904540052,2429.0
60633.2103733672,2429.0
60633.2103733672,2234.0
67802.09642888514,2234.0
67802.09642888514,2667.0
86400.0,2667.0
# temp #905
0.0,2234.0
65756.47807305213,2234.0
65756.47807305213,2555.0
79483.38330632541,2555.0
79483.38330632541,2234.0
84457.09514091723,2234.0
84457.09514091723,2429.0
86400.000002,2429.0
# temp #906
0.0,2234.0
50301.85517419596,2234.0
50301.85517419596,2429.0
50787.86520953291,2429.0
50787.86520953291,2555.0
55034.67476139777,2555.0
55034.67476139777,2429.0
76022.21587942915,2429.0
76022.21587942915,2555.0
83775.33303138336,2555.0
83775.33303138336,2429.0
86400.000002,2429.0
# temp #907
0.0,2234.0
79801.05919044,2234.0
79801.05919044,2555.0
81598.43109848445,2555.0
81598.43109848445,2429.0
82935.38556473797,2429.0
82935.38556473797,2234.0
83235.38556473797,2234.0
83235.38556473797,2017.0
86400.000002,2017.0
# temp #908
0.0,2234.0
17643.461696896702,2234.0
17643.461696896702,2017.0
54899.374399613596,2017.0
54899.374399613596,2234.0
84182.29009425269,2234.0
84182.29009425269,2017.0
86400.0,2017.0
# temp #909
0.0,2234.0
80024.74604404999,2234.0
80024.74604404999,2555.0
86400.0,2555.0
# temp #910
0.0,2234.0
61153.15725279507,2234.0
61153.15725279507,2555.0
76127.9146398185,2555.0
76127.9146398185,2429.0
76573.27599038837,2429.0
76573.27599038837,2555.0
83275.63863464167,2555.0
83275.63863464167,2429.0
84263.84691267741,2429.0
84263.84691267741,2234.0
86400.0,2234.0
# temp #911
0.0,2234.0
4455.779170920142,2234.0
4455.779170920142,2667.0
31739.46187135298,2667.0
31739.46187135298,2555.0
32905.36722403485,2555.0
32905.36722403485,2667.0
40287.92920487468,2667.0
40287.92920487468,2555.0
43287.92920487468,2555.0
43287.92920487468,2667.0
69387.92920487467,2667.0
69387.92920487467,2883.0
86400.0,2883.0
# temp #912
0.0,2234.0
27134.10487796646,2234.0
27134.10487796646,2555.0
44582.59432178457,2555.0
44582.59432178457,2429.0
44892.56320050918,2429.0
44892.56320050918,2555.0
48258.630718686625,2555.0
48258.630718686625,2429.0
49028.12482207083,2429.0
49028.12482207083,2234.0
74285.25548209438,2234.0
74285.25548209438,2429.0
86400.0,2429.0
# temp #913
0.0,2234.0
14033.354798541406,2234.0
14033.354798541406,2555.0
26759.11415058654,2555.0
26759.11415058654,2429.0
69147.03434694094,2429.0
69147.03434694094,2234.0
69747.03434694094,2234.0
69747.03434694094,2429.0
72147.03434694094,2429.0
72147.03434694094,2555.0
82347.03434694094,2555.0
82347.03434694094,2667.0
86400.0,2667.0
# temp #914
0.0,2234.0
43074.635501322344,2234.0
43074.635501322344,2555.0
45881.13701508847,2555.0
45881.13701508847,2429.0
46424.40801998601,2429.0
46424.40801998601,2555.0
66457.53274003511,2555.0
66457.53274003511,2429.0
67009.90144656973,2429.0
67009.90144656973,2234.0
83333.19303877653,2234.0
83333.19303877653,2667.0
86400.0,2667.0
# temp #915
0.0,2234.0
12266.613282356413,2234.0
12266.613282356413,2017.0
64239.46223342792,2017.0
64239.46223342792,2234.0
83716.95183925332,2234.0
83716.95183925332,2017.0
86400.0,2017.0
# temp #916
0.0,2234.0
52702.65019002837,2234.0
52702.65019002837,2429.0
53002.65019002837,2429.0
53002.65019002837,2234.0
86400.000002,2234.0
# temp #917
0.0,2234.0
62834.59579737391,2234.0
62834.59579737391,2555.0
63837.33321146574,2555.0
63837.33321146574,2234.0
65834.54301261809,2234.0
65834.54301261809,2429.0
86400.0,2429.0
# temp #918
0.0,2234.0
912.0771017856896,2234.0
912.0771017856896,2667.0
1856.827885005623,2667.0
1856.827885005623,2555.0
3157.62226190418,2555.0
3157.62226190418,2667.0
9423.434303677643,2667.0
9423.434303677643,2555.0
10023.434303677643,2555.0
10023.434303677643,2667.0
26227.523416397165,2667.0
26227.523416397165,2555.0
29752.110504847955,2555.0
29752.110504847955,2429.0
71862.422342808,2429.0
71862.422342808,2883.0
86400.0,2883.0
# temp #919
0.0,2234.0
5378.159016254359,2234.0
5378.159016254359,2667.0
48642.05718711019,2667.0
48642.05718711019,2555.0
49851.131776347764,2555.0
49851.131776347764,2667.0
86400.0,2667.0
# temp #920
0.0,2234.0
20680.91028076597,2234.0
20680.91028076597,2017.0
51613.697431795306,2017.0
51613.697431795306,2234.0
52741.39480479062,2234.0
52741.39480479062,2017.0
86400.0,2017.0
# temp #921
0.0,2234.0
13358.211556635799,2234.0
13358.211556635799,2883.0
14135.4476866778,2883.0
14135.4476866778,2667.0
16861.868855869398,2667.0
16861.868855869398,2883.0
17040.020352043215,2883.0
17040.020352043215,2429.0
33342.75577752851,2429.0
33342.75577752851,2234.0
50391.173010435894,2234.0
50391.173010435894,2429.0
78782.56615111606,2429.0
78782.56615111606,2555.0
86400.0,2555.0
# temp #922
0.0,2234.0
6137.932836357505,2234.0
6137.932836357505,2555.0
29593.05784804747,2555.0
29593.05784804747,2429.0
29962.91683511809,2429.0
29962.91683511809,2555.0
30795.565292565156,2555.0
30795.565292565156,2429.0
31440.18490982708,2429.0
31440.18490982708,2234.0
41464.08811428119,2234.0
41464.08811428119,2429.0
50430.1242759917,2429.0
50430.1242759917,2234.0
68731.77061420867,2234.0
68731.77061420867,2667.0
74283.00836950076,2667.0
74283.00836950076,2555.0
86400.0,2555.0
# temp #923
0.0,2234.0
39328.02493642085,2234.0
39328.02493642085,2429.0
39895.489117736004,2429.0
39895.489117736004,2234.0
40684.8778070882,2234.0
40684.8778070882,2429.0
41654.2217461858,2429.0
41654.2217461858,2234.0
57963.0183022935,2234.0
57963.0183022935,2429.0
59239.94294959121,2429.0
59239.94294959121,2555.0
60650.83348159679,2555.0
60650.83348159679,2429.0
60950.83348159679,2429.0
60950.83348159679,2555.0
61250.83348159679,2555.0
61250.83348159679,2429.0
61850.83348159679,2429.0
61850.83348159679,2555.0
64138.029021816335,2555.0
64138.029021816335,2429.0
86400.000002,2429.0
# temp #924
0.0,2234.0
10266.784175019713,2234.0
10266.784175019713,2883.0
11829.45449582767,2883.0
11829.45449582767,2667.0
23271.08075106517,2667.0
23271.08075106517,2883.0
32371.79458821193,2883.0
32371.79458821193,2667.0
43027.330888831064,2667.0
43027.330888831064,2555.0
53483.75844166149,2555.0
53483.75844166149,2667.0
83235.2981148055,2667.0
83235.2981148055,2555.0
85097.67819230912,2555.0
85097.67819230912,2429.0
86400.000002,2429.0
# temp #925
0.0,2234.0
66714.51140823774,2234.0
66714.51140823774,2555.0
70094.33549386449,2555.0
70094.33549386449,2234.0
86400.0,2234.0
# temp #926
0.0,2234.0
8531.793626979927,2234.0
8531.793626979927,2667.0
17226.330673461784,2667.0
17226.330673461784,2555.0
18498.826367827136,2555.0
18498.826367827136,2429.0
42585.77502169647,2429.0
42585.77502169647,2883.0
50959.35895484873,2883.0
50959.35895484873,2555.0
52159.35895484873,2555.0
52159.35895484873,2883.0
52515.7216122374,2883.0
52515.7216122374,2555.0
53404.14869170637,2555.0
53404.14869170637,2429.0
71636.82494075039,2429.0
71636.82494075039,2555.0
86400.0,2555.0
# temp #927
0.0,2234.0
8571.035093022512,2234.0
8571.035093022512,2555.0
18057.25147649646,2555.0
18057.25147649646,2429.0
18656.068520271223,2429.0
18656.068520271223,2555.0
28601.870463159874,2555.0
28601.870463159874,2429.0
30084.25599953626,2429.0
30084.25599953626,2555.0
30975.04018305336,2555.0
30975.04018305336,2429.0
31275.04018305336,2429.0
31275.04018305336,2555.0
51675.04018305336,2555.0
51675.04018305336,2429.0
51975.04018305336,2429.0
51975.04018305336,2555.0
52575.04018305336,2555.0
52575.04018305336,2667.0
57948.76504966524,2667.0
57948.76504966524,2555.0
71181.97809902487,2555.0
71181.97809902487,2667.0
86400.0,2667.0
# temp #928
0.0,2234.0
2482.078042114154,2234.0
2482.078042114154,2667.0
42978.67702168879,2667.0
42978.67702168879,2555.0
43573.447717702955,2555.0
43573.447717702955,2667.0
48146.28483834677,2667.0
48146.28483834677,2555.0
48446.28483834677,2555.0
48446.28483834677,2429.0
66373.56826965699,2429.0
66373.56826965699,2555.0
70212.39893739113,2555.0
70212.39893739113,2667.0
81908.62480059733,2667.0
81908.62480059733,2555.0
85345.49718294294,2555.0
85345.49718294294,2429.0
86400.0,2429.0
# temp #929
0.0,2234.0
15008.016611309724,2234.0
15008.016611309724,2017.0
36687.19436489046,2017.0
36687.19436489046,2234.0
56948.183119855836,2234.0
56948.183119855836,2017.0
78622.09460400046,2017.0
78622.09460400046,2234.0
86400.000002,2234.0
# temp #930
0.0,2234.0
83260.1771121612,2234.0
83260.1771121612,2555.0
86400.0,2555.0
# temp #931
0.0,2234.0
66375.65073890147,2234.0
66375.65073890147,2555.0
80885.68102314604,2555.0
80885.68102314604,2429.0
85245.55325552357,2429.0
85245.55325552357,2234.0
85845.55325552357,2234.0
85845.55325552357,2429.0
86400.000002,2429.0
# temp #932
0.0,2234.0
76725.78746820801,2234.0
76725.78746820801,2883.0
79125.78746820801,2883.0
79125.78746820801,2667.0
86400.000002,2667.0
# temp #933
0.0,2234.0
3309.2517898650844,2234.0
3309.2517898650844,2667.0
45081.76809707657,2667.0
45081.76809707657,2555.0
46071.464190725244,2555.0
46071.464190725244,2667.0
57209.45972912014,2667.0
57209.45972912014,2555.0
60209.45972912014,2555.0
60209.45972912014,2667.0
86309.45972912014,2667.0
86309.45972912014,2883.0
86400.000002,2883.0
# temp #934
0.0,2234.0
7232.452241890134,2234.0
7232.452241890134,2667.0
18571.880213683475,2667.0
18571.880213683475,2555.0
18999.128333525736,2555.0
18999.128333525736,2667.0
33780.553079629324,2667.0
33780.553079629324,2555.0
34080.553079629324,2555.0
34080.553079629324,2667.0
34791.56807377004,2667.0
34791.56807377004,2555.0
35391.56807377004,2555.0
35391.56807377004,2667.0
64161.01197735408,2667.0
64161.01197735408,2555.0
86400.000002,2555.0
# temp #935
0.0,2234.0
37975.47664241865,2234.0
37975.47664241865,2555.0
40157.87789225578,2555.0
40157.87789225578,2667.0
83982.9346926883,2667.0
83982.9346926883,2883.0
86400.000002,2883.0
# temp #936
0.0,2234.0
7218.08641003445,2234.0
7218.08641003445,2667.0
43443.125969055116,2667.0
43443.125969055116,2555.0
44275.19349621144,2555.0
44275.19349621144,2667.0
71745.42451605668,2667.0
71745.42451605668,2555.0
72045.42451605668,2555.0
72045.42451605668,2667.0
72762.1447002981,2667.0
72762.1447002981,2555.0
73362.1447002981,2555.0
73362.1447002981,2667.0
86400.0,2667.0
# temp #937
0.0,2234.0
60353.094320674434,2234.0
60353.094320674434,2555.0
64687.30458884966,2555.0
64687.30458884966,2429.0
65101.85921390076,2429.0
65101.85921390076,2555.0
73563.65516530351,2555.0
73563.65516530351,2429.0
74720.15710528941,2429.0
74720.15710528941,2234.0
77641.68296623976,2234.0
77641.68296623976,2667.0
86400.0,2667.0
# temp #938
0.0,2234.0
24022.48308216222,2234.0
24022.48308216222,2429.0
24415.46632696409,2429.0
24415.46632696409,2555.0
24898.470658552837,2555.0
24898.470658552837,2429.0
27593.464788654823,2429.0
27593.464788654823,2234.0
37850.210601347506,2234.0
37850.210601347506,2429.0
67799.43017454354,2429.0
67799.43017454354,2555.0
82686.39580977616,2555.0
82686.39580977616,2429.0
86400.0,2429.0
# temp #939
0.0,2234.0
2941.9156253105034,2234.0
2941.9156253105034,2429.0
3241.9156253105034,2429.0
3241.9156253105034,2234.0
4700.587441935205,2234.0
4700.587441935205,2667.0
8916.633237060161,2667.0
8916.633237060161,2555.0
14891.719605401162,2555.0
14891.719605401162,2667.0
15593.994966312315,2667.0
15593.994966312315,2555.0
47938.065092219054,2555.0
47938.065092219054,2429.0
84813.52649617476,2429.0
84813.52649617476,2555.0
86400.0,2555.0
# temp #940
0.0,2234.0
8305.17694540322,2234.0
8305.17694540322,2667.0
36760.05612588488,2667.0
36760.05612588488,2555.0
37702.127816202126,2555.0
37702.127816202126,2667.0
70603.7480881205,2667.0
70603.7480881205,2555.0
73603.7480881205,2555.0
73603.7480881205,2667.0
86400.000002,2667.0
# temp #941
0.0,2234.0
66551.85605103617,2234.0
66551.85605103617,2555.0
71864.6124759922,2555.0
71864.6124759922,2667.0
72377.26381849499,2667.0
72377.26381849499,2555.0
78377.26381849499,2555.0
78377.26381849499,2429.0
80777.26381849499,2429.0
80777.26381849499,2234.0
84377.26381849499,2234.0
84377.26381849499,2429.0
85577.26381849499,2429.0
85577.26381849499,2234.0
86400.000002,2234.0
# temp #942
0.0,2234.0
73936.48318704219,2234.0
73936.48318704219,2555.0
79146.25207933133,2555.0
79146.25207933133,2667.0
85446.25207933133,2667.0
85446.25207933133,2555.0
86400.000002,2555.0
# temp #943
0.0,2234.0
1123.6825661268085,2234.0
1123.6825661268085,2667.0
45624.77738354356,2667.0
45624.77738354356,2555.0
46872.86084387452,2555.0
46872.86084387452,2429.0
57391.45893577953,2429.0
57391.45893577953,2555.0
64322.69916927908,2555.0
64322.69916927908,2667.0
86400.000002,2667.0
# temp #944
0.0,2234.0
8385.438821464779,2234.0
8385.438821464779,2667.0
45867.51327621751,2667.0
45867.51327621751,2555.0
46979.400788946085,2555.0
46979.400788946085,2667.0
76829.22492076179,2667.0
76829.22492076179,2555.0
79829.22492076179,2555.0
79829.22492076179,2667.0
86400.000002,2667.0
# temp #945
0.0,2234.0
20968.327183392834,2234.0
20968.327183392834,2429.0
53068.32718339283,2429.0
53068.32718339283,2555.0
53368.32718339283,2555.0
53368.32718339283,2667.0
58538.38229519316,2667.0
58538.38229519316,2234.0
78867.20412396826,2234.0
78867.20412396826,2667.0
86400.000002,2667.0
# temp #946
0.0,2234.0
70551.33844271768,2234.0
70551.33844271768,2555.0
86400.0,2555.0
# temp #947
0.0,2234.0
11688.673201203348,2234.0
11688.673201203348,2883.0
13184.718632278966,2883.0
13184.718632278966,2667.0
19859.74849001505,2667.0
19859.74849001505,2883.0
39949.407432926826,2883.0
39949.407432926826,2667.0
49247.57456586231,2667.0
49247.57456586231,2555.0
77811.446255981,2555.0
77811.446255981,2429.0
86400.0,2429.0
# temp #948
0.0,2234.0
55657.44310850278,2234.0
55657.44310850278,2555.0
74231.57792882995,2555.0
74231.57792882995,2429.0
83336.34873004632,2429.0
83336.34873004632,2234.0
83636.34873004632,2234.0
83636.34873004632,2017.0
86400.000002,2017.0
# temp #949
0.0,2234.0
5763.664568960668,2234.0
5763.664568960668,2667.0
28453.334899758924,2667.0
28453.334899758924,2555.0
29034.956055181105,2555.0
29034.956055181105,2429.0
59021.93442634308,2429.0
59021.93442634308,2555.0
69760.81386718435,2555.0
69760.81386718435,2429.0
72535.23946513889,2429.0
72535.23946513889,2883.0
78249.36662369875,2883.0
78249.36662369875,2667.0
86400.0,2667.0
# temp #950
0.0,2234.0
84864.94162303863,2234.0
84864.94162303863,2883.0
86400.0,2883.0
# temp #951
0.0,2234.0
8262.199941789733,2234.0
8262.199941789733,2667.0
38127.1975273965,2667.0
38127.1975273965,2555.0
39078.560458752334,2555.0
39078.560458752334,2667.0
51229.38332764898,2667.0
51229.38332764898,2555.0
51529.38332764898,2555.0
51529.38332764898,2667.0
52143.750015855774,2667.0
52143.750015855774,2555.0
52743.750015855774,2555.0
52743.750015855774,2667.0
73259.2256934615,2667.0
73259.2256934615,2234.0
74917.60942137336,2234.0
74917.60942137336,2667.0
81639.57390761936,2667.0
81639.57390761936,2555.0
86400.000002,2555.0
# temp #952
0.0,2234.0
58344.06029668172,2234.0
58344.06029668172,2555.0
65747.54937852269,2555.0
65747.54937852269,2429.0
70827.02867353802,2429.0
70827.02867353802,2234.0
71427.02867353802,2234.0
71427.02867353802,2429.0
73827.02867353802,2429.0
73827.02867353802,2555.0
84027.02867353802,2555.0
84027.02867353802,2667.0
86400.000002,2667.0
# temp #953
0.0,2234.0
15087.21065002028,2234.0
15087.21065002028,2555.0
24310.053869266998,2555.0
24310.053869266998,2429.0
50245.10632299353,2429.0
50245.10632299353,2234.0
50845.10632299353,2234.0
50845.10632299353,2429.0
53245.10632299353,2429.0
53245.10632299353,2555.0
63445.10632299353,2555.0
63445.10632299353,2667.0
73017.58775613272,2667.0
73017.58775613272,2555.0
86400.000002,2555.0
# temp #954
0.0,2234.0
14994.335517240692,2234.0
14994.335517240692,2883.0
16084.634304069918,2883.0
16084.634304069918,2667.0
23075.09641090874,2667.0
23075.09641090874,2883.0
43150.22835333367,2883.0
43150.22835333367,2667.0
67781.33035793436,2667.0
67781.33035793436,2555.0
86400.0,2555.0
# temp #955
0.0,2234.0
21446.216529118832,2234.0
21446.216529118832,2555.0
25891.195984021764,2555.0
25891.195984021764,2667.0
26428.087379573848,2667.0
26428.087379573848,2555.0
26728.087379573848,2555.0
26728.087379573848,2667.0
30328.087379573848,2667.0
30328.087379573848,2555.0
31828.087379573848,2555.0
31828.087379573848,2429.0
32508.259780006487,2429.0
32508.259780006487,2234.0
51022.16804833152,2234.0
51022.16804833152,2667.0
86400.0,2667.0
# temp #956
0.0,2234.0
17262.449395330626,2234.0
17262.449395330626,2883.0
17698.766067763794,2883.0
17698.766067763794,2667.0
25351.34452893399,2667.0
25351.34452893399,2883.0
30166.793860634796,2883.0
30166.793860634796,2429.0
54719.97220641934,2429.0
54719.97220641934,2883.0
57184.101391187876,2883.0
57184.101391187876,2429.0
86400.000002,2429.0
# temp #957
0.0,2234.0
58597.51721110661,2234.0
58597.51721110661,2555.0
72417.69457894845,2555.0
72417.69457894845,2429.0
72750.39752845188,2429.0
72750.39752845188,2555.0
79682.02590071598,2555.0
79682.02590071598,2429.0
80833.63877129742,2429.0
80833.63877129742,2555.0
81771.0565976333,2555.0
81771.0565976333,2429.0
82071.0565976333,2429.0
82071.0565976333,2555.0
83571.0565976333,2555.0
83571.0565976333,2429.0
86400.000002,2429.0
# temp #958
0.0,2234.0
3257.3643110459675,2234.0
3257.3643110459675,2667.0
35266.08476936817,2667.0
35266.08476936817,2555.0
35717.15703299269,2555.0
35717.15703299269,2667.0
47773.18482769188,2667.0
47773.18482769188,2555.0
48073.18482769188,2555.0
48073.18482769188,2667.0
48674.83475175687,2667.0
48674.83475175687,2555.0
49274.83475175687,2555.0
49274.83475175687,2667.0
57455.3893178003,2667.0
57455.3893178003,2555.0
68818.37213023102,2555.0
68818.37213023102,2667.0
86400.0,2667.0
# temp #959
0.0,2234.0
11988.295325031506,2234.0
11988.295325031506,2555.0
41821.241852967076,2555.0
41821.241852967076,2429.0
52630.15975090676,2429.0
52630.15975090676,2234.0
62849.69441920986,2234.0
62849.69441920986,2429.0
79779.58849032877,2429.0
79779.58849032877,2234.0
86400.0,2234.0
# temp #960
0.0,2234.0
15869.254651735539,2234.0
15869.254651735539,2429.0
16416.568107716743,2429.0
16416.568107716743,2234.0
17227.951024146754,2234.0
17227.951024146754,2429.0
18092.091407440606,2429.0
18092.091407440606,2234.0
39372.39426956513,2234.0
39372.39426956513,2429.0
40631.02601361462,2429.0
40631.02601361462,2555.0
41012.81219772064,2555.0
41012.81219772064,2429.0
41312.81219772064,2429.0
41312.81219772064,2555.0
41612.81219772064,2555.0
41612.81219772064,2429.0
42212.81219772064,2429.0
42212.81219772064,2555.0
45038.65061081015,2555.0
45038.65061081015,2429.0
49303.69048551657,2429.0
49303.69048551657,2883.0
64435.21213091446,2883.0
64435.21213091446,2429.0
72161.82417178062,2429.0
72161.82417178062,2883.0
81442.3707639333,2883.0
81442.3707639333,2429.0
86400.000002,2429.0
# temp #961
0.0,2234.0
7493.315073335545,2234.0
7493.315073335545,2667.0
26178.570220596164,2667.0
26178.570220596164,2555.0
26983.22214426008,2555.0
26983.22214426008,2667.0
62174.93629669772,2667.0
62174.93629669772,2555.0
62774.93629669772,2555.0
62774.93629669772,2667.0
76554.81125470252,2667.0
76554.81125470252,2555.0
81313.04899211974,2555.0
81313.04899211974,2429.0
86400.000002,2429.0
# temp #962
0.0,2234.0
2344.1259407904004,2234.0
2344.1259407904004,2017.0
4663.646062882617,2017.0
4663.646062882617,2234.0
38505.67445824855,2234.0
38505.67445824855,2017.0
59209.923291206374,2017.0
59209.923291206374,2234.0
69860.59843003751,2234.0
69860.59843003751,2017.0
86400.0,2017.0
# temp #963
0.0,2234.0
3535.166689404287,2234.0
3535.166689404287,2555.0
33777.83393806313,2555.0
33777.83393806313,2429.0
34144.559797807604,2429.0
34144.559797807604,2555.0
53508.9635618264,2555.0
53508.9635618264,2429.0
53945.76688378585,2429.0
53945.76688378585,2234.0
72741.53544434813,2234.0
72741.53544434813,2667.0
86400.000002,2667.0
# temp #964
0.0,2234.0
52709.2042637989,2234.0
52709.2042637989,2429.0
53128.23525855784,2429.0
53128.23525855784,2555.0
57468.56116654818,2555.0
57468.56116654818,2429.0
67904.93117684966,2429.0
67904.93117684966,2555.0
76323.38926603553,2555.0
76323.38926603553,2429.0
86400.000002,2429.0
# temp #965
0.0,2234.0
3219.9280664557596,2234.0
3219.9280664557596,2667.0
35031.21657888405,2667.0
35031.21657888405,2555.0
35443.48257542588,2555.0
35443.48257542588,2667.0
65087.31107069181,2667.0
65087.31107069181,2555.0
68087.31107069181,2555.0
68087.31107069181,2667.0
86400.0,2667.0
# temp #966
0.0,2234.0
44712.597632501274,2234.0
44712.597632501274,2883.0
47112.597632501274,2883.0
47112.597632501274,2667.0
52969.359673862346,2667.0
52969.359673862346,2234.0
86400.000002,2234.0
# temp #967
0.0,2234.0
4375.293805170805,2234.0
4375.293805170805,2017.0
59335.33356674016,2017.0
59335.33356674016,2234.0
86400.0,2234.0
# temp #968
0.0,2234.0
40427.59178127162,2234.0
40427.59178127162,2883.0
42827.59178127162,2883.0
42827.59178127162,2667.0
65403.635973343626,2667.0
65403.635973343626,2555.0
81807.5756302569,2555.0
81807.5756302569,2667.0
82198.36369645782,2667.0
82198.36369645782,2234.0
83946.13599381411,2234.0
83946.13599381411,2667.0
86400.000002,2667.0
# temp #969
0.0,2234.0
4679.59775927011,2234.0
4679.59775927011,2667.0
9048.668719106354,2667.0
9048.668719106354,2555.0
10286.871403385887,2555.0
10286.871403385887,2667.0
22654.75579435006,2667.0
22654.75579435006,2555.0
25654.75579435006,2555.0
25654.75579435006,2667.0
51754.75579435006,2667.0
51754.75579435006,2883.0
86400.000002,2883.0
# temp #970
0.0,2234.0
15562.937675672585,2234.0
15562.937675672585,2429.0
16029.46073880885,2429.0
16029.46073880885,2234.0
16916.460993094373,2234.0
16916.460993094373,2429.0
19498.183240229268,2429.0
19498.183240229268,2234.0
21744.217521138493,2234.0
21744.217521138493,2429.0
23230.96372140572,2429.0
23230.96372140572,2555.0
24398.803185112778,2555.0
24398.803185112778,2429.0
24698.803185112778,2429.0
24698.803185112778,2555.0
24998.803185112778,2555.0
24998.803185112778,2429.0
25598.803185112778,2429.0
25598.803185112778,2555.0
29402.261803485457,2555.0
29402.261803485457,2429.0
43057.523158751435,2429.0
43057.523158751435,2555.0
52670.523369312294,2555.0
52670.523369312294,2667.0
71799.57720441745,2667.0
71799.57720441745,2555.0
86400.000002,2555.0
# temp #971
0.0,2234.0
4394.429916702212,2234.0
4394.429916702212,2667.0
31369.39631206915,2667.0
31369.39631206915,2555.0
32541.44477164373,2555.0
32541.44477164373,2667.0
55346.285961731344,2667.0
55346.285961731344,2555.0
55946.285961731344,2555.0
55946.285961731344,2667.0
71976.184824924,2667.0
71976.184824924,2555.0
73481.36196106208,2555.0
73481.36196106208,2429.0
86400.000002,2429.0
# temp #972
0.0,2234.0
85055.04889895675,2234.0
85055.04889895675,2555.0
86400.0,2555.0
# temp #973
0.0,2234.0
35703.9475823287,2234.0
35703.9475823287,2017.0
36781.54313704,2017.0
36781.54313704,2234.0
83845.37030803041,2234.0
83845.37030803041,2017.0
86400.000002,2017.0
# temp #974
0.0,2234.0
4429.910491453485,2234.0
4429.910491453485,2667.0
25886.601254995916,2667.0
25886.601254995916,2555.0
27076.56960692257,2555.0
27076.56960692257,2667.0
53948.477369989276,2667.0
53948.477369989276,2555.0
54248.477369989276,2555.0
54248.477369989276,2429.0
74521.88652085607,2429.0
74521.88652085607,2555.0
78175.1521224389,2555.0
78175.1521224389,2667.0
86400.000002,2667.0
# temp #975
0.0,2234.0
65403.19696019869,2234.0
65403.19696019869,2555.0
66677.6578922756,2555.0
66677.6578922756,2234.0
82950.90209394693,2234.0
82950.90209394693,2429.0
84774.81775023043,2429.0
84774.81775023043,2555.0
86400.000002,2555.0
# temp #976
0.0,2234.0
53906.785255065195,2234.0
53906.785255065195,2555.0
75827.11718785578,2555.0
75827.11718785578,2429.0
76224.03870325071,2429.0
76224.03870325071,2555.0
76722.90194076487,2555.0
76722.90194076487,2429.0
77319.88530023956,2429.0
77319.88530023956,2555.0
78211.25817610884,2555.0
78211.25817610884,2429.0
78511.25817610884,2429.0
78511.25817610884,2555.0
80011.25817610884,2555.0
80011.25817610884,2429.0
86400.000002,2429.0
# temp #977
0.0,2234.0
6455.4071312304595,2234.0
6455.4071312304595,2017.0
61442.98995374703,2017.0
61442.98995374703,2234.0
76735.05177372137,2234.0
76735.05177372137,2017.0
81203.04640238175,2017.0
81203.04640238175,2234.0
83270.10235288182,2234.0
83270.10235288182,2017.0
86400.000002,2017.0
# temp #978
0.0,2234.0
80421.82381760796,2234.0
80421.82381760796,2555.0
86400.000002,2555.0
# temp #979
0.0,2234.0
3832.2186471428727,2234.0
3832.2186471428727,2429.0
4307.098500360736,2429.0
4307.098500360736,2555.0
7673.0329423444355,2555.0
7673.0329423444355,2429.0
12663.343203091064,2429.0
12663.343203091064,2883.0
33841.595552908264,2883.0
33841.595552908264,2429.0
57314.84927334824,2429.0
57314.84927334824,2883.0
63010.130796907484,2883.0
63010.130796907484,2667.0
86400.0,2667.0
# temp #980
0.0,2234.0
7082.0273344405,2234.0
7082.0273344405,2429.0
7676.777446735651,2429.0
7676.777446735651,2555.0
8948.890487942846,2555.0
8948.890487942846,2429.0
31665.09879017249,2429.0
31665.09879017249,2555.0
34766.564985760495,2555.0
34766.564985760495,2429.0
52341.830007825054,2429.0
52341.830007825054,2555.0
78753.39722901119,2555.0
78753.39722901119,2429.0
86400.0,2429.0
# temp #981
0.0,2234.0
2511.923712305725,2234.0
2511.923712305725,2667.0
48888.51650704165,2667.0
48888.51650704165,2555.0
49815.235911612406,2555.0
49815.235911612406,2429.0
52604.662028350875,2429.0
52604.662028350875,2555.0
71528.93576037606,2555.0
71528.93576037606,2667.0
84468.64214921372,2667.0
84468.64214921372,2555.0
86400.0,2555.0
# temp #982
0.0,2234.0
70951.04873471429,2234.0
70951.04873471429,2555.0
71285.16196303537,2555.0
71285.16196303537,2429.0
71801.58470473254,2429.0
71801.58470473254,2555.0
84188.92843436917,2555.0
84188.92843436917,2429.0
84497.82905329486,2429.0
84497.82905329486,2234.0
86400.0,2234.0
# temp #983
0.0,2234.0
5700.227446993814,2234.0
5700.227446993814,2667.0
24720.02746118233,2667.0
24720.02746118233,2555.0
25349.514211993668,2555.0
25349.514211993668,2429.0
32766.474827961072,2429.0
32766.474827961072,2555.0
64227.13108230384,2555.0
64227.13108230384,2429.0
81311.47690010259,2429.0
81311.47690010259,2555.0
81950.00059730375,2555.0
81950.00059730375,2667.0
86400.000002,2667.0
# temp #984
0.0,2234.0
8453.680070419798,2234.0
8453.680070419798,2883.0
9546.384304203095,2883.0
9546.384304203095,2667.0
18738.164928602055,2667.0
18738.164928602055,2883.0
26212.74301093072,2883.0
26212.74301093072,2429.0
56723.846492799945,2429.0
56723.846492799945,2555.0
80103.35304681213,2555.0
80103.35304681213,2429.0
86400.000002,2429.0
# temp #985
0.0,2234.0
77693.27845999507,2234.0
77693.27845999507,2555.0
86400.0,2555.0
# temp #986
0.0,2234.0
73111.1247448018,2234.0
73111.1247448018,2555.0
82494.93438459469,2555.0
82494.93438459469,2429.0
86400.0,2429.0
# temp #987
0.0,2234.0
23503.99854735006,2234.0
23503.99854735006,2555.0
54527.967208041824,2555.0
54527.967208041824,2429.0
55038.8098312542,2429.0
55038.8098312542,2555.0
60947.94315362816,2555.0
60947.94315362816,2429.0
61972.58602981457,2429.0
61972.58602981457,2234.0
79616.22800594197,2234.0
79616.22800594197,2429.0
86400.000002,2429.0
# temp #988
0.0,2234.0
81834.28636032624,2234.0
81834.28636032624,2555.0
86400.000002,2555.0
# temp #989
0.0,2234.0
66532.87979622837,2234.0
66532.87979622837,2555.0
68634.32138969656,2555.0
68634.32138969656,2234.0
86400.000002,2234.0
# temp #990
0.0,2234.0
21334.63654140942,2234.0
21334.63654140942,2555.0
24593.860268499706,2555.0
24593.860268499706,2667.0
24977.3313887883,2667.0
24977.3313887883,2555.0
25277.3313887883,2555.0
25277.3313887883,2667.0
51977.3313887883,2667.0
51977.3313887883,2555.0
67877.3313887883,2555.0
67877.3313887883,2234.0
71477.3313887883,2234.0
71477.3313887883,2429.0
81377.3313887883,2429.0
81377.3313887883,2555.0
81977.3313887883,2555.0
81977.3313887883,2667.0
86400.0,2667.0
# temp #991
0.0,2234.0
5361.49246513378,2234.0
5361.49246513378,2667.0
32749.319296167236,2667.0
32749.319296167236,2555.0
33879.780959920026,2555.0
33879.780959920026,2667.0
42734.942732309,2667.0
42734.942732309,2555.0
43034.942732309,2555.0
43034.942732309,2667.0
43719.034011662014,2667.0
43719.034011662014,2555.0
44319.034011662014,2555.0
44319.034011662014,2667.0
74564.0663959086,2667.0
74564.0663959086,2883.0
84937.62155938895,2883.0
84937.62155938895,2667.0
86400.000002,2667.0
# temp #992
0.0,2234.0
16816.91690271255,2234.0
16816.91690271255,2429.0
23716.916902712546,2429.0
23716.916902712546,2555.0
25516.916902712546,2555.0
25516.916902712546,2429.0
38416.916902712546,2429.0
38416.916902712546,2234.0
38716.916902712546,2234.0
38716.916902712546,2017.0
39016.916902712546,2017.0
39016.916902712546,2234.0
39316.916902712546,2234.0
39316.916902712546,2017.0
46222.12183086667,2017.0
46222.12183086667,2234.0
75224.75754814224,2234.0
75224.75754814224,2429.0
82550.37325525192,2429.0
82550.37325525192,2555.0
86400.0,2555.0
# temp #993
0.0,2234.0
22104.06693471596,2234.0
22104.06693471596,2017.0
28118.093625409532,2017.0
28118.093625409532,2234.0
34738.205395219855,2234.0
34738.205395219855,2017.0
48648.89934333042,2017.0
48648.89934333042,2234.0
86400.0,2234.0
# temp #994
0.0,2234.0
40460.43194434606,2234.0
40460.43194434606,2429.0
40802.31128109154,2429.0
40802.31128109154,2555.0
45257.2224121308,2555.0
45257.2224121308,2429.0
53665.457609994344,2429.0
53665.457609994344,2234.0
66933.72350293213,2234.0
66933.72350293213,2667.0
86400.000002,2667.0
# temp #995
0.0,2234.0
22784.104918828238,2234.0
22784.104918828238,2017.0
67068.51717405954,2017.0
67068.51717405954,2234.0
86400.000002,2234.0
# temp #996
0.0,2234.0
30695.69569502492,2234.0
30695.69569502492,2555.0
53062.26884408389,2555.0
53062.26884408389,2429.0
86400.0,2429.0
# temp #997
0.0,2234.0
63076.64674934932,2234.0
63076.64674934932,2555.0
66223.09277616443,2555.0
66223.09277616443,2429.0
80905.33385016026,2429.0
80905.33385016026,2234.0
81205.33385016026,2234.0
81205.33385016026,2017.0
86400.0,2017.0
# temp #998
0.0,2234.0
2241.3554899860173,2234.0
2241.3554899860173,2017.0
48175.85557932035,2017.0
48175.85557932035,2234.0
80491.47376762705,2234.0
80491.47376762705,2017.0
86400.0,2017.0
# temp #999
0.0,2234.0
14422.079250868414,2234.0
14422.079250868414,2883.0
25522.079250868414,2883.0
25522.079250868414,2555.0
37527.08747615107,2555.0
37527.08747615107,2429.0
69425.94067608008,2429.0
69425.94067608008,2555.0
83859.15740146303,2555.0
83859.15740146303,2667.0
86400.000002,2667.0
# temp #1000
0.0,2234.0
34889.02131880168,2234.0
34889.02131880168,2883.0
37289.02131880168,2883.0
37289.02131880168,2667.0
72616.47210479714,2667.0
72616.47210479714,2555.0
86400.000002,2555.0
# temp #1001
0.0,2234.0
16140.321747888813,2234.0
16140.321747888813,2555.0
19289.446322293956,2555.0
19289.446322293956,2667.0
19693.08831787203,2667.0
19693.08831787203,2555.0
19993.08831787203,2555.0
19993.08831787203,2667.0
46693.088317872025,2667.0
46693.088317872025,2555.0
62593.088317872025,2555.0
62593.088317872025,2234.0
66193.08831787203,2234.0
66193.08831787203,2429.0
76093.08831787203,2429.0
76093.08831787203,2555.0
76693.08831787203,2555.0
76693.08831787203,2667.0
86400.000002,2667.0
# temp #1002
0.0,2234.0
5579.864780581557,2234.0
5579.864780581557,2429.0
5879.864780581557,2429.0
5879.864780581557,2234.0
33187.028305255815,2234.0
33187.028305255815,2429.0
55367.24444953726,2429.0
55367.24444953726,2555.0
68408.04449133576,2555.0
68408.04449133576,2429.0
83321.20088366793,2429.0
83321.20088366793,2883.0
86400.0,2883.0
# temp #1003
0.0,2234.0
11639.218360022644,2234.0
11639.218360022644,2883.0
12925.000943848865,2883.0
12925.000943848865,2667.0
15525.564279849643,2667.0
15525.564279849643,2883.0
35339.3179567298,2883.0
35339.3179567298,2667.0
38917.9823929444,2667.0
38917.9823929444,2555.0
63326.700000884026,2555.0
63326.700000884026,2429.0
86400.0,2429.0
# temp #1004
0.0,2234.0
8433.637947100216,2234.0
8433.637947100216,2667.0
11281.717782444322,2667.0
11281.717782444322,2555.0
11889.541106368417,2555.0
11889.541106368417,2429.0
18960.78780514654,2429.0
18960.78780514654,2234.0
19699.43875218742,2234.0
19699.43875218742,2429.0
57218.19311049768,2429.0
57218.19311049768,2883.0
57619.163569388926,2883.0
57619.163569388926,2555.0
61568.166579259574,2555.0
61568.166579259574,2429.0
64846.93688938861,2429.0
64846.93688938861,2234.0
80569.53132930213,2234.0
80569.53132930213,2429.0
86400.0,2429.0
# temp #1005
0.0,2234.0
40397.76437364054,2234.0
40397.76437364054,2555.0
45254.35800973792,2555.0
45254.35800973792,2667.0
45582.996071060195,2667.0
45582.996071060195,2555.0
45882.996071060195,2555.0
45882.996071060195,2667.0
72582.99607106019,2667.0
72582.99607106019,2555.0
86400.0,2555.0
# temp #1006
0.0,2234.0
18127.807058743205,2234.0
18127.807058743205,2555.0
49965.7798838569,2555.0
49965.7798838569,2429.0
50514.492595265634,2429.0
50514.492595265634,2555.0
56602.8489874676,2555.0
56602.8489874676,2429.0
57175.49664694817,2429.0
57175.49664694817,2234.0
85650.00522939955,2234.0
85650.00522939955,2429.0
86400.000002,2429.0
# temp #1007
0.0,2234.0
5917.46736704372,2234.0
5917.46736704372,2667.0
30978.583467844877,2667.0
30978.583467844877,2555.0
32468.49740976468,2555.0
32468.49740976468,2667.0
63347.90827156977,2667.0
63347.90827156977,2555.0
63647.90827156977,2555.0
63647.90827156977,2667.0
63947.90827156977,2667.0
63947.90827156977,2555.0
67247.90827156977,2555.0
67247.90827156977,2667.0
86400.0,2667.0
# temp #1008
0.0,2234.0
8657.85104900133,2234.0
8657.85104900133,2667.0
46191.509977122776,2667.0
46191.509977122776,2555.0
47503.052458399914,2555.0
47503.052458399914,2667.0
63377.812293148614,2667.0
63377.812293148614,2555.0
63977.812293148614,2555.0
63977.812293148614,2667.0
84198.55209889358,2667.0
84198.55209889358,2555.0
85046.81760671084,2555.0
85046.81760671084,2429.0
86400.0,2429.0
# temp #1009
0.0,2234.0
40720.90017520823,2234.0
40720.90017520823,2429.0
47620.90017520823,2429.0
47620.90017520823,2555.0
49420.90017520823,2555.0
49420.90017520823,2429.0
62320.90017520823,2429.0
62320.90017520823,2234.0
62620.90017520823,2234.0
62620.90017520823,2017.0
62920.90017520823,2017.0
62920.90017520823,2234.0
63220.90017520823,2234.0
63220.90017520823,2017.0
81188.01104861779,2017.0
81188.01104861779,2234.0
86400.000002,2234.0
# temp #1010
0.0,2234.0
2630.884131859057,2234.0
2630.884131859057,2667.0
45950.54582809099,2667.0
45950.54582809099,2555.0
46445.19268549048,2555.0
46445.19268549048,2429.0
66175.93303306495,2429.0
66175.93303306495,2234.0
77861.25120960643,2234.0
77861.25120960643,2667.0
79069.32549490595,2667.0
79069.32549490595,2555.0
81640.18610366622,2555.0
81640.18610366622,2667.0
86400.000002,2667.0
# temp #1011
0.0,2234.0
61931.05602914002,2234.0
61931.05602914002,2555.0
73675.90177624952,2555.0
73675.90177624952,2234.0
86400.000002,2234.0
# temp #1012
0.0,2234.0
8346.343518281357,2234.0
8346.343518281357,2667.0
16983.261546352882,2667.0
16983.261546352882,2555.0
17522.87982241251,2555.0
17522.87982241251,2429.0
55429.743960779175,2429.0
55429.743960779175,2555.0
69979.20835660772,2555.0
69979.20835660772,2667.0
79622.2712025745,2667.0
79622.2712025745,2555.0
86400.000002,2555.0
# temp #1013
0.0,2234.0
5386.196880019271,2234.0
5386.196880019271,2667.0
49614.62744520978,2667.0
49614.62744520978,2555.0
50735.912124160684,2555.0
50735.912124160684,2667.0
85573.78058808392,2667.0
85573.78058808392,2555.0
85873.78058808392,2555.0
85873.78058808392,2667.0
86400.0,2667.0
# temp #1014
0.0,2234.0
13130.633127945477,2234.0
13130.633127945477,2555.0
17862.22282208037,2555.0
17862.22282208037,2667.0
18193.372374353934,2667.0
18193.372374353934,2555.0
24193.372374353934,2555.0
24193.372374353934,2429.0
26593.372374353934,2429.0
26593.372374353934,2234.0
30193.372374353934,2234.0
30193.372374353934,2429.0
31393.372374353934,2429.0
31393.372374353934,2234.0
37093.37237435393,2234.0
37093.37237435393,2429.0
39781.62662072573,2429.0
39781.62662072573,2234.0
54773.37660847698,2234.0
54773.37660847698,2429.0
71076.6073281644,2429.0
71076.6073281644,2555.0
76788.63636699972,2555.0
76788.63636699972,2429.0
79767.78420454358,2429.0
79767.78420454358,2555.0
86400.0,2555.0
# temp #1015
0.0,2234.0
15766.507646720858,2234.0
15766.507646720858,2017.0
57653.531759418554,2017.0
57653.531759418554,2234.0
83633.74395221473,2234.0
83633.74395221473,2017.0
86400.0,2017.0
# temp #1016
0.0,2234.0
1042.1221719123423,2234.0
1042.1221719123423,2667.0
50119.79321676773,2667.0
50119.79321676773,2555.0
50525.954568455934,2555.0
50525.954568455934,2667.0
86400.0,2667.0
# temp #1017
0.0,2234.0
13721.991221141072,2234.0
13721.991221141072,2883.0
14244.19459027704,2883.0
14244.19459027704,2667.0
20591.264525405135,2667.0
20591.264525405135,2883.0
30357.660049083646,2883.0
30357.660049083646,2667.0
47026.609923667274,2667.0
47026.609923667274,2883.0
59172.79901455623,2883.0
59172.79901455623,2667.0
68449.41234765574,2667.0
68449.41234765574,2555.0
86400.0,2555.0
# temp #1018
0.0,2234.0
22696.022927924063,2234.0
22696.022927924063,2429.0
23230.224039056342,2429.0
23230.224039056342,2234.0
23846.568979555745,2234.0
23846.568979555745,2429.0
28696.246552420784,2429.0
28696.246552420784,2234.0
32234.79329310358,2234.0
32234.79329310358,2429.0
32557.62855384965,2429.0
32557.62855384965,2234.0
60732.916620187476,2234.0
60732.916620187476,2429.0
77457.47248325498,2429.0
77457.47248325498,2883.0
85625.7586461492,2883.0
85625.7586461492,2555.0
86400.000002,2555.0
# temp #1019
0.0,2234.0
11873.987883701922,2234.0
11873.987883701922,2017.0
60535.59367298149,2017.0
60535.59367298149,2234.0
86400.000002,2234.0
# temp #1020
0.0,2234.0
7698.905230569654,2234.0
7698.905230569654,2883.0
8933.801054628566,2883.0
8933.801054628566,2667.0
12569.599289190955,2667.0
12569.599289190955,2883.0
26220.796398050155,2883.0
26220.796398050155,2429.0
32984.7176300129,2429.0
32984.7176300129,2883.0
51404.19817906805,2883.0
51404.19817906805,2429.0
85620.46465782916,2429.0
85620.46465782916,2555.0
86400.000002,2555.0
# temp #1021
0.0,2234.0
44487.30876278132,2234.0
44487.30876278132,2883.0
46887.30876278132,2883.0
46887.30876278132,2667.0
56548.180429497734,2667.0
56548.180429497734,2555.0
86400.000002,2555.0
# temp #1022
0.0,2234.0
7444.639967707919,2234.0
7444.639967707919,2667.0
37031.07697502711,2667.0
37031.07697502711,2555.0
37907.26360003465,2555.0
37907.26360003465,2429.0
73972.59276041297,2429.0
73972.59276041297,2555.0
86400.000002,2555.0
# temp #1023
0.0,2234.0
2605.748525890522,2234.0
2605.748525890522,2667.0
16572.523039625958,2667.0
16572.523039625958,2555.0
16990.398364746943,2555.0
16990.398364746943,2429.0
29966.52868415695,2429.0
29966.52868415695,2555.0
35893.34501714912,2555.0
35893.34501714912,2667.0
55704.50354700443,2667.0
55704.50354700443,2555.0
83002.10465763231,2555.0
83002.10465763231,2429.0
86400.0,2429.0
# temp #1024
0.0,2234.0
24113.351891934875,2234.0
24113.351891934875,2017.0
37494.46551748552,2017.0
37494.46551748552,2234.0
68227.08865343593,2234.0
68227.08865343593,2017.0
82086.83952866124,2017.0
82086.83952866124,2234.0
86400.0,2234.0
# temp #1025
0.0,2234.0
10703.275402262809,2234.0
10703.275402262809,2883.0
11851.467816880906,2883.0
11851.467816880906,2667.0
15743.965554493481,2667.0
15743.965554493481,2883.0
47929.035719856634,2883.0
47929.035719856634,2429.0
53285.216267779484,2429.0
53285.216267779484,2555.0
86400.0,2555.0
# temp #1026
0.0,2234.0
39517.472332622856,2234.0
39517.472332622856,2555.0
74893.8864284428,2555.0
74893.8864284428,2429.0
86400.0,2429.0
# temp #1027
0.0,2234.0
3276.4005491277208,2234.0
3276.4005491277208,2555.0
41699.967497005135,2555.0
41699.967497005135,2429.0
42055.6634054985,2429.0
42055.6634054985,2555.0
51306.53194400948,2555.0
51306.53194400948,2429.0
51675.07548469585,2429.0
51675.07548469585,2555.0
52578.787763952285,2555.0
52578.787763952285,2429.0
52878.787763952285,2429.0
52878.787763952285,2555.0
54378.787763952285,2555.0
54378.787763952285,2429.0
64578.787763952285,2429.0
64578.787763952285,2234.0
86400.000002,2234.0
# temp #1028
0.0,2234.0
47584.02214741801,2234.0
47584.02214741801,2555.0
80722.46329814663,2555.0
80722.46329814663,2429.0
86400.0,2429.0
# temp #1029
0.0,2234.0
5078.365385485814,2234.0
5078.365385485814,2667.0
34059.98438231181,2667.0
34059.98438231181,2555.0
34978.05268212688,2555.0
34978.05268212688,2667.0
46421.06464819518,2667.0
46421.06464819518,2555.0
46721.06464819518,2555.0
46721.06464819518,2667.0
47550.80745387823,2667.0
47550.80745387823,2555.0
48150.80745387823,2555.0
48150.80745387823,2667.0
49768.13229296823,2667.0
49768.13229296823,2555.0
57978.060922049925,2555.0
57978.060922049925,2667.0
81536.69314838482,2667.0
81536.69314838482,2234.0
86400.000002,2234.0
# temp #1030
0.0,2234.0
28007.9120580107,2234.0
28007.9120580107,2429.0
28607.9120580107,2429.0
28607.9120580107,2555.0
32554.732671752576,2555.0
32554.732671752576,2429.0
67370.72795759888,2429.0
67370.72795759888,2555.0
82688.47618228757,2555.0
82688.47618228757,2429.0
86400.000002,2429.0
# temp #1031
0.0,2234.0
13637.792144156994,2234.0
13637.792144156994,2883.0
24737.792144156992,2883.0
24737.792144156992,2555.0
25002.34680064023,2555.0
25002.34680064023,2429.0
60045.165186747916,2429.0
60045.165186747916,2555.0
66577.89528323339,2555.0
66577.89528323339,2429.0
86400.0,2429.0
# temp #1032
0.0,2234.0
45539.42868257873,2234.0
45539.42868257873,2883.0
47939.42868257873,2883.0
47939.42868257873,2667.0
50207.866263063625,2667.0
50207.866263063625,2234.0
63172.604509675875,2234.0
63172.604509675875,2667.0
86400.0,2667.0
# temp #1033
0.0,2234.0
30017.341963341463,2234.0
30017.341963341463,2429.0
30450.316332466904,2429.0
30450.316332466904,2234.0
31270.649896888066,2234.0
31270.649896888066,2429.0
35496.53122667223,2429.0
35496.53122667223,2234.0
52526.028384827085,2234.0
52526.028384827085,2429.0
53335.11702334509,2429.0
53335.11702334509,2555.0
54492.57900668309,2555.0
54492.57900668309,2429.0
54792.57900668309,2429.0
54792.57900668309,2555.0
75192.57900668308,2555.0
75192.57900668308,2429.0
75492.57900668308,2429.0
75492.57900668308,2555.0
76092.57900668308,2555.0
76092.57900668308,2667.0
86400.0,2667.0
# temp #1034
0.0,2234.0
34606.59945895896,2234.0
34606.59945895896,2017.0
83045.56650314482,2017.0
83045.56650314482,2234.0
86400.0,2234.0
# temp #1035
0.0,2234.0
10272.810285980815,2234.0
10272.810285980815,2883.0
21372.810285980813,2883.0
21372.810285980813,2555.0
39922.29975478259,2555.0
39922.29975478259,2667.0
57003.62877475565,2667.0
57003.62877475565,2555.0
69480.59198842385,2555.0
69480.59198842385,2429.0
86400.0,2429.0
# temp #1036
0.0,2234.0
80503.37561541238,2234.0
80503.37561541238,2555.0
86400.000002,2555.0
# temp #1037
0.0,2234.0
1637.156246392988,2234.0
1637.156246392988,2667.0
22813.627542019825,2667.0
22813.627542019825,2555.0
23508.43999211211,2555.0
23508.43999211211,2429.0
35994.00284180884,2429.0
35994.00284180884,2883.0
50827.89634403308,2883.0
50827.89634403308,2667.0
58789.506018650725,2667.0
58789.506018650725,2883.0
86400.000002,2883.0
# temp #1038
0.0,2234.0
14199.960645753892,2234.0
14199.960645753892,2429.0
14561.772238416599,2429.0
14561.772238416599,2555.0
15744.014663575219,2555.0
15744.014663575219,2429.0
53551.8437198829,2429.0
53551.8437198829,2555.0
84632.33194621281,2555.0
84632.33194621281,2429.0
86400.000002,2429.0
# temp #1039
0.0,2234.0
16504.087620251816,2234.0
16504.087620251816,2883.0
17585.2776308544,2883.0
17585.2776308544,2667.0
28083.673313702464,2667.0
28083.673313702464,2883.0
28982.60236289353,2883.0
28982.60236289353,2429.0
51873.296819441035,2429.0
51873.296819441035,2883.0
63214.717674627915,2883.0
63214.717674627915,2667.0
86400.000002,2667.0
# temp #1040
0.0,2234.0
6662.8656021785,2234.0
6662.8656021785,2667.0
37554.89090695046,2667.0
37554.89090695046,2555.0
38569.71264830791,2555.0
38569.71264830791,2667.0
52702.923932299025,2667.0
52702.923932299025,2555.0
53002.923932299025,2555.0
53002.923932299025,2667.0
53638.3485906059,2667.0
53638.3485906059,2555.0
54238.3485906059,2555.0
54238.3485906059,2667.0
60338.65705034696,2667.0
60338.65705034696,2234.0
68425.27415547521,2234.0
68425.27415547521,2429.0
71330.6672902778,2429.0
71330.6672902778,2883.0
72161.94322546945,2883.0
72161.94322546945,2667.0
86400.0,2667.0
# temp #1041
0.0,2234.0
7012.859411397951,2234.0
7012.859411397951,2667.0
44388.72777933721,2667.0
44388.72777933721,2555.0
45816.044312459424,2555.0
45816.044312459424,2429.0
56720.36676085555,2429.0
56720.36676085555,2555.0
82730.6492845528,2555.0
82730.6492845528,2429.0
85660.43780220208,2429.0
85660.43780220208,2234.0
86400.0,2234.0
# temp #1042
0.0,2234.0
883.7060781195761,2234.0
883.7060781195761,2555.0
31409.347740607343,2555.0
31409.347740607343,2429.0
47673.45307474025,2429.0
47673.45307474025,2234.0
47973.45307474025,2234.0
47973.45307474025,2017.0
86400.0,2017.0
# temp #1043
0.0,2234.0
64325.89599278291,2234.0
64325.89599278291,2555.0
86400.000002,2555.0
# temp #1044
0.0,2234.0
5534.108803840355,2234.0
5534.108803840355,2555.0
6560.628162533977,2555.0
6560.628162533977,2667.0
12860.628162533976,2667.0
12860.628162533976,2555.0
14060.628162533976,2555.0
14060.628162533976,2429.0
57260.628162533976,2429.0
57260.628162533976,2234.0
74032.19481522683,2234.0
74032.19481522683,2667.0
86400.0,2667.0
# temp #1045
0.0,2234.0
47166.592473210774,2234.0
47166.592473210774,2555.0
69631.32518366912,2555.0
69631.32518366912,2429.0
86400.000002,2429.0
# temp #1046
0.0,2234.0
49679.23525033984,2234.0
49679.23525033984,2883.0
52079.23525033984,2883.0
52079.23525033984,2667.0
54218.94233585335,2667.0
54218.94233585335,2555.0
79186.70165331569,2555.0
79186.70165331569,2429.0
86400.000002,2429.0
# temp #1047
0.0,2234.0
17002.417539199818,2234.0
17002.417539199818,2017.0
54495.559837343186,2017.0
54495.559837343186,2234.0
68022.05192050898,2234.0
68022.05192050898,2017.0
86400.0,2017.0
# temp #1048
0.0,2234.0
16440.556827303957,2234.0
16440.556827303957,2429.0
16946.34186867625,2429.0
16946.34186867625,2234.0
17591.288647265177,2234.0
17591.288647265177,2429.0
19242.65783366282,2429.0
19242.65783366282,2234.0
23132.730032620024,2234.0
23132.730032620024,2429.0
23807.93003768195,2429.0
23807.93003768195,2555.0
25025.144784548324,2555.0
25025.144784548324,2429.0
81125.14478454832,2429.0
81125.14478454832,2555.0
81425.14478454832,2555.0
81425.14478454832,2667.0
82925.14478454832,2667.0
82925.14478454832,2883.0
84425.14478454832,2883.0
84425.14478454832,2667.0
86400.000002,2667.0
# temp #1049
0.0,2234.0
35120.65246514977,2234.0
35120.65246514977,2017.0
74496.98419352064,2017.0
74496.98419352064,2234.0
86394.13042380476,2234.0
86400.0,2017.0
# temp #1050
0.0,2234.0
8088.287681643853,2234.0
8088.287681643853,2667.0
33005.34095149488,2667.0
33005.34095149488,2555.0
33812.18118164689,2555.0
33812.18118164689,2667.0
54392.04281845597,2667.0
54392.04281845597,2555.0
54692.04281845597,2555.0
54692.04281845597,2667.0
55381.48182621227,2667.0
55381.48182621227,2555.0
55981.48182621227,2555.0
55981.48182621227,2667.0
60350.905062910184,2667.0
60350.905062910184,2555.0
72121.47703226657,2555.0
72121.47703226657,2667.0
86400.000002,2667.0
# temp #1051
0.0,2234.0
5430.301589495503,2234.0
5430.301589495503,2667.0
33886.75884590484,2667.0
33886.75884590484,2555.0
35365.40165743791,2555.0
35365.40165743791,2667.0
51371.840335079476,2667.0
51371.840335079476,2555.0
51671.840335079476,2555.0
51671.840335079476,2667.0
52432.27172428743,2667.0
52432.27172428743,2555.0
53032.27172428743,2555.0
53032.27172428743,2667.0
80650.51180492157,2667.0
80650.51180492157,2555.0
86400.000002,2555.0
# temp #1052
0.0,2234.0
73290.75954887086,2234.0
73290.75954887086,2555.0
77264.82901861893,2555.0
77264.82901861893,2667.0
83564.82901861893,2667.0
83564.82901861893,2555.0
84764.82901861893,2555.0
84764.82901861893,2429.0
86400.000002,2429.0
# temp #1053
0.0,2234.0
83985.37778668107,2234.0
83985.37778668107,2555.0
86400.0,2555.0
# temp #1054
0.0,2234.0
23463.586511719044,2234.0
23463.586511719044,2555.0
30756.78559590597,2555.0
30756.78559590597,2429.0
31091.34016509634,2429.0
31091.34016509634,2555.0
34088.993890606806,2555.0
34088.993890606806,2429.0
34718.818104104146,2429.0
34718.818104104146,2555.0
35673.78054123838,2555.0
35673.78054123838,2429.0
35973.78054123838,2429.0
35973.78054123838,2555.0
37473.78054123838,2555.0
37473.78054123838,2429.0
47673.78054123838,2429.0
47673.78054123838,2234.0
86400.0,2234.0
# temp #1055
0.0,2234.0
53652.01295572334,2234.0
53652.01295572334,2429.0
54030.63441531268,2429.0
54030.63441531268,2555.0
55746.29984514323,2555.0
55746.29984514323,2429.0
67070.22457639688,2429.0
67070.22457639688,2555.0
86400.0,2555.0
# temp #1056
0.0,2234.0
2189.8701463826,2234.0
2189.8701463826,2017.0
8133.691625436769,2017.0
8133.691625436769,2234.0
28492.402826109905,2234.0
28492.402826109905,2017.0
39142.00960155577,2017.0
39142.00960155577,2234.0
44842.00960155577,2234.0
44842.00960155577,2429.0
49048.32684639842,2429.0
49048.32684639842,2234.0
59478.93690308557,2234.0
59478.93690308557,2667.0
72535.79653005583,2667.0
72535.79653005583,2555.0
86400.000002,2555.0
# temp #1057
0.0,2234.0
17470.485522598032,2234.0
17470.485522598032,2883.0
17876.37295634486,2883.0
17876.37295634486,2667.0
25451.135581685234,2667.0
25451.135581685234,2883.0
30967.743574222557,2883.0
30967.743574222557,2429.0
60074.885196704425,2429.0
60074.885196704425,2234.0
71037.3703002697,2234.0
71037.3703002697,2429.0
86400.0,2429.0
# temp #1058
0.0,2234.0
8078.635061345996,2234.0
8078.635061345996,2883.0
8953.27658930328,2883.0
8953.27658930328,2667.0
19619.886254402812,2667.0
19619.886254402812,2883.0
46351.15262994078,2883.0
46351.15262994078,2429.0
59059.78208987509,2429.0
59059.78208987509,2555.0
79676.93020678127,2555.0
79676.93020678127,2429.0
86400.0,2429.0
# temp #1059
0.0,2234.0
19515.2800164884,2234.0
19515.2800164884,2429.0
51615.280016488396,2429.0
51615.280016488396,2555.0
51915.280016488396,2555.0
51915.280016488396,2667.0
55897.23466504366,2667.0
55897.23466504366,2234.0
72693.39465103112,2234.0
72693.39465103112,2429.0
86400.000002,2429.0
# temp #1060
0.0,2234.0
70677.26148578805,2234.0
70677.26148578805,2555.0
82302.37908291166,2555.0
82302.37908291166,2429.0
86400.0,2429.0
# temp #1061
0.0,2234.0
1375.4036000696944,2234.0
1375.4036000696944,2667.0
6612.58016768843,2667.0
6612.58016768843,2555.0
8070.85411772132,2555.0
8070.85411772132,2667.0
14551.564649585634,2667.0
14551.564649585634,2555.0
14851.564649585634,2555.0
14851.564649585634,2429.0
51952.67284393777,2429.0
51952.67284393777,2555.0
69009.85173603987,2555.0
69009.85173603987,2667.0
86400.0,2667.0
# temp #1062
0.0,2234.0
78507.97446824146,2234.0
78507.97446824146,2555.0
86400.0,2555.0
# temp #1063
0.0,2234.0
76446.0793645587,2234.0
76446.0793645587,2555.0
81993.72329749168,2555.0
81993.72329749168,2429.0
82440.2845797362,2429.0
82440.2845797362,2555.0
85207.15035027826,2555.0
85207.15035027826,2429.0
86058.56749643573,2429.0
86058.56749643573,2555.0
86400.000002,2555.0
# temp #1064
0.0,2234.0
24398.48349129316,2234.0
24398.48349129316,2555.0
40117.19254588243,2555.0
40117.19254588243,2429.0
40440.44781960548,2429.0
40440.44781960548,2555.0
63065.29694949278,2555.0
63065.29694949278,2429.0
63560.048893606305,2429.0
63560.048893606305,2555.0
63880.780980689466,2555.0
63880.780980689466,2429.0
64180.780980689466,2429.0
64180.780980689466,2555.0
84580.78098068947,2555.0
84580.78098068947,2429.0
84880.78098068947,2429.0
84880.78098068947,2555.0
85480.78098068947,2555.0
85480.78098068947,2667.0
86400.0,2667.0
# temp #1065
0.0,2234.0
13282.646724488588,2234.0
13282.646724488588,2429.0
13699.83980425168,2429.0
13699.83980425168,2555.0
15894.793226500044,2555.0
15894.793226500044,2429.0
36241.20649967809,2429.0
36241.20649967809,2883.0
39627.660402772024,2883.0
39627.660402772024,2667.0
68449.17400621345,2667.0
68449.17400621345,2883.0
73180.75242920314,2883.0
73180.75242920314,2667.0
85548.93259601669,2667.0
85548.93259601669,2234.0
86400.000002,2234.0
# temp #1066
0.0,2234.0
56167.21351300367,2234.0
56167.21351300367,2555.0
58721.474940469496,2555.0
58721.474940469496,2667.0
68621.47494046949,2667.0
68621.47494046949,2555.0
73125.12315376663,2555.0
73125.12315376663,2429.0
86400.000002,2429.0
# temp #1067
0.0,2234.0
65601.73981783446,2234.0
65601.73981783446,2883.0
68001.73981783446,2883.0
68001.73981783446,2667.0
86400.000002,2667.0
# temp #1068
0.0,2234.0
70264.73396073561,2234.0
70264.73396073561,2883.0
72664.73396073561,2883.0
72664.73396073561,2667.0
86400.0,2667.0
# temp #1069
0.0,2234.0
4494.237437727862,2234.0
4494.237437727862,2667.0
36219.62918420322,2667.0
36219.62918420322,2555.0
37178.146505216144,2555.0
37178.146505216144,2667.0
60694.60239980836,2667.0
60694.60239980836,2555.0
60994.60239980836,2555.0
60994.60239980836,2667.0
61720.181754883386,2667.0
61720.181754883386,2555.0
62320.181754883386,2555.0
62320.181754883386,2667.0
67750.79733598979,2667.0
67750.79733598979,2555.0
86400.000002,2555.0
# temp #1070
0.0,2234.0
7531.5202127443645,2234.0
7531.5202127443645,2667.0
31137.131315306768,2667.0
31137.131315306768,2555.0
31910.504546505406,2555.0
31910.504546505406,2667.0
39700.11857463979,2667.0
39700.11857463979,2555.0
40000.11857463979,2555.0
40000.11857463979,2429.0
47191.53518672103,2429.0
47191.53518672103,2555.0
72461.35079450907,2555.0
72461.35079450907,2429.0
86400.000002,2429.0
# temp #1071
0.0,2234.0
34998.74791000039,2234.0
34998.74791000039,2017.0
69865.99765070716,2017.0
69865.99765070716,2234.0
84122.80799816364,2234.0
84122.80799816364,2017.0
86400.000002,2017.0
# temp #1072
0.0,2234.0
27454.959997627888,2234.0
27454.959997627888,2555.0
28339.367696852427,2555.0
28339.367696852427,2667.0
28714.363090926785,2667.0
28714.363090926785,2555.0
29014.363090926785,2555.0
29014.363090926785,2667.0
32614.363090926785,2667.0
32614.363090926785,2555.0
34114.36309092678,2555.0
34114.36309092678,2429.0
44736.2676562043,2429.0
44736.2676562043,2234.0
65321.90256079194,2234.0
65321.90256079194,2429.0
83356.71204607935,2429.0
83356.71204607935,2234.0
86400.0,2234.0
# temp #1073
0.0,2234.0
8034.985194867479,2234.0
8034.985194867479,2883.0
9664.673244254665,2883.0
9664.673244254665,2667.0
13708.325771475214,2667.0
13708.325771475214,2883.0
21977.00416906737,2883.0
21977.00416906737,2667.0
45547.759256511934,2667.0
45547.759256511934,2555.0
49931.568845640875,2555.0
49931.568845640875,2667.0
51656.5790406894,2667.0
51656.5790406894,2555.0
64156.05189451018,2555.0
64156.05189451018,2667.0
80082.67069389114,2667.0
80082.67069389114,2555.0
86400.0,2555.0
# temp #1074
0.0,2234.0
52595.451578730725,2234.0
52595.451578730725,2555.0
86400.000002,2555.0
# temp #1075
0.0,2234.0
21095.81173451152,2234.0
21095.81173451152,2555.0
55535.864105704255,2555.0
55535.864105704255,2429.0
67027.196192625,2429.0
67027.196192625,2234.0
67327.196192625,2234.0
67327.196192625,2017.0
86400.000002,2017.0
# temp #1076
0.0,2234.0
56753.1010672683,2234.0
56753.1010672683,2883.0
59153.1010672683,2883.0
59153.1010672683,2667.0
78358.44023467509,2667.0
78358.44023467509,2555.0
86400.0,2555.0
# temp #1077
0.0,2234.0
44736.000528023586,2234.0
44736.000528023586,2555.0
72162.65661909712,2555.0
72162.65661909712,2429.0
72717.77047994548,2429.0
72717.77047994548,2555.0
77448.82760702168,2555.0
77448.82760702168,2429.0
78487.84162814265,2429.0
78487.84162814265,2234.0
86400.0,2234.0
# temp #1078
0.0,2234.0
64614.05350808054,2234.0
64614.05350808054,2555.0
76643.75523270573,2555.0
76643.75523270573,2234.0
86400.000002,2234.0
# temp #1079
0.0,2234.0
25122.721100784842,2234.0
25122.721100784842,2429.0
25722.721100784842,2429.0
25722.721100784842,2555.0
30164.482873119417,2555.0
30164.482873119417,2429.0
67031.61770040171,2429.0
67031.61770040171,2555.0
86400.000002,2555.0
# temp #1080
0.0,2234.0
18724.822105653588,2234.0
18724.822105653588,2429.0
19039.49763416313,2429.0
19039.49763416313,2555.0
20047.560301562775,2555.0
20047.560301562775,2429.0
23000.737100746486,2429.0
23000.737100746486,2555.0
34727.590160351254,2555.0
34727.590160351254,2429.0
69129.54232245685,2429.0
69129.54232245685,2883.0
86400.000002,2883.0
# temp #1081
0.0,2234.0
936.248613218777,2234.0
936.248613218777,2429.0
1508.719694777392,2429.0
1508.719694777392,2555.0
2739.692273153924,2555.0
2739.692273153924,2429.0
3465.2668973430996,2429.0
3465.2668973430996,2555.0
15964.41184775904,2555.0
15964.41184775904,2667.0
37163.22151394562,2667.0
37163.22151394562,2555.0
48279.40153721721,2555.0
48279.40153721721,2667.0
55621.604035352364,2667.0
55621.604035352364,2234.0
62654.65450950434,2234.0
62654.65450950434,2667.0
66794.75021939726,2667.0
66794.75021939726,2555.0
77026.14159481601,2555.0
77026.14159481601,2429.0
80053.90139291996,2429.0
80053.90139291996,2555.0
86400.0,2555.0
# temp #1082
0.0,2234.0
31669.307843805294,2234.0
31669.307843805294,2555.0
54142.23574704957,2555.0
54142.23574704957,2429.0
63919.20590184164,2429.0
63919.20590184164,2234.0
64519.20590184164,2234.0
64519.20590184164,2429.0
82819.20590184163,2429.0
82819.20590184163,2555.0
84319.20590184163,2555.0
84319.20590184163,2429.0
86400.0,2429.0
# temp #1083
0.0,2234.0
18097.810724470764,2234.0
18097.810724470764,2555.0
45976.55057511293,2555.0
45976.55057511293,2429.0
67401.86980250293,2429.0
67401.86980250293,2883.0
86400.000002,2883.0
# temp #1084
0.0,2234.0
26514.25945367664,2234.0
26514.25945367664,2555.0
46430.5609146366,2555.0
46430.5609146366,2429.0
60018.818052951254,2429.0
60018.818052951254,2555.0
86400.000002,2555.0
# temp #1085
0.0,2234.0
19466.527372319255,2234.0
19466.527372319255,2017.0
41749.506874848164,2017.0
41749.506874848164,2234.0
82003.90382520856,2234.0
82003.90382520856,2017.0
86400.0,2017.0
# temp #1086
0.0,2234.0
1720.2742906054484,2234.0
1720.2742906054484,2429.0
2127.98182067927,2429.0
2127.98182067927,2555.0
2637.3664971208204,2555.0
2637.3664971208204,2429.0
6190.588650712744,2429.0
6190.588650712744,2555.0
24372.74151365273,2555.0
24372.74151365273,2667.0
32975.54073077627,2667.0
32975.54073077627,2555.0
68213.1025674753,2555.0
68213.1025674753,2429.0
74865.6591741834,2429.0
74865.6591741834,2555.0
86400.0,2555.0
# temp #1087
0.0,2234.0
22938.39660000522,2234.0
22938.39660000522,2429.0
23291.145543451425,2429.0
23291.145543451425,2555.0
25398.200186784383,2555.0
25398.200186784383,2429.0
61773.19495053963,2429.0
61773.19495053963,2555.0
86400.0,2555.0
# temp #1088
0.0,2234.0
17313.88463275507,2234.0
17313.88463275507,2017.0
22684.36466488056,2017.0
22684.36466488056,2234.0
23046.514481166378,2234.0
23046.514481166378,2017.0
51447.90196563117,2017.0
51447.90196563117,2234.0
67280.16842189245,2234.0
67280.16842189245,2017.0
86400.000002,2017.0
# temp #1089
0.0,2234.0
23487.394801899794,2234.0
23487.394801899794,2017.0
53643.27515456826,2017.0
53643.27515456826,2234.0
75506.36020861568,2234.0
75506.36020861568,2017.0
86400.000002,2017.0
# temp #1090
0.0,2234.0
2362.4739288585265,2234.0
2362.4739288585265,2667.0
34894.34041895438,2667.0
34894.34041895438,2555.0
35946.44826252479,2555.0
35946.44826252479,2667.0
48393.95518975799,2667.0
48393.95518975799,2555.0
48693.95518975799,2555.0
48693.95518975799,2667.0
49371.11395681278,2667.0
49371.11395681278,2555.0
49971.11395681278,2555.0
49971.11395681278,2667.0
54337.173048779376,2667.0
54337.173048779376,2555.0
69545.14057456983,2555.0
69545.14057456983,2429.0
79014.09889776261,2429.0
79014.09889776261,2555.0
86400.000002,2555.0
# temp #1091
0.0,2234.0
62235.708488035016,2234.0
62235.708488035016,2555.0
71433.2439887803,2555.0
71433.2439887803,2234.0
86400.000002,2234.0
# temp #1092
0.0,2234.0
7891.03620252572,2234.0
7891.03620252572,2429.0
8444.697785773315,2429.0
8444.697785773315,2234.0
9071.802970371209,2234.0
9071.802970371209,2429.0
13336.204299679957,2429.0
13336.204299679957,2234.0
21986.64466389455,2234.0
21986.64466389455,2429.0
23167.52831800841,2429.0
23167.52831800841,2234.0
44559.66979879887,2234.0
44559.66979879887,2429.0
46234.46043455043,2429.0
46234.46043455043,2234.0
52595.697001973174,2234.0
52595.697001973174,2667.0
59302.13117126842,2667.0
59302.13117126842,2555.0
60074.95420966298,2555.0
60074.95420966298,2429.0
75868.72074587738,2429.0
75868.72074587738,2234.0
86400.000002,2234.0
# temp #1093
0.0,2234.0
17027.21922467463,2234.0
17027.21922467463,2883.0
17517.40701987874,2883.0
17517.40701987874,2667.0
27259.773779986434,2667.0
27259.773779986434,2883.0
27737.205495452516,2883.0
27737.205495452516,2429.0
52710.426810337245,2429.0
52710.426810337245,2883.0
77888.46399402247,2883.0
77888.46399402247,2429.0
86400.000002,2429.0
# temp #1094
0.0,2234.0
4987.757454346866,2234.0
4987.757454346866,2667.0
52218.585149548024,2667.0
52218.585149548024,2555.0
53337.13333408815,2555.0
53337.13333408815,2667.0
67499.4591033552,2667.0
67499.4591033552,2555.0
68099.4591033552,2555.0
68099.4591033552,2667.0
86400.000002,2667.0
# temp #1095
0.0,2234.0
754.9277636921033,2234.0
754.9277636921033,2667.0
32528.196151228625,2667.0
32528.196151228625,2555.0
33549.675128655515,2555.0
33549.675128655515,2429.0
39265.65822791309,2429.0
39265.65822791309,2555.0
58863.28738695011,2555.0
58863.28738695011,2667.0
81002.32135620901,2667.0
81002.32135620901,2234.0
86400.000002,2234.0
# temp #1096
0.0,2234.0
6897.901799040848,2234.0
6897.901799040848,2667.0
10210.501823807137,2667.0
10210.501823807137,2555.0
10746.368016907947,2555.0
10746.368016907947,2667.0
32079.528408637278,2667.0
32079.528408637278,2555.0
32379.528408637278,2555.0
32379.528408637278,2667.0
32986.74195602071,2667.0
32986.74195602071,2555.0
33586.74195602071,2555.0
33586.74195602071,2667.0
34379.49729154353,2667.0
34379.49729154353,2555.0
37704.09192997032,2555.0
37704.09192997032,2429.0
48284.124636696666,2429.0
48284.124636696666,2883.0
66469.32422448882,2883.0
66469.32422448882,2429.0
73914.20840558132,2429.0
73914.20840558132,2555.0
79332.30316287374,2555.0
79332.30316287374,2667.0
86400.0,2667.0
# temp #1097
0.0,2234.0
15733.368404489012,2234.0
15733.368404489012,2429.0
16333.368404489012,2429.0
16333.368404489012,2555.0
21260.918701719496,2555.0
21260.918701719496,2429.0
23316.30044211634,2429.0
23316.30044211634,2555.0
56398.44169949648,2555.0
56398.44169949648,2429.0
85492.4622318009,2429.0
85492.4622318009,2555.0
86400.000002,2555.0
# temp #1098
0.0,2234.0
29473.027455713604,2234.0
29473.027455713604,2017.0
45402.73450738751,2017.0
45402.73450738751,2234.0
75647.6171000395,2234.0
75647.6171000395,2017.0
86400.0,2017.0
# temp #1099
0.0,2234.0
53757.61951783207,2234.0
53757.61951783207,2429.0
54117.8627121728,2429.0
54117.8627121728,2555.0
55205.84994438105,2555.0
55205.84994438105,2429.0
86400.0,2429.0
# temp #1100
0.0,2234.0
76978.8385908818,2234.0
76978.8385908818,2555.0
86400.000002,2555.0
# temp #1101
0.0,2234.0
5397.651485935786,2234.0
5397.651485935786,2883.0
16497.651485935785,2883.0
16497.651485935785,2555.0
45437.27161372081,2555.0
45437.27161372081,2429.0
80324.73254960497,2429.0
80324.73254960497,2555.0
86400.0,2555.0
# temp #1102
0.0,2234.0
72805.96857501661,2234.0
72805.96857501661,2555.0
86400.000002,2555.0
# temp #1103
0.0,2234.0
10496.475330088288,2234.0
10496.475330088288,2429.0
11096.475330088288,2429.0
11096.475330088288,2555.0
12931.1004021205,2555.0
12931.1004021205,2429.0
38913.25285197236,2429.0
38913.25285197236,2555.0
43082.45043209755,2555.0
43082.45043209755,2667.0
64401.84336493258,2667.0
64401.84336493258,2555.0
77884.15301945062,2555.0
77884.15301945062,2429.0
86400.0,2429.0
# temp #1104
0.0,2234.0
29554.452112200674,2234.0
29554.452112200674,2555.0
32881.575627462014,2555.0
32881.575627462014,2429.0
33263.369367993444,2429.0
33263.369367993444,2555.0
41026.993732899435,2555.0
41026.993732899435,2429.0
41783.24337147643,2429.0
41783.24337147643,2234.0
55324.778407649144,2234.0
55324.778407649144,2667.0
84990.23667157163,2667.0
84990.23667157163,2555.0
86400.000002,2555.0
# temp #1105
0.0,2234.0
6550.9682063246155,2234.0
6550.9682063246155,2667.0
30890.05967541598,2667.0
30890.05967541598,2555.0
31788.77180940472,2555.0
31788.77180940472,2667.0
67842.6971327048,2667.0
67842.6971327048,2555.0
68442.6971327048,2555.0
68442.6971327048,2667.0
86091.242967546,2667.0
86091.242967546,2555.0
86400.0,2555.0
# temp #1106
0.0,2234.0
9067.339938716033,2234.0
9067.339938716033,2555.0
26281.85405193363,2555.0
26281.85405193363,2429.0
26662.35249813181,2429.0
26662.35249813181,2555.0
38781.84542125092,2555.0
38781.84542125092,2429.0
39547.49653050677,2429.0
39547.49653050677,2555.0
39900.20636105911,2555.0
39900.20636105911,2429.0
40200.20636105911,2429.0
40200.20636105911,2555.0
40500.20636105911,2555.0
40500.20636105911,2429.0
41100.20636105911,2429.0
41100.20636105911,2555.0
44196.202793810524,2555.0
44196.202793810524,2429.0
82018.88309482021,2429.0
82018.88309482021,2555.0
86400.0,2555.0
# temp #1107
0.0,2234.0
26826.88909233548,2234.0
26826.88909233548,2017.0
55042.15325200931,2017.0
55042.15325200931,2234.0
72172.63992056252,2234.0
72172.63992056252,2017.0
86400.000002,2017.0
# temp #1108
0.0,2234.0
46486.16864606739,2234.0
46486.16864606739,2555.0
56154.0809115395,2555.0
56154.0809115395,2429.0
56572.47135811486,2429.0
56572.47135811486,2555.0
59548.62395741512,2555.0
59548.62395741512,2429.0
60769.68818299939,2429.0
60769.68818299939,2555.0
61307.13460233529,2555.0
61307.13460233529,2429.0
86400.0,2429.0
# temp #1109
0.0,2234.0
9237.660352606328,2234.0
9237.660352606328,2017.0
34301.15752313287,2017.0
34301.15752313287,2234.0
55113.47180139275,2234.0
55113.47180139275,2017.0
77418.24870784768,2017.0
77418.24870784768,2234.0
86400.0,2234.0
# temp #1110
0.0,2234.0
24809.512684657242,2234.0
24809.512684657242,2555.0
42355.42496109848,2555.0
42355.42496109848,2429.0
42818.25042162091,2429.0
42818.25042162091,2555.0
43600.72081312538,2555.0
43600.72081312538,2429.0
44364.348997897476,2429.0
44364.348997897476,2234.0
70918.0106380256,2234.0
70918.0106380256,2429.0
85405.18718843815,2429.0
85405.18718843815,2555.0
86400.000002,2555.0
# temp #1111
0.0,2234.0
7754.039991740138,2234.0
7754.039991740138,2429.0
8054.039991740138,2429.0
8054.039991740138,2234.0
16245.245068520311,2234.0
16245.245068520311,2667.0
44339.55256612972,2667.0
44339.55256612972,2234.0
68582.73352682592,2234.0
68582.73352682592,2429.0
86400.000002,2429.0
# temp #1112
0.0,2234.0
31542.21665624064,2234.0
31542.21665624064,2555.0
35292.494108830586,2555.0
35292.494108830586,2667.0
35623.366583464674,2667.0
35623.366583464674,2555.0
35923.366583464674,2555.0
35923.366583464674,2667.0
62623.36658346467,2667.0
62623.36658346467,2555.0
78523.36658346467,2555.0
78523.36658346467,2234.0
82123.36658346467,2234.0
82123.36658346467,2429.0
86400.000002,2429.0
# temp #1113
0.0,2234.0
58018.985249195255,2234.0
58018.985249195255,2555.0
75074.44554548712,2555.0
75074.44554548712,2429.0
75383.89821639286,2429.0
75383.89821639286,2555.0
86400.000002,2555.0
# temp #1114
0.0,2234.0
79686.57038204839,2234.0
79686.57038204839,2555.0
86400.000002,2555.0
# temp #1115
0.0,2234.0
37780.13787511737,2234.0
37780.13787511737,2429.0
38332.26789033507,2429.0
38332.26789033507,2234.0
39093.11358192936,2234.0
39093.11358192936,2429.0
42710.93946662732,2429.0
42710.93946662732,2234.0
54309.03363930994,2234.0
54309.03363930994,2429.0
54815.4264828656,2429.0
54815.4264828656,2555.0
55249.30882095361,2555.0
55249.30882095361,2429.0
86400.0,2429.0
# temp #1116
0.0,2234.0
7895.373121043668,2234.0
7895.373121043668,2429.0
8195.373121043667,2429.0
8195.373121043667,2234.0
9174.637126503514,2234.0
9174.637126503514,2667.0
57794.65214735829,2667.0
57794.65214735829,2883.0
58563.47074548249,2883.0
58563.47074548249,2429.0
86400.0,2429.0
# temp #1117
0.0,2234.0
15220.806459942834,2234.0
15220.806459942834,2429.0
15636.430269037375,2429.0
15636.430269037375,2555.0
18950.991911371242,2555.0
18950.991911371242,2429.0
30136.085275886584,2429.0
30136.085275886584,2234.0
42425.30216686428,2234.0
42425.30216686428,2429.0
52610.67470451818,2429.0
52610.67470451818,2555.0
62711.77261294798,2555.0
62711.77261294798,2667.0
62797.93002759107,2667.0
62797.93002759107,2555.0
81145.85032076576,2555.0
81145.85032076576,2667.0
86400.000002,2667.0
# temp #1118
0.0,2234.0
10882.781018223615,2234.0
10882.781018223615,2883.0
11630.281730694698,2883.0
11630.281730694698,2667.0
17887.377055222172,2667.0
17887.377055222172,2883.0
25540.016299649145,2883.0
25540.016299649145,2555.0
26740.016299649145,2555.0
26740.016299649145,2883.0
44886.160371056765,2883.0
44886.160371056765,2667.0
65457.39731637297,2667.0
65457.39731637297,2555.0
71415.55232908578,2555.0
71415.55232908578,2429.0
86400.000002,2429.0
# temp #1119
0.0,2234.0
17566.037695482373,2234.0
17566.037695482373,2429.0
17937.522158632055,2429.0
17937.522158632055,2234.0
18585.077234124765,2234.0
18585.077234124765,2429.0
19111.13217752427,2429.0
19111.13217752427,2234.0
27143.02460490726,2234.0
27143.02460490726,2429.0
27862.55259490572,2429.0
27862.55259490572,2555.0
28891.006887098774,2555.0
28891.006887098774,2429.0
29191.006887098774,2429.0
29191.006887098774,2555.0
29491.006887098774,2555.0
29491.006887098774,2429.0
30091.006887098774,2429.0
30091.006887098774,2555.0
34124.4115782436,2555.0
34124.4115782436,2429.0
52203.94447571599,2429.0
52203.94447571599,2883.0
68330.11718024501,2883.0
68330.11718024501,2667.0
86400.0,2667.0
# temp #1120
0.0,2234.0
36167.48513379135,2234.0
36167.48513379135,2017.0
52091.9395191595,2017.0
52091.9395191595,2234.0
82084.66187892483,2234.0
82084.66187892483,2017.0
86400.0,2017.0
# temp #1121
0.0,2234.0
18640.093586314473,2234.0
18640.093586314473,2555.0
20405.433085584085,2555.0
20405.433085584085,2667.0
20733.939526719045,2667.0
20733.939526719045,2555.0
21033.939526719045,2555.0
21033.939526719045,2667.0
47733.93952671904,2667.0
47733.93952671904,2555.0
63633.93952671904,2555.0
63633.93952671904,2234.0
67233.93952671904,2234.0
67233.93952671904,2429.0
77133.93952671904,2429.0
77133.93952671904,2555.0
77733.93952671904,2555.0
77733.93952671904,2667.0
86400.0,2667.0
# temp #1122
0.0,2234.0
32240.88760670275,2234.0
32240.88760670275,2429.0
32840.887606702745,2429.0
32840.887606702745,2555.0
33287.05906290561,2555.0
33287.05906290561,2429.0
60685.44374804479,2429.0
60685.44374804479,2555.0
78052.2199493833,2555.0
78052.2199493833,2429.0
86400.0,2429.0
# temp #1123
0.0,2234.0
4702.9362057801345,2234.0
4702.9362057801345,2667.0
23625.668218033392,2667.0
23625.668218033392,2555.0
24621.644723368812,2555.0
24621.644723368812,2429.0
32857.56922129077,2429.0
32857.56922129077,2555.0
67220.85140934215,2555.0
67220.85140934215,2429.0
68726.82630100755,2429.0
68726.82630100755,2555.0
73013.56466773433,2555.0
73013.56466773433,2429.0
86400.0,2429.0
# temp #1124
0.0,2234.0
12187.722911057064,2234.0
12187.722911057064,2555.0
16511.496402136985,2555.0
16511.496402136985,2667.0
26411.496402136985,2667.0
26411.496402136985,2555.0
29746.668277122084,2555.0
29746.668277122084,2429.0
41320.61936573592,2429.0
41320.61936573592,2234.0
54023.90010205564,2234.0
54023.90010205564,2667.0
76962.11610306056,2667.0
76962.11610306056,2234.0
77487.93441373856,2234.0
77487.93441373856,2667.0
86400.000002,2667.0
# temp #1125
0.0,2234.0
21951.04511913378,2234.0
21951.04511913378,2429.0
54051.04511913378,2429.0
54051.04511913378,2555.0
54351.04511913378,2555.0
54351.04511913378,2667.0
86400.0,2667.0
# temp #1126
0.0,2234.0
5195.145532675088,2234.0
5195.145532675088,2555.0
10802.456732746215,2555.0
10802.456732746215,2429.0
11389.036090811716,2429.0
11389.036090811716,2555.0
34654.162128386095,2555.0
34654.162128386095,2429.0
35380.983679415665,2429.0
35380.983679415665,2234.0
42775.10770750233,2234.0
42775.10770750233,2667.0
48080.020765657544,2667.0
48080.020765657544,2234.0
51117.237635655336,2234.0
51117.237635655336,2429.0
86400.000002,2429.0
# temp #1127
0.0,2234.0
76727.83892881127,2234.0
76727.83892881127,2555.0
86400.0,2555.0
# temp #1128
0.0,2234.0
6210.579501162284,2234.0
6210.579501162284,2667.0
22205.449423938993,2667.0
22205.449423938993,2555.0
22836.12728873268,2555.0
22836.12728873268,2667.0
42407.76035771706,2667.0
42407.76035771706,2555.0
42707.76035771706,2555.0
42707.76035771706,2667.0
43598.00550662913,2667.0
43598.00550662913,2555.0
44198.00550662913,2555.0
44198.00550662913,2667.0
55018.17114050501,2667.0
55018.17114050501,2883.0
86400.0,2883.0
# temp #1129
0.0,2234.0
7748.7269272562135,2234.0
7748.7269272562135,2667.0
26961.161538795575,2667.0
26961.161538795575,2555.0
28386.177114606842,2555.0
28386.177114606842,2667.0
39319.14188079537,2667.0
39319.14188079537,2555.0
39619.14188079537,2555.0
39619.14188079537,2667.0
39919.14188079537,2667.0
39919.14188079537,2555.0
43219.14188079537,2555.0
43219.14188079537,2667.0
68719.14188079536,2667.0
68719.14188079536,2883.0
86400.000002,2883.0
# temp #1130
0.0,2234.0
7576.608275366018,2234.0
7576.608275366018,2667.0
48396.87283078675,2667.0
48396.87283078675,2555.0
48784.52016098891,2555.0
48784.52016098891,2667.0
60536.82683142834,2667.0
60536.82683142834,2555.0
61136.82683142834,2555.0
61136.82683142834,2667.0
74778.8487351034,2667.0
74778.8487351034,2555.0
78693.65787156859,2555.0
78693.65787156859,2429.0
86400.0,2429.0
# temp #1131
0.0,2234.0
84427.6620558696,2234.0
84427.6620558696,2883.0
86400.0,2883.0
# temp #1132
0.0,2234.0
10924.008478014732,2234.0
10924.008478014732,2883.0
11320.31020279974,2883.0
11320.31020279974,2667.0
19407.319023250606,2667.0
19407.319023250606,2883.0
23062.289607594725,2883.0
23062.289607594725,2667.0
25599.231293611232,2667.0
25599.231293611232,2555.0
38178.99512629957,2555.0
38178.99512629957,2667.0
58797.42487622426,2667.0
58797.42487622426,2883.0
75085.82536792384,2883.0
75085.82536792384,2667.0
86400.000002,2667.0
# temp #1133
0.0,2234.0
17461.95199806243,2234.0
17461.95199806243,2017.0
27825.338957319036,2017.0
27825.338957319036,2234.0
47380.290017696105,2234.0
47380.290017696105,2017.0
82709.41252349877,2017.0
82709.41252349877,2234.0
86400.000002,2234.0
# temp #1134
0.0,2234.0
83754.67466062402,2234.0
83754.67466062402,2555.0
86400.0,2555.0
# temp #1135
0.0,2234.0
28495.577651937496,2234.0
28495.577651937496,2429.0
28885.76226239093,2429.0
28885.76226239093,2555.0
29819.981526257474,2555.0
29819.981526257474,2429.0
31277.0601910539,2429.0
31277.0601910539,2555.0
31392.757361708213,2555.0
31392.757361708213,2429.0
38116.93764373195,2429.0
38116.93764373195,2555.0
40843.20718680975,2555.0
40843.20718680975,2667.0
67833.18370354829,2667.0
67833.18370354829,2883.0
67915.39022228682,2883.0
67915.39022228682,2429.0
86400.000002,2429.0
# temp #1136
0.0,2234.0
40051.602031197406,2234.0
40051.602031197406,2429.0
40519.79640335777,2429.0
40519.79640335777,2234.0
41377.90112143849,2234.0
41377.90112143849,2429.0
44339.338507479995,2429.0
44339.338507479995,2234.0
65876.86369386503,2234.0
65876.86369386503,2429.0
66895.36325570663,2429.0
66895.36325570663,2234.0
86349.09856868909,2234.0
86349.09856868909,2429.0
86400.0,2429.0
# temp #1137
0.0,2234.0
37777.237342111766,2234.0
37777.237342111766,2555.0
43995.8512244979,2555.0
43995.8512244979,2429.0
63517.63447599952,2429.0
63517.63447599952,2555.0
69973.39358862957,2555.0
69973.39358862957,2667.0
86400.0,2667.0
# temp #1138
0.0,2234.0
64876.479729311555,2234.0
64876.479729311555,2555.0
86400.0,2555.0
# temp #1139
0.0,2234.0
41113.116623251706,2234.0
41113.116623251706,2555.0
45571.22766051908,2555.0
45571.22766051908,2667.0
55471.22766051908,2667.0
55471.22766051908,2555.0
59255.46234596987,2555.0
59255.46234596987,2429.0
82777.41156367121,2429.0
82777.41156367121,2234.0
86400.000002,2234.0
# temp #1140
0.0,2234.0
2779.614050081,2234.0
2779.614050081,2017.0
29775.841061817486,2017.0
29775.841061817486,2234.0
34236.05537633412,2234.0
34236.05537633412,2017.0
59533.87643401512,2017.0
59533.87643401512,2234.0
80852.76572392324,2234.0
80852.76572392324,2017.0
86400.0,2017.0
# temp #1141
0.0,2234.0
6078.533606696875,2234.0
6078.533606696875,2017.0
38343.31543352455,2017.0
38343.31543352455,2234.0
58207.996449898936,2234.0
58207.996449898936,2017.0
81828.13529223205,2017.0
81828.13529223205,2234.0
86400.0,2234.0
# temp #1142
0.0,2234.0
45244.983858964406,2234.0
45244.983858964406,2883.0
47644.983858964406,2883.0
47644.983858964406,2667.0
63199.59595911205,2667.0
63199.59595911205,2234.0
86400.0,2234.0
# temp #1143
0.0,2234.0
6673.852574033664,2234.0
6673.852574033664,2883.0
7448.432078375482,2883.0
7448.432078375482,2667.0
11389.877668325791,2667.0
11389.877668325791,2883.0
13522.657448309476,2883.0
13522.657448309476,2429.0
39219.67381155119,2429.0
39219.67381155119,2555.0
43015.4644785449,2555.0
43015.4644785449,2667.0
59598.23645905127,2667.0
59598.23645905127,2555.0
85680.95817470459,2555.0
85680.95817470459,2429.0
86400.000002,2429.0
# temp #1144
0.0,2234.0
22412.556497706104,2234.0
22412.556497706104,2555.0
23481.893544830386,2555.0
23481.893544830386,2429.0
24036.783825396564,2429.0
24036.783825396564,2555.0
45703.727457742214,2555.0
45703.727457742214,2429.0
46789.358684350744,2429.0
46789.358684350744,2234.0
48147.626436618164,2234.0
48147.626436618164,2667.0
85557.7699783724,2667.0
85557.7699783724,2555.0
86400.0,2555.0
# temp #1145
0.0,2234.0
20515.58594189119,2234.0
20515.58594189119,2429.0
27415.58594189119,2429.0
27415.58594189119,2555.0
29215.58594189119,2555.0
29215.58594189119,2429.0
42115.585941891186,2429.0
42115.585941891186,2234.0
42415.585941891186,2234.0
42415.585941891186,2017.0
42715.585941891186,2017.0
42715.585941891186,2234.0
43015.585941891186,2234.0
43015.585941891186,2017.0
61063.15499763005,2017.0
61063.15499763005,2234.0
80331.45714397544,2234.0
80331.45714397544,2667.0
86400.000002,2667.0
# temp #1146
0.0,2234.0
2425.939412461594,2234.0
2425.939412461594,2017.0
17086.506823869422,2017.0
17086.506823869422,2234.0
32040.57847517543,2234.0
32040.57847517543,2017.0
67219.75813424216,2017.0
67219.75813424216,2234.0
86400.0,2234.0
# temp #1147
0.0,2234.0
44249.851598474204,2234.0
44249.851598474204,2555.0
73714.2930466449,2555.0
73714.2930466449,2429.0
74231.34222244845,2429.0
74231.34222244845,2555.0
86400.0,2555.0
# temp #1148
0.0,2234.0
1243.0872198427096,2234.0
1243.0872198427096,2667.0
13496.69495795388,2667.0
13496.69495795388,2555.0
14446.121157263407,2555.0
14446.121157263407,2667.0
32365.18757685554,2667.0
32365.18757685554,2555.0
32965.18757685554,2555.0
32965.18757685554,2667.0
50828.05250252132,2667.0
50828.05250252132,2555.0
53362.57576423232,2555.0
53362.57576423232,2429.0
76560.07135771216,2429.0
76560.07135771216,2555.0
86400.000002,2555.0
# temp #1149
0.0,2234.0
2065.4657291946933,2234.0
2065.4657291946933,2667.0
27578.768958407458,2667.0
27578.768958407458,2555.0
28183.232703502294,2555.0
28183.232703502294,2429.0
39099.2349976441,2429.0
39099.2349976441,2555.0
71895.47990961002,2555.0
71895.47990961002,2429.0
86400.0,2429.0
# temp #1150
0.0,2234.0
54006.79183406756,2234.0
54006.79183406756,2429.0
54421.31770981942,2429.0
54421.31770981942,2555.0
56098.79479205702,2555.0
56098.79479205702,2429.0
67547.45123425966,2429.0
67547.45123425966,2234.0
86400.000002,2234.0
# temp #1151
0.0,2234.0
74403.2678358257,2234.0
74403.2678358257,2883.0
76803.2678358257,2883.0
76803.2678358257,2667.0
86400.0,2667.0
# temp #1152
0.0,2234.0
51738.08538385202,2234.0
51738.08538385202,2429.0
52090.56381366682,2429.0
52090.56381366682,2555.0
56415.444898302674,2555.0
56415.444898302674,2429.0
75546.51006110945,2429.0
75546.51006110945,2234.0
78571.87028042974,2234.0
78571.87028042974,2429.0
86400.0,2429.0
# temp #1153
0.0,2234.0
5798.211371619255,2234.0
5798.211371619255,2667.0
28699.983646161858,2667.0
28699.983646161858,2555.0
29165.82699771971,2555.0
29165.82699771971,2667.0
47093.590440577835,2667.0
47093.590440577835,2555.0
47393.590440577835,2555.0
47393.590440577835,2667.0
47693.590440577835,2667.0
47693.590440577835,2555.0
50993.590440577835,2555.0
50993.590440577835,2667.0
76493.59044057783,2667.0
76493.59044057783,2883.0
86400.0,2883.0
# temp #1154
0.0,2234.0
78483.80640707912,2234.0
78483.80640707912,2555.0
86400.000002,2555.0
# temp #1155
0.0,2234.0
37109.36978571118,2234.0
37109.36978571118,2017.0
74641.29328136334,2017.0
74641.29328136334,2234.0
79687.8733359743,2234.0
79687.8733359743,2017.0
86400.0,2017.0
# temp #1156
0.0,2234.0
23873.627694812607,2234.0
23873.627694812607,2555.0
24273.636196833108,2555.0
24273.636196833108,2667.0
34173.636196833104,2667.0
34173.636196833104,2555.0
35498.0180698447,2555.0
35498.0180698447,2429.0
60788.85666104034,2429.0
60788.85666104034,2555.0
72045.84792566021,2555.0
72045.84792566021,2883.0
86400.000002,2883.0
# temp #1157
0.0,2234.0
74476.21859768407,2234.0
74476.21859768407,2555.0
77328.3274702728,2555.0
77328.3274702728,2667.0
77771.98441014627,2667.0
77771.98441014627,2555.0
78071.98441014627,2555.0
78071.98441014627,2667.0
86400.000002,2667.0
# temp #1158
0.0,2234.0
21642.66271158122,2234.0
21642.66271158122,2429.0
28542.66271158122,2429.0
28542.66271158122,2555.0
30342.66271158122,2555.0
30342.66271158122,2429.0
43242.662711581215,2429.0
43242.662711581215,2234.0
43542.662711581215,2234.0
43542.662711581215,2017.0
43842.662711581215,2017.0
43842.662711581215,2234.0
44142.662711581215,2234.0
44142.662711581215,2017.0
58561.85584708583,2017.0
58561.85584708583,2234.0
59783.51466308814,2234.0
59783.51466308814,2429.0
86400.000002,2429.0
# temp #1159
0.0,2234.0
77077.12363153698,2234.0
77077.12363153698,2555.0
80914.22841644382,2555.0
80914.22841644382,2667.0
86400.000002,2667.0
# temp #1160
0.0,2234.0
3752.0235168049117,2234.0
3752.0235168049117,2429.0
4052.0235168049117,2429.0
4052.0235168049117,2234.0
11666.378243314104,2234.0
11666.378243314104,2429.0
13708.989494643176,2429.0
13708.989494643176,2667.0
26401.318151294257,2667.0
26401.318151294257,2555.0
60289.08670681996,2555.0
60289.08670681996,2429.0
78001.93477941213,2429.0
78001.93477941213,2883.0
86400.0,2883.0
# temp #1161
0.0,2234.0
7685.090800258333,2234.0
7685.090800258333,2667.0
52966.11480270513,2667.0
52966.11480270513,2555.0
53540.9877228085,2555.0
53540.9877228085,2429.0
60682.03895373736,2429.0
60682.03895373736,2555.0
78755.81204979682,2555.0
78755.81204979682,2429.0
84297.70118105227,2429.0
84297.70118105227,2883.0
86400.000002,2883.0
# temp #1162
0.0,2234.0
11414.838303183207,2234.0
11414.838303183207,2883.0
12758.028041711079,2883.0
12758.028041711079,2667.0
14671.132380003111,2667.0
14671.132380003111,2883.0
27418.861763225872,2883.0
27418.861763225872,2667.0
52819.932450866334,2667.0
52819.932450866334,2234.0
55066.94828351029,2234.0
55066.94828351029,2667.0
76221.02822461167,2667.0
76221.02822461167,2234.0
86400.0,2234.0
# temp #1163
0.0,2234.0
49278.535440657295,2234.0
49278.535440657295,2429.0
49578.535440657295,2429.0
49578.535440657295,2234.0
85460.49158591779,2234.0
85460.49158591779,2429.0
86400.000002,2429.0
# temp #1164
0.0,2234.0
21429.18553850614,2234.0
21429.18553850614,2555.0
32848.25594946743,2555.0
32848.25594946743,2429.0
33202.88648265415,2429.0
33202.88648265415,2555.0
45111.38797136956,2555.0
45111.38797136956,2429.0
46248.440472548835,2429.0
46248.440472548835,2555.0
46817.369619151585,2555.0
46817.369619151585,2429.0
47117.369619151585,2429.0
47117.369619151585,2555.0
48617.369619151585,2555.0
48617.369619151585,2429.0
58817.369619151585,2429.0
58817.369619151585,2234.0
86400.000002,2234.0
# temp #1165
0.0,2234.0
71944.92839744782,2234.0
71944.92839744782,2555.0
74328.47774494441,2555.0
74328.47774494441,2667.0
80628.47774494441,2667.0
80628.47774494441,2555.0
81828.47774494441,2555.0
81828.47774494441,2429.0
86400.0,2429.0
# temp #1166
0.0,2234.0
802.4514655815437,2234.0
802.4514655815437,2429.0
1102.4514655815437,2429.0
1102.4514655815437,2234.0
13159.814966772685,2234.0
13159.814966772685,2429.0
23215.7832993893,2429.0
23215.7832993893,2234.0
33369.22024057713,2234.0
33369.22024057713,2667.0
52682.938907761134,2667.0
52682.938907761134,2555.0
65627.94260464144,2555.0
65627.94260464144,2429.0
86400.000002,2429.0
# temp #1167
0.0,2234.0
15503.779539442625,2234.0
15503.779539442625,2883.0
16579.226305964406,2883.0
16579.226305964406,2667.0
20077.3852435872,2667.0
20077.3852435872,2883.0
23426.61133781076,2883.0
23426.61133781076,2667.0
60240.019264980234,2667.0
60240.019264980234,2555.0
69136.88454756049,2555.0
69136.88454756049,2667.0
86400.0,2667.0
# temp #1168
0.0,2234.0
43197.293926030405,2234.0
43197.293926030405,2429.0
43797.293926030405,2429.0
43797.293926030405,2555.0
47957.45428539813,2555.0
47957.45428539813,2429.0
52500.048556714326,2429.0
52500.048556714326,2555.0
54179.66840935406,2555.0
54179.66840935406,2667.0
67648.08867413086,2667.0
67648.08867413086,2555.0
86400.000002,2555.0
# temp #1169
0.0,2234.0
30933.743033395152,2234.0
30933.743033395152,2555.0
34518.24575657957,2555.0
34518.24575657957,2667.0
34891.146835545085,2667.0
34891.146835545085,2555.0
40891.14683554508,2555.0
40891.14683554508,2429.0
43291.14683554508,2429.0
43291.14683554508,2234.0
46891.14683554508,2234.0
46891.14683554508,2429.0
48091.14683554508,2429.0
48091.14683554508,2234.0
53791.14683554508,2234.0
53791.14683554508,2429.0
77148.07512885891,2429.0
77148.07512885891,2555.0
86400.0,2555.0
# temp #1170
0.0,2234.0
13957.538989442402,2234.0
13957.538989442402,2883.0
15427.271898393521,2883.0
15427.271898393521,2667.0
18055.905453837477,2667.0
18055.905453837477,2883.0
42816.72697844916,2883.0
42816.72697844916,2429.0
74094.38304207289,2429.0
74094.38304207289,2555.0
85388.71340565385,2555.0
85388.71340565385,2883.0
86400.000002,2883.0
# temp #1171
0.0,2234.0
37839.946133480415,2234.0
37839.946133480415,2429.0
44739.946133480415,2429.0
44739.946133480415,2555.0
46539.946133480415,2555.0
46539.946133480415,2429.0
59439.946133480415,2429.0
59439.946133480415,2234.0
59739.946133480415,2234.0
59739.946133480415,2017.0
60039.946133480415,2017.0
60039.946133480415,2234.0
60339.946133480415,2234.0
60339.946133480415,2017.0
64665.13060934377,2017.0
64665.13060934377,2234.0
65907.67762314064,2234.0
65907.67762314064,2667.0
86400.0,2667.0
# temp #1172
0.0,2234.0
61865.03416900523,2234.0
61865.03416900523,2555.0
71029.45837236475,2555.0
71029.45837236475,2234.0
86400.0,2234.0
# temp #1173
0.0,2234.0
20570.446868450384,2234.0
20570.446868450384,2429.0
20986.22913525906,2429.0
20986.22913525906,2234.0
21854.727762308907,2234.0
21854.727762308907,2429.0
23213.255532667976,2429.0
23213.255532667976,2234.0
44989.995191758506,2234.0
44989.995191758506,2429.0
45849.132366129204,2429.0
45849.132366129204,2234.0
76473.62533542329,2234.0
76473.62533542329,2429.0
86400.000002,2429.0
# temp #1174
0.0,2234.0
22178.216382139366,2234.0
22178.216382139366,2555.0
58611.14011534957,2555.0
58611.14011534957,2429.0
60117.69811192063,2429.0
60117.69811192063,2234.0
62720.152593380786,2234.0
62720.152593380786,2429.0
81081.55962091406,2429.0
81081.55962091406,2234.0
86400.000002,2234.0
# temp #1175
0.0,2234.0
43097.314075031325,2234.0
43097.314075031325,2555.0
49225.21548613441,2555.0
49225.21548613441,2429.0
49531.46395557561,2429.0
49531.46395557561,2555.0
67788.16398319324,2555.0
67788.16398319324,2429.0
68319.16063784157,2429.0
68319.16063784157,2555.0
69154.8751855502,2555.0
69154.8751855502,2429.0
86400.000002,2429.0
# temp #1176
0.0,2234.0
3310.5208158725877,2234.0
3310.5208158725877,2667.0
15226.525222091006,2667.0
15226.525222091006,2555.0
16667.945265350867,2555.0
16667.945265350867,2667.0
25567.17161557172,2667.0
25567.17161557172,2555.0
26167.17161557172,2555.0
26167.17161557172,2667.0
47064.19201015961,2667.0
47064.19201015961,2555.0
47934.41077067983,2555.0
47934.41077067983,2429.0
49292.072702944286,2429.0
49292.072702944286,2555.0
54539.85378805083,2555.0
54539.85378805083,2429.0
80892.9981477326,2429.0
80892.9981477326,2883.0
82285.23648090196,2883.0
82285.23648090196,2667.0
86400.000002,2667.0
# temp #1177
0.0,2234.0
19908.248702343557,2234.0
19908.248702343557,2429.0
26808.248702343557,2429.0
26808.248702343557,2555.0
28608.248702343557,2555.0
28608.248702343557,2429.0
41508.24870234355,2429.0
41508.24870234355,2234.0
41808.24870234355,2234.0
41808.24870234355,2017.0
42108.24870234355,2017.0
42108.24870234355,2234.0
42408.24870234355,2234.0
42408.24870234355,2017.0
51014.056909899235,2017.0
51014.056909899235,2234.0
64856.55628102832,2234.0
64856.55628102832,2429.0
86400.0,2429.0
# temp #1178
0.0,2234.0
689.7285955259576,2234.0
689.7285955259576,2429.0
1036.7868093308061,2429.0
1036.7868093308061,2555.0
3516.3363085594033,2555.0
3516.3363085594033,2429.0
6671.60453349352,2429.0
6671.60453349352,2555.0
42466.192243807025,2555.0
42466.192243807025,2429.0
48313.651565811604,2429.0
48313.651565811604,2234.0
62422.13717659471,2234.0
62422.13717659471,2429.0
78947.27758651135,2429.0
78947.27758651135,2883.0
86400.000002,2883.0
# temp #1179
0.0,2234.0
8682.03035357874,2234.0
8682.03035357874,2667.0
55499.285785364926,2667.0
55499.285785364926,2555.0
56562.03308317345,2555.0
56562.03308317345,2667.0
86400.0,2667.0
# temp #1180
0.0,2234.0
37638.99126264733,2234.0
37638.99126264733,2555.0
68165.119988448,2555.0
68165.119988448,2429.0
68577.64673866333,2429.0
68577.64673866333,2555.0
86400.000002,2555.0
# temp #1181
0.0,2234.0
16395.877199736424,2234.0
16395.877199736424,2429.0
23295.877199736424,2429.0
23295.877199736424,2555.0
25095.877199736424,2555.0
25095.877199736424,2429.0
37995.877199736424,2429.0
37995.877199736424,2234.0
38295.877199736424,2234.0
38295.877199736424,2017.0
38595.877199736424,2017.0
38595.877199736424,2234.0
38895.877199736424,2234.0
38895.877199736424,2017.0
55603.14416019247,2017.0
55603.14416019247,2234.0
85141.90029934981,2234.0
85141.90029934981,2429.0
86400.000002,2429.0
# temp #1182
0.0,2234.0
995.318817975931,2234.0
995.318817975931,2667.0
10837.939261877911,2667.0
10837.939261877911,2555.0
11700.0687669497,2555.0
11700.0687669497,2667.0
24232.520783320073,2667.0
24232.520783320073,2555.0
24832.520783320073,2555.0
24832.520783320073,2667.0
37576.777165336534,2667.0
37576.777165336534,2555.0
39966.537599964075,2555.0
39966.537599964075,2429.0
66227.88541275077,2429.0
66227.88541275077,2883.0
86145.79145810568,2883.0
86145.79145810568,2667.0
86400.000002,2667.0
# temp #1183
0.0,2234.0
9975.697898142973,2234.0
9975.697898142973,2883.0
21075.69789814297,2883.0
21075.69789814297,2555.0
22118.715785443786,2555.0
22118.715785443786,2429.0
51421.76489706618,2429.0
51421.76489706618,2555.0
80757.84605371302,2555.0
80757.84605371302,2429.0
86400.0,2429.0
# temp #1184
0.0,2234.0
3810.7895323075363,2234.0
3810.7895323075363,2667.0
51863.67049121764,2667.0
51863.67049121764,2555.0
52657.76630134788,2555.0
52657.76630134788,2429.0
57582.442646403804,2429.0
57582.442646403804,2234.0
71067.77588159313,2234.0
71067.77588159313,2667.0
72324.90583201872,2667.0
72324.90583201872,2234.0
75198.26543955134,2234.0
75198.26543955134,2667.0
78089.30454212242,2667.0
78089.30454212242,2555.0
86400.0,2555.0
# temp #1185
0.0,2234.0
6157.826664182358,2234.0
6157.826664182358,2667.0
41100.55517472793,2667.0
41100.55517472793,2555.0
42029.20691084583,2555.0
42029.20691084583,2429.0
54215.854164096534,2429.0
54215.854164096534,2555.0
74084.800676303,2555.0
74084.800676303,2429.0
86400.0,2429.0
# temp #1186
0.0,2234.0
34029.074171371765,2234.0
34029.074171371765,2017.0
49398.00839172677,2017.0
49398.00839172677,2234.0
59136.56609477477,2234.0
59136.56609477477,2017.0
86400.000002,2017.0
# temp #1187
0.0,2234.0
30352.389985369522,2234.0
30352.389985369522,2429.0
37252.38998536952,2429.0
37252.38998536952,2555.0
39052.38998536952,2555.0
39052.38998536952,2429.0
51952.38998536952,2429.0
51952.38998536952,2234.0
52252.38998536952,2234.0
52252.38998536952,2017.0
52552.38998536952,2017.0
52552.38998536952,2234.0
52852.38998536952,2234.0
52852.38998536952,2017.0
61879.92593566888,2017.0
61879.92593566888,2234.0
86400.000002,2234.0
# temp #1188
0.0,2234.0
30882.51000903547,2234.0
30882.51000903547,2555.0
42083.14190539532,2555.0
42083.14190539532,2429.0
46332.351443823434,2429.0
46332.351443823434,2555.0
63886.65674091318,2555.0
63886.65674091318,2429.0
86400.0,2429.0
# temp #1189
0.0,2234.0
41589.8055452155,2234.0
41589.8055452155,2555.0
46241.16597748362,2555.0
46241.16597748362,2667.0
46756.31171967835,2667.0
46756.31171967835,2555.0
47056.31171967835,2555.0
47056.31171967835,2667.0
73756.31171967834,2667.0
73756.31171967834,2555.0
86400.0,2555.0
# temp #1190
0.0,2234.0
1137.9944302607328,2234.0
1137.9944302607328,2667.0
26862.76150743943,2667.0
26862.76150743943,2555.0
27503.475230536427,2555.0
27503.475230536427,2667.0
50049.95527518914,2667.0
50049.95527518914,2555.0
50349.95527518914,2555.0
50349.95527518914,2667.0
51229.62822276168,2667.0
51229.62822276168,2555.0
51829.62822276168,2555.0
51829.62822276168,2667.0
81899.36803523453,2667.0
81899.36803523453,2555.0
86400.0,2555.0
# temp #1191
0.0,2234.0
84624.26851408092,2234.0
84624.26851408092,2555.0
85344.18637545315,2555.0
85344.18637545315,2667.0
85780.41847287679,2667.0
85780.41847287679,2555.0
86080.41847287679,2555.0
86080.41847287679,2667.0
86400.0,2667.0
# temp #1192
0.0,2234.0
31770.699921855707,2234.0
31770.699921855707,2017.0
54098.45263492317,2017.0
54098.45263492317,2234.0
86400.0,2234.0
# temp #1193
0.0,2234.0
26725.64873211086,2234.0
26725.64873211086,2017.0
41470.013709180064,2017.0
41470.013709180064,2234.0
69088.70573518798,2234.0
69088.70573518798,2017.0
71871.4584045578,2017.0
71871.4584045578,2234.0
86400.000002,2234.0
# temp #1194
0.0,2234.0
28144.642067304816,2234.0
28144.642067304816,2555.0
30842.72970061284,2555.0
30842.72970061284,2667.0
40742.729700612836,2667.0
40742.729700612836,2555.0
41153.65718964022,2555.0
41153.65718964022,2429.0
62755.95823363402,2429.0
62755.95823363402,2555.0
81173.15273580608,2555.0
81173.15273580608,2429.0
85489.3590527354,2429.0
85489.3590527354,2883.0
86400.0,2883.0
# temp #1195
0.0,2234.0
7918.806104315447,2234.0
7918.806104315447,2667.0
39832.805414241746,2667.0
39832.805414241746,2555.0
41056.34316068609,2555.0
41056.34316068609,2429.0
58967.7237970289,2429.0
58967.7237970289,2555.0
67689.5596986171,2555.0
67689.5596986171,2667.0
70366.60861491693,2667.0
70366.60861491693,2555.0
86400.0,2555.0
# temp #1196
0.0,2234.0
1378.4625766100364,2234.0
1378.4625766100364,2429.0
1700.47891123686,2429.0
1700.47891123686,2555.0
3835.8027121284986,2555.0
3835.8027121284986,2429.0
36683.95494301804,2429.0
36683.95494301804,2555.0
65224.646003474496,2555.0
65224.646003474496,2429.0
86400.000002,2429.0
# temp #1197
0.0,2234.0
34756.00208148827,2234.0
34756.00208148827,2555.0
38131.92967849319,2555.0
38131.92967849319,2429.0
79824.17581679767,2429.0
79824.17581679767,2234.0
80124.17581679767,2234.0
80124.17581679767,2017.0
86400.0,2017.0
# temp #1198
0.0,2234.0
906.5611332887784,2234.0
906.5611332887784,2667.0
11459.482245007532,2667.0
11459.482245007532,2555.0
12368.43601553701,2555.0
12368.43601553701,2667.0
12924.877438601108,2667.0
12924.877438601108,2555.0
13224.877438601108,2555.0
13224.877438601108,2667.0
13847.18102202751,2667.0
13847.18102202751,2555.0
14447.18102202751,2555.0
14447.18102202751,2667.0
16068.622451042758,2667.0
16068.622451042758,2883.0
27675.426328880716,2883.0
27675.426328880716,2667.0
60320.78893622385,2667.0
60320.78893622385,2555.0
70567.34435046093,2555.0
70567.34435046093,2667.0
86400.000002,2667.0
# temp #1199
0.0,2234.0
48512.2828813037,2234.0
48512.2828813037,2555.0
78929.48716466782,2555.0
78929.48716466782,2429.0
86400.0,2429.0
# temp #1200
0.0,2234.0
9625.342390593143,2234.0
9625.342390593143,2555.0
41982.04210242257,2555.0
41982.04210242257,2429.0
42462.18318999746,2429.0
42462.18318999746,2555.0
45832.29918123689,2555.0
45832.29918123689,2429.0
46904.31536498946,2429.0
46904.31536498946,2555.0
47979.16414418724,2555.0
47979.16414418724,2429.0
48279.16414418724,2429.0
48279.16414418724,2555.0
68679.16414418723,2555.0
68679.16414418723,2429.0
68979.16414418723,2429.0
68979.16414418723,2555.0
69579.16414418723,2555.0
69579.16414418723,2667.0
86400.0,2667.0
# temp #1201
0.0,2234.0
79440.36758048461,2234.0
79440.36758048461,2555.0
86400.000002,2555.0
# temp #1202
0.0,2234.0
54746.54650655576,2234.0
54746.54650655576,2883.0
57146.54650655576,2883.0
57146.54650655576,2667.0
73622.04547470903,2667.0
73622.04547470903,2555.0
84579.14644859267,2555.0
84579.14644859267,2429.0
86400.000002,2429.0
# temp #1203
0.0,2234.0
52129.7576007899,2234.0
52129.7576007899,2429.0
52630.76948714443,2429.0
52630.76948714443,2555.0
57355.319688515745,2555.0
57355.319688515745,2429.0
70014.34300539551,2429.0
70014.34300539551,2555.0
77430.91430047063,2555.0
77430.91430047063,2667.0
77741.72465724406,2667.0
77741.72465724406,2234.0
81615.9769910155,2234.0
81615.9769910155,2667.0
86400.0,2667.0
# temp #1204
0.0,2234.0
62487.47455452104,2234.0
62487.47455452104,2883.0
64887.47455452104,2883.0
64887.47455452104,2667.0
86400.000002,2667.0
# temp #1205
0.0,2234.0
51333.859896403745,2234.0
51333.859896403745,2555.0
67847.27062897292,2555.0
67847.27062897292,2429.0
86400.0,2429.0
# temp #1206
0.0,2234.0
24591.838635178286,2234.0
24591.838635178286,2555.0
29648.78629809246,2555.0
29648.78629809246,2429.0
30053.315161820505,2429.0
30053.315161820505,2555.0
38284.82492454351,2555.0
38284.82492454351,2429.0
38625.75877597556,2429.0
38625.75877597556,2234.0
54992.69165836741,2234.0
54992.69165836741,2429.0
57615.41432782543,2429.0
57615.41432782543,2667.0
59769.58414153197,2667.0
59769.58414153197,2555.0
62917.69773052075,2555.0
62917.69773052075,2429.0
64973.01775971428,2429.0
64973.01775971428,2234.0
85763.62837438939,2234.0
85763.62837438939,2429.0
86400.0,2429.0
# temp #1207
0.0,2234.0
58803.81765612401,2234.0
58803.81765612401,2555.0
75173.85333641432,2555.0
75173.85333641432,2234.0
76368.4641127009,2234.0
76368.4641127009,2667.0
84118.61356648151,2667.0
84118.61356648151,2555.0
86400.0,2555.0
# temp #1208
0.0,2234.0
66464.65925225058,2234.0
66464.65925225058,2555.0
70495.50525192173,2555.0
70495.50525192173,2429.0
70883.66108124611,2429.0
70883.66108124611,2555.0
79023.51287137718,2555.0
79023.51287137718,2429.0
80129.52692722903,2429.0
80129.52692722903,2555.0
80491.49995632471,2555.0
80491.49995632471,2429.0
86400.000002,2429.0
# temp #1209
0.0,2234.0
6419.380478980021,2234.0
6419.380478980021,2667.0
36659.16155073792,2667.0
36659.16155073792,2555.0
37312.082100100815,2555.0
37312.082100100815,2667.0
68772.93432166336,2667.0
68772.93432166336,2555.0
71772.93432166336,2555.0
71772.93432166336,2667.0
86400.000002,2667.0
# temp #1210
0.0,2234.0
29227.455080207437,2234.0
29227.455080207437,2555.0
49375.214981194586,2555.0
49375.214981194586,2667.0
59842.036182526506,2667.0
59842.036182526506,2883.0
79099.53714553267,2883.0
79099.53714553267,2429.0
86400.0,2429.0
# temp #1211
0.0,2234.0
11341.05438210536,2234.0
11341.05438210536,2883.0
12795.574192330243,2883.0
12795.574192330243,2667.0
16636.81510635652,2667.0
16636.81510635652,2883.0
26323.986762156714,2883.0
26323.986762156714,2667.0
50702.617837465375,2667.0
50702.617837465375,2555.0
84043.80331865979,2555.0
84043.80331865979,2429.0
86400.0,2429.0
# temp #1212
0.0,2234.0
32512.086699670184,2234.0
32512.086699670184,2429.0
39412.08669967018,2429.0
39412.08669967018,2555.0
41212.08669967018,2555.0
41212.08669967018,2429.0
54112.08669967018,2429.0
54112.08669967018,2234.0
54412.08669967018,2234.0
54412.08669967018,2017.0
54712.08669967018,2017.0
54712.08669967018,2234.0
55012.08669967018,2234.0
55012.08669967018,2017.0
74670.09905730374,2017.0
74670.09905730374,2234.0
86400.000002,2234.0
# temp #1213
0.0,2234.0
71252.71251259837,2234.0
71252.71251259837,2555.0
81944.52591044828,2555.0
81944.52591044828,2234.0
86400.0,2234.0
# temp #1214
0.0,2234.0
16332.737757079305,2234.0
16332.737757079305,2429.0
23232.737757079303,2429.0
23232.737757079303,2555.0
25032.737757079303,2555.0
25032.737757079303,2429.0
37932.7377570793,2429.0
37932.7377570793,2234.0
38232.7377570793,2234.0
38232.7377570793,2017.0
38532.7377570793,2017.0
38532.7377570793,2234.0
38832.7377570793,2234.0
38832.7377570793,2017.0
56754.385806899525,2017.0
56754.385806899525,2234.0
73318.36591735484,2234.0
73318.36591735484,2667.0
83002.73320488633,2667.0
83002.73320488633,2883.0
86400.000002,2883.0
# temp #1215
0.0,2234.0
42596.489213174216,2234.0
42596.489213174216,2017.0
76738.09200217949,2017.0
76738.09200217949,2234.0
86400.0,2234.0
# temp #1216
0.0,2234.0
11760.875096451493,2234.0
11760.875096451493,2555.0
23322.99294867553,2555.0
23322.99294867553,2429.0
23860.40082452819,2429.0
23860.40082452819,2555.0
40510.23559758905,2555.0
40510.23559758905,2429.0
41745.25275856723,2429.0
41745.25275856723,2555.0
42858.15621579532,2555.0
42858.15621579532,2429.0
43158.15621579532,2429.0
43158.15621579532,2555.0
44658.15621579532,2555.0
44658.15621579532,2429.0
54858.156215795316,2429.0
54858.156215795316,2234.0
86400.000002,2234.0
# temp #1217
0.0,2234.0
31335.494295973334,2234.0
31335.494295973334,2555.0
41914.09124527127,2555.0
41914.09124527127,2429.0
73451.39604080468,2429.0
73451.39604080468,2234.0
74051.39604080468,2234.0
74051.39604080468,2429.0
86400.0,2429.0
# temp #1218
0.0,2234.0
32794.10079130903,2234.0
32794.10079130903,2555.0
56376.20950753336,2555.0
56376.20950753336,2429.0
64732.236214913435,2429.0
64732.236214913435,2555.0
67057.43030493615,2555.0
67057.43030493615,2429.0
86400.0,2429.0
# temp #1219
0.0,2234.0
23119.458163669336,2234.0
23119.458163669336,2017.0
38159.51815433801,2017.0
38159.51815433801,2234.0
85236.27771846952,2234.0
85236.27771846952,2017.0
86400.000002,2017.0
# temp #1220
0.0,2234.0
2913.5016978252684,2234.0
2913.5016978252684,2667.0
14224.359487602489,2667.0
14224.359487602489,2555.0
15654.216446774082,2555.0
15654.216446774082,2667.0
28153.794619138356,2667.0
28153.794619138356,2555.0
28453.794619138356,2555.0
28453.794619138356,2667.0
28753.794619138356,2667.0
28753.794619138356,2555.0
32053.794619138356,2555.0
32053.794619138356,2667.0
57553.79461913835,2667.0
57553.79461913835,2883.0
86400.0,2883.0
# temp #1221
0.0,2234.0
25534.959868225273,2234.0
25534.959868225273,2555.0
39312.84339807463,2555.0
39312.84339807463,2429.0
60191.94898016286,2429.0
60191.94898016286,2234.0
60791.94898016286,2234.0
60791.94898016286,2429.0
63191.94898016286,2429.0
63191.94898016286,2555.0
73391.94898016285,2555.0
73391.94898016285,2667.0
73650.31886338258,2667.0
73650.31886338258,2555.0
86400.000002,2555.0
# temp #1222
0.0,2234.0
35355.12309260667,2234.0
35355.12309260667,2555.0
48993.55464535766,2555.0
48993.55464535766,2429.0
61834.697924880325,2429.0
61834.697924880325,2234.0
71236.77871255206,2234.0
71236.77871255206,2429.0
83599.89113335033,2429.0
83599.89113335033,2234.0
86400.000002,2234.0
# temp #1223
0.0,2234.0
9731.975704897197,2234.0
9731.975704897197,2555.0
44208.38966472075,2555.0
44208.38966472075,2429.0
86400.0,2429.0
# temp #1224
0.0,2234.0
7819.580278638751,2234.0
7819.580278638751,2017.0
20038.094352465127,2017.0
20038.094352465127,2234.0
59224.380924180165,2234.0
59224.380924180165,2017.0
82902.25151809865,2017.0
82902.25151809865,2234.0
86400.000002,2234.0
# temp #1225
0.0,2234.0
17735.928031476218,2234.0
17735.928031476218,2555.0
18634.485743916597,2555.0
18634.485743916597,2667.0
28534.485743916597,2667.0
28534.485743916597,2555.0
32977.10460161325,2555.0
32977.10460161325,2429.0
46242.97462266405,2429.0
46242.97462266405,2555.0
47710.612086695626,2555.0
47710.612086695626,2667.0
71680.30296368526,2667.0
71680.30296368526,2555.0
84784.61467057934,2555.0
84784.61467057934,2429.0
86400.000002,2429.0
# temp #1226
0.0,2234.0
36715.408801473684,2234.0
36715.408801473684,2555.0
41502.60140835308,2555.0
41502.60140835308,2667.0
41980.331069254324,2667.0
41980.331069254324,2555.0
42280.331069254324,2555.0
42280.331069254324,2667.0
68980.33106925432,2667.0
68980.33106925432,2555.0
84880.33106925432,2555.0
84880.33106925432,2234.0
86400.000002,2234.0
# temp #1227
0.0,2234.0
67297.05747028349,2234.0
67297.05747028349,2555.0
78612.48061938678,2555.0
78612.48061938678,2429.0
79007.70990431776,2429.0
79007.70990431776,2555.0
86400.0,2555.0
# temp #1228
0.0,2234.0
9693.474446609616,2234.0
9693.474446609616,2429.0
10287.319959048182,2429.0
10287.319959048182,2234.0
11173.641346162185,2234.0
11173.641346162185,2429.0
16309.146663593128,2429.0
16309.146663593128,2234.0
22804.014406981878,2234.0
22804.014406981878,2429.0
24021.736564370807,2429.0
24021.736564370807,2555.0
25299.788416153755,2555.0
25299.788416153755,2429.0
25599.788416153755,2429.0
25599.788416153755,2555.0
25899.788416153755,2555.0
25899.788416153755,2429.0
26499.788416153755,2429.0
26499.788416153755,2555.0
29587.41342981812,2555.0
29587.41342981812,2429.0
58798.59765011353,2429.0
58798.59765011353,2555.0
61627.404144639164,2555.0
61627.404144639164,2429.0
86400.0,2429.0
# temp #1229
0.0,2234.0
2021.8614903744312,2234.0
2021.8614903744312,2667.0
25022.470707935285,2667.0
25022.470707935285,2555.0
25737.192224361937,2555.0
25737.192224361937,2429.0
60499.18602188119,2429.0
60499.18602188119,2555.0
86400.0,2555.0
# temp #1230
0.0,2234.0
34688.58862482011,2234.0
34688.58862482011,2555.0
47359.84595250339,2555.0
47359.84595250339,2667.0
84169.19468629641,2667.0
84169.19468629641,2555.0
86400.0,2555.0
# temp #1231
0.0,2234.0
35070.19966612571,2234.0
35070.19966612571,2017.0
70076.6823962331,2017.0
70076.6823962331,2234.0
77567.50538153575,2234.0
77567.50538153575,2017.0
86400.0,2017.0
# temp #1232
0.0,2234.0
57159.62770557963,2234.0
57159.62770557963,2555.0
61133.76301748213,2555.0
61133.76301748213,2667.0
61537.136986129924,2667.0
61537.136986129924,2555.0
61837.136986129924,2555.0
61837.136986129924,2667.0
86400.000002,2667.0
# temp #1233
0.0,2234.0
7633.897527842784,2234.0
7633.897527842784,2667.0
20089.56204853021,2667.0
20089.56204853021,2555.0
20415.499475179244,2555.0
20415.499475179244,2667.0
57038.23580117898,2667.0
57038.23580117898,2555.0
57638.23580117898,2555.0
57638.23580117898,2667.0
73150.26637720877,2667.0
73150.26637720877,2555.0
76839.78315959686,2555.0
76839.78315959686,2429.0
86400.000002,2429.0
# temp #1234
0.0,2234.0
7042.732006986627,2234.0
7042.732006986627,2667.0
44418.763493816376,2667.0
44418.763493816376,2555.0
45671.57713088673,2555.0
45671.57713088673,2667.0
51001.47249824368,2667.0
51001.47249824368,2555.0
51301.47249824368,2555.0
51301.47249824368,2667.0
52148.297560843646,2667.0
52148.297560843646,2555.0
52748.297560843646,2555.0
52748.297560843646,2667.0
77846.26449972858,2667.0
77846.26449972858,2555.0
86400.000002,2555.0
# temp #1235
0.0,2234.0
5537.073762319052,2234.0
5537.073762319052,2667.0
42371.280425065204,2667.0
42371.280425065204,2555.0
43158.04035470356,2555.0
43158.04035470356,2667.0
50981.607205769986,2667.0
50981.607205769986,2555.0
51281.607205769986,2555.0
51281.607205769986,2429.0
76181.35208501482,2429.0
76181.35208501482,2555.0
86400.000002,2555.0
# temp #1236
0.0,2234.0
52111.00078071468,2234.0
52111.00078071468,2555.0
79298.46304720269,2555.0
79298.46304720269,2429.0
79692.78285331094,2429.0
79692.78285331094,2555.0
86400.0,2555.0
# temp #1237
0.0,2234.0
40983.18808923942,2234.0
40983.18808923942,2429.0
41535.876966593794,2429.0
41535.876966593794,2234.0
42143.11153432355,2234.0
42143.11153432355,2429.0
42782.64380930924,2429.0
42782.64380930924,2234.0
49443.75818793197,2234.0
49443.75818793197,2429.0
50292.47947989498,2429.0
50292.47947989498,2555.0
51781.63159594406,2555.0
51781.63159594406,2429.0
86400.0,2429.0
# temp #1238
0.0,2234.0
19055.702378181744,2234.0
19055.702378181744,2429.0
19483.450050372634,2429.0
19483.450050372634,2555.0
24115.561113227162,2555.0
24115.561113227162,2429.0
24939.211533078927,2429.0
24939.211533078927,2234.0
28090.36394110881,2234.0
28090.36394110881,2667.0
55414.09917580896,2667.0
55414.09917580896,2555.0
65564.8000993766,2555.0
65564.8000993766,2429.0
86400.0,2429.0
# temp #1239
0.0,2234.0
8836.348514724525,2234.0
8836.348514724525,2017.0
58216.03003204801,2017.0
58216.03003204801,2234.0
86400.0,2234.0
# temp #1240
0.0,2234.0
42132.69990014379,2234.0
42132.69990014379,2429.0
42438.84131899104,2429.0
42438.84131899104,2555.0
45350.96235936508,2555.0
45350.96235936508,2429.0
73932.98368777616,2429.0
73932.98368777616,2234.0
86400.0,2234.0
# temp #1241
0.0,2234.0
7624.567539221609,2234.0
7624.567539221609,2667.0
38200.148572283804,2667.0
38200.148572283804,2555.0
39639.98579594773,2555.0
39639.98579594773,2429.0
61672.21604010557,2429.0
61672.21604010557,2555.0
86400.000002,2555.0
# temp #1242
0.0,2234.0
3881.8222042405982,2234.0
3881.8222042405982,2429.0
4181.822204240598,2429.0
4181.822204240598,2234.0
14746.043427195402,2234.0
14746.043427195402,2429.0
48328.961881902076,2429.0
48328.961881902076,2555.0
54549.46450805292,2555.0
54549.46450805292,2667.0
56209.70834372566,2667.0
56209.70834372566,2555.0
76476.08352592216,2555.0
76476.08352592216,2429.0
86400.0,2429.0
# temp #1243
0.0,2234.0
10805.378720629962,2234.0
10805.378720629962,2429.0
11153.325957292693,2429.0
11153.325957292693,2555.0
14821.825249353426,2555.0
14821.825249353426,2429.0
17109.015861153606,2429.0
17109.015861153606,2555.0
34480.696115735926,2555.0
34480.696115735926,2429.0
42748.33913524636,2429.0
42748.33913524636,2234.0
76926.25323920512,2234.0
76926.25323920512,2429.0
86400.000002,2429.0
# temp #1244
0.0,2234.0
16477.914301492277,2234.0
16477.914301492277,2017.0
40174.94868021459,2017.0
40174.94868021459,2234.0
56988.57064303012,2234.0
56988.57064303012,2017.0
71790.74926916511,2017.0
71790.74926916511,2234.0
86400.0,2234.0
# temp #1245
0.0,2234.0
69403.24849295431,2234.0
69403.24849295431,2555.0
75752.06391261892,2555.0
75752.06391261892,2429.0
76171.61045253744,2429.0
76171.61045253744,2555.0
86400.0,2555.0
# temp #1246
0.0,2234.0
1079.4069745810702,2234.0
1079.4069745810702,2667.0
30337.606272473935,2667.0
30337.606272473935,2555.0
31256.385525036607,2555.0
31256.385525036607,2667.0
67842.32179652901,2667.0
67842.32179652901,2555.0
68142.32179652901,2555.0
68142.32179652901,2667.0
68442.32179652901,2667.0
68442.32179652901,2555.0
71742.32179652901,2555.0
71742.32179652901,2667.0
86400.0,2667.0
# temp #1247
0.0,2234.0
4539.032868412324,2234.0
4539.032868412324,2667.0
17070.937396050434,2667.0
17070.937396050434,2555.0
17540.231286571365,2555.0
17540.231286571365,2667.0
32241.671911790043,2667.0
32241.671911790043,2555.0
32541.671911790043,2555.0
32541.671911790043,2667.0
32841.67191179004,2667.0
32841.67191179004,2555.0
36141.67191179004,2555.0
36141.67191179004,2667.0
61641.67191179004,2667.0
61641.67191179004,2883.0
86400.0,2883.0
# temp #1248
0.0,2234.0
26755.80874832813,2234.0
26755.80874832813,2555.0
62289.18483874296,2555.0
62289.18483874296,2429.0
86400.0,2429.0
# temp #1249
0.0,2234.0
26356.143625499684,2234.0
26356.143625499684,2017.0
66875.19988277928,2017.0
66875.19988277928,2234.0
75702.26719854401,2234.0
75702.26719854401,2017.0
86400.0,2017.0
# temp #1250
0.0,2234.0
4253.3220638288185,2234.0
4253.3220638288185,2555.0
6167.062673578039,2555.0
6167.062673578039,2667.0
6607.855445612222,2667.0
6607.855445612222,2555.0
6907.855445612222,2555.0
6907.855445612222,2667.0
10507.855445612222,2667.0
10507.855445612222,2555.0
12007.855445612222,2555.0
12007.855445612222,2429.0
19129.651289549656,2429.0
19129.651289549656,2234.0
28288.903259136718,2234.0
28288.903259136718,2429.0
53427.396239130765,2429.0
53427.396239130765,2555.0
70420.35871481059,2555.0
70420.35871481059,2667.0
86400.0,2667.0
# temp #1251
0.0,2234.0
2135.4564158711587,2234.0
2135.4564158711587,2667.0
36845.39880829398,2667.0
36845.39880829398,2555.0
37629.53746116255,2555.0
37629.53746116255,2667.0
69064.22991708388,2667.0
69064.22991708388,2555.0
69364.22991708388,2555.0
69364.22991708388,2667.0
70215.08338870482,2667.0
70215.08338870482,2555.0
70815.08338870482,2555.0
70815.08338870482,2667.0
86400.0,2667.0
# temp #1252
0.0,2234.0
8070.457333652304,2234.0
8070.457333652304,2667.0
28651.17560927757,2667.0
28651.17560927757,2555.0
28984.923861036084,2555.0
28984.923861036084,2429.0
54299.48871375529,2429.0
54299.48871375529,2555.0
60325.26866064874,2555.0
60325.26866064874,2667.0
86400.0,2667.0
# temp #1253
0.0,2234.0
8272.296463279055,2234.0
8272.296463279055,2555.0
44827.60766856373,2555.0
44827.60766856373,2429.0
45358.562051248744,2429.0
45358.562051248744,2555.0
52678.10259412509,2555.0
52678.10259412509,2429.0
53802.46620993131,2429.0
53802.46620993131,2234.0
71996.84117878789,2234.0
71996.84117878789,2667.0
86400.000002,2667.0
# temp #1254
0.0,2234.0
16978.587717446502,2234.0
16978.587717446502,2555.0
33854.52788521071,2555.0
33854.52788521071,2429.0
64963.1866899552,2429.0
64963.1866899552,2234.0
72099.33409171646,2234.0
72099.33409171646,2429.0
86400.000002,2429.0
# temp #1255
0.0,2234.0
62561.819448857575,2234.0
62561.819448857575,2555.0
86400.000002,2555.0
# temp #1256
0.0,2234.0
6109.591830591672,2234.0
6109.591830591672,2883.0
7620.031436928549,2883.0
7620.031436928549,2667.0
14034.093669243159,2667.0
14034.093669243159,2883.0
18743.56555680279,2883.0
18743.56555680279,2429.0
24729.150921874683,2429.0
24729.150921874683,2234.0
25317.419123766016,2234.0
25317.419123766016,2667.0
50935.741150123074,2667.0
50935.741150123074,2234.0
52283.17966321484,2234.0
52283.17966321484,2429.0
76420.65143496731,2429.0
76420.65143496731,2555.0
78614.15782480036,2555.0
78614.15782480036,2429.0
86400.0,2429.0
# temp #1257
0.0,2234.0
6111.140071833507,2234.0
6111.140071833507,2667.0
12636.30370614119,2667.0
12636.30370614119,2555.0
13908.807516703384,2555.0
13908.807516703384,2429.0
62341.97830134072,2429.0
62341.97830134072,2883.0
63226.350398780785,2883.0
63226.350398780785,2429.0
72987.56654674654,2429.0
72987.56654674654,2555.0
74964.45488382598,2555.0
74964.45488382598,2667.0
86213.56113064104,2667.0
86213.56113064104,2555.0
86400.0,2555.0
# temp #1258
0.0,2234.0
40091.100898990415,2234.0
40091.100898990415,2429.0
72191.10089899041,2429.0
72191.10089899041,2555.0
72491.10089899041,2555.0
72491.10089899041,2667.0
76776.1787690688,2667.0
76776.1787690688,2555.0
86400.000002,2555.0
# temp #1259
0.0,2234.0
26050.161544536244,2234.0
26050.161544536244,2429.0
26386.411584843885,2429.0
26386.411584843885,2234.0
26998.009634600025,2234.0
26998.009634600025,2429.0
31072.63927396853,2429.0
31072.63927396853,2234.0
36913.1450038869,2234.0
36913.1450038869,2429.0
37263.84777235799,2429.0
37263.84777235799,2555.0
37843.59155553394,2555.0
37843.59155553394,2429.0
38143.59155553394,2429.0
38143.59155553394,2555.0
39643.59155553394,2555.0
39643.59155553394,2429.0
49843.59155553394,2429.0
49843.59155553394,2234.0
86400.000002,2234.0
# temp #1260
0.0,2234.0
1602.5976098142567,2234.0
1602.5976098142567,2429.0
2158.003150275909,2429.0
2158.003150275909,2555.0
3772.590503445827,2555.0
3772.590503445827,2429.0
24156.144115654755,2429.0
24156.144115654755,2555.0
27104.879955528308,2555.0
27104.879955528308,2667.0
36257.421726523906,2667.0
36257.421726523906,2234.0
49238.49842373748,2234.0
49238.49842373748,2429.0
51043.9102461096,2429.0
51043.9102461096,2555.0
67021.24246736059,2555.0
67021.24246736059,2667.0
86400.000002,2667.0
# temp #1261
0.0,2234.0
48355.02630625852,2234.0
48355.02630625852,2555.0
49512.920684670105,2555.0
49512.920684670105,2667.0
59412.920684670105,2667.0
59412.920684670105,2555.0
62368.89355361928,2555.0
62368.89355361928,2429.0
86400.0,2429.0
# temp #1262
0.0,2234.0
50365.38094959688,2234.0
50365.38094959688,2429.0
50665.38094959688,2429.0
50665.38094959688,2234.0
78854.94282552974,2234.0
78854.94282552974,2429.0
86400.0,2429.0
# temp #1263
0.0,2234.0
1620.5831026425587,2234.0
1620.5831026425587,2555.0
36603.953586914584,2555.0
36603.953586914584,2429.0
48773.82898817305,2429.0
48773.82898817305,2234.0
59116.64748906625,2234.0
59116.64748906625,2429.0
71222.06770093182,2429.0
71222.06770093182,2234.0
83385.21729859059,2234.0
83385.21729859059,2429.0
86400.000002,2429.0
# temp #1264
0.0,2234.0
29305.369943263944,2234.0
29305.369943263944,2555.0
49521.47742344533,2555.0
49521.47742344533,2429.0
81528.19491459524,2429.0
81528.19491459524,2234.0
82128.19491459524,2234.0
82128.19491459524,2429.0
84528.19491459524,2429.0
84528.19491459524,2555.0
86400.000002,2555.0
# temp #1265
0.0,2234.0
18126.26770692878,2234.0
18126.26770692878,2883.0
19414.421438612047,2883.0
19414.421438612047,2667.0
29901.09514268116,2667.0
29901.09514268116,2883.0
43425.45038871468,2883.0
43425.45038871468,2667.0
71405.94652856236,2667.0
71405.94652856236,2555.0
79411.44444581588,2555.0
79411.44444581588,2667.0
86400.000002,2667.0
# temp #1266
0.0,2234.0
22826.551204430874,2234.0
22826.551204430874,2555.0
40644.80896533933,2555.0
40644.80896533933,2429.0
40952.549884328626,2429.0
40952.549884328626,2555.0
42830.56382623036,2555.0
42830.56382623036,2429.0
44321.704090596184,2429.0
44321.704090596184,2555.0
44829.48789701332,2555.0
44829.48789701332,2429.0
86400.0,2429.0
# temp #1267
0.0,2234.0
55364.28825580516,2234.0
55364.28825580516,2429.0
55905.27162083891,2429.0
55905.27162083891,2555.0
58966.0328248283,2555.0
58966.0328248283,2429.0
81609.7851001192,2429.0
81609.7851001192,2555.0
86400.000002,2555.0
# temp #1268
0.0,2234.0
16481.80529326201,2234.0
16481.80529326201,2555.0
17834.226974914785,2555.0
17834.226974914785,2667.0
18281.214231555354,2667.0
18281.214231555354,2555.0
18581.214231555354,2555.0
18581.214231555354,2667.0
22181.214231555354,2667.0
22181.214231555354,2555.0
23681.214231555354,2555.0
23681.214231555354,2429.0
33633.22104779073,2429.0
33633.22104779073,2234.0
60994.640706642545,2234.0
60994.640706642545,2429.0
86400.000002,2429.0
# temp #1269
0.0,2234.0
84458.01984372085,2234.0
84458.01984372085,2555.0
86400.0,2555.0
# temp #1270
0.0,2234.0
29000.099176238295,2234.0
29000.099176238295,2429.0
29300.099176238295,2429.0
29300.099176238295,2234.0
45032.52160961275,2234.0
45032.52160961275,2429.0
50173.34476963152,2429.0
50173.34476963152,2555.0
67979.45358494764,2555.0
67979.45358494764,2667.0
86400.0,2667.0
# temp #1271
0.0,2234.0
3369.361623656005,2234.0
3369.361623656005,2017.0
6738.261726871134,2017.0
6738.261726871134,2234.0
26793.22711899877,2234.0
26793.22711899877,2017.0
30191.30679946393,2017.0
30191.30679946393,2234.0
52085.819845553495,2234.0
52085.819845553495,2017.0
86400.0,2017.0
# temp #1272
0.0,2234.0
20781.753126718104,2234.0
20781.753126718104,2555.0
35348.89726610854,2555.0
35348.89726610854,2667.0
62869.92293517106,2667.0
62869.92293517106,2555.0
69672.11502911524,2555.0
69672.11502911524,2429.0
86400.000002,2429.0
# temp #1273
0.0,2234.0
35304.51317480766,2234.0
35304.51317480766,2555.0
63511.385770468056,2555.0
63511.385770468056,2429.0
63842.83186127433,2429.0
63842.83186127433,2555.0
72205.33227212729,2555.0
72205.33227212729,2429.0
72589.65369192885,2429.0
72589.65369192885,2555.0
74083.78301979975,2555.0
74083.78301979975,2429.0
86400.000002,2429.0
# temp #1274
0.0,2234.0
2643.757460871712,2234.0
2643.757460871712,2667.0
32110.94545091037,2667.0
32110.94545091037,2555.0
33227.340704225935,2555.0
33227.340704225935,2667.0
58736.337148910396,2667.0
58736.337148910396,2555.0
59036.337148910396,2555.0
59036.337148910396,2429.0
86400.0,2429.0
# temp #1275
0.0,2234.0
13018.328379979357,2234.0
13018.328379979357,2429.0
19918.328379979357,2429.0
19918.328379979357,2555.0
21718.328379979357,2555.0
21718.328379979357,2429.0
34618.32837997936,2429.0
34618.32837997936,2234.0
34918.32837997936,2234.0
34918.32837997936,2017.0
35218.32837997936,2017.0
35218.32837997936,2234.0
35518.32837997936,2234.0
35518.32837997936,2017.0
42628.599720820785,2017.0
42628.599720820785,2234.0
46665.36980420351,2234.0
46665.36980420351,2667.0
50890.913340775296,2667.0
50890.913340775296,2555.0
80774.81751989109,2555.0
80774.81751989109,2429.0
86400.0,2429.0
# temp #1276
0.0,2234.0
52939.69742939808,2234.0
52939.69742939808,2555.0
54670.020778058104,2555.0
54670.020778058104,2667.0
64570.020778058104,2667.0
64570.020778058104,2555.0
68440.34892688507,2555.0
68440.34892688507,2429.0
86400.0,2429.0
# temp #1277
0.0,2234.0
51940.52514536307,2234.0
51940.52514536307,2555.0
58292.1042286791,2555.0
58292.1042286791,2429.0
58771.627448452644,2429.0
58771.627448452644,2555.0
78610.86981261616,2555.0
78610.86981261616,2429.0
79796.05292009657,2429.0
79796.05292009657,2555.0
80178.13927636018,2555.0
80178.13927636018,2429.0
80478.13927636018,2429.0
80478.13927636018,2555.0
86400.000002,2555.0
# temp #1278
0.0,2234.0
10700.127861835064,2234.0
10700.127861835064,2017.0
61489.68408638612,2017.0
61489.68408638612,2234.0
86400.000002,2234.0
# temp #1279
0.0,2234.0
12831.600241851995,2234.0
12831.600241851995,2555.0
37416.068702680066,2555.0
37416.068702680066,2429.0
37792.465250543326,2429.0
37792.465250543326,2555.0
59648.65741131363,2555.0
59648.65741131363,2429.0
60074.9007638544,2429.0
60074.9007638544,2234.0
69542.32752621175,2234.0
69542.32752621175,2429.0
86400.000002,2429.0
# temp #1280
0.0,2234.0
33731.63698108402,2234.0
33731.63698108402,2429.0
34087.03184158076,2429.0
34087.03184158076,2555.0
38378.52164797951,2555.0
38378.52164797951,2429.0
43447.128480230465,2429.0
43447.128480230465,2555.0
59544.617241178654,2555.0
59544.617241178654,2667.0
84294.68368033414,2667.0
84294.68368033414,2555.0
86400.000002,2555.0
# temp #1281
0.0,2234.0
23983.30519034062,2234.0
23983.30519034062,2429.0
56083.305190340616,2429.0
56083.305190340616,2555.0
56383.305190340616,2555.0
56383.305190340616,2667.0
62748.235095804564,2667.0
62748.235095804564,2555.0
76329.27882545628,2555.0
76329.27882545628,2667.0
86400.000002,2667.0
# temp #1282
0.0,2234.0
76502.60801380502,2234.0
76502.60801380502,2555.0
86400.000002,2555.0
# temp #1283
0.0,2234.0
66651.4287547907,2234.0
66651.4287547907,2555.0
76473.8316480769,2555.0
76473.8316480769,2429.0
76860.16349131243,2429.0
76860.16349131243,2555.0
86400.0,2555.0
# temp #1284
0.0,2234.0
12866.41358539928,2234.0
12866.41358539928,2429.0
13464.309498039076,2429.0
13464.309498039076,2555.0
15466.920227673838,2555.0
15466.920227673838,2429.0
17644.052451965403,2429.0
17644.052451965403,2555.0
21845.170869980942,2555.0
21845.170869980942,2667.0
64024.736067024074,2667.0
64024.736067024074,2883.0
66320.77500899324,2883.0
66320.77500899324,2429.0
77180.91432955117,2429.0
77180.91432955117,2555.0
86400.000002,2555.0
# temp #1285
0.0,2234.0
33576.428159046925,2234.0
33576.428159046925,2017.0
37364.994190027945,2017.0
37364.994190027945,2234.0
45591.20651702397,2234.0
45591.20651702397,2017.0
86400.000002,2017.0
# temp #1286
0.0,2234.0
7521.5108826058,2234.0
7521.5108826058,2667.0
24642.664610361688,2667.0
24642.664610361688,2555.0
25763.807662809275,2555.0
25763.807662809275,2429.0
53638.68132680656,2429.0
53638.68132680656,2555.0
67516.40346581118,2555.0
67516.40346581118,2667.0
86400.000002,2667.0
# temp #1287
0.0,2234.0
8387.413737201134,2234.0
8387.413737201134,2883.0
8967.835079901854,2883.0
8967.835079901854,2667.0
20900.517307897102,2667.0
20900.517307897102,2883.0
21698.173202876937,2883.0
21698.173202876937,2667.0
47559.46202294436,2667.0
47559.46202294436,2555.0
73464.45559915157,2555.0
73464.45559915157,2429.0
86400.000002,2429.0
# temp #1288
0.0,2234.0
36978.259305283435,2234.0
36978.259305283435,2555.0
51891.013775020845,2555.0
51891.013775020845,2429.0
86400.0,2429.0
# temp #1289
0.0,2234.0
22890.388875547796,2234.0
22890.388875547796,2555.0
56784.696171549156,2555.0
56784.696171549156,2429.0
73518.9446458826,2429.0
73518.9446458826,2883.0
81792.79094191735,2883.0
81792.79094191735,2667.0
86400.000002,2667.0
# temp #1290
0.0,2234.0
7094.311825884507,2234.0
7094.311825884507,2883.0
8156.477312813514,2883.0
8156.477312813514,2667.0
11519.183727772906,2667.0
11519.183727772906,2883.0
28256.638380652297,2883.0
28256.638380652297,2667.0
66282.98556993251,2667.0
66282.98556993251,2555.0
78786.88303933015,2555.0
78786.88303933015,2429.0
86400.0,2429.0
# temp #1291
0.0,2234.0
22268.847773037854,2234.0
22268.847773037854,2429.0
22868.847773037854,2429.0
22868.847773037854,2555.0
23931.80505651981,2555.0
23931.80505651981,2429.0
43155.70102566854,2429.0
43155.70102566854,2555.0
54638.260177150376,2555.0
54638.260177150376,2883.0
84504.87082852052,2883.0
84504.87082852052,2429.0
86400.0,2429.0
# temp #1292
0.0,2234.0
77441.74891873264,2234.0
77441.74891873264,2555.0
82758.09102547356,2555.0
82758.09102547356,2429.0
83141.75734044985,2429.0
83141.75734044985,2555.0
86400.000002,2555.0
# temp #1293
0.0,2234.0
63229.04526789208,2234.0
63229.04526789208,2555.0
86400.0,2555.0
# temp #1294
0.0,2234.0
1957.6252534752714,2234.0
1957.6252534752714,2667.0
41516.44752658904,2667.0
41516.44752658904,2555.0
42900.05738949404,2555.0
42900.05738949404,2667.0
75107.01991904063,2667.0
75107.01991904063,2555.0
75407.01991904063,2555.0
75407.01991904063,2667.0
76144.50685421472,2667.0
76144.50685421472,2555.0
76744.50685421472,2555.0
76744.50685421472,2667.0
86400.0,2667.0
# temp #1295
0.0,2234.0
21733.1135081593,2234.0
21733.1135081593,2429.0
22040.716520883147,2429.0
22040.716520883147,2234.0
22868.97527589463,2234.0
22868.97527589463,2429.0
26646.41827535816,2429.0
26646.41827535816,2234.0
40440.85965910927,2234.0
40440.85965910927,2429.0
40840.54479638581,2429.0
40840.54479638581,2234.0
47434.41764863674,2234.0
47434.41764863674,2667.0
58700.18128019293,2667.0
58700.18128019293,2555.0
67340.70579051042,2555.0
67340.70579051042,2429.0
68519.9550108053,2429.0
68519.9550108053,2555.0
86400.000002,2555.0
# temp #1296
0.0,2234.0
4319.5543685462335,2234.0
4319.5543685462335,2667.0
7386.4243750926125,2667.0
7386.4243750926125,2555.0
7846.240428602325,2555.0
7846.240428602325,2667.0
21922.52503568307,2667.0
21922.52503568307,2555.0
22222.52503568307,2555.0
22222.52503568307,2667.0
23076.041012071077,2667.0
23076.041012071077,2555.0
23676.041012071077,2555.0
23676.041012071077,2667.0
25058.939032978382,2667.0
25058.939032978382,2555.0
55338.46235345119,2555.0
55338.46235345119,2429.0
56460.83364214284,2429.0
56460.83364214284,2555.0
73361.58284645063,2555.0
73361.58284645063,2667.0
86400.0,2667.0
# temp #1297
0.0,2234.0
1195.759142213501,2234.0
1195.759142213501,2667.0
18887.710851570595,2667.0
18887.710851570595,2555.0
19243.339589657266,2555.0
19243.339589657266,2667.0
54848.31081416925,2667.0
54848.31081416925,2555.0
55148.31081416925,2555.0
55148.31081416925,2667.0
55448.31081416925,2667.0
55448.31081416925,2555.0
58748.31081416925,2555.0
58748.31081416925,2667.0
84248.31081416925,2667.0
84248.31081416925,2883.0
86400.000002,2883.0
# temp #1298
0.0,2234.0
13992.138875741513,2234.0
13992.138875741513,2017.0
19939.753730362285,2017.0
19939.753730362285,2234.0
32920.05641958676,2234.0
32920.05641958676,2017.0
47574.1362924222,2017.0
47574.1362924222,2234.0
65010.907451855026,2234.0
65010.907451855026,2017.0
80143.2469381951,2017.0
80143.2469381951,2234.0
86400.0,2234.0
# temp #1299
0.0,2234.0
7589.777817693541,2234.0
7589.777817693541,2667.0
54701.91383461934,2667.0
54701.91383461934,2555.0
55600.163324433386,2555.0
55600.163324433386,2667.0
55928.38204926812,2667.0
55928.38204926812,2555.0
58928.38204926812,2555.0
58928.38204926812,2667.0
85028.38204926811,2667.0
85028.38204926811,2883.0
86400.000002,2883.0
# temp #1300
0.0,2234.0
65438.38653496932,2234.0
65438.38653496932,2555.0
75554.34765075333,2555.0
75554.34765075333,2234.0
84869.02110041119,2234.0
84869.02110041119,2667.0
86400.000002,2667.0
# temp #1301
0.0,2234.0
73103.59464101493,2234.0
73103.59464101493,2555.0
86400.0,2555.0
# temp #1302
0.0,2234.0
64811.68592849281,2234.0
64811.68592849281,2555.0
72889.24506905023,2555.0
72889.24506905023,2234.0
86400.000002,2234.0
# temp #1303
0.0,2234.0
5639.791742060334,2234.0
5639.791742060334,2667.0
45294.645898486495,2667.0
45294.645898486495,2555.0
46579.537443327725,2555.0
46579.537443327725,2667.0
53293.48495546729,2667.0
53293.48495546729,2555.0
56293.48495546729,2555.0
56293.48495546729,2667.0
82393.48495546728,2667.0
82393.48495546728,2883.0
86400.000002,2883.0
# temp #1304
0.0,2234.0
23406.222837371755,2234.0
23406.222837371755,2017.0
54739.82905112208,2017.0
54739.82905112208,2234.0
55419.79708001018,2234.0
55419.79708001018,2017.0
59704.504284868024,2017.0
59704.504284868024,2234.0
69730.18547580579,2234.0
69730.18547580579,2017.0
76082.14553687723,2017.0
76082.14553687723,2234.0
85635.47209315003,2234.0
85635.47209315003,2017.0
86400.000002,2017.0
# temp #1305
0.0,2234.0
75613.8145759469,2234.0
75613.8145759469,2555.0
86400.000002,2555.0
# temp #1306
0.0,2234.0
19278.575483243912,2234.0
19278.575483243912,2555.0
31890.466321259737,2555.0
31890.466321259737,2667.0
44701.1063672835,2667.0
44701.1063672835,2555.0
72057.04025567976,2555.0
72057.04025567976,2429.0
86400.000002,2429.0
# temp #1307
0.0,2234.0
3860.7426002388825,2234.0
3860.7426002388825,2883.0
14960.742600238882,2883.0
14960.742600238882,2555.0
43524.91494454444,2555.0
43524.91494454444,2429.0
79004.27745084745,2429.0
79004.27745084745,2555.0
84693.12332624105,2555.0
84693.12332624105,2667.0
86400.000002,2667.0
# temp #1308
0.0,2234.0
61036.81367661339,2234.0
61036.81367661339,2555.0
64656.72331766692,2555.0
64656.72331766692,2429.0
65096.0379538592,2429.0
65096.0379538592,2555.0
73357.4525257107,2555.0
73357.4525257107,2429.0
74557.54659636879,2429.0
74557.54659636879,2555.0
75587.30238717982,2555.0
75587.30238717982,2429.0
86400.0,2429.0
# temp #1309
0.0,2234.0
6209.996519261041,2234.0
6209.996519261041,2667.0
39174.589520157315,2667.0
39174.589520157315,2555.0
40185.90845216531,2555.0
40185.90845216531,2667.0
62918.2503876742,2667.0
62918.2503876742,2555.0
65918.2503876742,2555.0
65918.2503876742,2667.0
86400.0,2667.0
# temp #1310
0.0,2234.0
55015.54446683732,2234.0
55015.54446683732,2555.0
83921.3306513848,2555.0
83921.3306513848,2429.0
86400.0,2429.0
# temp #1311
0.0,2234.0
16703.885651612658,2234.0
16703.885651612658,2883.0
27803.885651612658,2883.0
27803.885651612658,2555.0
44037.203276460066,2555.0
44037.203276460066,2429.0
81290.36186907908,2429.0
81290.36186907908,2555.0
86400.0,2555.0
# temp #1312
0.0,2234.0
5214.510141243228,2234.0
5214.510141243228,2883.0
16314.510141243227,2883.0
16314.510141243227,2555.0
21055.52573504392,2555.0
21055.52573504392,2429.0
50526.70391332359,2429.0
50526.70391332359,2555.0
70442.37936912106,2555.0
70442.37936912106,2667.0
86400.000002,2667.0
# temp #1313
0.0,2234.0
28301.548834238205,2234.0
28301.548834238205,2017.0
74635.84232353607,2017.0
74635.84232353607,2234.0
86400.0,2234.0
# temp #1314
0.0,2234.0
72500.85700030906,2234.0
72500.85700030906,2555.0
86400.0,2555.0
# temp #1315
0.0,2234.0
18927.31646932662,2234.0
18927.31646932662,2017.0
37681.70221885667,2017.0
37681.70221885667,2234.0
43381.70221885667,2234.0
43381.70221885667,2429.0
67881.68609796559,2429.0
67881.68609796559,2555.0
81539.07640913968,2555.0
81539.07640913968,2667.0
84752.0175460959,2667.0
84752.0175460959,2883.0
86400.000002,2883.0
# temp #1316
0.0,2234.0
47400.437535974204,2234.0
47400.437535974204,2555.0
54365.3464491712,2555.0
54365.3464491712,2429.0
54854.485261417,2429.0
54854.485261417,2555.0
65549.08043837642,2555.0
65549.08043837642,2429.0
66225.55444557221,2429.0
66225.55444557221,2234.0
86400.0,2234.0
# temp #1317
0.0,2234.0
9279.78872980457,2234.0
9279.78872980457,2883.0
10215.434517734686,2883.0
10215.434517734686,2667.0
21379.374643997293,2667.0
21379.374643997293,2883.0
40878.889794903815,2883.0
40878.889794903815,2429.0
42680.011687567465,2429.0
42680.011687567465,2234.0
67369.21385710595,2234.0
67369.21385710595,2429.0
76245.39914669005,2429.0
76245.39914669005,2555.0
79252.4979215814,2555.0
79252.4979215814,2667.0
86100.64651470167,2667.0
86100.64651470167,2555.0
86400.0,2555.0
# temp #1318
0.0,2234.0
61594.25499353093,2234.0
61594.25499353093,2555.0
63175.8918670239,2555.0
63175.8918670239,2667.0
63484.63890049607,2667.0
63484.63890049607,2555.0
69484.63890049607,2555.0
69484.63890049607,2429.0
71884.63890049607,2429.0
71884.63890049607,2234.0
75484.63890049607,2234.0
75484.63890049607,2429.0
76684.63890049607,2429.0
76684.63890049607,2234.0
82384.63890049607,2234.0
82384.63890049607,2429.0
86400.000002,2429.0
# temp #1319
0.0,2234.0
50077.751194685705,2234.0
50077.751194685705,2555.0
52402.571673737846,2555.0
52402.571673737846,2667.0
52968.37871598546,2667.0
52968.37871598546,2555.0
58968.37871598546,2555.0
58968.37871598546,2429.0
61368.37871598546,2429.0
61368.37871598546,2234.0
64968.37871598546,2234.0
64968.37871598546,2429.0
66168.37871598547,2429.0
66168.37871598547,2234.0
71868.37871598547,2234.0
71868.37871598547,2429.0
86400.0,2429.0
# temp #1320
0.0,2234.0
4432.808263530024,2234.0
4432.808263530024,2667.0
30757.621278287847,2667.0
30757.621278287847,2555.0
31894.306326890368,2555.0
31894.306326890368,2667.0
41726.01396501996,2667.0
41726.01396501996,2555.0
42326.01396501996,2555.0
42326.01396501996,2667.0
55493.22423627601,2667.0
55493.22423627601,2555.0
59422.51775404439,2555.0
59422.51775404439,2429.0
86400.000002,2429.0
# temp #1321
0.0,2234.0
16465.499043418098,2234.0
16465.499043418098,2883.0
17686.685717222284,2883.0
17686.685717222284,2667.0
21150.42463978753,2667.0
21150.42463978753,2883.0
40633.6484595202,2883.0
40633.6484595202,2667.0
64351.93383148873,2667.0
64351.93383148873,2555.0
73326.51320421138,2555.0
73326.51320421138,2667.0
75430.1002743887,2667.0
75430.1002743887,2555.0
86400.0,2555.0
# temp #1322
0.0,2234.0
36747.537222364925,2234.0
36747.537222364925,2555.0
45758.11659903266,2555.0
45758.11659903266,2429.0
46287.149911327295,2429.0
46287.149911327295,2555.0
68206.08361093329,2555.0
68206.08361093329,2429.0
68798.75805247576,2429.0
68798.75805247576,2555.0
69204.29786508904,2555.0
69204.29786508904,2429.0
69504.29786508904,2429.0
69504.29786508904,2555.0
86400.0,2555.0
# temp #1323
0.0,2234.0
44947.277575708,2234.0
44947.277575708,2555.0
46473.52201309987,2555.0
46473.52201309987,2667.0
47028.57693163679,2667.0
47028.57693163679,2555.0
53028.57693163679,2555.0
53028.57693163679,2429.0
55428.57693163679,2429.0
55428.57693163679,2234.0
59028.57693163679,2234.0
59028.57693163679,2429.0
60228.57693163679,2429.0
60228.57693163679,2234.0
65928.57693163678,2234.0
65928.57693163678,2429.0
83188.38715273888,2429.0
83188.38715273888,2883.0
86400.000002,2883.0
# temp #1324
0.0,2234.0
34340.540813561536,2234.0
34340.540813561536,2429.0
34702.50480053947,2429.0
34702.50480053947,2555.0
37740.76737491415,2555.0
37740.76737491415,2429.0
53116.97349431925,2429.0
53116.97349431925,2234.0
68204.0297943866,2234.0
68204.0297943866,2429.0
86400.000002,2429.0
# temp #1325
0.0,2234.0
12548.50328983739,2234.0
12548.50328983739,2017.0
68848.35861143656,2017.0
68848.35861143656,2234.0
77652.92638619432,2234.0
77652.92638619432,2017.0
79373.16683800892,2017.0
79373.16683800892,2234.0
86400.000002,2234.0
# temp #1326
0.0,2234.0
11219.277361943388,2234.0
11219.277361943388,2883.0
12447.040917724373,2883.0
12447.040917724373,2667.0
20441.53769463301,2667.0
20441.53769463301,2883.0
36959.11876084284,2883.0
36959.11876084284,2667.0
55330.49643260894,2667.0
55330.49643260894,2555.0
72180.50469390584,2555.0
72180.50469390584,2667.0
78965.88779473679,2667.0
78965.88779473679,2234.0
86400.0,2234.0
# temp #1327
0.0,2234.0
24657.420767610896,2234.0
24657.420767610896,2017.0
25683.642620779578,2017.0
25683.642620779578,2234.0
43690.19852997736,2234.0
43690.19852997736,2017.0
63452.05674525352,2017.0
63452.05674525352,2234.0
86400.0,2234.0
# temp #1328
0.0,2234.0
52815.53279380315,2234.0
52815.53279380315,2555.0
86400.000002,2555.0
# temp #1329
0.0,2234.0
53652.50511076302,2234.0
53652.50511076302,2555.0
55794.16191880592,2555.0
55794.16191880592,2667.0
62094.16191880592,2667.0
62094.16191880592,2555.0
63294.16191880592,2555.0
63294.16191880592,2429.0
86400.000002,2429.0
# temp #1330
0.0,2234.0
5502.92322523892,2234.0
5502.92322523892,2667.0
16218.749352358285,2667.0
16218.749352358285,2555.0
17652.70384009928,2555.0
17652.70384009928,2667.0
39545.17898338382,2667.0
39545.17898338382,2555.0
39845.17898338382,2555.0
39845.17898338382,2667.0
40555.81342647784,2667.0
40555.81342647784,2555.0
41155.81342647784,2555.0
41155.81342647784,2667.0
46850.896782358184,2667.0
46850.896782358184,2555.0
64205.39956865834,2555.0
64205.39956865834,2429.0
82439.84696224799,2429.0
82439.84696224799,2555.0
86400.0,2555.0
# temp #1331
0.0,2234.0
36548.111087316654,2234.0
36548.111087316654,2017.0
42665.22689172999,2017.0
42665.22689172999,2234.0
52289.76615602152,2234.0
52289.76615602152,2017.0
86400.000002,2017.0
# temp #1332
0.0,2234.0
70408.14687588719,2234.0
70408.14687588719,2555.0
86400.000002,2555.0
# temp #1333
0.0,2234.0
20456.61441595294,2234.0
20456.61441595294,2555.0
25554.551439033825,2555.0
25554.551439033825,2667.0
25938.323332532313,2667.0
25938.323332532313,2555.0
26238.323332532313,2555.0
26238.323332532313,2667.0
52938.32333253231,2667.0
52938.32333253231,2555.0
68838.32333253231,2555.0
68838.32333253231,2234.0
72438.32333253231,2234.0
72438.32333253231,2429.0
82338.32333253231,2429.0
82338.32333253231,2555.0
82938.32333253231,2555.0
82938.32333253231,2667.0
86400.000002,2667.0
# temp #1334
0.0,2234.0
51782.94325950556,2234.0
51782.94325950556,2555.0
56591.35863790289,2555.0
56591.35863790289,2429.0
57112.32356638648,2429.0
57112.32356638648,2555.0
77662.78830058874,2555.0
77662.78830058874,2429.0
79037.15800484644,2429.0
79037.15800484644,2555.0
80306.41702534632,2555.0
80306.41702534632,2429.0
80606.41702534632,2429.0
80606.41702534632,2555.0
80906.41702534632,2555.0
80906.41702534632,2429.0
81506.41702534632,2429.0
81506.41702534632,2555.0
85509.5808603801,2555.0
85509.5808603801,2429.0
86400.0,2429.0
# temp #1335
0.0,2234.0
48872.022686898716,2234.0
48872.022686898716,2429.0
49462.940895580694,2429.0
49462.940895580694,2555.0
50325.4029713804,2555.0
50325.4029713804,2429.0
61415.211364114664,2429.0
61415.211364114664,2555.0
64273.70575445239,2555.0
64273.70575445239,2429.0
84351.34105766194,2429.0
84351.34105766194,2555.0
86400.0,2555.0
# temp #1336
0.0,2234.0
1393.1718286592516,2234.0
1393.1718286592516,2555.0
4387.324555730448,2555.0
4387.324555730448,2667.0
4744.264081399889,2667.0
4744.264081399889,2555.0
10744.264081399888,2555.0
10744.264081399888,2429.0
13144.264081399888,2429.0
13144.264081399888,2234.0
16744.264081399888,2234.0
16744.264081399888,2429.0
17944.264081399888,2429.0
17944.264081399888,2234.0
23644.264081399888,2234.0
23644.264081399888,2429.0
32766.03011155967,2429.0
32766.03011155967,2234.0
45842.015311704024,2234.0
45842.015311704024,2667.0
78818.9452723833,2667.0
78818.9452723833,2555.0
86400.000002,2555.0
# temp #1337
0.0,2234.0
5720.577641436831,2234.0
5720.577641436831,2017.0
33558.79602022469,2017.0
33558.79602022469,2234.0
47610.07215846331,2234.0
47610.07215846331,2017.0
86400.0,2017.0
# temp #1338
0.0,2234.0
22380.802153050903,2234.0
22380.802153050903,2017.0
30587.494559213523,2017.0
30587.494559213523,2234.0
45696.545574255295,2234.0
45696.545574255295,2017.0
86400.0,2017.0
# temp #1339
0.0,2234.0
8185.948624089362,2234.0
8185.948624089362,2667.0
15613.975385553207,2667.0
15613.975385553207,2555.0
16495.755392289724,2555.0
16495.755392289724,2667.0
27336.23448524159,2667.0
27336.23448524159,2555.0
27936.23448524159,2555.0
27936.23448524159,2667.0
41851.3966964325,2667.0
41851.3966964325,2555.0
43947.51220734325,2555.0
43947.51220734325,2429.0
57933.23515593075,2429.0
57933.23515593075,2555.0
73527.52699996346,2555.0
73527.52699996346,2429.0
82447.33808864841,2429.0
82447.33808864841,2555.0
86400.0,2555.0
# temp #1340
0.0,2234.0
17038.958501257006,2234.0
17038.958501257006,2883.0
17455.13924143743,2883.0
17455.13924143743,2667.0
21544.254577229734,2667.0
21544.254577229734,2883.0
25172.51286883839,2883.0
25172.51286883839,2429.0
73134.53674209306,2429.0
73134.53674209306,2883.0
74224.47426219007,2883.0
74224.47426219007,2429.0
86400.0,2429.0
# temp #1341
0.0,2234.0
32427.436562161896,2234.0
32427.436562161896,2429.0
33027.43656216189,2429.0
33027.43656216189,2555.0
35489.32333393023,2555.0
35489.32333393023,2429.0
53569.063661224216,2429.0
53569.063661224216,2555.0
58466.753631387845,2555.0
58466.753631387845,2429.0
78457.0105542429,2429.0
78457.0105542429,2555.0
86400.000002,2555.0
# temp #1342
0.0,2234.0
25990.469727013264,2234.0
25990.469727013264,2429.0
26590.469727013264,2429.0
26590.469727013264,2555.0
28819.92046767846,2555.0
28819.92046767846,2429.0
31392.061551287774,2429.0
31392.061551287774,2667.0
42175.64602545463,2667.0
42175.64602545463,2555.0
43958.328507794075,2555.0
43958.328507794075,2667.0
58126.35569383857,2667.0
58126.35569383857,2555.0
77035.68269039971,2555.0
77035.68269039971,2667.0
86400.0,2667.0
# temp #1343
0.0,2234.0
46076.24348150567,2234.0
46076.24348150567,2429.0
46675.09423464072,2429.0
46675.09423464072,2555.0
47005.658779735684,2555.0
47005.658779735684,2429.0
79899.56646957436,2429.0
79899.56646957436,2555.0
82994.93265515195,2555.0
82994.93265515195,2429.0
86400.000002,2429.0
# temp #1344
0.0,2234.0
12386.932425945997,2234.0
12386.932425945997,2429.0
12986.932425945997,2429.0
12986.932425945997,2555.0
17122.842444106936,2555.0
17122.842444106936,2429.0
23597.54065547604,2429.0
23597.54065547604,2234.0
44125.794977531776,2234.0
44125.794977531776,2667.0
50127.05220112112,2667.0
50127.05220112112,2234.0
65873.92390554307,2234.0
65873.92390554307,2667.0
81159.69447239769,2667.0
81159.69447239769,2883.0
86400.000002,2883.0
# temp #1345
0.0,2234.0
4591.3991334848115,2234.0
4591.3991334848115,2667.0
23917.949464218695,2667.0
23917.949464218695,2555.0
25205.825947830457,2555.0
25205.825947830457,2667.0
50579.85533934553,2667.0
50579.85533934553,2555.0
50879.85533934553,2555.0
50879.85533934553,2667.0
51487.7059938619,2667.0
51487.7059938619,2555.0
52087.7059938619,2555.0
52087.7059938619,2667.0
57199.05005127658,2667.0
57199.05005127658,2234.0
76016.03943763768,2234.0
76016.03943763768,2667.0
86400.000002,2667.0
# temp #1346
0.0,2234.0
6186.760416417384,2234.0
6186.760416417384,2667.0
49795.60419337359,2667.0
49795.60419337359,2555.0
50924.73635373172,2555.0
50924.73635373172,2667.0
86400.000002,2667.0
# temp #1347
0.0,2234.0
54321.32429452614,2234.0
54321.32429452614,2555.0
57738.6126322439,2555.0
57738.6126322439,2667.0
64038.6126322439,2667.0
64038.6126322439,2555.0
65238.6126322439,2555.0
65238.6126322439,2429.0
86400.000002,2429.0
# temp #1348
0.0,2234.0
6421.716716350057,2234.0
6421.716716350057,2555.0
7290.432080556639,2555.0
7290.432080556639,2667.0
7868.024825141766,2667.0
7868.024825141766,2555.0
8168.024825141766,2555.0
8168.024825141766,2667.0
11768.024825141765,2667.0
11768.024825141765,2555.0
13268.024825141765,2555.0
13268.024825141765,2429.0
23856.972406804565,2429.0
23856.972406804565,2234.0
50297.907227743424,2234.0
50297.907227743424,2429.0
54032.00888363645,2429.0
54032.00888363645,2234.0
70735.99160285668,2234.0
70735.99160285668,2667.0
86400.0,2667.0
# temp #1349
0.0,2234.0
782.5271097477525,2234.0
782.5271097477525,2017.0
17926.321176672358,2017.0
17926.321176672358,2234.0
49042.793763661764,2234.0
49042.793763661764,2017.0
86400.000002,2017.0
# temp #1350
0.0,2234.0
72651.76445001272,2234.0
72651.76445001272,2555.0
86400.0,2555.0
# temp #1351
0.0,2234.0
20555.144235352058,2234.0
20555.144235352058,2555.0
23978.576181968678,2555.0
23978.576181968678,2667.0
24441.367853712294,2667.0
24441.367853712294,2555.0
30441.367853712294,2555.0
30441.367853712294,2429.0
32841.3678537123,2429.0
32841.3678537123,2234.0
36441.3678537123,2234.0
36441.3678537123,2429.0
37641.3678537123,2429.0
37641.3678537123,2234.0
43341.3678537123,2234.0
43341.3678537123,2429.0
67488.07151648216,2429.0
67488.07151648216,2555.0
68957.83242532054,2555.0
68957.83242532054,2667.0
86400.0,2667.0
# temp #1352
0.0,2234.0
58603.16525171511,2234.0
58603.16525171511,2555.0
59194.10805394873,2555.0
59194.10805394873,2234.0
63900.1195236342,2234.0
63900.1195236342,2429.0
79973.35822794121,2429.0
79973.35822794121,2555.0
86400.0,2555.0
# temp #1353
0.0,2234.0
2009.4974863110112,2234.0
2009.4974863110112,2555.0
7929.1994215222085,2555.0
7929.1994215222085,2429.0
40671.35531168897,2429.0
40671.35531168897,2234.0
41271.35531168897,2234.0
41271.35531168897,2429.0
43671.35531168897,2429.0
43671.35531168897,2555.0
53871.35531168897,2555.0
53871.35531168897,2667.0
62506.7785963649,2667.0
62506.7785963649,2555.0
64277.218202361844,2555.0
64277.218202361844,2429.0
71574.29360754322,2429.0
71574.29360754322,2555.0
86400.000002,2555.0
# temp #1354
0.0,2234.0
51460.07807389833,2234.0
51460.07807389833,2883.0
53860.07807389833,2883.0
53860.07807389833,2667.0
68419.13657428231,2667.0
68419.13657428231,2234.0
81031.21714163572,2234.0
81031.21714163572,2429.0
86400.0,2429.0
# temp #1355
0.0,2234.0
38738.20522336756,2234.0
38738.20522336756,2429.0
39047.78016821948,2429.0
39047.78016821948,2555.0
41630.17761649099,2555.0
41630.17761649099,2429.0
54002.33147428372,2429.0
54002.33147428372,2555.0
69432.94379997534,2555.0
69432.94379997534,2429.0
82511.49441122545,2429.0
82511.49441122545,2883.0
86400.000002,2883.0
# temp #1356
0.0,2234.0
25941.9524878962,2234.0
25941.9524878962,2429.0
26338.518206169832,2429.0
26338.518206169832,2555.0
27958.413892379034,2555.0
27958.413892379034,2429.0
43660.36552980077,2429.0
43660.36552980077,2234.0
67723.50519939791,2234.0
67723.50519939791,2429.0
80739.02875268833,2429.0
80739.02875268833,2555.0
86400.000002,2555.0
# temp #1357
0.0,2234.0
35585.683928942315,2234.0
35585.683928942315,2429.0
42485.683928942315,2429.0
42485.683928942315,2555.0
44285.683928942315,2555.0
44285.683928942315,2429.0
57185.683928942315,2429.0
57185.683928942315,2234.0
57485.683928942315,2234.0
57485.683928942315,2017.0
57785.683928942315,2017.0
57785.683928942315,2234.0
58085.683928942315,2234.0
58085.683928942315,2017.0
59268.38741933462,2017.0
59268.38741933462,2234.0
82383.14381092788,2234.0
82383.14381092788,2429.0
86400.0,2429.0
# temp #1358
0.0,2234.0
4077.5495572015648,2234.0
4077.5495572015648,2555.0
23217.79849561863,2555.0
23217.79849561863,2429.0
26700.67092510872,2429.0
26700.67092510872,2234.0
27000.67092510872,2234.0
27000.67092510872,2017.0
32077.79190810398,2017.0
32077.79190810398,2555.0
58920.19673120231,2555.0
58920.19673120231,2429.0
86400.0,2429.0
# temp #1359
0.0,2234.0
65508.99132457563,2234.0
65508.99132457563,2555.0
86400.0,2555.0
# temp #1360
0.0,2234.0
7837.383596948348,2234.0
7837.383596948348,2429.0
8277.616120688617,2429.0
8277.616120688617,2234.0
9123.365701781586,2234.0
9123.365701781586,2429.0
10841.391478199512,2429.0
10841.391478199512,2234.0
15090.30316863209,2234.0
15090.30316863209,2429.0
16103.371884813532,2429.0
16103.371884813532,2234.0
22518.26905407943,2234.0
22518.26905407943,2667.0
39415.12384987437,2667.0
39415.12384987437,2555.0
69676.03953033687,2555.0
69676.03953033687,2429.0
86400.000002,2429.0
# temp #1361
0.0,2234.0
3959.334588912316,2234.0
3959.334588912316,2555.0
40287.457486870706,2555.0
40287.457486870706,2429.0
81045.86993667764,2429.0
81045.86993667764,2234.0
83091.35888863822,2234.0
83091.35888863822,2429.0
86400.0,2429.0
# temp #1362
0.0,2234.0
51352.60083940812,2234.0
51352.60083940812,2555.0
52513.72388794553,2555.0
52513.72388794553,2667.0
53078.481478896,2667.0
53078.481478896,2555.0
53378.481478896,2555.0
53378.481478896,2667.0
56978.481478896,2667.0
56978.481478896,2555.0
58478.481478896,2555.0
58478.481478896,2429.0
69197.15319871904,2429.0
69197.15319871904,2234.0
75285.90657371098,2234.0
75285.90657371098,2429.0
84595.81398060547,2429.0
84595.81398060547,2555.0
86400.0,2555.0
# temp #1363
0.0,2234.0
80017.9226215929,2234.0
80017.9226215929,2555.0
86400.0,2555.0
# temp #1364
0.0,2234.0
19398.289311421107,2234.0
19398.289311421107,2555.0
22431.17631808855,2555.0
22431.17631808855,2667.0
28731.17631808855,2667.0
28731.17631808855,2555.0
29931.17631808855,2555.0
29931.17631808855,2429.0
73131.17631808855,2429.0
73131.17631808855,2234.0
86400.000002,2234.0
# temp #1365
0.0,2234.0
41907.24274171517,2234.0
41907.24274171517,2429.0
42457.91651329492,2429.0
42457.91651329492,2555.0
46508.75853246544,2555.0
46508.75853246544,2429.0
51578.61351070461,2429.0
51578.61351070461,2555.0
55292.612531105995,2555.0
55292.612531105995,2667.0
86400.000002,2667.0
# temp #1366
0.0,2234.0
13946.14200498909,2234.0
13946.14200498909,2883.0
15246.767425700093,2883.0
15246.767425700093,2667.0
22828.729646606374,2667.0
22828.729646606374,2883.0
39224.46906329133,2883.0
39224.46906329133,2667.0
50560.0053240778,2667.0
50560.0053240778,2234.0
57503.23833154981,2234.0
57503.23833154981,2667.0
85052.86224691664,2667.0
85052.86224691664,2555.0
85833.16674095114,2555.0
85833.16674095114,2429.0
86400.000002,2429.0
# temp #1367
0.0,2234.0
8338.53884905111,2234.0
8338.53884905111,2429.0
40438.53884905111,2429.0
40438.53884905111,2555.0
40738.53884905111,2555.0
40738.53884905111,2667.0
70307.4733057525,2667.0
70307.4733057525,2555.0
81482.35425087625,2555.0
81482.35425087625,2429.0
86400.000002,2429.0
# temp #1368
0.0,2234.0
47255.22724580952,2234.0
47255.22724580952,2555.0
81421.57430704685,2555.0
81421.57430704685,2429.0
81899.87473092043,2429.0
81899.87473092043,2555.0
83431.12432518975,2555.0
83431.12432518975,2429.0
84803.90270305799,2429.0
84803.90270305799,2555.0
86101.58627461643,2555.0
86101.58627461643,2429.0
86400.0,2429.0
# temp #1369
0.0,2234.0
69364.95642350057,2234.0
69364.95642350057,2555.0
70175.74546944817,2555.0
70175.74546944817,2667.0
70759.00419568644,2667.0
70759.00419568644,2555.0
76759.00419568644,2555.0
76759.00419568644,2429.0
79159.00419568644,2429.0
79159.00419568644,2234.0
82759.00419568644,2234.0
82759.00419568644,2429.0
83959.00419568644,2429.0
83959.00419568644,2234.0
86400.000002,2234.0
# temp #1370
0.0,2234.0
10812.425296939911,2234.0
10812.425296939911,2883.0
11522.858468955385,2883.0
11522.858468955385,2667.0
23307.6461638324,2667.0
23307.6461638324,2883.0
26584.449450485412,2883.0
26584.449450485412,2667.0
34083.651924482554,2667.0
34083.651924482554,2555.0
44970.255910651766,2555.0
44970.255910651766,2429.0
67188.84518570268,2429.0
67188.84518570268,2555.0
84224.42865238992,2555.0
84224.42865238992,2429.0
86400.0,2429.0
# temp #1371
0.0,2234.0
30290.90277703945,2234.0
30290.90277703945,2429.0
30783.237408497374,2429.0
30783.237408497374,2234.0
31528.641118551608,2234.0
31528.641118551608,2429.0
35360.247465851724,2429.0
35360.247465851724,2234.0
57346.85906481464,2234.0
57346.85906481464,2429.0
57988.49250313361,2429.0
57988.49250313361,2555.0
58553.93684415613,2555.0
58553.93684415613,2429.0
58853.93684415613,2429.0
58853.93684415613,2555.0
60353.93684415613,2555.0
60353.93684415613,2429.0
70553.93684415612,2429.0
70553.93684415612,2234.0
86400.000002,2234.0
# temp #1372
0.0,2234.0
11548.214304680007,2234.0
11548.214304680007,2883.0
22648.214304680005,2883.0
22648.214304680005,2555.0
48007.44452511427,2555.0
48007.44452511427,2429.0
62329.57731625067,2429.0
62329.57731625067,2555.0
74974.49933951722,2555.0
74974.49933951722,2429.0
86400.000002,2429.0
# temp #1373
0.0,2234.0
41915.20773936064,2234.0
41915.20773936064,2429.0
42215.20773936064,2429.0
42215.20773936064,2234.0
60425.618093088284,2234.0
60425.618093088284,2429.0
68727.35015228392,2429.0
68727.35015228392,2883.0
71843.97642072292,2883.0
71843.97642072292,2667.0
86400.0,2667.0
# temp #1374
0.0,2234.0
74542.13866190986,2234.0
74542.13866190986,2555.0
86400.0,2555.0
# temp #1375
0.0,2234.0
73286.1353200162,2234.0
73286.1353200162,2555.0
86400.0,2555.0
# temp #1376
0.0,2234.0
8188.214749773035,2234.0
8188.214749773035,2667.0
28144.372357707478,2667.0
28144.372357707478,2555.0
29142.422533314682,2555.0
29142.422533314682,2667.0
29732.83462745604,2667.0
29732.83462745604,2555.0
30032.83462745604,2555.0
30032.83462745604,2667.0
30891.474562115043,2667.0
30891.474562115043,2555.0
31491.474562115043,2555.0
31491.474562115043,2667.0
37389.441865263514,2667.0
37389.441865263514,2555.0
59255.79444521574,2555.0
59255.79444521574,2429.0
75775.75893576724,2429.0
75775.75893576724,2555.0
86400.0,2555.0
# temp #1377
0.0,2234.0
3967.7430875133728,2234.0
3967.7430875133728,2883.0
4545.696983020753,2883.0
4545.696983020753,2667.0
6415.425185440108,2667.0
6415.425185440108,2883.0
6918.781333928928,2883.0
6918.781333928928,2667.0
30536.629018653188,2667.0
30536.629018653188,2555.0
40451.3747711666,2555.0
40451.3747711666,2667.0
64708.502251468606,2667.0
64708.502251468606,2883.0
81821.89496615903,2883.0
81821.89496615903,2667.0
86400.000002,2667.0
# temp #1378
0.0,2234.0
16896.173404692676,2234.0
16896.173404692676,2555.0
40756.56551204157,2555.0
40756.56551204157,2429.0
41262.32016314753,2429.0
41262.32016314753,2555.0
63555.10039601942,2555.0
63555.10039601942,2429.0
64488.328963425025,2429.0
64488.328963425025,2234.0
73670.71634174792,2234.0
73670.71634174792,2555.0
74870.71634174792,2555.0
74870.71634174792,2883.0
86400.0,2883.0
# temp #1379
0.0,2234.0
44954.40946721938,2234.0
44954.40946721938,2555.0
68641.12738624682,2555.0
68641.12738624682,2429.0
86400.000002,2429.0
# temp #1380
0.0,2234.0
7103.233853308486,2234.0
7103.233853308486,2667.0
21131.875820201825,2667.0
21131.875820201825,2555.0
21504.75947123487,2555.0
21504.75947123487,2429.0
35453.79651538097,2429.0
35453.79651538097,2555.0
38280.30166535173,2555.0
38280.30166535173,2429.0
38633.37744239253,2429.0
38633.37744239253,2234.0
64480.23149860093,2234.0
64480.23149860093,2429.0
86400.0,2429.0
# temp #1381
0.0,2234.0
12560.741857672112,2234.0
12560.741857672112,2555.0
14987.875092099423,2555.0
14987.875092099423,2667.0
24887.87509209942,2667.0
24887.87509209942,2555.0
29770.99437012803,2555.0
29770.99437012803,2429.0
64515.033971448436,2429.0
64515.033971448436,2555.0
79146.33634581698,2555.0
79146.33634581698,2429.0
86400.0,2429.0
# temp #1382
0.0,2234.0
31323.08135144413,2234.0
31323.08135144413,2429.0
31623.08135144413,2429.0
31623.08135144413,2234.0
40626.797327958055,2234.0
40626.797327958055,2667.0
70235.37648932544,2667.0
70235.37648932544,2555.0
71714.87379488537,2555.0
71714.87379488537,2429.0
86400.0,2429.0
# temp #1383
0.0,2234.0
15773.079645540567,2234.0
15773.079645540567,2017.0
59980.33181335778,2017.0
59980.33181335778,2234.0
86400.000002,2234.0
# temp #1384
0.0,2234.0
35310.68018339575,2234.0
35310.68018339575,2017.0
36287.978212349124,2017.0
36287.978212349124,2234.0
71387.64400267975,2234.0
71387.64400267975,2017.0
86400.000002,2017.0
# temp #1385
0.0,2234.0
5127.901224978269,2234.0
5127.901224978269,2667.0
47447.60231527035,2667.0
47447.60231527035,2555.0
48430.85176341702,2555.0
48430.85176341702,2667.0
61304.34997079429,2667.0
61304.34997079429,2555.0
61904.34997079429,2555.0
61904.34997079429,2667.0
81426.6455204459,2667.0
81426.6455204459,2555.0
82497.66551975628,2555.0
82497.66551975628,2429.0
86400.0,2429.0
# temp #1386
0.0,2234.0
10402.02831029892,2234.0
10402.02831029892,2429.0
11002.02831029892,2429.0
11002.02831029892,2555.0
11741.895767301321,2555.0
11741.895767301321,2429.0
46602.5121157989,2429.0
46602.5121157989,2883.0
56878.866188367836,2883.0
56878.866188367836,2429.0
68048.66483174266,2429.0
68048.66483174266,2555.0
73518.34878902884,2555.0
73518.34878902884,2667.0
75823.51762913169,2667.0
75823.51762913169,2883.0
86400.000002,2883.0
# temp #1387
0.0,2234.0
32822.41929166485,2234.0
32822.41929166485,2555.0
35609.867128939375,2555.0
35609.867128939375,2667.0
36024.23337686342,2667.0
36024.23337686342,2555.0
42024.23337686342,2555.0
42024.23337686342,2429.0
44424.23337686342,2429.0
44424.23337686342,2234.0
48024.23337686342,2234.0
48024.23337686342,2429.0
49224.23337686342,2429.0
49224.23337686342,2234.0
54924.23337686342,2234.0
54924.23337686342,2429.0
64195.990908262334,2429.0
64195.990908262334,2234.0
71708.94458249678,2234.0
71708.94458249678,2667.0
86400.000002,2667.0
# temp #1388
0.0,2234.0
7469.6705274749565,2234.0
7469.6705274749565,2667.0
24237.313000322327,2667.0
24237.313000322327,2555.0
24931.562687759295,2555.0
24931.562687759295,2667.0
47572.12339290419,2667.0
47572.12339290419,2555.0
48172.12339290419,2555.0
48172.12339290419,2667.0
67396.53158769944,2667.0
67396.53158769944,2555.0
71416.43334687689,2555.0
71416.43334687689,2429.0
86400.0,2429.0
# temp #1389
0.0,2234.0
79904.93563546335,2234.0
79904.93563546335,2555.0
80796.93986687345,2555.0
80796.93986687345,2429.0
86400.0,2429.0
# temp #1390
0.0,2234.0
5112.764331232757,2234.0
5112.764331232757,2883.0
5413.372116303072,2883.0
5413.372116303072,2667.0
12342.901237285698,2667.0
12342.901237285698,2883.0
21202.626866265204,2883.0
21202.626866265204,2667.0
33307.34156852123,2667.0
33307.34156852123,2234.0
63448.502299049884,2234.0
63448.502299049884,2429.0
81639.33700926138,2429.0
81639.33700926138,2234.0
86400.000002,2234.0
# temp #1391
0.0,2234.0
1395.5482309218498,2234.0
1395.5482309218498,2667.0
35698.079192033045,2667.0
35698.079192033045,2555.0
37047.574041550986,2555.0
37047.574041550986,2667.0
66189.79893783109,2667.0
66189.79893783109,2555.0
66789.79893783109,2555.0
66789.79893783109,2667.0
86400.000002,2667.0
# temp #1392
0.0,2234.0
16169.214989617469,2234.0
16169.214989617469,2555.0
42066.963904816665,2555.0
42066.963904816665,2429.0
42559.80536188,2429.0
42559.80536188,2555.0
62663.75062039589,2555.0
62663.75062039589,2429.0
63203.0100107426,2429.0
63203.0100107426,2555.0
63590.351400082014,2555.0
63590.351400082014,2429.0
63890.351400082014,2429.0
63890.351400082014,2555.0
64190.351400082014,2555.0
64190.351400082014,2429.0
64790.351400082014,2429.0
64790.351400082014,2555.0
68990.72158180644,2555.0
68990.72158180644,2429.0
83325.01732979437,2429.0
83325.01732979437,2883.0
86400.0,2883.0
# temp #1393
0.0,2234.0
76826.93101353945,2234.0
76826.93101353945,2555.0
77161.40989121051,2555.0
77161.40989121051,2429.0
86400.0,2429.0
# temp #1394
0.0,2234.0
57025.60621364974,2234.0
57025.60621364974,2555.0
74086.91976894626,2555.0
74086.91976894626,2429.0
74683.48369232846,2429.0
74683.48369232846,2555.0
86400.000002,2555.0
# temp #1395
0.0,2234.0
24543.37867763825,2234.0
24543.37867763825,2017.0
32590.663829259578,2017.0
32590.663829259578,2234.0
60011.8731815368,2234.0
60011.8731815368,2017.0
86400.000002,2017.0
# temp #1396
0.0,2234.0
14275.217495346444,2234.0
14275.217495346444,2429.0
14854.34562508017,2429.0
14854.34562508017,2555.0
17501.59129109234,2555.0
17501.59129109234,2429.0
50578.78113174812,2429.0
50578.78113174812,2555.0
63713.19626681507,2555.0
63713.19626681507,2667.0
83561.95498199669,2667.0
83561.95498199669,2234.0
86400.000002,2234.0
# temp #1397
0.0,2234.0
3048.039755271748,2234.0
3048.039755271748,2017.0
59036.86433206313,2017.0
59036.86433206313,2234.0
66766.37827693486,2234.0
66766.37827693486,2017.0
86400.0,2017.0
# temp #1398
0.0,2234.0
75226.51041853243,2234.0
75226.51041853243,2555.0
86400.000002,2555.0
# temp #1399
0.0,2234.0
5730.490076425486,2234.0
5730.490076425486,2883.0
6641.492672637106,2883.0
6641.492672637106,2667.0
9311.999921081588,2667.0
9311.999921081588,2883.0
23275.249556964267,2883.0
23275.249556964267,2667.0
36057.66047858634,2667.0
36057.66047858634,2883.0
50340.296568232596,2883.0
50340.296568232596,2429.0
86400.0,2429.0
# temp #1400
0.0,2234.0
5027.14518767316,2234.0
5027.14518767316,2667.0
9640.827252343299,2667.0
9640.827252343299,2555.0
10221.731326729061,2555.0
10221.731326729061,2667.0
27554.150006314747,2667.0
27554.150006314747,2555.0
27854.150006314747,2555.0
27854.150006314747,2429.0
30437.440345482908,2429.0
30437.440345482908,2667.0
47809.07800777351,2667.0
47809.07800777351,2555.0
50933.21997367313,2555.0
50933.21997367313,2667.0
70790.49752969296,2667.0
70790.49752969296,2234.0
86400.000002,2234.0
# temp #1401
0.0,2234.0
31141.525695822205,2234.0
31141.525695822205,2429.0
31441.525695822205,2429.0
31441.525695822205,2234.0
45659.41656825599,2234.0
45659.41656825599,2667.0
67128.14949424937,2667.0
67128.14949424937,2234.0
86400.000002,2234.0
# temp #1402
0.0,2234.0
39483.34940273781,2234.0
39483.34940273781,2429.0
39882.890121359385,2429.0
39882.890121359385,2234.0
40596.34434334003,2234.0
40596.34434334003,2429.0
41743.29984672368,2429.0
41743.29984672368,2234.0
45873.239025031224,2234.0
45873.239025031224,2429.0
46912.85940560047,2429.0
46912.85940560047,2555.0
47676.779825356796,2555.0
47676.779825356796,2429.0
47976.779825356796,2429.0
47976.779825356796,2555.0
48276.779825356796,2555.0
48276.779825356796,2429.0
48876.779825356796,2429.0
48876.779825356796,2555.0
49692.73055728991,2555.0
49692.73055728991,2429.0
51875.30370096211,2429.0
51875.30370096211,2667.0
72877.89244882298,2667.0
72877.89244882298,2234.0
86400.0,2234.0
# temp #1403
0.0,2234.0
58024.7658727225,2234.0
58024.7658727225,2429.0
58360.781599930495,2429.0
58360.781599930495,2555.0
62497.91859348771,2555.0
62497.91859348771,2429.0
86400.0,2429.0
# temp #1404
0.0,2234.0
42666.03644317948,2234.0
42666.03644317948,2555.0
44906.0085288249,2555.0
44906.0085288249,2429.0
67430.86966266857,2429.0
67430.86966266857,2234.0
69854.6288244892,2234.0
69854.6288244892,2429.0
86400.000002,2429.0
# temp #1405
0.0,2234.0
72304.46352493018,2234.0
72304.46352493018,2555.0
79008.40577508789,2555.0
79008.40577508789,2234.0
86400.000002,2234.0
# temp #1406
0.0,2234.0
38218.2935175486,2234.0
38218.2935175486,2555.0
46504.40040850081,2555.0
46504.40040850081,2429.0
46843.899753852755,2429.0
46843.899753852755,2555.0
55417.670969199404,2555.0
55417.670969199404,2429.0
55926.60878989847,2429.0
55926.60878989847,2555.0
56451.08523331584,2555.0
56451.08523331584,2429.0
56751.08523331584,2429.0
56751.08523331584,2555.0
57051.08523331584,2555.0
57051.08523331584,2429.0
57651.08523331584,2429.0
57651.08523331584,2555.0
62679.85577769579,2555.0
62679.85577769579,2429.0
67812.30437862688,2429.0
67812.30437862688,2555.0
84877.24269186148,2555.0
84877.24269186148,2667.0
86400.000002,2667.0
# temp #1407
0.0,2234.0
17166.175937466327,2234.0
17166.175937466327,2883.0
28266.175937466327,2883.0
28266.175937466327,2555.0
46447.61219657958,2555.0
46447.61219657958,2429.0
78165.52830745933,2429.0
78165.52830745933,2555.0
86400.000002,2555.0
# temp #1408
0.0,2234.0
2001.6778623685243,2234.0
2001.6778623685243,2017.0
15631.17144322023,2017.0
15631.17144322023,2234.0
47739.434043969966,2234.0
47739.434043969966,2017.0
81266.53329567054,2017.0
81266.53329567054,2234.0
86400.000002,2234.0
# temp #1409
0.0,2234.0
21572.744857356887,2234.0
21572.744857356887,2429.0
21872.744857356887,2429.0
21872.744857356887,2234.0
27879.1639311472,2234.0
27879.1639311472,2667.0
35884.6853746567,2667.0
35884.6853746567,2234.0
41675.80572129228,2234.0
41675.80572129228,2667.0
45619.34003974312,2667.0
45619.34003974312,2234.0
66551.26149449499,2234.0
66551.26149449499,2429.0
86143.53725519033,2429.0
86143.53725519033,2555.0
86400.000002,2555.0
# temp #1410
0.0,2234.0
17337.507107947025,2234.0
17337.507107947025,2555.0
18317.46347425506,2555.0
18317.46347425506,2429.0
18883.939138543796,2429.0
18883.939138543796,2555.0
36728.91627678183,2555.0
36728.91627678183,2429.0
37911.31267917809,2429.0
37911.31267917809,2555.0
39208.80901997444,2555.0
39208.80901997444,2429.0
39508.80901997444,2429.0
39508.80901997444,2555.0
39808.80901997444,2555.0
39808.80901997444,2429.0
40408.80901997444,2429.0
40408.80901997444,2555.0
42681.957009038895,2555.0
42681.957009038895,2429.0
62112.54557110371,2429.0
62112.54557110371,2234.0
75317.42971083151,2234.0
75317.42971083151,2667.0
86400.000002,2667.0
# temp #1411
0.0,2234.0
17378.170603676703,2234.0
17378.170603676703,2555.0
40103.45466386062,2555.0
40103.45466386062,2429.0
71100.07649164183,2429.0
71100.07649164183,2234.0
71400.07649164183,2234.0
71400.07649164183,2017.0
85410.741488426,2017.0
85410.741488426,2883.0
86400.0,2883.0
# temp #1412
0.0,2234.0
58242.62466123328,2234.0
58242.62466123328,2555.0
60887.67074716744,2555.0
60887.67074716744,2667.0
70787.67074716743,2667.0
70787.67074716743,2555.0
75663.52208924947,2555.0
75663.52208924947,2429.0
86400.000002,2429.0
# temp #1413
0.0,2234.0
65501.49508179167,2234.0
65501.49508179167,2555.0
86400.0,2555.0
# temp #1414
0.0,2234.0
3602.62116836384,2234.0
3602.62116836384,2667.0
40173.4585889848,2667.0
40173.4585889848,2555.0
41452.57100437303,2555.0
41452.57100437303,2667.0
69919.42026712933,2667.0
69919.42026712933,2555.0
70219.42026712933,2555.0
70219.42026712933,2429.0
86400.0,2429.0
# temp #1415
0.0,2234.0
17733.72886895668,2234.0
17733.72886895668,2883.0
28833.72886895668,2883.0
28833.72886895668,2555.0
40064.66183576268,2555.0
40064.66183576268,2429.0
66560.87260649074,2429.0
66560.87260649074,2234.0
79269.55803029706,2234.0
79269.55803029706,2667.0
86400.000002,2667.0
# temp #1416
0.0,2234.0
18384.66684243176,2234.0
18384.66684243176,2429.0
25284.66684243176,2429.0
25284.66684243176,2555.0
27084.66684243176,2555.0
27084.66684243176,2429.0
39984.66684243176,2429.0
39984.66684243176,2234.0
40284.66684243176,2234.0
40284.66684243176,2017.0
40584.66684243176,2017.0
40584.66684243176,2234.0
40884.66684243176,2234.0
40884.66684243176,2017.0
57184.9650942022,2017.0
57184.9650942022,2234.0
70381.98609275278,2234.0
70381.98609275278,2429.0
86400.000002,2429.0
# temp #1417
0.0,2234.0
36967.0239945408,2234.0
36967.0239945408,2555.0
64265.7035758719,2555.0
64265.7035758719,2429.0
64674.383707554094,2429.0
64674.383707554094,2555.0
67934.65739702807,2555.0
67934.65739702807,2429.0
69220.27860190721,2429.0
69220.27860190721,2555.0
70022.2524566576,2555.0
70022.2524566576,2429.0
70322.2524566576,2429.0
70322.2524566576,2555.0
71822.2524566576,2555.0
71822.2524566576,2429.0
82022.2524566576,2429.0
82022.2524566576,2234.0
86400.0,2234.0
# temp #1418
0.0,2234.0
69354.89230679815,2234.0
69354.89230679815,2555.0
70594.25675862005,2555.0
70594.25675862005,2667.0
71020.93170590235,2667.0
71020.93170590235,2555.0
71320.93170590235,2555.0
71320.93170590235,2667.0
74920.93170590235,2667.0
74920.93170590235,2555.0
76420.93170590235,2555.0
76420.93170590235,2429.0
82408.07593942156,2429.0
82408.07593942156,2234.0
86400.0,2234.0
# temp #1419
0.0,2234.0
82696.92824352534,2234.0
82696.92824352534,2883.0
85096.92824352534,2883.0
85096.92824352534,2667.0
86400.000002,2667.0
# temp #1420
0.0,2234.0
58088.26789297164,2234.0
58088.26789297164,2555.0
82850.5985111464,2555.0
82850.5985111464,2429.0
83424.22590537464,2429.0
83424.22590537464,2555.0
86400.0,2555.0
# temp #1421
0.0,2234.0
65634.58203405609,2234.0
65634.58203405609,2555.0
70598.77057196574,2555.0
70598.77057196574,2667.0
70929.33333793191,2667.0
70929.33333793191,2555.0
71229.33333793191,2555.0
71229.33333793191,2667.0
86400.0,2667.0
# temp #1422
0.0,2234.0
10270.866102073343,2234.0
10270.866102073343,2555.0
41361.323640402414,2555.0
41361.323640402414,2429.0
41922.68830037211,2429.0
41922.68830037211,2555.0
53401.57601153479,2555.0
53401.57601153479,2429.0
53957.05820680597,2429.0
53957.05820680597,2234.0
80112.67469767483,2234.0
80112.67469767483,2429.0
86400.0,2429.0
# temp #1423
0.0,2234.0
2334.4268966931854,2234.0
2334.4268966931854,2667.0
27079.77478054818,2667.0
27079.77478054818,2555.0
27611.960214539435,2555.0
27611.960214539435,2667.0
42779.29971213453,2667.0
42779.29971213453,2555.0
43079.29971213453,2555.0
43079.29971213453,2667.0
43911.440059868626,2667.0
43911.440059868626,2555.0
44511.440059868626,2555.0
44511.440059868626,2667.0
86400.0,2667.0
# temp #1424
0.0,2234.0
2321.136234048754,2234.0
2321.136234048754,2883.0
4005.4974677274004,2883.0
4005.4974677274004,2667.0
14107.468690001408,2667.0
14107.468690001408,2883.0
45526.97961637751,2883.0
45526.97961637751,2429.0
68988.47568444909,2429.0
68988.47568444909,2883.0
86400.0,2883.0
# temp #1425
0.0,2234.0
15758.482795581223,2234.0
15758.482795581223,2429.0
16358.482795581223,2429.0
16358.482795581223,2555.0
18208.773940801624,2555.0
18208.773940801624,2429.0
27611.197754088793,2429.0
27611.197754088793,2883.0
43122.428712900735,2883.0
43122.428712900735,2667.0
56776.60003616475,2667.0
56776.60003616475,2555.0
66706.24886448497,2555.0
66706.24886448497,2667.0
84813.8709678082,2667.0
84813.8709678082,2234.0
86400.000002,2234.0
# temp #1426
0.0,2234.0
24443.25193818659,2234.0
24443.25193818659,2017.0
76696.10070395285,2017.0
76696.10070395285,2234.0
86400.0,2234.0
# temp #1427
0.0,2234.0
2773.0355900013824,2234.0
2773.0355900013824,2667.0
14521.566536114553,2667.0
14521.566536114553,2555.0
15220.905759581367,2555.0
15220.905759581367,2429.0
45862.268908415,2429.0
45862.268908415,2555.0
57878.923276579015,2555.0
57878.923276579015,2429.0
72340.57605578566,2429.0
72340.57605578566,2883.0
86400.0,2883.0
# temp #1428
0.0,2234.0
8401.322935894133,2234.0
8401.322935894133,2883.0
9367.678579897622,2883.0
9367.678579897622,2667.0
13619.415611587467,2667.0
13619.415611587467,2883.0
22755.243253684606,2883.0
22755.243253684606,2429.0
53389.74005298224,2429.0
53389.74005298224,2883.0
57466.41504883301,2883.0
57466.41504883301,2667.0
86400.0,2667.0
# temp #1429
0.0,2234.0
32680.96492930781,2234.0
32680.96492930781,2883.0
35080.96492930781,2883.0
35080.96492930781,2667.0
67679.40524190199,2667.0
67679.40524190199,2555.0
72628.0461278977,2555.0
72628.0461278977,2429.0
86400.000002,2429.0
# temp #1430
0.0,2234.0
16723.7529611215,2234.0
16723.7529611215,2017.0
43647.7908143308,2017.0
43647.7908143308,2234.0
86400.000002,2234.0
# temp #1431
0.0,2234.0
25199.597965856086,2234.0
25199.597965856086,2555.0
28965.38264639676,2555.0
28965.38264639676,2667.0
29533.42310918961,2667.0
29533.42310918961,2555.0
29833.42310918961,2555.0
29833.42310918961,2667.0
33433.423109189614,2667.0
33433.423109189614,2555.0
34933.423109189614,2555.0
34933.423109189614,2429.0
47585.68184289616,2429.0
47585.68184289616,2234.0
67134.50040284079,2234.0
67134.50040284079,2667.0
80716.02605818772,2667.0
80716.02605818772,2555.0
86400.0,2555.0
# temp #1432
0.0,2234.0
63659.576698369354,2234.0
63659.576698369354,2883.0
66059.57669836935,2883.0
66059.57669836935,2667.0
86400.000002,2667.0
# temp #1433
0.0,2234.0
30229.769220901657,2234.0
30229.769220901657,2017.0
61304.401547228925,2017.0
61304.401547228925,2234.0
86400.000002,2234.0
# temp #1434
0.0,2234.0
1453.5364008508625,2234.0
1453.5364008508625,2667.0
17773.76320338808,2667.0
17773.76320338808,2555.0
18811.385868815705,2555.0
18811.385868815705,2667.0
38902.61759210844,2667.0
38902.61759210844,2555.0
39202.61759210844,2555.0
39202.61759210844,2667.0
39502.61759210844,2667.0
39502.61759210844,2555.0
42802.61759210844,2555.0
42802.61759210844,2667.0
68302.61759210844,2667.0
68302.61759210844,2883.0
86400.0,2883.0
# temp #1435
0.0,2234.0
983.1499789841474,2234.0
983.1499789841474,2429.0
1393.2440731208774,2429.0
1393.2440731208774,2555.0
2559.063920332119,2555.0
2559.063920332119,2429.0
11676.261260476896,2429.0
11676.261260476896,2234.0
23076.493129832674,2234.0
23076.493129832674,2429.0
30585.75637817849,2429.0
30585.75637817849,2234.0
57495.63344204799,2234.0
57495.63344204799,2429.0
86400.000002,2429.0
# temp #1436
0.0,2234.0
57520.85703550838,2234.0
57520.85703550838,2555.0
58676.04782350827,2555.0
58676.04782350827,2234.0
76716.0223001847,2234.0
76716.0223001847,2667.0
86400.0,2667.0
# temp #1437
0.0,2234.0
37147.294002212584,2234.0
37147.294002212584,2883.0
39547.294002212584,2883.0
39547.294002212584,2667.0
64941.51676814072,2667.0
64941.51676814072,2555.0
86400.0,2555.0
# temp #1438
0.0,2234.0
67034.11407982932,2234.0
67034.11407982932,2555.0
86400.000002,2555.0
# temp #1439
0.0,2234.0
65135.55797582959,2234.0
65135.55797582959,2555.0
78200.42384758127,2555.0
78200.42384758127,2429.0
86400.000002,2429.0
# temp #1440
0.0,2234.0
12984.925057017246,2234.0
12984.925057017246,2429.0
13432.520328252578,2429.0
13432.520328252578,2234.0
14164.132517762484,2234.0
14164.132517762484,2429.0
15761.80939706974,2429.0
15761.80939706974,2234.0
18103.549059969373,2234.0
18103.549059969373,2429.0
19062.39110429306,2429.0
19062.39110429306,2234.0
25677.872271300297,2234.0
25677.872271300297,2667.0
38776.54925978277,2667.0
38776.54925978277,2555.0
42782.1646914119,2555.0
42782.1646914119,2667.0
64561.55789152254,2667.0
64561.55789152254,2883.0
76314.46392573418,2883.0
76314.46392573418,2429.0
84520.01514073928,2429.0
84520.01514073928,2234.0
86400.000002,2234.0
# temp #1441
0.0,2234.0
65906.17856956089,2234.0
65906.17856956089,2555.0
68394.56614768134,2555.0
68394.56614768134,2429.0
86400.0,2429.0
# temp #1442
0.0,2234.0
62871.995601430535,2234.0
62871.995601430535,2555.0
70095.45517279766,2555.0
70095.45517279766,2234.0
85602.55116024055,2234.0
85602.55116024055,2667.0
86400.000002,2667.0
# temp #1443
0.0,2234.0
1394.753410248086,2234.0
1394.753410248086,2667.0
6879.884023731575,2667.0
6879.884023731575,2555.0
8358.136530546473,2555.0
8358.136530546473,2429.0
9853.926447336564,2429.0
9853.926447336564,2555.0
44154.792334302336,2555.0
44154.792334302336,2429.0
86400.000002,2429.0
# temp #1444
0.0,2234.0
84057.723072893,2234.0
84057.723072893,2555.0
86400.000002,2555.0
# temp #1445
0.0,2234.0
3265.6329068820924,2234.0
3265.6329068820924,2883.0
3761.9297072757035,2883.0
3761.9297072757035,2667.0
11231.23975340277,2667.0
11231.23975340277,2883.0
14660.616251220928,2883.0
14660.616251220928,2429.0
21406.263008457612,2429.0
21406.263008457612,2555.0
33588.75152554829,2555.0
33588.75152554829,2429.0
45285.817910428166,2429.0
45285.817910428166,2555.0
57297.72029772867,2555.0
57297.72029772867,2429.0
74584.84728515615,2429.0
74584.84728515615,2555.0
86092.75942223614,2555.0
86092.75942223614,2667.0
86400.0,2667.0
# temp #1446
0.0,2234.0
3487.5993420369928,2234.0
3487.5993420369928,2667.0
51064.40580175259,2667.0
51064.40580175259,2555.0
52193.07224652731,2555.0
52193.07224652731,2429.0
57035.20558748861,2429.0
57035.20558748861,2555.0
67394.22620767729,2555.0
67394.22620767729,2429.0
86400.0,2429.0
# temp #1447
0.0,2234.0
65819.04183800798,2234.0
65819.04183800798,2555.0
67242.07782126032,2555.0
67242.07782126032,2234.0
86400.0,2234.0
# temp #1448
0.0,2234.0
37493.744002422325,2234.0
37493.744002422325,2017.0
69766.78136335687,2017.0
69766.78136335687,2234.0
83313.85919619353,2234.0
83313.85919619353,2017.0
86400.0,2017.0
# temp #1449
0.0,2234.0
7586.022953828798,2234.0
7586.022953828798,2017.0
60192.16156429612,2017.0
60192.16156429612,2234.0
82778.79333416933,2234.0
82778.79333416933,2017.0
86400.000002,2017.0
# temp #1450
0.0,2234.0
79404.76045722609,2234.0
79404.76045722609,2883.0
81804.76045722609,2883.0
81804.76045722609,2667.0
82025.07580616513,2667.0
82025.07580616513,2555.0
86400.000002,2555.0
# temp #1451
0.0,2234.0
43186.55118998141,2234.0
43186.55118998141,2429.0
43701.92659094465,2429.0
43701.92659094465,2555.0
44770.30475295615,2555.0
44770.30475295615,2429.0
47421.98795978912,2429.0
47421.98795978912,2555.0
74440.9216947388,2555.0
74440.9216947388,2429.0
86400.000002,2429.0
# temp #1452
0.0,2234.0
27126.94730870426,2234.0
27126.94730870426,2555.0
65822.36149976963,2555.0
65822.36149976963,2429.0
67497.4962546956,2429.0
67497.4962546956,2234.0
73371.39490137344,2234.0
73371.39490137344,2429.0
86400.0,2429.0
# temp #1453
0.0,2234.0
988.7940551619978,2234.0
988.7940551619978,2667.0
13710.619112709539,2667.0
13710.619112709539,2555.0
15011.922359699385,2555.0
15011.922359699385,2667.0
16054.857605067084,2667.0
16054.857605067084,2555.0
16354.857605067084,2555.0
16354.857605067084,2667.0
16654.857605067085,2667.0
16654.857605067085,2555.0
19954.85760506708,2555.0
19954.85760506708,2667.0
45454.85760506708,2667.0
45454.85760506708,2883.0
86400.000002,2883.0
# temp #1454
0.0,2234.0
35448.77219474875,2234.0
35448.77219474875,2017.0
48638.561322027825,2017.0
48638.561322027825,2234.0
86400.0,2234.0
# temp #1455
0.0,2234.0
8965.281147044152,2234.0
8965.281147044152,2017.0
28242.01007508673,2017.0
28242.01007508673,2234.0
60919.28190174513,2234.0
60919.28190174513,2017.0
86400.0,2017.0
# temp #1456
0.0,2234.0
7627.758612739855,2234.0
7627.758612739855,2667.0
37015.645557758406,2667.0
37015.645557758406,2555.0
38351.678513386294,2555.0
38351.678513386294,2667.0
73039.23286115752,2667.0
73039.23286115752,2555.0
73339.23286115752,2555.0
73339.23286115752,2667.0
73639.23286115752,2667.0
73639.23286115752,2555.0
76939.23286115752,2555.0
76939.23286115752,2667.0
86400.000002,2667.0
# temp #1457
0.0,2234.0
4012.9370213951925,2234.0
4012.9370213951925,2667.0
10571.848482009957,2667.0
10571.848482009957,2555.0
11663.004192081282,2555.0
11663.004192081282,2667.0
20375.195774598982,2667.0
20375.195774598982,2555.0
20675.195774598982,2555.0
20675.195774598982,2667.0
21472.565221250992,2667.0
21472.565221250992,2555.0
22072.565221250992,2555.0
22072.565221250992,2667.0
43517.4397696741,2667.0
43517.4397696741,2555.0
68082.0666844491,2555.0
68082.0666844491,2429.0
86400.0,2429.0
# temp #1458
0.0,2234.0
2873.577804956585,2234.0
2873.577804956585,2883.0
3530.9145781444386,2883.0
3530.9145781444386,2667.0
11809.704615944065,2667.0
11809.704615944065,2883.0
27089.198060450144,2883.0
27089.198060450144,2667.0
59662.95469868929,2667.0
59662.95469868929,2555.0
69444.8593042558,2555.0
69444.8593042558,2883.0
70793.99655195886,2883.0
70793.99655195886,2429.0
86400.0,2429.0
# temp #1459
0.0,2234.0
5053.679098142312,2234.0
5053.679098142312,2667.0
47160.65696517472,2667.0
47160.65696517472,2555.0
47665.858772979125,2555.0
47665.858772979125,2667.0
63354.003413370825,2667.0
63354.003413370825,2555.0
63654.003413370825,2555.0
63654.003413370825,2429.0
86400.000002,2429.0
# temp #1460
0.0,2234.0
6227.166202990339,2234.0
6227.166202990339,2555.0
8121.4676602743575,2555.0
8121.4676602743575,2429.0
32998.7319692038,2429.0
32998.7319692038,2234.0
33598.7319692038,2234.0
33598.7319692038,2429.0
51898.7319692038,2429.0
51898.7319692038,2555.0
53398.7319692038,2555.0
53398.7319692038,2429.0
71502.09582494572,2429.0
71502.09582494572,2234.0
79020.24242870977,2234.0
79020.24242870977,2429.0
86400.0,2429.0
# temp #1461
0.0,2234.0
58592.8921124898,2234.0
58592.8921124898,2555.0
86174.83101412655,2555.0
86174.83101412655,2429.0
86400.0,2429.0
# temp #1462
0.0,2234.0
69091.13891080489,2234.0
69091.13891080489,2555.0
86400.0,2555.0
# temp #1463
0.0,2234.0
4211.233007535339,2234.0
4211.233007535339,2667.0
14567.72095919587,2667.0
14567.72095919587,2555.0
15609.547947021205,2555.0
15609.547947021205,2667.0
44073.52356968914,2667.0
44073.52356968914,2555.0
44373.52356968914,2555.0
44373.52356968914,2667.0
44673.52356968914,2667.0
44673.52356968914,2555.0
47973.52356968914,2555.0
47973.52356968914,2667.0
73473.52356968913,2667.0
73473.52356968913,2883.0
86400.000002,2883.0
# temp #1464
0.0,2234.0
51511.54188676738,2234.0
51511.54188676738,2555.0
58818.72779410333,2555.0
58818.72779410333,2429.0
59416.899006231695,2429.0
59416.899006231695,2555.0
65034.96238694061,2555.0
65034.96238694061,2429.0
65779.07477051487,2429.0
65779.07477051487,2555.0
66702.84181705212,2555.0
66702.84181705212,2429.0
67002.84181705212,2429.0
67002.84181705212,2555.0
68502.84181705212,2555.0
68502.84181705212,2429.0
78702.84181705212,2429.0
78702.84181705212,2234.0
86400.0,2234.0
# temp #1465
0.0,2234.0
84007.2318171384,2234.0
84007.2318171384,2555.0
86400.000002,2555.0
# temp #1466
0.0,2234.0
41986.03501170874,2234.0
41986.03501170874,2555.0
42642.21810456365,2555.0
42642.21810456365,2667.0
51709.47982643266,2667.0
51709.47982643266,2555.0
81853.63128560131,2555.0
81853.63128560131,2429.0
84320.92604788487,2429.0
84320.92604788487,2883.0
86400.0,2883.0
# temp #1467
0.0,2234.0
83595.75363756159,2234.0
83595.75363756159,2555.0
86400.0,2555.0
# temp #1468
0.0,2234.0
74389.6014399128,2234.0
74389.6014399128,2555.0
86400.000002,2555.0
# temp #1469
0.0,2234.0
1147.521111764945,2234.0
1147.521111764945,2667.0
24622.19605359715,2667.0
24622.19605359715,2555.0
25156.091123423543,2555.0
25156.091123423543,2667.0
46327.80267570634,2667.0
46327.80267570634,2555.0
46927.80267570634,2555.0
46927.80267570634,2667.0
65358.3053601673,2667.0
65358.3053601673,2555.0
67195.30653858093,2555.0
67195.30653858093,2429.0
86400.0,2429.0
# temp #1470
0.0,2234.0
78842.84376462457,2234.0
78842.84376462457,2555.0
86400.0,2555.0
# temp #1471
0.0,2234.0
3290.6870172824715,2234.0
3290.6870172824715,2017.0
57128.60569716432,2017.0
57128.60569716432,2234.0
70037.84900265747,2234.0
70037.84900265747,2017.0
75410.47136192211,2017.0
75410.47136192211,2234.0
81018.99218684995,2234.0
81018.99218684995,2017.0
86400.0,2017.0
# temp #1472
0.0,2234.0
78272.95099636541,2234.0
78272.95099636541,2555.0
86400.0,2555.0
# temp #1473
0.0,2234.0
27670.90137591586,2234.0
27670.90137591586,2429.0
28040.875523490835,2429.0
28040.875523490835,2555.0
28685.60115094297,2555.0
28685.60115094297,2429.0
39540.61664161273,2429.0
39540.61664161273,2883.0
57314.05550879427,2883.0
57314.05550879427,2429.0
74842.99736854156,2429.0
74842.99736854156,2234.0
75419.99714383857,2234.0
75419.99714383857,2555.0
76646.1564098485,2555.0
76646.1564098485,2429.0
86400.0,2429.0
# temp #1474
0.0,2234.0
6115.593068953604,2234.0
6115.593068953604,2667.0
45488.65555641242,2667.0
45488.65555641242,2555.0
46273.479537991814,2555.0
46273.479537991814,2667.0
76095.81019885374,2667.0
76095.81019885374,2555.0
79095.81019885374,2555.0
79095.81019885374,2667.0
86400.0,2667.0
# temp #1475
0.0,2234.0
60313.7123601744,2234.0
60313.7123601744,2555.0
63437.97484554817,2555.0
63437.97484554817,2429.0
63970.790275465704,2429.0
63970.790275465704,2555.0
66321.88497777098,2555.0
66321.88497777098,2429.0
66885.32486152837,2429.0
66885.32486152837,2555.0
67436.40699251556,2555.0
67436.40699251556,2429.0
67736.40699251556,2429.0
67736.40699251556,2555.0
86400.000002,2555.0
# temp #1476
0.0,2234.0
18046.07560958248,2234.0
18046.07560958248,2883.0
29146.07560958248,2883.0
29146.07560958248,2555.0
39275.88629457169,2555.0
39275.88629457169,2429.0
40469.347839080736,2429.0
40469.347839080736,2234.0
64729.009209782824,2234.0
64729.009209782824,2429.0
83137.39529452288,2429.0
83137.39529452288,2555.0
86400.000002,2555.0
# temp #1477
0.0,2234.0
3142.989471252077,2234.0
3142.989471252077,2667.0
48292.189102317214,2667.0
48292.189102317214,2555.0
49536.82932516095,2555.0
49536.82932516095,2667.0
50375.89453984984,2667.0
50375.89453984984,2555.0
50675.89453984984,2555.0
50675.89453984984,2429.0
61718.907118379146,2429.0
61718.907118379146,2555.0
62195.8188566845,2555.0
62195.8188566845,2429.0
86400.0,2429.0
# temp #1478
0.0,2234.0
57893.22886979208,2234.0
57893.22886979208,2555.0
86400.000002,2555.0
# temp #1479
0.0,2234.0
8379.97997584753,2234.0
8379.97997584753,2555.0
16527.7471291367,2555.0
16527.7471291367,2429.0
25036.998272174977,2429.0
25036.998272174977,2234.0
33186.95314927027,2234.0
33186.95314927027,2429.0
33566.87413479668,2429.0
33566.87413479668,2234.0
37171.830522548415,2234.0
37171.830522548415,2429.0
74270.58210528923,2429.0
74270.58210528923,2555.0
76600.51881743131,2555.0
76600.51881743131,2667.0
86400.0,2667.0
# temp #1480
0.0,2234.0
28813.776543689895,2234.0
28813.776543689895,2429.0
29293.001044029374,2429.0
29293.001044029374,2234.0
30043.195224506784,2234.0
30043.195224506784,2429.0
33028.99256944657,2429.0
33028.99256944657,2234.0
47540.55747182575,2234.0
47540.55747182575,2429.0
48130.56242500898,2429.0
48130.56242500898,2555.0
48588.29150672537,2555.0
48588.29150672537,2429.0
48888.29150672537,2429.0
48888.29150672537,2555.0
49188.29150672537,2555.0
49188.29150672537,2429.0
49788.29150672537,2429.0
49788.29150672537,2555.0
54869.21071882826,2555.0
54869.21071882826,2429.0
59089.17472315953,2429.0
59089.17472315953,2234.0
60805.762849096216,2234.0
60805.762849096216,2667.0
62762.286055041484,2667.0
62762.286055041484,2555.0
86400.0,2555.0
# temp #1481
0.0,2234.0
6280.790641740897,2234.0
6280.790641740897,2883.0
7376.866843574681,2883.0
7376.866843574681,2667.0
9799.396725464612,2667.0
9799.396725464612,2883.0
25589.08437089995,2883.0
25589.08437089995,2667.0
54581.02586120368,2667.0
54581.02586120368,2883.0
85100.8985518478,2883.0
85100.8985518478,2429.0
86400.000002,2429.0
# temp #1482
0.0,2234.0
51870.61706646346,2234.0
51870.61706646346,2429.0
52170.61706646346,2429.0
52170.61706646346,2234.0
79768.16700606143,2234.0
79768.16700606143,2429.0
86400.0,2429.0
# temp #1483
0.0,2234.0
3481.58190145623,2234.0
3481.58190145623,2667.0
38071.069754334174,2667.0
38071.069754334174,2555.0
39538.332844013355,2555.0
39538.332844013355,2667.0
49389.78622583673,2667.0
49389.78622583673,2555.0
52389.78622583673,2555.0
52389.78622583673,2667.0
78489.78622583672,2667.0
78489.78622583672,2883.0
86400.0,2883.0
# temp #1484
0.0,2234.0
31308.423774875704,2234.0
31308.423774875704,2017.0
39693.4799883049,2017.0
39693.4799883049,2234.0
66590.14706737362,2234.0
66590.14706737362,2017.0
86400.0,2017.0
# temp #1485
0.0,2234.0
24629.63864123449,2234.0
24629.63864123449,2017.0
69793.31967146137,2017.0
69793.31967146137,2234.0
86400.0,2234.0
# temp #1486
0.0,2234.0
66537.37775890622,2234.0
66537.37775890622,2555.0
73003.60369803384,2555.0
73003.60369803384,2234.0
86400.0,2234.0
# temp #1487
0.0,2234.0
65531.215427792646,2234.0
65531.215427792646,2555.0
86400.0,2555.0
# temp #1488
0.0,2234.0
1934.7058078972623,2234.0
1934.7058078972623,2883.0
13034.705807897262,2883.0
13034.705807897262,2555.0
48161.79474717938,2555.0
48161.79474717938,2429.0
53439.10590189044,2429.0
53439.10590189044,2234.0
64784.82840175276,2234.0
64784.82840175276,2667.0
74751.95094554221,2667.0
74751.95094554221,2555.0
78461.98316984811,2555.0
78461.98316984811,2429.0
86400.000002,2429.0
# temp #1489
0.0,2234.0
81198.57688683552,2234.0
81198.57688683552,2555.0
86400.000002,2555.0
# temp #1490
0.0,2234.0
3986.420853738674,2234.0
3986.420853738674,2667.0
8387.179539492356,2667.0
8387.179539492356,2555.0
9721.071064984428,2555.0
9721.071064984428,2667.0
14622.399004851472,2667.0
14622.399004851472,2555.0
15222.399004851472,2555.0
15222.399004851472,2667.0
34068.75160757919,2667.0
34068.75160757919,2555.0
35991.264978912666,2555.0
35991.264978912666,2429.0
80077.8759310255,2429.0
80077.8759310255,2883.0
86400.0,2883.0
# temp #1491
0.0,2234.0
38454.55297564623,2234.0
38454.55297564623,2429.0
38821.253986889504,2429.0
38821.253986889504,2234.0
39608.586923335686,2234.0
39608.586923335686,2429.0
41826.69246692677,2429.0
41826.69246692677,2234.0
52139.20850779396,2234.0
52139.20850779396,2429.0
52755.70777484682,2429.0
52755.70777484682,2555.0
53315.671958844185,2555.0
53315.671958844185,2429.0
53615.671958844185,2429.0
53615.671958844185,2555.0
55115.671958844185,2555.0
55115.671958844185,2429.0
65315.671958844185,2429.0
65315.671958844185,2234.0
86400.0,2234.0
# temp #1492
0.0,2234.0
10333.518208516763,2234.0
10333.518208516763,2017.0
27743.79824940116,2017.0
27743.79824940116,2234.0
49424.242542777225,2234.0
49424.242542777225,2017.0
69504.78845941836,2017.0
69504.78845941836,2234.0
74057.02223391274,2234.0
74057.02223391274,2017.0
81504.9039068632,2017.0
81504.9039068632,2234.0
86400.000002,2234.0
# temp #1493
0.0,2234.0
18200.51347576082,2234.0
18200.51347576082,2017.0
32038.835147302605,2017.0
32038.835147302605,2234.0
48280.169331282385,2234.0
48280.169331282385,2017.0
64083.60342099332,2017.0
64083.60342099332,2234.0
73456.03105067277,2234.0
73456.03105067277,2017.0
86400.0,2017.0
# temp #1494
0.0,2234.0
7311.665922822433,2234.0
7311.665922822433,2667.0
24796.346680889845,2667.0
24796.346680889845,2555.0
25636.98404410389,2555.0
25636.98404410389,2667.0
42631.52383330745,2667.0
42631.52383330745,2555.0
42931.52383330745,2555.0
42931.52383330745,2429.0
56322.95079231264,2429.0
56322.95079231264,2555.0
59715.054250834524,2555.0
59715.054250834524,2429.0
70984.00518677665,2429.0
70984.00518677665,2555.0
86400.0,2555.0
# temp #1495
0.0,2234.0
5105.641701025889,2234.0
5105.641701025889,2667.0
5732.9410925740385,2667.0
5732.9410925740385,2555.0
6917.6400314318025,2555.0
6917.6400314318025,2667.0
28173.248653183695,2667.0
28173.248653183695,2555.0
31173.248653183695,2555.0
31173.248653183695,2667.0
57273.24865318369,2667.0
57273.24865318369,2883.0
86400.0,2883.0
# temp #1496
0.0,2234.0
28430.33589329571,2234.0
28430.33589329571,2017.0
59340.34855077044,2017.0
59340.34855077044,2234.0
77210.88590919973,2234.0
77210.88590919973,2017.0
86400.0,2017.0
# temp #1497
0.0,2234.0
15561.112237907948,2234.0
15561.112237907948,2429.0
16161.112237907948,2429.0
16161.112237907948,2555.0
20007.201735489074,2555.0
20007.201735489074,2429.0
38500.637682946406,2429.0
38500.637682946406,2555.0
54733.028285787455,2555.0
54733.028285787455,2429.0
71068.83173743264,2429.0
71068.83173743264,2555.0
86400.000002,2555.0
# temp #1498
0.0,2234.0
67804.22198062297,2234.0
67804.22198062297,2883.0
70204.22198062297,2883.0
70204.22198062297,2667.0
86400.000002,2667.0
# temp #1499
0.0,2234.0
6445.915969857016,2234.0
6445.915969857016,2667.0
14864.036369277164,2667.0
14864.036369277164,2555.0
15308.425574144349,2555.0
15308.425574144349,2667.0
25725.602140836418,2667.0
25725.602140836418,2555.0
26025.602140836418,2555.0
26025.602140836418,2667.0
26773.20472849533,2667.0
26773.20472849533,2555.0
27373.20472849533,2555.0
27373.20472849533,2667.0
51098.33591091447,2667.0
51098.33591091447,2555.0
82325.98515353167,2555.0
82325.98515353167,2429.0
86400.000002,2429.0
# temp #1500
0.0,2234.0
25102.796091651548,2234.0
25102.796091651548,2429.0
25484.317484940406,2429.0
25484.317484940406,2234.0
26187.084622168917,2234.0
26187.084622168917,2429.0
26857.696492457766,2429.0
26857.696492457766,2234.0
44903.818952618174,2234.0
44903.818952618174,2429.0
45336.522303102545,2429.0
45336.522303102545,2555.0
46172.130016470335,2555.0
46172.130016470335,2429.0
46472.130016470335,2429.0
46472.130016470335,2555.0
47972.130016470335,2555.0
47972.130016470335,2429.0
58172.130016470335,2429.0
58172.130016470335,2234.0
86400.000002,2234.0
# temp #1501
0.0,2234.0
83177.98005149236,2234.0
83177.98005149236,2555.0
86400.000002,2555.0
# temp #1502
0.0,2234.0
20654.53699717764,2234.0
20654.53699717764,2429.0
27554.53699717764,2429.0
27554.53699717764,2555.0
29354.53699717764,2555.0
29354.53699717764,2429.0
42254.53699717764,2429.0
42254.53699717764,2234.0
42554.53699717764,2234.0
42554.53699717764,2017.0
42854.53699717764,2017.0
42854.53699717764,2234.0
43154.53699717764,2234.0
43154.53699717764,2017.0
44404.54704284202,2017.0
44404.54704284202,2234.0
58818.65923460574,2234.0
58818.65923460574,2429.0
77991.89287098126,2429.0
77991.89287098126,2555.0
79903.24197064621,2555.0
79903.24197064621,2429.0
86400.0,2429.0
# temp #1503
0.0,2234.0
79751.05484621601,2234.0
79751.05484621601,2883.0
82151.05484621601,2883.0
82151.05484621601,2667.0
86400.0,2667.0
# temp #1504
0.0,2234.0
21424.351594992917,2234.0
21424.351594992917,2429.0
22016.18095301092,2429.0
22016.18095301092,2555.0
22734.946536272768,2555.0
22734.946536272768,2429.0
66986.28491330893,2429.0
66986.28491330893,2883.0
86400.000002,2883.0
# temp #1505
0.0,2234.0
2037.8039186121898,2234.0
2037.8039186121898,2667.0
11943.59724498354,2667.0
11943.59724498354,2555.0
13291.172930086033,2555.0
13291.172930086033,2667.0
47910.86000727956,2667.0
47910.86000727956,2555.0
48210.86000727956,2555.0
48210.86000727956,2667.0
48510.86000727956,2667.0
48510.86000727956,2555.0
51810.86000727956,2555.0
51810.86000727956,2667.0
77310.86000727955,2667.0
77310.86000727955,2883.0
86400.0,2883.0
# temp #1506
0.0,2234.0
24925.137876835655,2234.0
24925.137876835655,2555.0
35216.86317028944,2555.0
35216.86317028944,2429.0
35559.71869546921,2429.0
35559.71869546921,2555.0
56030.60964772013,2555.0
56030.60964772013,2429.0
56662.26369584911,2429.0
56662.26369584911,2234.0
64408.73467088678,2234.0
64408.73467088678,2667.0
67413.26344027185,2667.0
67413.26344027185,2555.0
73494.5573300589,2555.0
73494.5573300589,2667.0
85629.51465155931,2667.0
85629.51465155931,2555.0
86400.0,2555.0
# temp #1507
0.0,2234.0
17574.312653462406,2234.0
17574.312653462406,2883.0
28674.312653462406,2883.0
28674.312653462406,2555.0
45262.123446422636,2555.0
45262.123446422636,2667.0
59912.099165562555,2667.0
59912.099165562555,2555.0
86400.000002,2555.0
# temp #1508
0.0,2234.0
66614.9270511931,2234.0
66614.9270511931,2555.0
73045.38527482656,2555.0
73045.38527482656,2429.0
86400.000002,2429.0
# temp #1509
0.0,2234.0
21666.76906049252,2234.0
21666.76906049252,2017.0
52290.22044329905,2017.0
52290.22044329905,2234.0
86400.0,2234.0
# temp #1510
0.0,2234.0
14973.379254620524,2234.0
14973.379254620524,2017.0
43283.690052106984,2017.0
43283.690052106984,2234.0
58231.45874692128,2234.0
58231.45874692128,2017.0
79634.30179380813,2017.0
79634.30179380813,2234.0
86400.000002,2234.0
# temp #1511
0.0,2234.0
10739.679070143031,2234.0
10739.679070143031,2429.0
42839.67907014303,2429.0
42839.67907014303,2555.0
43139.67907014303,2555.0
43139.67907014303,2667.0
63227.31420476921,2667.0
63227.31420476921,2555.0
76020.94958494417,2555.0
76020.94958494417,2667.0
80060.77959607355,2667.0
80060.77959607355,2883.0
82078.3316072775,2883.0
82078.3316072775,2429.0
86400.0,2429.0
# temp #1512
0.0,2234.0
1089.2681545112282,2234.0
1089.2681545112282,2429.0
1389.2681545112282,2429.0
1389.2681545112282,2234.0
35003.60402015504,2234.0
35003.60402015504,2429.0
40976.763840741485,2429.0
40976.763840741485,2883.0
57653.32256702242,2883.0
57653.32256702242,2667.0
62734.96690161993,2667.0
62734.96690161993,2555.0
83101.18951548358,2555.0
83101.18951548358,2667.0
86400.000002,2667.0
# temp #1513
0.0,2234.0
33883.24353592471,2234.0
33883.24353592471,2429.0
34270.70124861785,2429.0
34270.70124861785,2555.0
39267.45493453928,2555.0
39267.45493453928,2429.0
72432.46707050131,2429.0
72432.46707050131,2555.0
85502.33700752725,2555.0
85502.33700752725,2429.0
86400.0,2429.0
# temp #1514
0.0,2234.0
38054.824073519565,2234.0
38054.824073519565,2017.0
75674.04141803274,2017.0
75674.04141803274,2234.0
86400.0,2234.0
# temp #1515
0.0,2234.0
2813.6878759134565,2234.0
2813.6878759134565,2667.0
26581.776676350277,2667.0
26581.776676350277,2555.0
28046.017351769846,2555.0
28046.017351769846,2667.0
52027.45002962184,2667.0
52027.45002962184,2555.0
52327.45002962184,2555.0
52327.45002962184,2429.0
86400.0,2429.0
# temp #1516
0.0,2234.0
10501.518406695688,2234.0
10501.518406695688,2429.0
10813.421238795856,2429.0
10813.421238795856,2555.0
12463.611710281113,2555.0
12463.611710281113,2429.0
30532.434295210995,2429.0
30532.434295210995,2555.0
38616.0238550976,2555.0
38616.0238550976,2667.0
66262.94949778823,2667.0
66262.94949778823,2555.0
86400.000002,2555.0
# temp #1517
0.0,2234.0
9316.40796130523,2234.0
9316.40796130523,2017.0
34962.28849324398,2017.0
34962.28849324398,2234.0
46468.09785836377,2234.0
46468.09785836377,2017.0
86400.0,2017.0
# temp #1518
0.0,2234.0
44153.63992704079,2234.0
44153.63992704079,2555.0
74047.73611659186,2555.0
74047.73611659186,2429.0
86400.0,2429.0
# temp #1519
0.0,2234.0
34381.00220561028,2234.0
34381.00220561028,2017.0
80068.09305902572,2017.0
80068.09305902572,2234.0
86400.0,2234.0
# temp #1520
0.0,2234.0
2344.6006646845494,2234.0
2344.6006646845494,2667.0
20584.193074819636,2667.0
20584.193074819636,2555.0
21738.6776332045,2555.0
21738.6776332045,2667.0
56548.53816137185,2667.0
56548.53816137185,2555.0
57148.53816137185,2555.0
57148.53816137185,2667.0
72712.384200166,2667.0
72712.384200166,2555.0
75451.83502777947,2555.0
75451.83502777947,2429.0
86400.000002,2429.0
# temp #1521
0.0,2234.0
15516.520693595523,2234.0
15516.520693595523,2429.0
22416.52069359552,2429.0
22416.52069359552,2555.0
24216.52069359552,2555.0
24216.52069359552,2429.0
37116.52069359552,2429.0
37116.52069359552,2234.0
37416.52069359552,2234.0
37416.52069359552,2017.0
37716.52069359552,2017.0
37716.52069359552,2234.0
38016.52069359552,2234.0
38016.52069359552,2017.0
43375.59113565367,2017.0
43375.59113565367,2234.0
59949.669740907855,2234.0
59949.669740907855,2429.0
83215.40129513016,2429.0
83215.40129513016,2555.0
86400.000002,2555.0
# temp #1522
0.0,2234.0
39406.20107918513,2234.0
39406.20107918513,2429.0
46306.20107918513,2429.0
46306.20107918513,2555.0
48106.20107918513,2555.0
48106.20107918513,2429.0
61006.20107918513,2429.0
61006.20107918513,2234.0
61306.20107918513,2234.0
61306.20107918513,2017.0
61606.20107918513,2017.0
61606.20107918513,2234.0
61906.20107918513,2234.0
61906.20107918513,2017.0
77477.52247899772,2017.0
77477.52247899772,2234.0
86400.0,2234.0
# temp #1523
0.0,2234.0
40714.186710957445,2234.0
40714.186710957445,2555.0
41180.76366637834,2555.0
41180.76366637834,2667.0
51080.76366637834,2667.0
51080.76366637834,2555.0
51475.78977649101,2555.0
51475.78977649101,2429.0
86400.000002,2429.0
# temp #1524
0.0,2234.0
15735.095964185895,2234.0
15735.095964185895,2429.0
16335.095964185895,2429.0
16335.095964185895,2555.0
18676.248751021925,2555.0
18676.248751021925,2429.0
45960.33148700372,2429.0
45960.33148700372,2883.0
48343.67358293385,2883.0
48343.67358293385,2667.0
60003.251597634524,2667.0
60003.251597634524,2555.0
67035.20352314228,2555.0
67035.20352314228,2429.0
80433.58208038846,2429.0
80433.58208038846,2883.0
86400.0,2883.0
# temp #1525
0.0,2234.0
45647.57024059073,2234.0
45647.57024059073,2429.0
46038.56841805392,2429.0
46038.56841805392,2555.0
49303.86745068245,2555.0
49303.86745068245,2429.0
81038.91496891157,2429.0
81038.91496891157,2555.0
86400.000002,2555.0
# temp #1526
0.0,2234.0
52485.50084712916,2234.0
52485.50084712916,2883.0
54885.50084712916,2883.0
54885.50084712916,2667.0
83209.18331430295,2667.0
83209.18331430295,2555.0
86400.000002,2555.0
# temp #1527
0.0,2234.0
1549.3158470140772,2234.0
1549.3158470140772,2667.0
37835.11782463175,2667.0
37835.11782463175,2555.0
38843.68231182453,2555.0
38843.68231182453,2667.0
48234.45286187344,2667.0
48234.45286187344,2555.0
51234.45286187344,2555.0
51234.45286187344,2667.0
77334.45286187343,2667.0
77334.45286187343,2883.0
86400.000002,2883.0
# temp #1528
0.0,2234.0
22020.051229605455,2234.0
22020.051229605455,2017.0
34936.3971581217,2017.0
34936.3971581217,2234.0
58020.295528555296,2234.0
58020.295528555296,2017.0
86400.0,2017.0
# temp #1529
0.0,2234.0
69455.58261412662,2234.0
69455.58261412662,2555.0
84529.2307810625,2555.0
84529.2307810625,2234.0
86400.000002,2234.0
# temp #1530
0.0,2234.0
28377.48931520619,2234.0
28377.48931520619,2555.0
29807.11578014307,2555.0
29807.11578014307,2667.0
36107.11578014307,2667.0
36107.11578014307,2555.0
37307.11578014307,2555.0
37307.11578014307,2429.0
80507.11578014307,2429.0
80507.11578014307,2234.0
86400.0,2234.0
# temp #1531
0.0,2234.0
36434.48038429488,2234.0
36434.48038429488,2429.0
36907.72426498589,2429.0
36907.72426498589,2555.0
38416.015551961034,2555.0
38416.015551961034,2429.0
52122.7082716534,2429.0
52122.7082716534,2234.0
68817.18763432001,2234.0
68817.18763432001,2667.0
75588.16203621683,2667.0
75588.16203621683,2555.0
86400.0,2555.0
# temp #1532
0.0,2234.0
49731.167047773495,2234.0
49731.167047773495,2555.0
82370.19776387607,2555.0
82370.19776387607,2429.0
86400.000002,2429.0
# temp #1533
0.0,2234.0
14013.333152001725,2234.0
14013.333152001725,2883.0
14733.695646654816,2883.0
14733.695646654816,2667.0
25139.290393190462,2667.0
25139.290393190462,2883.0
26805.205201939683,2883.0
26805.205201939683,2429.0
29562.23082330544,2429.0
29562.23082330544,2234.0
40614.85485846643,2234.0
40614.85485846643,2667.0
53773.78950936255,2667.0
53773.78950936255,2555.0
86400.000002,2555.0
# temp #1534
0.0,2234.0
13391.80629544426,2234.0
13391.80629544426,2555.0
23407.453353772875,2555.0
23407.453353772875,2429.0
70426.23814798427,2429.0
70426.23814798427,2234.0
71026.23814798427,2234.0
71026.23814798427,2429.0
73426.23814798427,2429.0
73426.23814798427,2555.0
83626.23814798427,2555.0
83626.23814798427,2667.0
86400.0,2667.0
# temp #1535
0.0,2234.0
26953.136286162775,2234.0
26953.136286162775,2429.0
33853.13628616277,2429.0
33853.13628616277,2555.0
35653.13628616277,2555.0
35653.13628616277,2429.0
48553.13628616277,2429.0
48553.13628616277,2234.0
48853.13628616277,2234.0
48853.13628616277,2017.0
49153.13628616277,2017.0
49153.13628616277,2234.0
49453.13628616277,2234.0
49453.13628616277,2017.0
61525.84378591274,2017.0
61525.84378591274,2234.0
76646.83103954885,2234.0
76646.83103954885,2667.0
86400.0,2667.0
# temp #1536
0.0,2234.0
36038.03878915496,2234.0
36038.03878915496,2883.0
38438.03878915496,2883.0
38438.03878915496,2667.0
55682.8889406519,2667.0
55682.8889406519,2555.0
86400.0,2555.0
# temp #1537
0.0,2234.0
48921.45293829963,2234.0
48921.45293829963,2555.0
80463.71199111456,2555.0
80463.71199111456,2429.0
86400.000002,2429.0
# temp #1538
0.0,2234.0
8415.870339050889,2234.0
8415.870339050889,2017.0
29963.62180039287,2017.0
29963.62180039287,2234.0
52805.9762637131,2234.0
52805.9762637131,2017.0
75925.71339192802,2017.0
75925.71339192802,2234.0
86400.0,2234.0
# temp #1539
0.0,2234.0
47719.31394673885,2234.0
47719.31394673885,2555.0
82543.28239909375,2555.0
82543.28239909375,2429.0
83014.63283090854,2429.0
83014.63283090854,2555.0
86400.0,2555.0
# temp #1540
0.0,2234.0
63292.42169293576,2234.0
63292.42169293576,2555.0
81587.99971165137,2555.0
81587.99971165137,2429.0
86400.000002,2429.0
# temp #1541
0.0,2234.0
19926.379911415283,2234.0
19926.379911415283,2017.0
45337.99039805309,2017.0
45337.99039805309,2234.0
82876.04678627105,2234.0
82876.04678627105,2017.0
86400.000002,2017.0
# temp #1542
0.0,2234.0
2187.2944324510177,2234.0
2187.2944324510177,2667.0
11892.223997320982,2667.0
11892.223997320982,2555.0
12770.879670046272,2555.0
12770.879670046272,2667.0
20985.703580849808,2667.0
20985.703580849808,2555.0
21285.703580849808,2555.0
21285.703580849808,2667.0
22111.947235325355,2667.0
22111.947235325355,2555.0
22711.947235325355,2555.0
22711.947235325355,2667.0
59101.6964007402,2667.0
59101.6964007402,2555.0
66111.72514522915,2555.0
66111.72514522915,2667.0
86400.0,2667.0
# temp #1543
0.0,2234.0
66232.08894452547,2234.0
66232.08894452547,2555.0
86400.000002,2555.0
# temp #1544
0.0,2234.0
28689.800980361182,2234.0
28689.800980361182,2429.0
60789.80098036118,2429.0
60789.80098036118,2555.0
61089.80098036118,2555.0
61089.80098036118,2667.0
70764.53586858697,2667.0
70764.53586858697,2234.0
86400.0,2234.0
# temp #1545
0.0,2234.0
6510.481351730415,2234.0
6510.481351730415,2429.0
7070.796914119274,2429.0
7070.796914119274,2555.0
9358.15362269059,2555.0
9358.15362269059,2429.0
36179.09016008489,2429.0
36179.09016008489,2555.0
54495.41042000056,2555.0
54495.41042000056,2429.0
78509.70406027047,2429.0
78509.70406027047,2555.0
86400.000002,2555.0
# temp #1546
0.0,2234.0
17375.447417912077,2234.0
17375.447417912077,2555.0
18819.628735841256,2555.0
18819.628735841256,2667.0
25119.628735841256,2667.0
25119.628735841256,2555.0
26319.628735841256,2555.0
26319.628735841256,2429.0
69519.62873584125,2429.0
69519.62873584125,2234.0
86400.0,2234.0
# temp #1547
0.0,2234.0
43718.98272112013,2234.0
43718.98272112013,2555.0
52529.34594182298,2555.0
52529.34594182298,2429.0
86400.0,2429.0
# temp #1548
0.0,2234.0
30401.064656605016,2234.0
30401.064656605016,2429.0
30725.59670484625,2429.0
30725.59670484625,2234.0
31494.26371813752,2234.0
31494.26371813752,2429.0
33835.25613415987,2429.0
33835.25613415987,2234.0
56235.39148403798,2234.0
56235.39148403798,2429.0
56563.29207115342,2429.0
56563.29207115342,2555.0
57638.31222339068,2555.0
57638.31222339068,2429.0
57938.31222339068,2429.0
57938.31222339068,2555.0
58238.31222339068,2555.0
58238.31222339068,2429.0
58838.31222339068,2429.0
58838.31222339068,2555.0
61048.110379488215,2555.0
61048.110379488215,2429.0
83356.15226081574,2429.0
83356.15226081574,2555.0
86400.000002,2555.0
# temp #1549
0.0,2234.0
36229.739127354704,2234.0
36229.739127354704,2429.0
36648.89029290062,2429.0
36648.89029290062,2555.0
37632.668863493025,2555.0
37632.668863493025,2429.0
64878.39657438455,2429.0
64878.39657438455,2234.0
80188.8814646518,2234.0
80188.8814646518,2667.0
86400.000002,2667.0
# temp #1550
0.0,2234.0
21618.914891174067,2234.0
21618.914891174067,2017.0
64213.09295771645,2017.0
64213.09295771645,2234.0
86400.0,2234.0
# temp #1551
0.0,2234.0
32502.50588720665,2234.0
32502.50588720665,2555.0
34507.76254017838,2555.0
34507.76254017838,2667.0
34902.48585368973,2667.0
34902.48585368973,2555.0
35202.48585368973,2555.0
35202.48585368973,2667.0
61902.48585368973,2667.0
61902.48585368973,2555.0
77802.48585368972,2555.0
77802.48585368972,2234.0
81402.48585368972,2234.0
81402.48585368972,2429.0
86400.0,2429.0
# temp #1552
0.0,2234.0
51892.96052183491,2234.0
51892.96052183491,2555.0
54326.54640495312,2555.0
54326.54640495312,2667.0
54863.60531346873,2667.0
54863.60531346873,2555.0
55163.60531346873,2555.0
55163.60531346873,2667.0
81863.60531346872,2667.0
81863.60531346872,2555.0
86400.0,2555.0
# temp #1553
0.0,2234.0
22449.306682613682,2234.0
22449.306682613682,2429.0
22946.061265189204,2429.0
22946.061265189204,2234.0
23579.630332533274,2234.0
23579.630332533274,2429.0
25560.93878494576,2429.0
25560.93878494576,2234.0
30018.89051722829,2234.0
30018.89051722829,2429.0
31504.05919582118,2429.0
31504.05919582118,2555.0
32834.36114082579,2555.0
32834.36114082579,2429.0
33134.36114082579,2429.0
33134.36114082579,2555.0
34634.36114082579,2555.0
34634.36114082579,2429.0
44834.36114082579,2429.0
44834.36114082579,2234.0
86400.000002,2234.0
# temp #1554
0.0,2234.0
58708.44857369085,2234.0
58708.44857369085,2555.0
62860.29196728487,2555.0
62860.29196728487,2667.0
63406.8050854141,2667.0
63406.8050854141,2555.0
69406.8050854141,2555.0
69406.8050854141,2429.0
71806.8050854141,2429.0
71806.8050854141,2234.0
75406.8050854141,2234.0
75406.8050854141,2429.0
76606.8050854141,2429.0
76606.8050854141,2234.0
82306.8050854141,2234.0
82306.8050854141,2429.0
86400.0,2429.0
# temp #1555
0.0,2234.0
6296.231940924191,2234.0
6296.231940924191,2667.0
17922.161012026485,2667.0
17922.161012026485,2555.0
18728.820517449643,2555.0
18728.820517449643,2429.0
55628.54742400815,2429.0
55628.54742400815,2555.0
57585.71454905906,2555.0
57585.71454905906,2429.0
71168.15224285239,2429.0
71168.15224285239,2555.0
85399.61984851399,2555.0
85399.61984851399,2667.0
86400.000002,2667.0
# temp #1556
0.0,2234.0
37063.8162465999,2234.0
37063.8162465999,2555.0
59824.96591515375,2555.0
59824.96591515375,2429.0
86400.0,2429.0
# temp #1557
0.0,2234.0
8514.327789307574,2234.0
8514.327789307574,2667.0
9421.977125667037,2667.0
9421.977125667037,2555.0
10519.148871582003,2555.0
10519.148871582003,2667.0
23599.832092132423,2667.0
23599.832092132423,2555.0
23899.832092132423,2555.0
23899.832092132423,2667.0
24560.767030273568,2667.0
24560.767030273568,2555.0
25160.767030273568,2555.0
25160.767030273568,2667.0
30771.37953252532,2667.0
30771.37953252532,2555.0
37447.4659875501,2555.0
37447.4659875501,2429.0
39608.03843303584,2429.0
39608.03843303584,2555.0
60036.66431936437,2555.0
60036.66431936437,2667.0
86006.02333936842,2667.0
86006.02333936842,2555.0
86400.000002,2555.0
# temp #1558
0.0,2234.0
13170.524895214478,2234.0
13170.524895214478,2429.0
13571.975558996202,2429.0
13571.975558996202,2234.0
14293.213695427405,2234.0
14293.213695427405,2429.0
19547.970220539723,2429.0
19547.970220539723,2234.0
22415.485371602703,2234.0
22415.485371602703,2429.0
23657.327644201,2429.0
23657.327644201,2555.0
24945.12290465646,2555.0
24945.12290465646,2429.0
25245.12290465646,2429.0
25245.12290465646,2555.0
25545.12290465646,2555.0
25545.12290465646,2429.0
26145.12290465646,2429.0
26145.12290465646,2555.0
28964.87514409237,2555.0
28964.87514409237,2429.0
49126.87689042651,2429.0
49126.87689042651,2883.0
70464.78809094989,2883.0
70464.78809094989,2429.0
86400.0,2429.0
# temp #1559
0.0,2234.0
8765.14694974758,2234.0
8765.14694974758,2555.0
29244.071665126838,2555.0
29244.071665126838,2429.0
34239.18215380982,2429.0
34239.18215380982,2234.0
34839.18215380982,2234.0
34839.18215380982,2429.0
37239.18215380982,2429.0
37239.18215380982,2555.0
47439.18215380982,2555.0
47439.18215380982,2667.0
54214.74927733653,2667.0
54214.74927733653,2555.0
69987.12647412905,2555.0
69987.12647412905,2429.0
75266.01567550098,2429.0
75266.01567550098,2234.0
86400.000002,2234.0
# temp #1560
0.0,2234.0
75095.9714740282,2234.0
75095.9714740282,2555.0
76750.6886017509,2555.0
76750.6886017509,2667.0
83050.6886017509,2667.0
83050.6886017509,2555.0
84250.6886017509,2555.0
84250.6886017509,2429.0
86400.0,2429.0
# temp #1561
0.0,2234.0
77903.37968159003,2234.0
77903.37968159003,2555.0
86400.000002,2555.0
# temp #1562
0.0,2234.0
76182.80421914534,2234.0
76182.80421914534,2555.0
86400.000002,2555.0
# temp #1563
0.0,2234.0
28167.48546464369,2234.0
28167.48546464369,2017.0
62166.34312178941,2017.0
62166.34312178941,2234.0
80237.83108759673,2234.0
80237.83108759673,2017.0
86400.000002,2017.0
# temp #1564
0.0,2234.0
3025.71064461954,2234.0
3025.71064461954,2555.0
36323.85252686218,2555.0
36323.85252686218,2429.0
36813.8483472867,2429.0
36813.8483472867,2555.0
51715.00049794559,2555.0
51715.00049794559,2429.0
52419.79665972759,2429.0
52419.79665972759,2555.0
53565.72251433973,2555.0
53565.72251433973,2429.0
53865.72251433973,2429.0
53865.72251433973,2555.0
55365.72251433973,2555.0
55365.72251433973,2429.0
65565.72251433974,2429.0
65565.72251433974,2234.0
86400.000002,2234.0
# temp #1565
0.0,2234.0
24514.453896274794,2234.0
24514.453896274794,2429.0
25029.328267998066,2429.0
25029.328267998066,2234.0
25707.59904147126,2234.0
25707.59904147126,2429.0
26029.15933239274,2429.0
26029.15933239274,2234.0
30220.281307236295,2234.0
30220.281307236295,2429.0
30758.960320637565,2429.0
30758.960320637565,2555.0
31736.20287564118,2555.0
31736.20287564118,2429.0
86400.000002,2429.0
# temp #1566
0.0,2234.0
48179.66747037136,2234.0
48179.66747037136,2555.0
80686.56728700736,2555.0
80686.56728700736,2429.0
86400.0,2429.0
# temp #1567
0.0,2234.0
1461.095636780374,2234.0
1461.095636780374,2667.0
14260.49253337551,2667.0
14260.49253337551,2555.0
15210.704895970413,2555.0
15210.704895970413,2429.0
20161.340501555245,2429.0
20161.340501555245,2883.0
39686.092500505045,2883.0
39686.092500505045,2429.0
53818.560521677144,2429.0
53818.560521677144,2555.0
56501.568312523894,2555.0
56501.568312523894,2429.0
57567.36016476062,2429.0
57567.36016476062,2555.0
63604.18163747528,2555.0
63604.18163747528,2429.0
83869.4746846799,2429.0
83869.4746846799,2883.0
86400.000002,2883.0
# temp #1568
0.0,2234.0
43342.44940099307,2234.0
43342.44940099307,2429.0
43886.619455460466,2429.0
43886.619455460466,2555.0
47628.951317165054,2555.0
47628.951317165054,2429.0
53532.492617354736,2429.0
53532.492617354736,2555.0
59769.533280702315,2555.0
59769.533280702315,2429.0
73261.95739356337,2429.0
73261.95739356337,2555.0
86400.000002,2555.0
# temp #1569
0.0,2234.0
12518.825449794533,2234.0
12518.825449794533,2555.0
23677.472272189338,2555.0
23677.472272189338,2429.0
31145.909183146436,2429.0
31145.909183146436,2234.0
38759.85344164074,2234.0
38759.85344164074,2429.0
56591.97640393396,2429.0
56591.97640393396,2234.0
67667.4807066098,2234.0
67667.4807066098,2429.0
72193.28064238654,2429.0
72193.28064238654,2883.0
86400.0,2883.0
# temp #1570
0.0,2234.0
899.8156414367259,2234.0
899.8156414367259,2667.0
17929.87570620608,2667.0
17929.87570620608,2555.0
18485.756332031455,2555.0
18485.756332031455,2667.0
19289.444349543195,2667.0
19289.444349543195,2555.0
19589.444349543195,2555.0
19589.444349543195,2667.0
19889.444349543195,2667.0
19889.444349543195,2555.0
23189.444349543195,2555.0
23189.444349543195,2667.0
48689.44434954319,2667.0
48689.44434954319,2883.0
86400.000002,2883.0
# temp #1571
0.0,2234.0
82274.4298839709,2234.0
82274.4298839709,2555.0
86400.0,2555.0
# temp #1572
0.0,2234.0
55681.758337374784,2234.0
55681.758337374784,2555.0
56048.96257384681,2555.0
56048.96257384681,2667.0
65948.9625738468,2667.0
65948.9625738468,2555.0
68669.14897500539,2555.0
68669.14897500539,2429.0
86400.000002,2429.0
# temp #1573
0.0,2234.0
55972.10957393982,2234.0
55972.10957393982,2555.0
86400.0,2555.0
# temp #1574
0.0,2234.0
14518.87534973212,2234.0
14518.87534973212,2883.0
25618.87534973212,2883.0
25618.87534973212,2555.0
37589.9806550704,2555.0
37589.9806550704,2429.0
67988.90051613563,2429.0
67988.90051613563,2555.0
79443.76649984626,2555.0
79443.76649984626,2883.0
81076.0594597785,2883.0
81076.0594597785,2667.0
86400.000002,2667.0
# temp #1575
0.0,2234.0
5584.6549324924135,2234.0
5584.6549324924135,2555.0
16096.732848160904,2555.0
16096.732848160904,2429.0
16429.654002771716,2429.0
16429.654002771716,2555.0
40006.443933374256,2555.0
40006.443933374256,2429.0
40827.714517596185,2429.0
40827.714517596185,2555.0
41659.52410788742,2555.0
41659.52410788742,2429.0
41959.52410788742,2429.0
41959.52410788742,2555.0
62359.52410788742,2555.0
62359.52410788742,2429.0
62659.52410788742,2429.0
62659.52410788742,2555.0
63259.52410788742,2555.0
63259.52410788742,2667.0
86400.0,2667.0
# temp #1576
0.0,2234.0
2977.8568844776605,2234.0
2977.8568844776605,2555.0
5716.310959425756,2555.0
5716.310959425756,2667.0
12016.310959425755,2667.0
12016.310959425755,2555.0
13216.310959425755,2555.0
13216.310959425755,2429.0
56416.310959425755,2429.0
56416.310959425755,2234.0
63703.0085579725,2234.0
63703.0085579725,2667.0
83390.23651331663,2667.0
83390.23651331663,2555.0
86400.0,2555.0
# temp #1577
0.0,2234.0
82834.60246066099,2234.0
82834.60246066099,2555.0
86400.0,2555.0
# temp #1578
0.0,2234.0
2021.070205466822,2234.0
2021.070205466822,2555.0
27170.65750951879,2555.0
27170.65750951879,2429.0
71618.1375689339,2429.0
71618.1375689339,2234.0
72218.1375689339,2234.0
72218.1375689339,2429.0
86400.000002,2429.0
# temp #1579
0.0,2234.0
27683.76676545013,2234.0
27683.76676545013,2555.0
62811.80787517225,2555.0
62811.80787517225,2429.0
63295.1595160179,2429.0
63295.1595160179,2555.0
69634.8099152092,2555.0
69634.8099152092,2429.0
71128.79625842908,2429.0
71128.79625842908,2555.0
72487.71215057933,2555.0
72487.71215057933,2429.0
72787.71215057933,2429.0
72787.71215057933,2555.0
74287.71215057933,2555.0
74287.71215057933,2429.0
84487.71215057933,2429.0
84487.71215057933,2234.0
86400.000002,2234.0
# temp #1580
0.0,2234.0
27424.596809875224,2234.0
27424.596809875224,2429.0
27855.32632588875,2429.0
27855.32632588875,2555.0
32911.999853770256,2555.0
32911.999853770256,2429.0
43178.13340339345,2429.0
43178.13340339345,2555.0
56344.11143555772,2555.0
56344.11143555772,2667.0
65804.14530469572,2667.0
65804.14530469572,2555.0
74953.06137276349,2555.0
74953.06137276349,2429.0
86400.0,2429.0
# temp #1581
0.0,2234.0
10500.305808288978,2234.0
10500.305808288978,2017.0
17855.718988319863,2017.0
17855.718988319863,2234.0
64661.82755869814,2234.0
64661.82755869814,2017.0
81851.83749790305,2017.0
81851.83749790305,2234.0
86400.000002,2234.0
# temp #1582
0.0,2234.0
29759.221692010764,2234.0
29759.221692010764,2429.0
30190.965054044504,2429.0
30190.965054044504,2555.0
33426.16927125492,2555.0
33426.16927125492,2429.0
39819.755553687,2429.0
39819.755553687,2555.0
53225.46024271288,2555.0
53225.46024271288,2667.0
79035.18933537418,2667.0
79035.18933537418,2234.0
86400.0,2234.0
# temp #1583
0.0,2234.0
83270.91032238679,2234.0
83270.91032238679,2555.0
86400.0,2555.0
# temp #1584
0.0,2234.0
26543.218104774136,2234.0
26543.218104774136,2017.0
54323.29630628229,2017.0
54323.29630628229,2234.0
86400.000002,2234.0
# temp #1585
0.0,2234.0
48218.909070524394,2234.0
48218.909070524394,2429.0
80318.90907052439,2429.0
80318.90907052439,2555.0
80618.90907052439,2555.0
80618.90907052439,2667.0
86400.000002,2667.0
# temp #1586
0.0,2234.0
38060.24422931951,2234.0
38060.24422931951,2429.0
38488.39852369857,2429.0
38488.39852369857,2555.0
40622.01263203752,2555.0
40622.01263203752,2429.0
64123.44484040515,2429.0
64123.44484040515,2555.0
81319.47347503157,2555.0
81319.47347503157,2429.0
86400.000002,2429.0
# temp #1587
0.0,2234.0
30599.335495429117,2234.0
30599.335495429117,2017.0
76506.78820861505,2017.0
76506.78820861505,2234.0
86400.000002,2234.0
# temp #1588
0.0,2234.0
17070.081319171008,2234.0
17070.081319171008,2555.0
22053.430853784088,2555.0
22053.430853784088,2667.0
22443.362496444028,2667.0
22443.362496444028,2555.0
22743.362496444028,2555.0
22743.362496444028,2667.0
49443.362496444024,2667.0
49443.362496444024,2555.0
65343.362496444024,2555.0
65343.362496444024,2234.0
68943.36249644402,2234.0
68943.36249644402,2429.0
78843.36249644402,2429.0
78843.36249644402,2555.0
79443.36249644402,2555.0
79443.36249644402,2667.0
86400.0,2667.0
# temp #1589
0.0,2234.0
16664.133387571204,2234.0
16664.133387571204,2883.0
17722.16137046926,2883.0
17722.16137046926,2667.0
28622.45886409656,2667.0
28622.45886409656,2883.0
35147.861955408014,2883.0
35147.861955408014,2667.0
50940.642543579466,2667.0
50940.642543579466,2555.0
78229.78377125693,2555.0
78229.78377125693,2429.0
86400.000002,2429.0
# temp #1590
0.0,2234.0
42363.04417932407,2234.0
42363.04417932407,2429.0
74463.04417932406,2429.0
74463.04417932406,2555.0
74763.04417932406,2555.0
74763.04417932406,2667.0
86400.0,2667.0
# temp #1591
0.0,2234.0
73822.40613196047,2234.0
73822.40613196047,2555.0
75721.94181906527,2555.0
75721.94181906527,2667.0
85621.94181906527,2667.0
85621.94181906527,2555.0
86400.0,2555.0
# temp #1592
0.0,2234.0
715.276183350943,2234.0
715.276183350943,2667.0
15129.344668658452,2667.0
15129.344668658452,2555.0
15911.592686874794,2555.0
15911.592686874794,2667.0
23529.58044977859,2667.0
23529.58044977859,2555.0
24129.58044977859,2555.0
24129.58044977859,2667.0
43009.475616412245,2667.0
43009.475616412245,2555.0
43768.879407690845,2555.0
43768.879407690845,2429.0
52406.43377196976,2429.0
52406.43377196976,2234.0
67387.38217153588,2234.0
67387.38217153588,2667.0
71643.79802062178,2667.0
71643.79802062178,2234.0
73941.4344959194,2234.0
73941.4344959194,2429.0
83179.468424432,2429.0
83179.468424432,2555.0
84159.08800153995,2555.0
84159.08800153995,2429.0
86400.000002,2429.0
# temp #1593
0.0,2234.0
71028.920220444,2234.0
71028.920220444,2555.0
86400.0,2555.0
# temp #1594
0.0,2234.0
57790.548248891726,2234.0
57790.548248891726,2555.0
62153.966734511785,2555.0
62153.966734511785,2667.0
72053.96673451178,2667.0
72053.96673451178,2555.0
76836.96652944201,2555.0
76836.96652944201,2429.0
86400.0,2429.0
# temp #1595
0.0,2234.0
62609.718831977814,2234.0
62609.718831977814,2555.0
86400.000002,2555.0
# temp #1596
0.0,2234.0
6715.561646316202,2234.0
6715.561646316202,2667.0
13329.022946697663,2667.0
13329.022946697663,2555.0
13691.979435388934,2555.0
13691.979435388934,2667.0
39006.714041763924,2667.0
39006.714041763924,2555.0
39606.714041763924,2555.0
39606.714041763924,2667.0
54430.01310783439,2667.0
54430.01310783439,2555.0
56679.21624029987,2555.0
56679.21624029987,2429.0
64065.014979382984,2429.0
64065.014979382984,2555.0
70690.66177415663,2555.0
70690.66177415663,2667.0
86400.000002,2667.0
# temp #1597
0.0,2234.0
4497.074459516443,2234.0
4497.074459516443,2883.0
6149.524450558238,2883.0
6149.524450558238,2667.0
14133.978955890052,2667.0
14133.978955890052,2883.0
18699.927306524478,2883.0
18699.927306524478,2667.0
48771.68102315628,2667.0
48771.68102315628,2555.0
53230.62375979499,2555.0
53230.62375979499,2429.0
62136.42196990551,2429.0
62136.42196990551,2883.0
64735.84355260247,2883.0
64735.84355260247,2429.0
86400.000002,2429.0
# temp #1598
0.0,2234.0
76505.18618649805,2234.0
76505.18618649805,2555.0
86400.0,2555.0
# temp #1599
0.0,2234.0
51908.70788188186,2234.0
51908.70788188186,2555.0
53079.09098009114,2555.0
53079.09098009114,2667.0
59379.09098009114,2667.0
59379.09098009114,2555.0
60579.09098009114,2555.0
60579.09098009114,2429.0
86400.0,2429.0
# temp #1600
0.0,2234.0
10739.50551368762,2234.0
10739.50551368762,2555.0
16006.77000547294,2555.0
16006.77000547294,2667.0
16580.875910469334,2667.0
16580.875910469334,2555.0
16880.875910469334,2555.0
16880.875910469334,2667.0
20480.875910469334,2667.0
20480.875910469334,2555.0
21980.875910469334,2555.0
21980.875910469334,2429.0
35300.56948894635,2429.0
35300.56948894635,2234.0
55416.72529829667,2234.0
55416.72529829667,2667.0
76761.32553387435,2667.0
76761.32553387435,2555.0
86400.0,2555.0
# temp #1601
0.0,2234.0
72125.21914055107,2234.0
72125.21914055107,2555.0
86400.000002,2555.0
# temp #1602
0.0,2234.0
4646.292038052344,2234.0
4646.292038052344,2429.0
5087.407512241044,2429.0
5087.407512241044,2555.0
5677.135166921654,2555.0
5677.135166921654,2429.0
49278.750281617984,2429.0
49278.750281617984,2883.0
54129.9486038508,2883.0
54129.9486038508,2667.0
76190.85238364061,2667.0
76190.85238364061,2883.0
86400.0,2883.0
# temp #1603
0.0,2234.0
14988.052349584179,2234.0
14988.052349584179,2429.0
15395.78478257172,2429.0
15395.78478257172,2555.0
19579.241473926235,2555.0
19579.241473926235,2429.0
21452.590309758674,2429.0
21452.590309758674,2667.0
29621.509730257098,2667.0
29621.509730257098,2555.0
31634.01501439512,2555.0
31634.01501439512,2667.0
45644.47910268792,2667.0
45644.47910268792,2555.0
53257.991934707396,2555.0
53257.991934707396,2667.0
55782.12327416987,2667.0
55782.12327416987,2555.0
56906.645790115006,2555.0
56906.645790115006,2667.0
74863.0211825017,2667.0
74863.0211825017,2234.0
86400.000002,2234.0
# temp #1604
0.0,2234.0
24061.89726032317,2234.0
24061.89726032317,2555.0
50560.71166056209,2555.0
50560.71166056209,2429.0
86400.0,2429.0
# temp #1605
0.0,2234.0
13875.911481049845,2234.0
13875.911481049845,2883.0
14338.755585160108,2883.0
14338.755585160108,2667.0
16513.35481912829,2667.0
16513.35481912829,2883.0
45038.483972218826,2883.0
45038.483972218826,2429.0
46857.39012868144,2429.0
46857.39012868144,2667.0
56256.22018394061,2667.0
56256.22018394061,2883.0
64877.72538629362,2883.0
64877.72538629362,2429.0
86400.000002,2429.0
# temp #1606
0.0,2234.0
48384.47105626111,2234.0
48384.47105626111,2555.0
52291.410733410165,2555.0
52291.410733410165,2429.0
52856.674041459344,2429.0
52856.674041459344,2555.0
53853.43691313174,2555.0
53853.43691313174,2429.0
54296.66408544873,2429.0
54296.66408544873,2234.0
78008.92917956227,2234.0
78008.92917956227,2429.0
86400.0,2429.0
# temp #1607
0.0,2234.0
58200.682951184,2234.0
58200.682951184,2555.0
86400.000002,2555.0
# temp #1608
0.0,2234.0
37857.40143838339,2234.0
37857.40143838339,2017.0
47831.52177678422,2017.0
47831.52177678422,2234.0
86400.000002,2234.0
# temp #1609
0.0,2234.0
19706.42143841833,2234.0
19706.42143841833,2555.0
35052.539842855185,2555.0
35052.539842855185,2667.0
46037.15145397,2667.0
46037.15145397,2555.0
63153.38086369448,2555.0
63153.38086369448,2667.0
86400.0,2667.0
# temp #1610
0.0,2234.0
761.6305958479643,2234.0
761.6305958479643,2667.0
12790.332963410767,2667.0
12790.332963410767,2555.0
13582.794503029438,2555.0
13582.794503029438,2667.0
31926.106171589352,2667.0
31926.106171589352,2555.0
32526.106171589352,2555.0
32526.106171589352,2667.0
47811.01524475963,2667.0
47811.01524475963,2555.0
52183.64846538753,2555.0
52183.64846538753,2429.0
73672.23412385212,2429.0
73672.23412385212,2555.0
86400.0,2555.0
# temp #1611
0.0,2234.0
27226.00448923186,2234.0
27226.00448923186,2017.0
66325.49163904043,2017.0
66325.49163904043,2234.0
86400.0,2234.0
# temp #1612
0.0,2234.0
2953.2641801750287,2234.0
2953.2641801750287,2883.0
3766.8756315484643,2883.0
3766.8756315484643,2667.0
10037.069591903128,2667.0
10037.069591903128,2883.0
19572.571331751536,2883.0
19572.571331751536,2667.0
21614.906122349206,2667.0
21614.906122349206,2555.0
35766.894390061505,2555.0
35766.894390061505,2429.0
59857.47071912048,2429.0
59857.47071912048,2555.0
67152.07090694459,2555.0
67152.07090694459,2429.0
86400.0,2429.0
# temp #1613
0.0,2234.0
29449.322184710767,2234.0
29449.322184710767,2429.0
29813.97562909406,2429.0
29813.97562909406,2234.0
30527.254954772074,2234.0
30527.254954772074,2429.0
32556.954134954143,2429.0
32556.954134954143,2234.0
34653.71576256585,2234.0
34653.71576256585,2429.0
35294.60663355422,2429.0
35294.60663355422,2555.0
36026.74513400999,2555.0
36026.74513400999,2429.0
36326.74513400999,2429.0
36326.74513400999,2555.0
56726.74513400998,2555.0
56726.74513400998,2429.0
57026.74513400998,2429.0
57026.74513400998,2555.0
57626.74513400998,2555.0
57626.74513400998,2667.0
86400.0,2667.0
# temp #1614
0.0,2234.0
3851.484888279811,2234.0
3851.484888279811,2017.0
46317.440312588595,2017.0
46317.440312588595,2234.0
86400.000002,2234.0
# temp #1615
0.0,2234.0
41772.845613397665,2234.0
41772.845613397665,2429.0
73872.84561339766,2429.0
73872.84561339766,2555.0
74172.84561339766,2555.0
74172.84561339766,2667.0
86400.0,2667.0
# temp #1616
0.0,2234.0
3068.672685977072,2234.0
3068.672685977072,2429.0
3534.470973280259,2429.0
3534.470973280259,2555.0
4056.260714423843,2555.0
4056.260714423843,2429.0
4927.835806435905,2429.0
4927.835806435905,2234.0
35275.11013182812,2234.0
35275.11013182812,2429.0
48318.2124135783,2429.0
48318.2124135783,2234.0
53173.85873591994,2234.0
53173.85873591994,2429.0
79565.23680856919,2429.0
79565.23680856919,2234.0
86400.0,2234.0
# temp #1617
0.0,2234.0
14043.766183499249,2234.0
14043.766183499249,2883.0
14807.986530032942,2883.0
14807.986530032942,2667.0
24836.67212768924,2667.0
24836.67212768924,2883.0
26518.545088428076,2883.0
26518.545088428076,2667.0
55600.34726131709,2667.0
55600.34726131709,2555.0
60469.034154620036,2555.0
60469.034154620036,2667.0
71615.2716406854,2667.0
71615.2716406854,2555.0
81976.30160276314,2555.0
81976.30160276314,2667.0
86400.0,2667.0
# temp #1618
0.0,2234.0
18134.08211593051,2234.0
18134.08211593051,2555.0
26802.847126428976,2555.0
26802.847126428976,2429.0
49863.921427284375,2429.0
49863.921427284375,2234.0
50463.921427284375,2234.0
50463.921427284375,2429.0
52863.921427284375,2429.0
52863.921427284375,2555.0
63063.921427284375,2555.0
63063.921427284375,2667.0
86400.0,2667.0
# temp #1619
0.0,2234.0
4024.5067779673273,2234.0
4024.5067779673273,2667.0
6737.885419931265,2667.0
6737.885419931265,2555.0
7636.326347943397,2555.0
7636.326347943397,2667.0
10493.803788721563,2667.0
10493.803788721563,2555.0
10793.803788721563,2555.0
10793.803788721563,2667.0
11093.803788721563,2667.0
11093.803788721563,2555.0
14393.803788721563,2555.0
14393.803788721563,2667.0
39893.80378872156,2667.0
39893.80378872156,2883.0
86400.000002,2883.0
# temp #1620
0.0,2234.0
13366.252461634578,2234.0
13366.252461634578,2883.0
24466.252461634576,2883.0
24466.252461634576,2555.0
33593.954589008354,2555.0
33593.954589008354,2429.0
38341.00017843303,2429.0
38341.00017843303,2883.0
58623.276594816714,2883.0
58623.276594816714,2667.0
86400.000002,2667.0
# temp #1621
0.0,2234.0
5928.963947156445,2234.0
5928.963947156445,2017.0
13359.784215688707,2017.0
13359.784215688707,2234.0
37093.01077974961,2234.0
37093.01077974961,2017.0
42957.204298116274,2017.0
42957.204298116274,2234.0
74901.04236239569,2234.0
74901.04236239569,2017.0
86400.000002,2017.0
# temp #1622
0.0,2234.0
16350.118520739492,2234.0
16350.118520739492,2883.0
17083.54623431806,2883.0
17083.54623431806,2667.0
28488.998217950582,2667.0
28488.998217950582,2883.0
58998.92095634715,2883.0
58998.92095634715,2429.0
73725.95329368488,2429.0
73725.95329368488,2883.0
76010.2038270794,2883.0
76010.2038270794,2667.0
86400.000002,2667.0
# temp #1623
0.0,2234.0
50098.727545025766,2234.0
50098.727545025766,2555.0
59778.99761984591,2555.0
59778.99761984591,2429.0
60193.74903584831,2429.0
60193.74903584831,2555.0
75450.62591477764,2555.0
75450.62591477764,2429.0
76013.00817048179,2429.0
76013.00817048179,2234.0
86400.000002,2234.0
# temp #1624
0.0,2234.0
79641.52470831761,2234.0
79641.52470831761,2555.0
86400.0,2555.0
# temp #1625
0.0,2234.0
46106.98741581292,2234.0
46106.98741581292,2429.0
78206.98741581291,2429.0
78206.98741581291,2555.0
78506.98741581291,2555.0
78506.98741581291,2667.0
86400.0,2667.0
# temp #1626
0.0,2234.0
1309.1245332732797,2234.0
1309.1245332732797,2667.0
39010.70404965431,2667.0
39010.70404965431,2555.0
40029.3023522012,2555.0
40029.3023522012,2429.0
86400.0,2429.0
# temp #1627
0.0,2234.0
3058.596297819168,2234.0
3058.596297819168,2667.0
38884.69826232177,2667.0
38884.69826232177,2555.0
39843.72549948749,2555.0
39843.72549948749,2429.0
60674.61664045697,2429.0
60674.61664045697,2555.0
65681.24945349993,2555.0
65681.24945349993,2429.0
67762.04699082302,2429.0
67762.04699082302,2667.0
83184.59821441212,2667.0
83184.59821441212,2234.0
86400.0,2234.0
# temp #1628
0.0,2234.0
45603.640974755406,2234.0
45603.640974755406,2555.0
53395.70767662954,2555.0
53395.70767662954,2429.0
53863.17733407487,2429.0
53863.17733407487,2555.0
60612.12292949204,2555.0
60612.12292949204,2429.0
61584.57844771911,2429.0
61584.57844771911,2555.0
62650.96132534091,2555.0
62650.96132534091,2429.0
62950.96132534091,2429.0
62950.96132534091,2555.0
64450.96132534091,2555.0
64450.96132534091,2429.0
74650.96132534092,2429.0
74650.96132534092,2234.0
86400.0,2234.0
# temp #1629
0.0,2234.0
33579.32262928226,2234.0
33579.32262928226,2555.0
34840.59524370824,2555.0
34840.59524370824,2667.0
35229.80974735693,2667.0
35229.80974735693,2555.0
35529.80974735693,2555.0
35529.80974735693,2667.0
39129.80974735693,2667.0
39129.80974735693,2555.0
40629.80974735693,2555.0
40629.80974735693,2429.0
53249.183786544025,2429.0
53249.183786544025,2234.0
80589.65150902515,2234.0
80589.65150902515,2429.0
86400.000002,2429.0
# temp #1630
0.0,2234.0
8138.554777787068,2234.0
8138.554777787068,2555.0
36326.01105517242,2555.0
36326.01105517242,2429.0
36716.25300196465,2429.0
36716.25300196465,2555.0
40779.064076137736,2555.0
40779.064076137736,2429.0
41146.57757095993,2429.0
41146.57757095993,2234.0
62076.65147264489,2234.0
62076.65147264489,2429.0
86400.000002,2429.0
# temp #1631
0.0,2234.0
6785.4485541349295,2234.0
6785.4485541349295,2667.0
38860.91421798338,2667.0
38860.91421798338,2555.0
39419.99352418353,2555.0
39419.99352418353,2667.0
53153.01009456162,2667.0
53153.01009456162,2555.0
53453.01009456162,2555.0
53453.01009456162,2667.0
54085.67896534224,2667.0
54085.67896534224,2555.0
54685.67896534224,2555.0
54685.67896534224,2667.0
86400.000002,2667.0
# temp #1632
0.0,2234.0
31922.27494376712,2234.0
31922.27494376712,2555.0
55272.04613322393,2555.0
55272.04613322393,2429.0
55577.3629633477,2429.0
55577.3629633477,2555.0
71942.11111699698,2555.0
71942.11111699698,2429.0
72578.81180865226,2429.0
72578.81180865226,2555.0
73848.79038061482,2555.0
73848.79038061482,2429.0
86400.000002,2429.0
# temp #1633
0.0,2234.0
45967.74668307044,2234.0
45967.74668307044,2429.0
78067.74668307044,2429.0
78067.74668307044,2555.0
78367.74668307044,2555.0
78367.74668307044,2667.0
86400.000002,2667.0
# temp #1634
0.0,2234.0
3798.5804430674766,2234.0
3798.5804430674766,2017.0
45794.47553073988,2017.0
45794.47553073988,2234.0
85742.37910481171,2234.0
85742.37910481171,2017.0
86400.000002,2017.0
# temp #1635
0.0,2234.0
75683.54641234038,2234.0
75683.54641234038,2555.0
77872.09576077295,2555.0
77872.09576077295,2667.0
78303.2681994606,2667.0
78303.2681994606,2555.0
84303.2681994606,2555.0
84303.2681994606,2429.0
86400.000002,2429.0
# temp #1636
0.0,2234.0
5069.359333324247,2234.0
5069.359333324247,2667.0
29128.08644366451,2667.0
29128.08644366451,2555.0
29695.720917871226,2555.0
29695.720917871226,2429.0
39007.63915961143,2429.0
39007.63915961143,2555.0
74378.37611194701,2555.0
74378.37611194701,2429.0
86400.0,2429.0
# temp #1637
0.0,2234.0
25667.081265896562,2234.0
25667.081265896562,2555.0
26411.959786014635,2555.0
26411.959786014635,2667.0
26958.983487705704,2667.0
26958.983487705704,2555.0
32958.9834877057,2555.0
32958.9834877057,2429.0
35358.9834877057,2429.0
35358.9834877057,2234.0
38958.9834877057,2234.0
38958.9834877057,2429.0
40158.9834877057,2429.0
40158.9834877057,2234.0
45858.9834877057,2234.0
45858.9834877057,2429.0
58637.48856922612,2429.0
58637.48856922612,2555.0
79225.61336851213,2555.0
79225.61336851213,2429.0
86400.0,2429.0
# temp #1638
0.0,2234.0
38719.3313503638,2234.0
38719.3313503638,2429.0
39319.3313503638,2429.0
39319.3313503638,2555.0
40085.08413266391,2555.0
40085.08413266391,2429.0
58795.20518963692,2429.0
58795.20518963692,2234.0
72521.94636845963,2234.0
72521.94636845963,2429.0
86400.000002,2429.0
# temp #1639
0.0,2234.0
4098.672834271566,2234.0
4098.672834271566,2667.0
23684.057390014645,2667.0
23684.057390014645,2555.0
24325.509296427485,2555.0
24325.509296427485,2667.0
54395.15151295347,2667.0
54395.15151295347,2555.0
54695.15151295347,2555.0
54695.15151295347,2667.0
55405.18179056236,2667.0
55405.18179056236,2555.0
56005.18179056236,2555.0
56005.18179056236,2667.0
78030.45763622505,2667.0
78030.45763622505,2555.0
86400.0,2555.0
# temp #1640
0.0,2234.0
16802.240303554576,2234.0
16802.240303554576,2883.0
17169.751519826244,2883.0
17169.751519826244,2667.0
20654.77783509996,2667.0
20654.77783509996,2883.0
35213.70141485241,2883.0
35213.70141485241,2667.0
58250.201566773474,2667.0
58250.201566773474,2555.0
70815.16706300901,2555.0
70815.16706300901,2429.0
81587.93917160948,2429.0
81587.93917160948,2555.0
86400.000002,2555.0
# temp #1641
0.0,2234.0
1888.2491493131968,2234.0
1888.2491493131968,2667.0
16615.062533388846,2667.0
16615.062533388846,2555.0
17808.6133294506,2555.0
17808.6133294506,2667.0
32201.707304385494,2667.0
32201.707304385494,2555.0
32801.70730438549,2555.0
32801.70730438549,2667.0
45958.598539209925,2667.0
45958.598539209925,2555.0
48411.866793385714,2555.0
48411.866793385714,2429.0
78943.21558575612,2429.0
78943.21558575612,2883.0
86400.0,2883.0
# temp #1642
0.0,2234.0
51013.659494952306,2234.0
51013.659494952306,2429.0
51313.659494952306,2429.0
51313.659494952306,2234.0
71882.41573444103,2234.0
71882.41573444103,2667.0
86400.000002,2667.0
# temp #1643
0.0,2234.0
76128.24984833134,2234.0
76128.24984833134,2883.0
78528.24984833134,2883.0
78528.24984833134,2667.0
85716.01782760119,2667.0
85716.01782760119,2555.0
86400.0,2555.0
# temp #1644
0.0,2234.0
51420.50848917571,2234.0
51420.50848917571,2429.0
51815.00151345973,2429.0
51815.00151345973,2555.0
56091.60571361427,2555.0
56091.60571361427,2429.0
68164.72920051312,2429.0
68164.72920051312,2555.0
86400.0,2555.0
# temp #1645
0.0,2234.0
32309.397466387603,2234.0
32309.397466387603,2429.0
32909.3974663876,2429.0
32909.3974663876,2555.0
34518.14943021164,2555.0
34518.14943021164,2429.0
60434.10671667662,2429.0
60434.10671667662,2234.0
70422.76796491352,2234.0
70422.76796491352,2667.0
86400.0,2667.0
# temp #1646
0.0,2234.0
12947.14396116324,2234.0
12947.14396116324,2429.0
13285.698171495462,2429.0
13285.698171495462,2555.0
15690.018383204007,2555.0
15690.018383204007,2429.0
33369.89421418403,2429.0
33369.89421418403,2555.0
59108.7956601754,2555.0
59108.7956601754,2429.0
62203.16258836539,2429.0
62203.16258836539,2883.0
85677.78658338358,2883.0
85677.78658338358,2429.0
86400.000002,2429.0
# temp #1647
0.0,2234.0
60491.8539201608,2234.0
60491.8539201608,2883.0
62891.8539201608,2883.0
62891.8539201608,2667.0
86400.000002,2667.0
# temp #1648
0.0,2234.0
23344.23962705769,2234.0
23344.23962705769,2555.0
51913.969896035276,2555.0
51913.969896035276,2429.0
52481.28464526963,2429.0
52481.28464526963,2555.0
62945.26982156095,2555.0
62945.26982156095,2429.0
64045.11250115466,2429.0
64045.11250115466,2555.0
65233.518982655376,2555.0
65233.518982655376,2429.0
65533.518982655376,2429.0
65533.518982655376,2555.0
85933.51898265537,2555.0
85933.51898265537,2429.0
86233.51898265537,2429.0
86233.51898265537,2555.0
86400.0,2555.0
# temp #1649
0.0,2234.0
9908.74942720402,2234.0
9908.74942720402,2429.0
10323.606613115408,2429.0
10323.606613115408,2234.0
11129.599777213298,2234.0
11129.599777213298,2429.0
13852.496405714191,2429.0
13852.496405714191,2234.0
37650.845827837475,2234.0
37650.845827837475,2429.0
38962.61714848225,2429.0
38962.61714848225,2555.0
40345.95183378552,2555.0
40345.95183378552,2429.0
40645.95183378552,2429.0
40645.95183378552,2555.0
42145.95183378552,2555.0
42145.95183378552,2429.0
52345.95183378551,2429.0
52345.95183378551,2234.0
86400.000002,2234.0
# temp #1650
0.0,2234.0
28597.59379641619,2234.0
28597.59379641619,2555.0
33610.09600795806,2555.0
33610.09600795806,2667.0
43510.096007958055,2667.0
43510.096007958055,2555.0
44923.02716709674,2555.0
44923.02716709674,2429.0
81434.9596339278,2429.0
81434.9596339278,2555.0
83488.28889329454,2555.0
83488.28889329454,2429.0
86400.0,2429.0
# temp #1651
0.0,2234.0
29995.598441502083,2234.0
29995.598441502083,2017.0
49936.46936654114,2017.0
49936.46936654114,2234.0
86400.0,2234.0
# temp #1652
0.0,2234.0
45441.96413035971,2234.0
45441.96413035971,2429.0
45907.47477337719,2429.0
45907.47477337719,2555.0
48036.07409521938,2555.0
48036.07409521938,2429.0
81083.56504803525,2429.0
81083.56504803525,2555.0
86400.0,2555.0
# temp #1653
0.0,2234.0
77754.35926294887,2234.0
77754.35926294887,2883.0
80154.35926294887,2883.0
80154.35926294887,2667.0
86400.0,2667.0
# temp #1654
0.0,2234.0
82814.19498960023,2234.0
82814.19498960023,2555.0
86400.0,2555.0
# temp #1655
0.0,2234.0
26435.084853926677,2234.0
26435.084853926677,2429.0
58535.08485392667,2429.0
58535.08485392667,2555.0
58835.08485392667,2555.0
58835.08485392667,2667.0
84343.90605390072,2667.0
84343.90605390072,2555.0
86400.000002,2555.0
# temp #1656
0.0,2234.0
55120.96910825931,2234.0
55120.96910825931,2555.0
60532.33768595383,2555.0
60532.33768595383,2429.0
86400.0,2429.0
# temp #1657
0.0,2234.0
12232.417615433225,2234.0
12232.417615433225,2883.0
23332.417615433224,2883.0
23332.417615433224,2555.0
39445.30431074091,2555.0
39445.30431074091,2429.0
77530.43537756895,2429.0
77530.43537756895,2555.0
83942.031493946,2555.0
83942.031493946,2429.0
86283.97805078422,2429.0
86283.97805078422,2555.0
86400.000002,2555.0
# temp #1658
0.0,2234.0
4618.854010594078,2234.0
4618.854010594078,2667.0
7599.452522909271,2667.0
7599.452522909271,2555.0
8048.728612856941,2555.0
8048.728612856941,2667.0
30213.61292651855,2667.0
30213.61292651855,2555.0
33213.612926518545,2555.0
33213.612926518545,2667.0
59313.612926518545,2667.0
59313.612926518545,2883.0
86400.000002,2883.0
# temp #1659
0.0,2234.0
31924.446934531443,2234.0
31924.446934531443,2883.0
34324.44693453144,2883.0
34324.44693453144,2667.0
45894.68580996618,2667.0
45894.68580996618,2555.0
56666.21605209075,2555.0
56666.21605209075,2429.0
61586.53087788262,2429.0
61586.53087788262,2555.0
74817.00951321982,2555.0
74817.00951321982,2667.0
80826.73416633626,2667.0
80826.73416633626,2555.0
86400.0,2555.0
# temp #1660
0.0,2234.0
76245.37585722284,2234.0
76245.37585722284,2555.0
79492.74773646613,2555.0
79492.74773646613,2667.0
79910.94379441348,2667.0
79910.94379441348,2555.0
85910.94379441348,2555.0
85910.94379441348,2429.0
86400.000002,2429.0
# temp #1661
0.0,2234.0
75554.91295857356,2234.0
75554.91295857356,2555.0
86400.000002,2555.0
# temp #1662
0.0,2234.0
8549.271943978967,2234.0
8549.271943978967,2555.0
27874.435746297248,2555.0
27874.435746297248,2429.0
28321.25861942769,2429.0
28321.25861942769,2555.0
49389.88931381611,2555.0
49389.88931381611,2429.0
49913.05963697379,2429.0
49913.05963697379,2234.0
60169.49259268587,2234.0
60169.49259268587,2667.0
84187.97966481654,2667.0
84187.97966481654,2234.0
86400.0,2234.0
# temp #1663
0.0,2234.0
37804.48384049815,2234.0
37804.48384049815,2429.0
38385.7293864945,2429.0
38385.7293864945,2555.0
42879.520053626045,2555.0
42879.520053626045,2429.0
77416.01784741507,2429.0
77416.01784741507,2555.0
82022.73662807421,2555.0
82022.73662807421,2667.0
83682.57070707624,2667.0
83682.57070707624,2234.0
86400.0,2234.0
# temp #1664
0.0,2234.0
28110.61118007638,2234.0
28110.61118007638,2555.0
32800.52919667215,2555.0
32800.52919667215,2667.0
33249.34161587153,2667.0
33249.34161587153,2555.0
39249.34161587153,2555.0
39249.34161587153,2429.0
41649.34161587153,2429.0
41649.34161587153,2234.0
45249.34161587153,2234.0
45249.34161587153,2429.0
46449.34161587153,2429.0
46449.34161587153,2234.0
52149.34161587153,2234.0
52149.34161587153,2429.0
69385.7724105008,2429.0
69385.7724105008,2555.0
86400.0,2555.0
# temp #1665
0.0,2234.0
29430.3487157682,2234.0
29430.3487157682,2555.0
34427.096192236066,2555.0
34427.096192236066,2429.0
34873.83564950433,2429.0
34873.83564950433,2555.0
42082.305325311616,2555.0
42082.305325311616,2429.0
42906.57742442564,2429.0
42906.57742442564,2234.0
48709.12482405548,2234.0
48709.12482405548,2429.0
65730.2276908653,2429.0
65730.2276908653,2555.0
79649.83408071568,2555.0
79649.83408071568,2429.0
86400.000002,2429.0
# temp #1666
0.0,2234.0
58728.11135784723,2234.0
58728.11135784723,2555.0
68640.80744215753,2555.0
68640.80744215753,2234.0
86400.000002,2234.0
# temp #1667
0.0,2234.0
52077.51649946441,2234.0
52077.51649946441,2555.0
56192.59506559466,2555.0
56192.59506559466,2667.0
56779.47727697902,2667.0
56779.47727697902,2555.0
57079.47727697902,2555.0
57079.47727697902,2667.0
60679.47727697902,2667.0
60679.47727697902,2555.0
62179.47727697902,2555.0
62179.47727697902,2429.0
80549.05152639841,2429.0
80549.05152639841,2234.0
86400.000002,2234.0
# temp #1668
0.0,2234.0
10085.886925854722,2234.0
10085.886925854722,2555.0
31413.342128391385,2555.0
31413.342128391385,2429.0
61406.33487522138,2429.0
61406.33487522138,2234.0
68498.89124706389,2234.0
68498.89124706389,2429.0
86400.0,2429.0
# temp #1669
0.0,2234.0
46418.14176093322,2234.0
46418.14176093322,2555.0
57534.16975799483,2555.0
57534.16975799483,2429.0
57947.992903157145,2429.0
57947.992903157145,2555.0
80039.52879155987,2555.0
80039.52879155987,2429.0
81264.27292018199,2429.0
81264.27292018199,2555.0
82669.986808626,2555.0
82669.986808626,2429.0
82969.986808626,2429.0
82969.986808626,2555.0
83269.986808626,2555.0
83269.986808626,2429.0
83869.986808626,2429.0
83869.986808626,2555.0
86400.0,2555.0
# temp #1670
0.0,2234.0
19613.4942363482,2234.0
19613.4942363482,2017.0
47343.50008475595,2017.0
47343.50008475595,2234.0
51927.06360868179,2234.0
51927.06360868179,2017.0
59937.17270563357,2017.0
59937.17270563357,2234.0
74458.96643106827,2234.0
74458.96643106827,2017.0
86400.000002,2017.0
# temp #1671
0.0,2234.0
83685.57748971508,2234.0
83685.57748971508,2555.0
86400.000002,2555.0
# temp #1672
0.0,2234.0
4428.95128398668,2234.0
4428.95128398668,2883.0
5685.5132803553715,2883.0
5685.5132803553715,2667.0
16428.906314168125,2667.0
16428.906314168125,2883.0
36916.48673464079,2883.0
36916.48673464079,2429.0
44483.6601685267,2429.0
44483.6601685267,2234.0
57993.320586578935,2234.0
57993.320586578935,2667.0
58525.92540965417,2667.0
58525.92540965417,2883.0
63866.792261274546,2883.0
63866.792261274546,2429.0
70508.51197452286,2429.0
70508.51197452286,2555.0
76222.91219474284,2555.0
76222.91219474284,2429.0
86400.0,2429.0
# temp #1673
0.0,2234.0
58628.47301471048,2234.0
58628.47301471048,2555.0
69597.64865795152,2555.0
69597.64865795152,2429.0
70000.05278731698,2429.0
70000.05278731698,2555.0
86400.0,2555.0
# temp #1674
0.0,2234.0
50054.58873286844,2234.0
50054.58873286844,2429.0
50408.53512450122,2429.0
50408.53512450122,2555.0
52729.277295386426,2555.0
52729.277295386426,2429.0
57706.190882250674,2429.0
57706.190882250674,2234.0
70068.67209523918,2234.0
70068.67209523918,2667.0
79826.7728991341,2667.0
79826.7728991341,2555.0
86400.0,2555.0
# temp #1675
0.0,2234.0
53241.38011713513,2234.0
53241.38011713513,2429.0
53771.191042056314,2429.0
53771.191042056314,2555.0
56707.227445906035,2555.0
56707.227445906035,2429.0
86400.0,2429.0
# temp #1676
0.0,2234.0
11945.129202841781,2234.0
11945.129202841781,2429.0
12511.009594216011,2429.0
12511.009594216011,2234.0
13386.360408808105,2234.0
13386.360408808105,2429.0
18445.163947041146,2429.0
18445.163947041146,2234.0
32732.434486644346,2234.0
32732.434486644346,2429.0
33614.81708223001,2429.0
33614.81708223001,2234.0
46483.459889539525,2234.0
46483.459889539525,2429.0
68634.68115418218,2429.0
68634.68115418218,2555.0
86400.000002,2555.0
# temp #1677
0.0,2234.0
16186.758665833624,2234.0
16186.758665833624,2429.0
16710.292723774914,2429.0
16710.292723774914,2555.0
21406.275174021725,2555.0
21406.275174021725,2429.0
55297.0679862192,2429.0
55297.0679862192,2555.0
68799.46628620384,2555.0
68799.46628620384,2667.0
86400.0,2667.0
# temp #1678
0.0,2234.0
8377.909830166029,2234.0
8377.909830166029,2667.0
11434.413845837118,2667.0
11434.413845837118,2555.0
12800.614740885796,2555.0
12800.614740885796,2667.0
32445.98429042381,2667.0
32445.98429042381,2555.0
32745.98429042381,2555.0
32745.98429042381,2667.0
33555.07629085333,2667.0
33555.07629085333,2555.0
34155.07629085333,2555.0
34155.07629085333,2667.0
50201.560971443556,2667.0
50201.560971443556,2555.0
55946.13715487068,2555.0
55946.13715487068,2667.0
76051.39902764933,2667.0
76051.39902764933,2234.0
78862.9905450158,2234.0
78862.9905450158,2429.0
86400.0,2429.0
# temp #1679
0.0,2234.0
70265.4473320814,2234.0
70265.4473320814,2555.0
86400.000002,2555.0
# temp #1680
0.0,2234.0
4217.306743073278,2234.0
4217.306743073278,2667.0
22337.81768374611,2667.0
22337.81768374611,2555.0
23819.382919301283,2555.0
23819.382919301283,2667.0
58153.79194084091,2667.0
58153.79194084091,2555.0
58753.79194084091,2555.0
58753.79194084091,2667.0
71672.27484087927,2667.0
71672.27484087927,2555.0
73177.85239059014,2555.0
73177.85239059014,2429.0
76527.87936867682,2429.0
76527.87936867682,2883.0
86400.0,2883.0
# temp #1681
0.0,2234.0
7588.129939092324,2234.0
7588.129939092324,2017.0
27248.57206642628,2017.0
27248.57206642628,2234.0
33997.47993154452,2234.0
33997.47993154452,2017.0
83420.89222166689,2017.0
83420.89222166689,2234.0
86400.0,2234.0
# temp #1682
0.0,2234.0
1355.9019311796874,2234.0
1355.9019311796874,2667.0
44332.12523439434,2667.0
44332.12523439434,2555.0
45153.790655150086,2555.0
45153.790655150086,2667.0
57831.56082392671,2667.0
57831.56082392671,2555.0
58131.56082392671,2555.0
58131.56082392671,2667.0
59029.95028872975,2667.0
59029.95028872975,2555.0
59629.95028872975,2555.0
59629.95028872975,2667.0
86400.000002,2667.0
# temp #1683
0.0,2234.0
83703.43014691026,2234.0
83703.43014691026,2883.0
86103.43014691026,2883.0
86103.43014691026,2667.0
86400.0,2667.0
# temp #1684
0.0,2234.0
2716.7327024973933,2234.0
2716.7327024973933,2667.0
7092.415971821174,2667.0
7092.415971821174,2555.0
8151.358533510938,2555.0
8151.358533510938,2429.0
8507.140053855255,2429.0
8507.140053855255,2555.0
18215.52669040393,2555.0
18215.52669040393,2883.0
29392.528093024157,2883.0
29392.528093024157,2667.0
64956.778258597486,2667.0
64956.778258597486,2555.0
86400.000002,2555.0
# temp #1685
0.0,2234.0
25156.347437971275,2234.0
25156.347437971275,2429.0
32056.347437971275,2429.0
32056.347437971275,2555.0
33856.34743797127,2555.0
33856.34743797127,2429.0
46756.34743797127,2429.0
46756.34743797127,2234.0
47056.34743797127,2234.0
47056.34743797127,2017.0
47356.34743797127,2017.0
47356.34743797127,2234.0
47656.34743797127,2234.0
47656.34743797127,2017.0
53869.4371451391,2017.0
53869.4371451391,2234.0
72827.28916236665,2234.0
72827.28916236665,2667.0
76044.94453214576,2667.0
76044.94453214576,2555.0
86400.000002,2555.0
# temp #1686
0.0,2234.0
3407.7690346632157,2234.0
3407.7690346632157,2017.0
55695.38699020632,2017.0
55695.38699020632,2234.0
69144.28676306272,2234.0
69144.28676306272,2017.0
86400.000002,2017.0
# temp #1687
0.0,2234.0
45181.5877042478,2234.0
45181.5877042478,2555.0
69245.03802226392,2555.0
69245.03802226392,2429.0
69829.90713785404,2429.0
69829.90713785404,2555.0
73009.39045760316,2555.0
73009.39045760316,2429.0
74067.022132664,2429.0
74067.022132664,2555.0
75246.89208862839,2555.0
75246.89208862839,2429.0
75546.89208862839,2429.0
75546.89208862839,2555.0
86400.0,2555.0
# temp #1688
0.0,2234.0
17071.7872369336,2234.0
17071.7872369336,2429.0
17378.946587350223,2429.0
17378.946587350223,2234.0
18012.646157573912,2234.0
18012.646157573912,2429.0
22196.4638073463,2429.0
22196.4638073463,2234.0
38817.510680202395,2234.0
38817.510680202395,2429.0
39229.2468612548,2429.0
39229.2468612548,2234.0
51451.245351391844,2234.0
51451.245351391844,2429.0
77022.6267790189,2429.0
77022.6267790189,2883.0
86400.000002,2883.0
# temp #1689
0.0,2234.0
15680.832568276677,2234.0
15680.832568276677,2883.0
17436.10694808886,2883.0
17436.10694808886,2667.0
19973.587304796096,2667.0
19973.587304796096,2883.0
53680.230040359325,2883.0
53680.230040359325,2429.0
81872.01908777935,2429.0
81872.01908777935,2234.0
86400.0,2234.0
# temp #1690
0.0,2234.0
7115.7067073509115,2234.0
7115.7067073509115,2667.0
23813.993468997076,2667.0
23813.993468997076,2555.0
24297.36632213463,2555.0
24297.36632213463,2667.0
52391.313115926474,2667.0
52391.313115926474,2555.0
52691.313115926474,2555.0
52691.313115926474,2667.0
53552.03880630435,2667.0
53552.03880630435,2555.0
54152.03880630435,2555.0
54152.03880630435,2667.0
61944.9913468212,2667.0
61944.9913468212,2555.0
72433.26253679117,2555.0
72433.26253679117,2429.0
86400.000002,2429.0
# temp #1691
0.0,2234.0
63662.495743506595,2234.0
63662.495743506595,2555.0
86400.000002,2555.0
# temp #1692
0.0,2234.0
7173.220924660565,2234.0
7173.220924660565,2667.0
44557.007919461474,2667.0
44557.007919461474,2555.0
45959.79818052147,2555.0
45959.79818052147,2667.0
70018.87145214716,2667.0
70018.87145214716,2555.0
70318.87145214716,2555.0
70318.87145214716,2667.0
70954.70453028103,2667.0
70954.70453028103,2555.0
71554.70453028103,2555.0
71554.70453028103,2667.0
86400.000002,2667.0
# temp #1693
0.0,2234.0
32692.24717319012,2234.0
32692.24717319012,2555.0
43076.41003495083,2555.0
43076.41003495083,2883.0
52606.03814022616,2883.0
52606.03814022616,2667.0
79522.92338227855,2667.0
79522.92338227855,2883.0
85034.80703118259,2883.0
85034.80703118259,2429.0
86400.000002,2429.0
# temp #1694
0.0,2234.0
19031.3890229445,2234.0
19031.3890229445,2555.0
23598.519127978947,2555.0
23598.519127978947,2667.0
24064.453891944144,2667.0
24064.453891944144,2555.0
30064.453891944144,2555.0
30064.453891944144,2429.0
32464.453891944144,2429.0
32464.453891944144,2234.0
36064.45389194415,2234.0
36064.45389194415,2429.0
37264.45389194415,2429.0
37264.45389194415,2234.0
42964.45389194415,2234.0
42964.45389194415,2429.0
75559.0985463001,2429.0
75559.0985463001,2555.0
77379.60928129034,2555.0
77379.60928129034,2667.0
86400.0,2667.0
# temp #1695
0.0,2234.0
50482.42011393887,2234.0
50482.42011393887,2555.0
56471.217944542885,2555.0
56471.217944542885,2429.0
86400.0,2429.0
# temp #1696
0.0,2234.0
29957.438753312457,2234.0
29957.438753312457,2555.0
32658.290778100494,2555.0
32658.290778100494,2429.0
33114.65840844904,2429.0
33114.65840844904,2555.0
54477.34964196571,2555.0
54477.34964196571,2429.0
55166.062610736124,2429.0
55166.062610736124,2555.0
55651.63339334541,2555.0
55651.63339334541,2429.0
55951.63339334541,2429.0
55951.63339334541,2555.0
57451.63339334541,2555.0
57451.63339334541,2429.0
67651.6333933454,2429.0
67651.6333933454,2234.0
86400.000002,2234.0
# temp #1697
0.0,2234.0
37384.772456344224,2234.0
37384.772456344224,2555.0
70824.38267190011,2555.0
70824.38267190011,2429.0
71276.73121285626,2429.0
71276.73121285626,2555.0
77616.95821385366,2555.0
77616.95821385366,2429.0
78051.1454730062,2429.0
78051.1454730062,2555.0
79546.8504732242,2555.0
79546.8504732242,2429.0
79846.8504732242,2429.0
79846.8504732242,2555.0
86400.000002,2555.0
# temp #1698
0.0,2234.0
8095.110496343115,2234.0
8095.110496343115,2883.0
9699.524500896225,2883.0
9699.524500896225,2667.0
12081.740850093776,2667.0
12081.740850093776,2883.0
26215.91162367259,2883.0
26215.91162367259,2429.0
33037.60128181894,2429.0
33037.60128181894,2555.0
39262.124581472024,2555.0
39262.124581472024,2667.0
58425.37211396267,2667.0
58425.37211396267,2883.0
76377.50130188653,2883.0
76377.50130188653,2429.0
80656.62152851002,2429.0
80656.62152851002,2555.0
86400.000002,2555.0
# temp #1699
0.0,2234.0
74440.04027643242,2234.0
74440.04027643242,2883.0
76840.04027643242,2883.0
76840.04027643242,2667.0
86400.000002,2667.0
# temp #1700
0.0,2234.0
63756.47065804806,2234.0
63756.47065804806,2555.0
68616.4098246256,2555.0
68616.4098246256,2667.0
78516.40982462559,2667.0
78516.40982462559,2555.0
83124.21374490952,2555.0
83124.21374490952,2429.0
86400.000002,2429.0
# temp #1701
0.0,2234.0
17333.55576214381,2234.0
17333.55576214381,2017.0
50573.96608209239,2017.0
50573.96608209239,2234.0
79289.86725937577,2234.0
79289.86725937577,2017.0
84827.30128406548,2017.0
84827.30128406548,2234.0
86400.000002,2234.0
# temp #1702
0.0,2234.0
9243.289264035413,2234.0
9243.289264035413,2555.0
12805.898560700009,2555.0
12805.898560700009,2667.0
19105.898560700007,2667.0
19105.898560700007,2555.0
20305.898560700007,2555.0
20305.898560700007,2429.0
63505.89856070001,2429.0
63505.89856070001,2234.0
83580.66396361683,2234.0
83580.66396361683,2429.0
86400.0,2429.0
# temp #1703
0.0,2234.0
4141.492717433722,2234.0
4141.492717433722,2667.0
9526.368493423799,2667.0
9526.368493423799,2555.0
10369.786334526727,2555.0
10369.786334526727,2667.0
12577.297584526243,2667.0
12577.297584526243,2555.0
12877.297584526243,2555.0
12877.297584526243,2667.0
13628.839281597177,2667.0
13628.839281597177,2555.0
14228.839281597177,2555.0
14228.839281597177,2667.0
32471.27837736626,2667.0
32471.27837736626,2555.0
63117.00385585429,2555.0
63117.00385585429,2429.0
86400.0,2429.0
# temp #1704
0.0,2234.0
24895.016195811335,2234.0
24895.016195811335,2429.0
56995.01619581133,2429.0
56995.01619581133,2555.0
57295.01619581133,2555.0
57295.01619581133,2667.0
86400.000002,2667.0
# temp #1705
0.0,2234.0
74232.04748143909,2234.0
74232.04748143909,2555.0
86400.0,2555.0
# temp #1706
0.0,2234.0
28196.50063309819,2234.0
28196.50063309819,2429.0
28796.50063309819,2429.0
28796.50063309819,2555.0
29930.98208997399,2555.0
29930.98208997399,2429.0
64655.5064743152,2429.0
64655.5064743152,2555.0
77788.80504404662,2555.0
77788.80504404662,2667.0
86400.0,2667.0
# temp #1707
0.0,2234.0
5939.849834656344,2234.0
5939.849834656344,2667.0
18285.846509272236,2667.0
18285.846509272236,2555.0
19481.915643112738,2555.0
19481.915643112738,2667.0
49783.054991718396,2667.0
49783.054991718396,2555.0
50383.054991718396,2555.0
50383.054991718396,2667.0
64714.31311536582,2667.0
64714.31311536582,2555.0
68998.40379897507,2555.0
68998.40379897507,2429.0
86400.0,2429.0
# temp #1708
0.0,2234.0
25636.27620788757,2234.0
25636.27620788757,2555.0
29995.18881097902,2555.0
29995.18881097902,2667.0
36295.18881097902,2667.0
36295.18881097902,2555.0
37495.18881097902,2555.0
37495.18881097902,2429.0
80695.18881097902,2429.0
80695.18881097902,2234.0
86400.000002,2234.0
# temp #1709
0.0,2234.0
24211.08723683283,2234.0
24211.08723683283,2429.0
24639.089015289213,2429.0
24639.089015289213,2555.0
25863.492225646045,2555.0
25863.492225646045,2429.0
44940.84435738624,2429.0
44940.84435738624,2555.0
78920.07339054254,2555.0
78920.07339054254,2429.0
86400.000002,2429.0
# temp #1710
0.0,2234.0
38677.71762362682,2234.0
38677.71762362682,2429.0
38977.71762362682,2429.0
38977.71762362682,2234.0
40141.45838089754,2234.0
40141.45838089754,2429.0
50258.52780283895,2429.0
50258.52780283895,2234.0
64860.27433897836,2234.0
64860.27433897836,2667.0
86400.000002,2667.0
# temp #1711
0.0,2234.0
5599.402898317204,2234.0
5599.402898317204,2017.0
29372.568490030248,2017.0
29372.568490030248,2234.0
58616.682276176296,2234.0
58616.682276176296,2017.0
86400.0,2017.0
# temp #1712
0.0,2234.0
8016.707572876477,2234.0
8016.707572876477,2429.0
8316.707572876476,2429.0
8316.707572876476,2234.0
34792.45383488014,2234.0
34792.45383488014,2429.0
61976.69019754977,2429.0
61976.69019754977,2234.0
69596.18740123698,2234.0
69596.18740123698,2429.0
86400.000002,2429.0
# temp #1713
0.0,2234.0
24498.659723578025,2234.0
24498.659723578025,2017.0
42421.424880484126,2017.0
42421.424880484126,2234.0
63595.599677553415,2234.0
63595.599677553415,2017.0
86400.0,2017.0
# temp #1714
0.0,2234.0
642.856236314401,2234.0
642.856236314401,2667.0
24556.786463619213,2667.0
24556.786463619213,2555.0
25984.381228149872,2555.0
25984.381228149872,2667.0
49863.8103544945,2667.0
49863.8103544945,2555.0
50163.8103544945,2555.0
50163.8103544945,2667.0
50463.8103544945,2667.0
50463.8103544945,2555.0
53763.8103544945,2555.0
53763.8103544945,2667.0
79263.81035449449,2667.0
79263.81035449449,2883.0
86400.000002,2883.0
# temp #1715
0.0,2234.0
5074.41778597422,2234.0
5074.41778597422,2017.0
20367.12174927816,2017.0
20367.12174927816,2234.0
32824.047706648715,2234.0
32824.047706648715,2017.0
79468.39331164958,2017.0
79468.39331164958,2234.0
86400.000002,2234.0
# temp #1716
0.0,2234.0
6019.6733399061495,2234.0
6019.6733399061495,2667.0
37757.30318161659,2667.0
37757.30318161659,2555.0
38422.60304731317,2555.0
38422.60304731317,2667.0
71886.05693019928,2667.0
71886.05693019928,2555.0
72186.05693019928,2555.0
72186.05693019928,2667.0
72974.94846791962,2667.0
72974.94846791962,2555.0
73574.94846791962,2555.0
73574.94846791962,2667.0
86400.000002,2667.0
# temp #1717
0.0,2234.0
3218.759073852562,2234.0
3218.759073852562,2667.0
28211.571316723715,2667.0
28211.571316723715,2555.0
29305.802807793956,2555.0
29305.802807793956,2667.0
40069.01201969013,2667.0
40069.01201969013,2555.0
43069.01201969013,2555.0
43069.01201969013,2667.0
69169.01201969013,2667.0
69169.01201969013,2883.0
86400.000002,2883.0
# temp #1718
0.0,2234.0
52392.81968702563,2234.0
52392.81968702563,2883.0
54792.81968702563,2883.0
54792.81968702563,2667.0
79425.92240930536,2667.0
79425.92240930536,2234.0
86400.0,2234.0
# temp #1719
0.0,2234.0
66674.66898704879,2234.0
66674.66898704879,2555.0
68401.82117933873,2555.0
68401.82117933873,2234.0
75990.35694936756,2234.0
75990.35694936756,2667.0
86400.000002,2667.0
# temp #1720
0.0,2234.0
4123.460075352342,2234.0
4123.460075352342,2667.0
50698.67319180631,2667.0
50698.67319180631,2555.0
51216.81652036496,2555.0
51216.81652036496,2429.0
64886.17802567315,2429.0
64886.17802567315,2555.0
70070.3136371216,2555.0
70070.3136371216,2667.0
76964.57387383563,2667.0
76964.57387383563,2234.0
82561.83764913586,2234.0
82561.83764913586,2429.0
86400.0,2429.0
# temp #1721
0.0,2234.0
7604.783869371751,2234.0
7604.783869371751,2667.0
40816.85583677609,2667.0
40816.85583677609,2555.0
41759.8325270461,2555.0
41759.8325270461,2667.0
43889.38274164685,2667.0
43889.38274164685,2555.0
46889.38274164685,2555.0
46889.38274164685,2667.0
72989.38274164684,2667.0
72989.38274164684,2883.0
86400.000002,2883.0
# temp #1722
0.0,2234.0
27746.07666442171,2234.0
27746.07666442171,2555.0
29474.32796407957,2555.0
29474.32796407957,2667.0
35774.327964079566,2667.0
35774.327964079566,2555.0
36974.327964079566,2555.0
36974.327964079566,2429.0
80174.32796407957,2429.0
80174.32796407957,2234.0
86400.000002,2234.0
# temp #1723
0.0,2234.0
2060.237660841085,2234.0
2060.237660841085,2667.0
30833.35094635841,2667.0
30833.35094635841,2555.0
31385.973731777634,2555.0
31385.973731777634,2667.0
37138.58408255038,2667.0
37138.58408255038,2555.0
37738.58408255038,2555.0
37738.58408255038,2667.0
50910.82409082446,2667.0
50910.82409082446,2555.0
53337.093465984806,2555.0
53337.093465984806,2429.0
86400.000002,2429.0
# temp #1724
0.0,2234.0
4891.672482155264,2234.0
4891.672482155264,2667.0
35065.38168203551,2667.0
35065.38168203551,2555.0
35547.432669089176,2555.0
35547.432669089176,2667.0
51761.9359754026,2667.0
51761.9359754026,2555.0
52361.9359754026,2555.0
52361.9359754026,2667.0
72224.67787172647,2667.0
72224.67787172647,2555.0
72634.64306574316,2555.0
72634.64306574316,2429.0
83353.84957669304,2429.0
83353.84957669304,2883.0
86400.0,2883.0
# temp #1725
0.0,2234.0
25914.884010376412,2234.0
25914.884010376412,2017.0
52415.34863901325,2017.0
52415.34863901325,2234.0
66499.7101774905,2234.0
66499.7101774905,2017.0
85183.67291931064,2017.0
85183.67291931064,2234.0
86400.000002,2234.0
# temp #1726
0.0,2234.0
44638.927695876926,2234.0
44638.927695876926,2429.0
45206.434376374826,2429.0
45206.434376374826,2555.0
48288.32190020476,2555.0
48288.32190020476,2429.0
64668.150569731384,2429.0
64668.150569731384,2555.0
86400.0,2555.0
# temp #1727
0.0,2234.0
70386.34357941338,2234.0
70386.34357941338,2555.0
86400.000002,2555.0
# temp #1728
0.0,2234.0
85559.31739623194,2234.0
85559.31739623194,2555.0
86400.000002,2555.0
# temp #1729
0.0,2234.0
76440.4281245079,2234.0
76440.4281245079,2555.0
86400.000002,2555.0
# temp #1730
0.0,2234.0
41598.604375426665,2234.0
41598.604375426665,2555.0
45235.41305854452,2555.0
45235.41305854452,2429.0
48559.0874870075,2429.0
48559.0874870075,2234.0
55772.67918549479,2234.0
55772.67918549479,2429.0
75502.79962888455,2429.0
75502.79962888455,2234.0
86400.000002,2234.0
# temp #1731
0.0,2234.0
68731.75439522603,2234.0
68731.75439522603,2555.0
70929.08628126608,2555.0
70929.08628126608,2667.0
77229.08628126608,2667.0
77229.08628126608,2555.0
78429.08628126608,2555.0
78429.08628126608,2429.0
86400.0,2429.0
# temp #1732
0.0,2234.0
39613.49911428989,2234.0
39613.49911428989,2429.0
40213.49911428989,2429.0
40213.49911428989,2555.0
41516.71078428627,2555.0
41516.71078428627,2429.0
77233.91746084673,2429.0
77233.91746084673,2555.0
82133.05564464537,2555.0
82133.05564464537,2667.0
86400.0,2667.0
# temp #1733
0.0,2234.0
20647.862781677395,2234.0
20647.862781677395,2429.0
21247.862781677395,2429.0
21247.862781677395,2555.0
21772.94413531199,2555.0
21772.94413531199,2429.0
52419.91773149931,2429.0
52419.91773149931,2555.0
63239.10418082961,2555.0
63239.10418082961,2667.0
86400.0,2667.0
# temp #1734
0.0,2234.0
18236.2818769645,2234.0
18236.2818769645,2555.0
18769.67631017324,2555.0
18769.67631017324,2667.0
19358.779337885793,2667.0
19358.779337885793,2555.0
19658.779337885793,2555.0
19658.779337885793,2667.0
23258.779337885793,2667.0
23258.779337885793,2555.0
24758.779337885793,2555.0
24758.779337885793,2429.0
28940.064853476364,2429.0
28940.064853476364,2234.0
41463.32570859232,2234.0
41463.32570859232,2667.0
58507.20109662508,2667.0
58507.20109662508,2555.0
82850.82247958054,2555.0
82850.82247958054,2429.0
86400.000002,2429.0
# temp #1735
0.0,2234.0
76638.79299005495,2234.0
76638.79299005495,2555.0
84232.75339035319,2555.0
84232.75339035319,2234.0
86400.000002,2234.0
# temp #1736
0.0,2234.0
24269.333023228686,2234.0
24269.333023228686,2555.0
36621.155848097995,2555.0
36621.155848097995,2429.0
63199.1225038888,2429.0
63199.1225038888,2234.0
63499.1225038888,2234.0
63499.1225038888,2017.0
83491.42038209831,2017.0
83491.42038209831,2883.0
86400.0,2883.0
# temp #1737
0.0,2234.0
37442.11767388043,2234.0
37442.11767388043,2555.0
41043.58988392633,2555.0
41043.58988392633,2667.0
50943.58988392633,2667.0
50943.58988392633,2555.0
52745.44686663431,2555.0
52745.44686663431,2429.0
55119.277684483684,2429.0
55119.277684483684,2667.0
69560.1509922417,2667.0
69560.1509922417,2555.0
86400.0,2555.0
# temp #1738
0.0,2234.0
21273.045817133974,2234.0
21273.045817133974,2555.0
23751.64499448147,2555.0
23751.64499448147,2667.0
24131.327341916043,2667.0
24131.327341916043,2555.0
30131.327341916043,2555.0
30131.327341916043,2429.0
32531.327341916043,2429.0
32531.327341916043,2234.0
36131.32734191604,2234.0
36131.32734191604,2429.0
37331.32734191604,2429.0
37331.32734191604,2234.0
43031.32734191604,2234.0
43031.32734191604,2429.0
45474.00460783393,2429.0
45474.00460783393,2555.0
46631.90284185112,2555.0
46631.90284185112,2667.0
65230.01439089422,2667.0
65230.01439089422,2555.0
81070.15633222183,2555.0
81070.15633222183,2667.0
86400.000002,2667.0
# temp #1739
0.0,2234.0
43063.30625626725,2234.0
43063.30625626725,2555.0
47585.00528305304,2555.0
47585.00528305304,2667.0
57485.00528305304,2667.0
57485.00528305304,2555.0
58123.32863628399,2555.0
58123.32863628399,2429.0
86400.000002,2429.0
# temp #1740
0.0,2234.0
44630.60722053052,2234.0
44630.60722053052,2429.0
45165.04124226049,2429.0
45165.04124226049,2555.0
48387.80230740086,2555.0
48387.80230740086,2429.0
68080.73796881364,2429.0
68080.73796881364,2883.0
84590.13958442958,2883.0
84590.13958442958,2667.0
86400.000002,2667.0
# temp #1741
0.0,2234.0
11947.761047584938,2234.0
11947.761047584938,2883.0
23047.761047584936,2883.0
23047.761047584936,2555.0
34789.41128309816,2555.0
34789.41128309816,2429.0
65902.36208124553,2429.0
65902.36208124553,2555.0
86400.000002,2555.0
# temp #1742
0.0,2234.0
37072.08985907492,2234.0
37072.08985907492,2555.0
55259.01553847363,2555.0
55259.01553847363,2429.0
55725.285265292056,2429.0
55725.285265292056,2555.0
60791.09374692199,2555.0
60791.09374692199,2429.0
61587.61678242592,2429.0
61587.61678242592,2555.0
62660.90438298417,2555.0
62660.90438298417,2429.0
62960.90438298417,2429.0
62960.90438298417,2555.0
63260.90438298417,2555.0
63260.90438298417,2429.0
63860.90438298417,2429.0
63860.90438298417,2555.0
65753.40514190031,2555.0
65753.40514190031,2429.0
76984.24131937792,2429.0
76984.24131937792,2555.0
82908.54484720623,2555.0
82908.54484720623,2667.0
86400.000002,2667.0
# temp #1743
0.0,2234.0
14131.51615506504,2234.0
14131.51615506504,2555.0
49014.664566074505,2555.0
49014.664566074505,2429.0
49430.585583834916,2429.0
49430.585583834916,2555.0
73878.35672108924,2555.0
73878.35672108924,2429.0
75028.13398812433,2429.0
75028.13398812433,2555.0
75815.64316072037,2555.0
75815.64316072037,2429.0
76115.64316072037,2429.0
76115.64316072037,2555.0
76415.64316072037,2555.0
76415.64316072037,2429.0
77015.64316072037,2429.0
77015.64316072037,2555.0
78079.84350838234,2555.0
78079.84350838234,2429.0
86400.0,2429.0
# temp #1744
0.0,2234.0
66905.22870901041,2234.0
66905.22870901041,2883.0
69305.22870901041,2883.0
69305.22870901041,2667.0
84007.01891547069,2667.0
84007.01891547069,2555.0
86400.0,2555.0
# temp #1745
0.0,2234.0
4173.804908478633,2234.0
4173.804908478633,2883.0
15273.804908478633,2883.0
15273.804908478633,2555.0
21877.744213398546,2555.0
21877.744213398546,2429.0
49749.54515774734,2429.0
49749.54515774734,2555.0
67590.023166826,2555.0
67590.023166826,2667.0
86400.000002,2667.0
# temp #1746
0.0,2234.0
42680.59808020481,2234.0
42680.59808020481,2555.0
43999.64965917171,2555.0
43999.64965917171,2667.0
44574.23723323737,2667.0
44574.23723323737,2555.0
44874.23723323737,2555.0
44874.23723323737,2667.0
48474.23723323737,2667.0
48474.23723323737,2555.0
49974.23723323737,2555.0
49974.23723323737,2429.0
65299.92966146675,2429.0
65299.92966146675,2234.0
85234.81671181509,2234.0
85234.81671181509,2429.0
86400.000002,2429.0
# temp #1747
0.0,2234.0
7550.479518854992,2234.0
7550.479518854992,2667.0
36387.98130797223,2667.0
36387.98130797223,2555.0
37685.15008175746,2555.0
37685.15008175746,2429.0
54671.7052498134,2429.0
54671.7052498134,2234.0
57718.274964205935,2234.0
57718.274964205935,2429.0
76227.15894263239,2429.0
76227.15894263239,2555.0
83997.3205407383,2555.0
83997.3205407383,2429.0
86400.000002,2429.0
# temp #1748
0.0,2234.0
41183.19195639343,2234.0
41183.19195639343,2555.0
44869.87526351587,2555.0
44869.87526351587,2429.0
45219.73305449356,2429.0
45219.73305449356,2555.0
59848.76204137691,2555.0
59848.76204137691,2429.0
60444.914889754735,2429.0
60444.914889754735,2555.0
61063.11566107907,2555.0
61063.11566107907,2429.0
86400.0,2429.0
# temp #1749
0.0,2234.0
4896.288459305652,2234.0
4896.288459305652,2667.0
52728.30941209105,2667.0
52728.30941209105,2555.0
54049.64745927137,2555.0
54049.64745927137,2667.0
75705.57122526226,2667.0
75705.57122526226,2555.0
76305.57122526226,2555.0
76305.57122526226,2667.0
86400.000002,2667.0
# temp #1750
0.0,2234.0
1165.7810704316944,2234.0
1165.7810704316944,2667.0
9395.735068595968,2667.0
9395.735068595968,2555.0
10869.055990199558,2555.0
10869.055990199558,2667.0
17585.22915362846,2667.0
17585.22915362846,2555.0
18185.22915362846,2555.0
18185.22915362846,2667.0
31706.967645487748,2667.0
31706.967645487748,2555.0
35613.60974495765,2555.0
35613.60974495765,2429.0
57298.153454228304,2429.0
57298.153454228304,2555.0
60335.38368644659,2555.0
60335.38368644659,2429.0
75311.99186209124,2429.0
75311.99186209124,2555.0
80263.02209913266,2555.0
80263.02209913266,2667.0
86400.0,2667.0
# temp #1751
0.0,2234.0
3748.602094268427,2234.0
3748.602094268427,2667.0
9942.919369298035,2667.0
9942.919369298035,2555.0
10609.278103779072,2555.0
10609.278103779072,2667.0
34189.838663488634,2667.0
34189.838663488634,2555.0
34489.838663488634,2555.0
34489.838663488634,2429.0
39412.530246586546,2429.0
39412.530246586546,2555.0
69595.16748699827,2555.0
69595.16748699827,2429.0
85977.35417860096,2429.0
85977.35417860096,2555.0
86400.0,2555.0
# temp #1752
0.0,2234.0
36439.37766468153,2234.0
36439.37766468153,2429.0
37039.37766468153,2429.0
37039.37766468153,2555.0
38609.68227786944,2555.0
38609.68227786944,2429.0
56946.90557979049,2429.0
56946.90557979049,2883.0
85936.06762331912,2883.0
85936.06762331912,2429.0
86400.0,2429.0
# temp #1753
0.0,2234.0
1270.5981130013242,2234.0
1270.5981130013242,2429.0
33370.598113001324,2429.0
33370.598113001324,2555.0
33670.598113001324,2555.0
33670.598113001324,2667.0
52454.17363329325,2667.0
52454.17363329325,2555.0
68410.69094196428,2555.0
68410.69094196428,2667.0
76615.2345417766,2667.0
76615.2345417766,2555.0
86400.0,2555.0
# temp #1754
0.0,2234.0
37617.58314426989,2234.0
37617.58314426989,2429.0
37957.72243249231,2429.0
37957.72243249231,2234.0
38664.90622234997,2234.0
38664.90622234997,2429.0
40384.381718072116,2429.0
40384.381718072116,2234.0
64269.57609762905,2234.0
64269.57609762905,2429.0
65695.99968593103,2429.0
65695.99968593103,2555.0
66207.23676772324,2555.0
66207.23676772324,2429.0
66507.23676772324,2429.0
66507.23676772324,2555.0
86400.000002,2555.0
# temp #1755
0.0,2234.0
5073.899933695794,2234.0
5073.899933695794,2667.0
17184.035152033906,2667.0
17184.035152033906,2555.0
18565.580624830913,2555.0
18565.580624830913,2667.0
29652.746464172385,2667.0
29652.746464172385,2555.0
29952.746464172385,2555.0
29952.746464172385,2667.0
30707.399423397153,2667.0
30707.399423397153,2555.0
31307.399423397153,2555.0
31307.399423397153,2667.0
43697.90050992743,2667.0
43697.90050992743,2234.0
44818.19600444288,2234.0
44818.19600444288,2667.0
56222.21235763282,2667.0
56222.21235763282,2883.0
59378.31816086546,2883.0
59378.31816086546,2667.0
86400.0,2667.0
# temp #1756
0.0,2234.0
10124.008165765556,2234.0
10124.008165765556,2429.0
10611.264941096308,2429.0
10611.264941096308,2555.0
12552.672297880055,2555.0
12552.672297880055,2429.0
25645.463603222746,2429.0
25645.463603222746,2555.0
51141.772136022344,2555.0
51141.772136022344,2429.0
51751.69603961986,2429.0
51751.69603961986,2555.0
62796.551659726545,2555.0
62796.551659726545,2429.0
86400.000002,2429.0
# temp #1757
0.0,2234.0
12010.274286009373,2234.0
12010.274286009373,2017.0
23575.58188615367,2017.0
23575.58188615367,2234.0
30916.92088292912,2234.0
30916.92088292912,2017.0
34849.976829718806,2017.0
34849.976829718806,2234.0
63577.13646199555,2234.0
63577.13646199555,2017.0
86400.000002,2017.0
# temp #1758
0.0,2234.0
16616.223937785257,2234.0
16616.223937785257,2883.0
16988.440390233885,2883.0
16988.440390233885,2667.0
21765.245715714995,2667.0
21765.245715714995,2883.0
49133.74042944053,2883.0
49133.74042944053,2429.0
56564.99701053837,2429.0
56564.99701053837,2555.0
56842.84494656605,2555.0
56842.84494656605,2429.0
65836.56864103397,2429.0
65836.56864103397,2234.0
73771.45130918363,2234.0
73771.45130918363,2429.0
86400.000002,2429.0
# temp #1759
0.0,2234.0
816.0746382549406,2234.0
816.0746382549406,2555.0
31318.678430328153,2555.0
31318.678430328153,2429.0
31727.037301613025,2429.0
31727.037301613025,2555.0
53073.76718348825,2555.0
53073.76718348825,2429.0
53601.25931294171,2429.0
53601.25931294171,2234.0
79746.97488017847,2234.0
79746.97488017847,2429.0
86400.000002,2429.0
# temp #1760
0.0,2234.0
7600.451913010331,2234.0
7600.451913010331,2667.0
41394.55765332096,2667.0
41394.55765332096,2555.0
42779.68100295403,2555.0
42779.68100295403,2667.0
70424.9119955348,2667.0
70424.9119955348,2555.0
73424.9119955348,2555.0
73424.9119955348,2667.0
86400.0,2667.0
# temp #1761
0.0,2234.0
73599.60007101764,2234.0
73599.60007101764,2883.0
75999.60007101764,2883.0
75999.60007101764,2667.0
86400.000002,2667.0
# temp #1762
0.0,2234.0
38080.08609758691,2234.0
38080.08609758691,2555.0
72859.46686794051,2555.0
72859.46686794051,2429.0
73378.59239112587,2429.0
73378.59239112587,2555.0
86400.0,2555.0
# temp #1763
0.0,2234.0
85014.72733835691,2234.0
85014.72733835691,2555.0
86400.0,2555.0
# temp #1764
0.0,2234.0
2176.50204228703,2234.0
2176.50204228703,2667.0
30483.77746974584,2667.0
30483.77746974584,2555.0
31883.499183948155,2555.0
31883.499183948155,2667.0
45315.33859397751,2667.0
45315.33859397751,2555.0
45615.33859397751,2555.0
45615.33859397751,2667.0
46391.85415471439,2667.0
46391.85415471439,2555.0
46991.85415471439,2555.0
46991.85415471439,2667.0
55901.10758647789,2667.0
55901.10758647789,2555.0
59992.007745313465,2555.0
59992.007745313465,2429.0
83727.50820333605,2429.0
83727.50820333605,2555.0
86400.000002,2555.0
# temp #1765
0.0,2234.0
56329.28346607369,2234.0
56329.28346607369,2883.0
58729.28346607369,2883.0
58729.28346607369,2667.0
86400.0,2667.0
# temp #1766
0.0,2234.0
73610.79248401802,2234.0
73610.79248401802,2555.0
86400.000002,2555.0
# temp #1767
0.0,2234.0
80183.6243103957,2234.0
80183.6243103957,2555.0
86400.0,2555.0
# temp #1768
0.0,2234.0
8921.787953423338,2234.0
8921.787953423338,2017.0
64597.403453104205,2017.0
64597.403453104205,2234.0
69436.99881434442,2234.0
69436.99881434442,2017.0
80294.28492598237,2017.0
80294.28492598237,2234.0
81610.48874063419,2234.0
81610.48874063419,2017.0
86400.0,2017.0
# temp #1769
0.0,2234.0
1211.3259520148858,2234.0
1211.3259520148858,2667.0
42829.50690030121,2667.0
42829.50690030121,2555.0
44139.91387845018,2555.0
44139.91387845018,2667.0
47017.42329855916,2667.0
47017.42329855916,2555.0
47617.42329855916,2555.0
47617.42329855916,2667.0
60771.592365740806,2667.0
60771.592365740806,2555.0
63170.32894471195,2555.0
63170.32894471195,2429.0
75862.99513250125,2429.0
75862.99513250125,2234.0
86400.0,2234.0
# temp #1770
0.0,2234.0
7639.937069057488,2234.0
7639.937069057488,2429.0
8053.11650640797,2429.0
8053.11650640797,2555.0
11558.11473510694,2555.0
11558.11473510694,2429.0
28661.62631171756,2429.0
28661.62631171756,2555.0
60770.21729678383,2555.0
60770.21729678383,2429.0
80544.82935934795,2429.0
80544.82935934795,2234.0
86400.000002,2234.0
# temp #1771
0.0,2234.0
51227.65870720614,2234.0
51227.65870720614,2883.0
53627.65870720614,2883.0
53627.65870720614,2667.0
74878.44947297126,2667.0
74878.44947297126,2555.0
76873.68347416632,2555.0
76873.68347416632,2429.0
82662.40794004407,2429.0
82662.40794004407,2555.0
86400.0,2555.0
# temp #1772
0.0,2234.0
4801.245085475967,2234.0
4801.245085475967,2017.0
14629.099735524509,2017.0
14629.099735524509,2234.0
33352.867706213154,2234.0
33352.867706213154,2017.0
56863.388224225506,2017.0
56863.388224225506,2234.0
60573.503850493595,2234.0
60573.503850493595,2017.0
66643.68970454672,2017.0
66643.68970454672,2234.0
86400.0,2234.0
# temp #1773
0.0,2234.0
14973.69188340381,2234.0
14973.69188340381,2555.0
16342.097343248317,2555.0
16342.097343248317,2667.0
16824.480725708418,2667.0
16824.480725708418,2555.0
17124.480725708418,2555.0
17124.480725708418,2667.0
20724.480725708418,2667.0
20724.480725708418,2555.0
22224.480725708418,2555.0
22224.480725708418,2429.0
41413.36146877148,2429.0
41413.36146877148,2234.0
43810.58717421257,2234.0
43810.58717421257,2667.0
81622.5130540319,2667.0
81622.5130540319,2555.0
86400.0,2555.0
# temp #1774
0.0,2234.0
33182.80164187309,2234.0
33182.80164187309,2555.0
53552.91700882373,2555.0
53552.91700882373,2429.0
86400.0,2429.0
# temp #1775
0.0,2234.0
39997.51667284873,2234.0
39997.51667284873,2555.0
42711.272935196765,2555.0
42711.272935196765,2667.0
52611.272935196765,2667.0
52611.272935196765,2555.0
55112.64148391784,2555.0
55112.64148391784,2429.0
81083.29341220671,2429.0
81083.29341220671,2555.0
86400.000002,2555.0
# temp #1776
0.0,2234.0
52703.76864590217,2234.0
52703.76864590217,2429.0
53003.76864590217,2429.0
53003.76864590217,2234.0
72790.83282093053,2234.0
72790.83282093053,2667.0
82968.85106228293,2667.0
82968.85106228293,2555.0
86400.000002,2555.0
# temp #1777
0.0,2234.0
44836.21076066048,2234.0
44836.21076066048,2555.0
52286.70243658126,2555.0
52286.70243658126,2667.0
81403.82571627853,2667.0
81403.82571627853,2555.0
86400.0,2555.0
# temp #1778
0.0,2234.0
1063.6229775147513,2234.0
1063.6229775147513,2667.0
30760.30728039332,2667.0
30760.30728039332,2555.0
31737.36222018488,2555.0
31737.36222018488,2429.0
80365.3429592494,2429.0
80365.3429592494,2883.0
86400.0,2883.0
# temp #1779
0.0,2234.0
22811.4966000896,2234.0
22811.4966000896,2017.0
79970.48962977716,2017.0
79970.48962977716,2234.0
86212.71321340466,2234.0
86212.71321340466,2017.0
86400.000002,2017.0
# temp #1780
0.0,2234.0
42450.74340901338,2234.0
42450.74340901338,2429.0
74550.74340901338,2429.0
74550.74340901338,2555.0
74850.74340901338,2555.0
74850.74340901338,2667.0
86400.000002,2667.0
# temp #1781
0.0,2234.0
4218.30973061733,2234.0
4218.30973061733,2667.0
14521.765723731372,2667.0
14521.765723731372,2555.0
15092.943807598207,2555.0
15092.943807598207,2667.0
53200.514331925675,2667.0
53200.514331925675,2555.0
53500.514331925675,2555.0
53500.514331925675,2667.0
54352.04593080563,2667.0
54352.04593080563,2555.0
54952.04593080563,2555.0
54952.04593080563,2667.0
86400.000002,2667.0
# temp #1782
0.0,2234.0
7319.502226123588,2234.0
7319.502226123588,2667.0
20253.798035276126,2667.0
20253.798035276126,2555.0
21170.104400371205,2555.0
21170.104400371205,2429.0
42355.39476026316,2429.0
42355.39476026316,2883.0
56664.03301258107,2883.0
56664.03301258107,2429.0
76539.12809521427,2429.0
76539.12809521427,2883.0
86400.000002,2883.0
# temp #1783
0.0,2234.0
4125.680122151972,2234.0
4125.680122151972,2667.0
12786.106341029521,2667.0
12786.106341029521,2555.0
13897.859705588784,2555.0
13897.859705588784,2429.0
50989.64033683298,2429.0
50989.64033683298,2555.0
68248.34430185148,2555.0
68248.34430185148,2429.0
86400.0,2429.0
# temp #1784
0.0,2234.0
18676.298760320064,2234.0
18676.298760320064,2555.0
47886.72863196117,2555.0
47886.72863196117,2429.0
48354.54268804752,2429.0
48354.54268804752,2555.0
68356.38780822048,2555.0
68356.38780822048,2429.0
69330.07357232274,2429.0
69330.07357232274,2234.0
79649.23397060485,2234.0
79649.23397060485,2667.0
86400.0,2667.0
# temp #1785
0.0,2234.0
66036.92793720403,2234.0
66036.92793720403,2555.0
69583.17724973896,2555.0
69583.17724973896,2429.0
69983.93476805651,2429.0
69983.93476805651,2555.0
80411.17903206033,2555.0
80411.17903206033,2429.0
81585.87406694425,2429.0
81585.87406694425,2555.0
82884.69558691142,2555.0
82884.69558691142,2429.0
83184.69558691142,2429.0
83184.69558691142,2555.0
84684.69558691142,2555.0
84684.69558691142,2429.0
86400.0,2429.0
# temp #1786
0.0,2234.0
45400.53772386164,2234.0
45400.53772386164,2555.0
75682.12434528397,2555.0
75682.12434528397,2429.0
86400.0,2429.0
# temp #1787
0.0,2234.0
44569.03042949271,2234.0
44569.03042949271,2555.0
62085.60528417585,2555.0
62085.60528417585,2429.0
62443.71700705962,2429.0
62443.71700705962,2555.0
69442.33330052813,2555.0
69442.33330052813,2429.0
70633.29591213261,2429.0
70633.29591213261,2555.0
72124.32570133825,2555.0
72124.32570133825,2429.0
86400.000002,2429.0
# temp #1788
0.0,2234.0
19085.900476318788,2234.0
19085.900476318788,2555.0
33134.265221958056,2555.0
33134.265221958056,2429.0
35351.86343968381,2429.0
35351.86343968381,2234.0
35651.86343968381,2234.0
35651.86343968381,2017.0
63959.80355890934,2017.0
63959.80355890934,2555.0
80273.05224251469,2555.0
80273.05224251469,2667.0
86400.0,2667.0
# temp #1789
0.0,2234.0
3092.644253605977,2234.0
3092.644253605977,2667.0
23521.06666308828,2667.0
23521.06666308828,2555.0
24283.156050788242,2555.0
24283.156050788242,2667.0
51211.31916276646,2667.0
51211.31916276646,2555.0
51511.31916276646,2555.0
51511.31916276646,2667.0
51811.31916276646,2667.0
51811.31916276646,2555.0
55111.31916276646,2555.0
55111.31916276646,2667.0
80611.31916276645,2667.0
80611.31916276645,2883.0
86400.000002,2883.0
# temp #1790
0.0,2234.0
31183.906909707006,2234.0
31183.906909707006,2555.0
40709.22569010873,2555.0
40709.22569010873,2429.0
57995.69447461982,2429.0
57995.69447461982,2234.0
65815.29234666379,2234.0
65815.29234666379,2429.0
85754.98294977007,2429.0
85754.98294977007,2234.0
86400.000002,2234.0
# temp #1791
0.0,2234.0
34923.58463751153,2234.0
34923.58463751153,2429.0
67023.58463751152,2429.0
67023.58463751152,2555.0
67323.58463751152,2555.0
67323.58463751152,2667.0
86400.0,2667.0
# temp #1792
0.0,2234.0
44545.62378579286,2234.0
44545.62378579286,2555.0
47209.758890792735,2555.0
47209.758890792735,2667.0
47660.79690917396,2667.0
47660.79690917396,2555.0
53660.79690917396,2555.0
53660.79690917396,2429.0
56060.79690917396,2429.0
56060.79690917396,2234.0
59660.79690917396,2234.0
59660.79690917396,2429.0
60860.79690917396,2429.0
60860.79690917396,2234.0
66560.79690917397,2234.0
66560.79690917397,2429.0
72129.76183793509,2429.0
72129.76183793509,2555.0
83522.01326857322,2555.0
83522.01326857322,2667.0
86400.000002,2667.0
# temp #1793
0.0,2234.0
11167.236861423591,2234.0
11167.236861423591,2429.0
11586.214300082067,2429.0
11586.214300082067,2555.0
16183.917329669934,2555.0
16183.917329669934,2429.0
34535.10319604539,2429.0
34535.10319604539,2555.0
39419.06449072995,2555.0
39419.06449072995,2667.0
49831.21070754716,2667.0
49831.21070754716,2883.0
56837.74486505428,2883.0
56837.74486505428,2667.0
77312.13322696277,2667.0
77312.13322696277,2883.0
86400.000002,2883.0
# temp #1794
0.0,2234.0
71172.9037729092,2234.0
71172.9037729092,2555.0
86400.0,2555.0
# temp #1795
0.0,2234.0
1792.152461735532,2234.0
1792.152461735532,2667.0
15867.711722943934,2667.0
15867.711722943934,2555.0
16283.659848477693,2555.0
16283.659848477693,2667.0
42497.67362417188,2667.0
42497.67362417188,2555.0
42797.67362417188,2555.0
42797.67362417188,2667.0
43097.67362417188,2667.0
43097.67362417188,2555.0
46397.67362417188,2555.0
46397.67362417188,2667.0
71897.67362417188,2667.0
71897.67362417188,2883.0
86400.000002,2883.0
# temp #1796
0.0,2234.0
4543.832368031145,2234.0
4543.832368031145,2555.0
31665.128374239433,2555.0
31665.128374239433,2429.0
32175.739638623785,2429.0
32175.739638623785,2555.0
39483.39527500794,2555.0
39483.39527500794,2429.0
40075.20305011422,2429.0
40075.20305011422,2555.0
40610.68113315851,2555.0
40610.68113315851,2429.0
86400.0,2429.0
# temp #1797
0.0,2234.0
29802.33969872352,2234.0
29802.33969872352,2429.0
30322.343439375985,2429.0
30322.343439375985,2234.0
31076.13193234429,2234.0
31076.13193234429,2429.0
35044.80598820374,2429.0
35044.80598820374,2234.0
35680.5759363575,2234.0
35680.5759363575,2429.0
36984.90918239114,2429.0
36984.90918239114,2555.0
37743.72299748939,2555.0
37743.72299748939,2429.0
86400.0,2429.0
# temp #1798
0.0,2234.0
1346.746724098921,2234.0
1346.746724098921,2017.0
32814.47479985654,2017.0
32814.47479985654,2234.0
63732.8593377024,2234.0
63732.8593377024,2017.0
86400.000002,2017.0
# temp #1799
0.0,2234.0
45289.67106097844,2234.0
45289.67106097844,2429.0
45783.44438765199,2429.0
45783.44438765199,2555.0
50386.71985734255,2555.0
50386.71985734255,2429.0
60677.887814445436,2429.0
60677.887814445436,2234.0
64978.20710765665,2234.0
64978.20710765665,2429.0
68496.13241397312,2429.0
68496.13241397312,2234.0
75431.8670368055,2234.0
75431.8670368055,2667.0
86400.000002,2667.0
# temp #1800
0.0,2234.0
2780.9798957314347,2234.0
2780.9798957314347,2555.0
26952.654775651175,2555.0
26952.654775651175,2429.0
27342.223976296376,2429.0
27342.223976296376,2555.0
37105.68480463699,2555.0
37105.68480463699,2429.0
37808.00191685558,2429.0
37808.00191685558,2234.0
56808.931774017416,2234.0
56808.931774017416,2429.0
84790.38764198778,2429.0
84790.38764198778,2555.0
86400.0,2555.0
# temp #1801
0.0,2234.0
23556.458799331453,2234.0
23556.458799331453,2429.0
23988.793792761866,2429.0
23988.793792761866,2555.0
24439.462913386527,2555.0
24439.462913386527,2429.0
52758.79758317024,2429.0
52758.79758317024,2883.0
61187.00350094587,2883.0
61187.00350094587,2429.0
80308.42676293106,2429.0
80308.42676293106,2883.0
86400.000002,2883.0
# temp #1802
0.0,2234.0
65952.71960163956,2234.0
65952.71960163956,2555.0
82625.57533455548,2555.0
82625.57533455548,2429.0
86400.0,2429.0
# temp #1803
0.0,2234.0
15859.8027771106,2234.0
15859.8027771106,2555.0
37610.531807527885,2555.0
37610.531807527885,2429.0
40066.72263129149,2429.0
40066.72263129149,2234.0
40366.72263129149,2234.0
40366.72263129149,2017.0
50562.41515811999,2017.0
50562.41515811999,2555.0
67128.59169607983,2555.0
67128.59169607983,2429.0
68809.5587097807,2429.0
68809.5587097807,2555.0
77881.87736410183,2555.0
77881.87736410183,2667.0
85183.41503029225,2667.0
85183.41503029225,2883.0
86400.000002,2883.0
# temp #1804
0.0,2234.0
73278.18148965017,2234.0
73278.18148965017,2883.0
75678.18148965017,2883.0
75678.18148965017,2667.0
86400.000002,2667.0
# temp #1805
0.0,2234.0
51038.35932780058,2234.0
51038.35932780058,2555.0
68319.26906984301,2555.0
68319.26906984301,2667.0
74221.91391766538,2667.0
74221.91391766538,2555.0
86400.0,2555.0
# temp #1806
0.0,2234.0
38505.803638394,2234.0
38505.803638394,2429.0
38945.88123145514,2429.0
38945.88123145514,2555.0
39487.95156734996,2555.0
39487.95156734996,2429.0
63366.86199638063,2429.0
63366.86199638063,2555.0
79688.27734098306,2555.0
79688.27734098306,2429.0
86400.0,2429.0
# temp #1807
0.0,2234.0
68786.66650035884,2234.0
68786.66650035884,2555.0
76398.26641345862,2555.0
76398.26641345862,2234.0
86400.000002,2234.0
# temp #1808
0.0,2234.0
6769.405185361395,2234.0
6769.405185361395,2667.0
52289.84665183817,2667.0
52289.84665183817,2555.0
53170.79661490862,2555.0
53170.79661490862,2667.0
76815.01970782412,2667.0
76815.01970782412,2555.0
77115.01970782412,2555.0
77115.01970782412,2667.0
77738.23742475362,2667.0
77738.23742475362,2555.0
78338.23742475362,2555.0
78338.23742475362,2667.0
80483.20247449448,2667.0
80483.20247449448,2555.0
86400.0,2555.0
# temp #1809
0.0,2234.0
19260.00001933426,2234.0
19260.00001933426,2429.0
19820.140086673204,2429.0
19820.140086673204,2555.0
23008.537588454787,2555.0
23008.537588454787,2429.0
36441.55535800383,2429.0
36441.55535800383,2234.0
42294.127843156464,2234.0
42294.127843156464,2429.0
46607.85066455138,2429.0
46607.85066455138,2555.0
77877.05480705482,2555.0
77877.05480705482,2429.0
86400.0,2429.0
# temp #1810
0.0,2234.0
44121.37151935604,2234.0
44121.37151935604,2555.0
81690.32823785675,2555.0
81690.32823785675,2429.0
82140.46304016376,2429.0
82140.46304016376,2555.0
86400.000002,2555.0
# temp #1811
0.0,2234.0
56960.74549995829,2234.0
56960.74549995829,2555.0
86400.0,2555.0
# temp #1812
0.0,2234.0
56387.71212925204,2234.0
56387.71212925204,2429.0
56833.01603870933,2429.0
56833.01603870933,2555.0
60515.296126180336,2555.0
60515.296126180336,2429.0
76420.46863152647,2429.0
76420.46863152647,2555.0
82429.33884914966,2555.0
82429.33884914966,2429.0
86400.000002,2429.0
# temp #1813
0.0,2234.0
534.3370744027197,2234.0
534.3370744027197,2017.0
20389.991195965562,2017.0
20389.991195965562,2234.0
56223.12398292126,2234.0
56223.12398292126,2017.0
66596.74680009486,2017.0
66596.74680009486,2234.0
86400.0,2234.0
# temp #1814
0.0,2234.0
50923.28398937825,2234.0
50923.28398937825,2883.0
53323.28398937825,2883.0
53323.28398937825,2667.0
66338.23012481444,2667.0
66338.23012481444,2234.0
74703.65698384121,2234.0
74703.65698384121,2429.0
84833.19778216537,2429.0
84833.19778216537,2555.0
85378.78042256925,2555.0
85378.78042256925,2429.0
86400.0,2429.0
# temp #1815
0.0,2234.0
76018.5458017979,2234.0
76018.5458017979,2555.0
86400.0,2555.0
# temp #1816
0.0,2234.0
12266.344839893281,2234.0
12266.344839893281,2017.0
13881.750345602632,2017.0
13881.750345602632,2234.0
50276.50892939419,2234.0
50276.50892939419,2017.0
74130.81391565503,2017.0
74130.81391565503,2234.0
86400.0,2234.0
# temp #1817
0.0,2234.0
45521.283366554424,2234.0
45521.283366554424,2429.0
46108.747916319415,2429.0
46108.747916319415,2555.0
46869.90594046657,2555.0
46869.90594046657,2429.0
60743.625683547005,2429.0
60743.625683547005,2555.0
78226.54242601713,2555.0
78226.54242601713,2429.0
86400.000002,2429.0
# temp #1818
0.0,2234.0
14468.851717142392,2234.0
14468.851717142392,2883.0
25568.851717142392,2883.0
25568.851717142392,2555.0
36679.12995200605,2555.0
36679.12995200605,2429.0
53509.00655407459,2429.0
53509.00655407459,2883.0
58872.20440311358,2883.0
58872.20440311358,2667.0
62083.98493817077,2667.0
62083.98493817077,2883.0
77422.96813772993,2883.0
77422.96813772993,2667.0
86400.000002,2667.0
# temp #1819
0.0,2234.0
29085.54094322026,2234.0
29085.54094322026,2017.0
52061.45555838012,2017.0
52061.45555838012,2234.0
86400.0,2234.0
# temp #1820
0.0,2234.0
38043.03902336397,2234.0
38043.03902336397,2429.0
44943.03902336397,2429.0
44943.03902336397,2555.0
46743.03902336397,2555.0
46743.03902336397,2429.0
59643.03902336397,2429.0
59643.03902336397,2234.0
59943.03902336397,2234.0
59943.03902336397,2017.0
60243.03902336397,2017.0
60243.03902336397,2234.0
60543.03902336397,2234.0
60543.03902336397,2017.0
67517.3140879255,2017.0
67517.3140879255,2234.0
84195.76497967356,2234.0
84195.76497967356,2667.0
86400.0,2667.0
# temp #1821
0.0,2234.0
11517.183693568224,2234.0
11517.183693568224,2555.0
24395.508420816626,2555.0
24395.508420816626,2429.0
65281.62352403162,2429.0
65281.62352403162,2234.0
68098.00150401426,2234.0
68098.00150401426,2429.0
77149.66456037948,2429.0
77149.66456037948,2234.0
86400.0,2234.0
# temp #1822
0.0,2234.0
983.3678493043409,2234.0
983.3678493043409,2667.0
31705.546676740054,2667.0
31705.546676740054,2555.0
32844.631854537874,2555.0
32844.631854537874,2429.0
40341.50662366301,2429.0
40341.50662366301,2883.0
48768.46548537724,2883.0
48768.46548537724,2429.0
50356.67127070483,2429.0
50356.67127070483,2555.0
61132.35490678344,2555.0
61132.35490678344,2429.0
76733.27998048626,2429.0
76733.27998048626,2555.0
86400.0,2555.0
# temp #1823
0.0,2234.0
56178.774551628165,2234.0
56178.774551628165,2883.0
58578.774551628165,2883.0
58578.774551628165,2667.0
67637.65926605558,2667.0
67637.65926605558,2555.0
71813.10119361152,2555.0
71813.10119361152,2667.0
76497.63762115037,2667.0
76497.63762115037,2555.0
86400.0,2555.0
# temp #1824
0.0,2234.0
8520.806176308544,2234.0
8520.806176308544,2017.0
38672.89809035138,2017.0
38672.89809035138,2234.0
77437.37548012288,2234.0
77437.37548012288,2017.0
86400.000002,2017.0
# temp #1825
0.0,2234.0
12734.534064447507,2234.0
12734.534064447507,2429.0
13199.147817562334,2429.0
13199.147817562334,2234.0
13968.364069936797,2234.0
13968.364069936797,2429.0
19373.61665563658,2429.0
19373.61665563658,2234.0
21738.185060885735,2234.0
21738.185060885735,2429.0
22321.927962522022,2429.0
22321.927962522022,2234.0
37125.81557685044,2234.0
37125.81557685044,2667.0
40313.78482736182,2667.0
40313.78482736182,2234.0
56441.99803182856,2234.0
56441.99803182856,2429.0
57048.768748319715,2429.0
57048.768748319715,2555.0
72883.2898884779,2555.0
72883.2898884779,2429.0
86400.0,2429.0
# temp #1826
0.0,2234.0
7919.207014935093,2234.0
7919.207014935093,2667.0
29752.27976599709,2667.0
29752.27976599709,2555.0
30480.31608369202,2555.0
30480.31608369202,2667.0
65475.10659357069,2667.0
65475.10659357069,2555.0
66075.10659357069,2555.0
66075.10659357069,2667.0
83866.47540230771,2667.0
83866.47540230771,2555.0
86400.000002,2555.0
# temp #1827
0.0,2234.0
40084.06922025607,2234.0
40084.06922025607,2017.0
73456.54532555492,2017.0
73456.54532555492,2234.0
86400.000002,2234.0
# temp #1828
0.0,2234.0
16256.335632456468,2234.0
16256.335632456468,2017.0
54854.70119048842,2017.0
54854.70119048842,2234.0
64740.78010017984,2234.0
64740.78010017984,2017.0
86400.0,2017.0
# temp #1829
0.0,2234.0
13846.417562174613,2234.0
13846.417562174613,2883.0
24946.41756217461,2883.0
24946.41756217461,2555.0
45435.78830044717,2555.0
45435.78830044717,2429.0
50573.67097246461,2429.0
50573.67097246461,2234.0
60295.2206043061,2234.0
60295.2206043061,2667.0
81579.19958434069,2667.0
81579.19958434069,2883.0
86400.0,2883.0
# temp #1830
0.0,2234.0
19657.081682933498,2234.0
19657.081682933498,2555.0
22181.58827265725,2555.0
22181.58827265725,2667.0
28481.58827265725,2667.0
28481.58827265725,2555.0
29681.58827265725,2555.0
29681.58827265725,2429.0
72881.58827265725,2429.0
72881.58827265725,2234.0
78244.35984632,2234.0
78244.35984632,2667.0
86400.000002,2667.0
# temp #1831
0.0,2234.0
4006.628772988916,2234.0
4006.628772988916,2017.0
6812.569763045759,2017.0
6812.569763045759,2234.0
18870.346780680124,2234.0
18870.346780680124,2017.0
34351.65829234757,2017.0
34351.65829234757,2234.0
43178.86563870125,2234.0
43178.86563870125,2017.0
86400.000002,2017.0
# temp #1832
0.0,2234.0
35254.408432776116,2234.0
35254.408432776116,2429.0
35598.129873303704,2429.0
35598.129873303704,2234.0
36451.08128827997,2234.0
36451.08128827997,2429.0
41732.97860738822,2429.0
41732.97860738822,2234.0
56709.009410440936,2234.0
56709.009410440936,2429.0
57786.98391204236,2429.0
57786.98391204236,2234.0
67869.38819400968,2234.0
67869.38819400968,2429.0
86400.0,2429.0
# temp #1833
0.0,2234.0
19426.7363446299,2234.0
19426.7363446299,2429.0
19822.996953735128,2429.0
19822.996953735128,2234.0
20498.174859420396,2234.0
20498.174859420396,2429.0
23345.23633697536,2429.0
23345.23633697536,2234.0
43668.31339385826,2234.0
43668.31339385826,2429.0
44441.346419253394,2429.0
44441.346419253394,2555.0
45743.67475456093,2555.0
45743.67475456093,2429.0
46043.67475456093,2429.0
46043.67475456093,2555.0
66443.67475456093,2555.0
66443.67475456093,2429.0
66743.67475456093,2429.0
66743.67475456093,2555.0
67343.67475456093,2555.0
67343.67475456093,2667.0
86400.0,2667.0
# temp #1834
0.0,2234.0
38593.15265149344,2234.0
38593.15265149344,2883.0
40993.15265149344,2883.0
40993.15265149344,2667.0
69053.07714119554,2667.0
69053.07714119554,2234.0
77419.18169553392,2234.0
77419.18169553392,2429.0
86400.0,2429.0
# temp #1835
0.0,2234.0
899.1319773718715,2234.0
899.1319773718715,2667.0
42011.68181179092,2667.0
42011.68181179092,2555.0
42869.23568062485,2555.0
42869.23568062485,2667.0
52115.85098428187,2667.0
52115.85098428187,2555.0
52715.85098428187,2555.0
52715.85098428187,2667.0
73308.35599426647,2667.0
73308.35599426647,2555.0
74379.85143300613,2555.0
74379.85143300613,2429.0
86400.000002,2429.0
# temp #1836
0.0,2234.0
37472.130516939804,2234.0
37472.130516939804,2555.0
61102.609971421785,2555.0
61102.609971421785,2429.0
61444.1665622173,2429.0
61444.1665622173,2555.0
76405.15413063114,2555.0
76405.15413063114,2429.0
77284.90625016858,2429.0
77284.90625016858,2555.0
77933.696296555,2555.0
77933.696296555,2429.0
86400.0,2429.0
# temp #1837
0.0,2234.0
4253.146294830368,2234.0
4253.146294830368,2667.0
18941.742301639173,2667.0
18941.742301639173,2555.0
20335.77032061294,2555.0
20335.77032061294,2667.0
47081.54045117554,2667.0
47081.54045117554,2555.0
47381.54045117554,2555.0
47381.54045117554,2667.0
48127.530327136636,2667.0
48127.530327136636,2555.0
48727.530327136636,2555.0
48727.530327136636,2667.0
82039.73128208892,2667.0
82039.73128208892,2555.0
86400.000002,2555.0
# temp #1838
0.0,2234.0
4241.685150749982,2234.0
4241.685150749982,2667.0
41455.45422658325,2667.0
41455.45422658325,2555.0
42510.35723509268,2555.0
42510.35723509268,2667.0
44526.822745939724,2667.0
44526.822745939724,2555.0
44826.822745939724,2555.0
44826.822745939724,2667.0
45500.23681896274,2667.0
45500.23681896274,2555.0
46100.23681896274,2555.0
46100.23681896274,2667.0
70753.8778049173,2667.0
70753.8778049173,2883.0
86400.000002,2883.0
# temp #1839
0.0,2234.0
18894.58955023438,2234.0
18894.58955023438,2555.0
50721.46198279226,2555.0
50721.46198279226,2429.0
76988.4954919573,2429.0
76988.4954919573,2234.0
77288.4954919573,2234.0
77288.4954919573,2017.0
85835.59492353817,2017.0
85835.59492353817,2234.0
86400.000002,2234.0
# temp #1840
0.0,2234.0
3476.2620279332627,2234.0
3476.2620279332627,2883.0
4185.935372044332,2883.0
4185.935372044332,2667.0
11764.48372481391,2667.0
11764.48372481391,2883.0
22886.04089082219,2883.0
22886.04089082219,2429.0
42471.35548456573,2429.0
42471.35548456573,2555.0
66884.96593027377,2555.0
66884.96593027377,2429.0
68674.37017522754,2429.0
68674.37017522754,2555.0
74991.33789434565,2555.0
74991.33789434565,2429.0
86400.0,2429.0
# temp #1841
0.0,2234.0
58393.69185066317,2234.0
58393.69185066317,2555.0
61211.31983448286,2555.0
61211.31983448286,2667.0
61761.93142288831,2667.0
61761.93142288831,2555.0
67761.93142288832,2555.0
67761.93142288832,2429.0
70161.93142288832,2429.0
70161.93142288832,2234.0
73761.93142288832,2234.0
73761.93142288832,2429.0
74961.93142288832,2429.0
74961.93142288832,2234.0
80661.93142288832,2234.0
80661.93142288832,2429.0
86400.0,2429.0
# temp #1842
0.0,2234.0
60402.06944143866,2234.0
60402.06944143866,2555.0
64905.168348108426,2555.0
64905.168348108426,2429.0
70268.64775673022,2429.0
70268.64775673022,2234.0
79935.54077020382,2234.0
79935.54077020382,2429.0
83785.29939071742,2429.0
83785.29939071742,2234.0
86400.0,2234.0
# temp #1843
0.0,2234.0
57040.53069963121,2234.0
57040.53069963121,2555.0
69477.09395089188,2555.0
69477.09395089188,2429.0
86400.000002,2429.0
# temp #1844
0.0,2234.0
2149.5722766034305,2234.0
2149.5722766034305,2429.0
2492.349414504133,2429.0
2492.349414504133,2555.0
4771.3995072757825,2555.0
4771.3995072757825,2429.0
19947.08758899942,2429.0
19947.08758899942,2234.0
21406.109052663673,2234.0
21406.109052663673,2429.0
22031.80026286282,2429.0
22031.80026286282,2883.0
36041.1869707983,2883.0
36041.1869707983,2667.0
62565.49611683004,2667.0
62565.49611683004,2555.0
80492.23173460925,2555.0
80492.23173460925,2667.0
86400.000002,2667.0
# temp #1845
0.0,2234.0
12388.96988136694,2234.0
12388.96988136694,2555.0
18121.74781537615,2555.0
18121.74781537615,2429.0
18571.781819430184,2429.0
18571.781819430184,2555.0
40737.855580542244,2555.0
40737.855580542244,2429.0
41688.98857582827,2429.0
41688.98857582827,2234.0
49456.18440352847,2234.0
49456.18440352847,2667.0
70495.15176101124,2667.0
70495.15176101124,2883.0
80725.78080960085,2883.0
80725.78080960085,2667.0
85454.7572558513,2667.0
85454.7572558513,2555.0
86400.000002,2555.0
# temp #1846
0.0,2234.0
4813.308297190816,2234.0
4813.308297190816,2017.0
23814.23200545833,2017.0
23814.23200545833,2234.0
37063.30350777135,2234.0
37063.30350777135,2017.0
40576.84629326687,2017.0
40576.84629326687,2234.0
86400.000002,2234.0
# temp #1847
0.0,2234.0
52620.661990530796,2234.0
52620.661990530796,2555.0
55871.13108951599,2555.0
55871.13108951599,2429.0
56232.263213745326,2429.0
56232.263213745326,2555.0
64957.47530953959,2555.0
64957.47530953959,2429.0
66018.65250812845,2429.0
66018.65250812845,2555.0
67135.25447538124,2555.0
67135.25447538124,2429.0
67435.25447538124,2429.0
67435.25447538124,2555.0
86400.000002,2555.0
# temp #1848
0.0,2234.0
6651.148942834699,2234.0
6651.148942834699,2883.0
7370.185896079057,2883.0
7370.185896079057,2667.0
14194.536222238095,2667.0
14194.536222238095,2883.0
23406.20625726879,2883.0
23406.20625726879,2667.0
46771.53107305058,2667.0
46771.53107305058,2234.0
54187.094109901234,2234.0
54187.094109901234,2429.0
66151.96185421666,2429.0
66151.96185421666,2555.0
68320.91968059541,2555.0
68320.91968059541,2429.0
68418.66200517399,2429.0
68418.66200517399,2555.0
80514.85860839022,2555.0
80514.85860839022,2667.0
86400.000002,2667.0
# temp #1849
0.0,2234.0
48909.7543606069,2234.0
48909.7543606069,2555.0
51925.573703181006,2555.0
51925.573703181006,2667.0
58225.573703181006,2667.0
58225.573703181006,2555.0
59425.573703181006,2555.0
59425.573703181006,2429.0
86400.0,2429.0
# temp #1850
0.0,2234.0
38596.64077735506,2234.0
38596.64077735506,2883.0
40996.64077735506,2883.0
40996.64077735506,2667.0
74290.86951054633,2667.0
74290.86951054633,2555.0
76312.21445691773,2555.0
76312.21445691773,2429.0
86400.000002,2429.0
# temp #1851
0.0,2234.0
6888.358783512378,2234.0
6888.358783512378,2667.0
26078.78534698394,2667.0
26078.78534698394,2555.0
26786.556346784353,2555.0
26786.556346784353,2667.0
64517.03333475163,2667.0
64517.03333475163,2555.0
64817.03333475163,2555.0
64817.03333475163,2667.0
65622.99854177983,2667.0
65622.99854177983,2555.0
66222.99854177983,2555.0
66222.99854177983,2667.0
75899.6395859169,2667.0
75899.6395859169,2555.0
86400.0,2555.0
# temp #1852
0.0,2234.0
33131.24385452829,2234.0
33131.24385452829,2883.0
35531.24385452829,2883.0
35531.24385452829,2667.0
56494.134350982495,2667.0
56494.134350982495,2555.0
56869.27479172591,2555.0
56869.27479172591,2667.0
86400.0,2667.0
# temp #1853
0.0,2234.0
49206.02415043396,2234.0
49206.02415043396,2429.0
81306.02415043395,2429.0
81306.02415043395,2555.0
81606.02415043395,2555.0
81606.02415043395,2667.0
86400.0,2667.0
# temp #1854
0.0,2234.0
35836.486357986,2234.0
35836.486357986,2429.0
42736.486357986,2429.0
42736.486357986,2555.0
44536.486357986,2555.0
44536.486357986,2429.0
57436.486357986,2429.0
57436.486357986,2234.0
57736.486357986,2234.0
57736.486357986,2017.0
58036.486357986,2017.0
58036.486357986,2234.0
58336.486357986,2234.0
58336.486357986,2017.0
70272.20097128303,2017.0
70272.20097128303,2234.0
70589.03472349049,2234.0
70589.03472349049,2667.0
86400.0,2667.0
# temp #1855
0.0,2234.0
28067.294277227487,2234.0
28067.294277227487,2555.0
28677.970370440748,2555.0
28677.970370440748,2429.0
29203.74374133535,2429.0
29203.74374133535,2555.0
38743.72879215517,2555.0
38743.72879215517,2429.0
39634.058768721305,2429.0
39634.058768721305,2555.0
40315.62660089695,2555.0
40315.62660089695,2429.0
40615.62660089695,2429.0
40615.62660089695,2555.0
42115.62660089695,2555.0
42115.62660089695,2429.0
52315.62660089695,2429.0
52315.62660089695,2234.0
86400.000002,2234.0
# temp #1856
0.0,2234.0
11708.086665091107,2234.0
11708.086665091107,2883.0
13255.322999227794,2883.0
13255.322999227794,2667.0
21484.840374067426,2667.0
21484.840374067426,2883.0
48545.940501638695,2883.0
48545.940501638695,2429.0
57658.65677443799,2429.0
57658.65677443799,2555.0
58331.227038963705,2555.0
58331.227038963705,2667.0
86400.000002,2667.0
# temp #1857
0.0,2234.0
3104.2304988484834,2234.0
3104.2304988484834,2667.0
14684.56325742882,2667.0
14684.56325742882,2555.0
15331.311248685235,2555.0
15331.311248685235,2667.0
25881.217942410152,2667.0
25881.217942410152,2555.0
26181.217942410152,2555.0
26181.217942410152,2667.0
26868.29908092041,2667.0
26868.29908092041,2555.0
27468.29908092041,2555.0
27468.29908092041,2667.0
51402.10381716025,2667.0
51402.10381716025,2234.0
69805.06451188122,2234.0
69805.06451188122,2429.0
80343.29324683642,2429.0
80343.29324683642,2883.0
86400.000002,2883.0
# temp #1858
0.0,2234.0
29468.27218551189,2234.0
29468.27218551189,2429.0
30034.021149203185,2429.0
30034.021149203185,2234.0
30925.027082744058,2234.0
30925.027082744058,2429.0
36210.70188086015,2429.0
36210.70188086015,2234.0
51199.21970881988,2234.0
51199.21970881988,2429.0
52180.34458982293,2429.0
52180.34458982293,2555.0
53049.43287943025,2555.0
53049.43287943025,2429.0
53349.43287943025,2429.0
53349.43287943025,2555.0
54849.43287943025,2555.0
54849.43287943025,2429.0
65049.43287943025,2429.0
65049.43287943025,2234.0
86400.000002,2234.0
# temp #1859
0.0,2234.0
4133.4870954975495,2234.0
4133.4870954975495,2667.0
7721.2556635960955,2667.0
7721.2556635960955,2555.0
8279.79495925829,2555.0
8279.79495925829,2667.0
26611.004263604995,2667.0
26611.004263604995,2555.0
26911.004263604995,2555.0
26911.004263604995,2429.0
50068.62540564035,2429.0
50068.62540564035,2234.0
60716.57398177777,2234.0
60716.57398177777,2667.0
86400.000002,2667.0
# temp #1860
0.0,2234.0
5268.399095325732,2234.0
5268.399095325732,2555.0
29337.2638077708,2555.0
29337.2638077708,2429.0
29754.66444329359,2429.0
29754.66444329359,2555.0
52058.058872516274,2555.0
52058.058872516274,2429.0
52597.661087173045,2429.0
52597.661087173045,2555.0
52975.79529283103,2555.0
52975.79529283103,2429.0
53275.79529283103,2429.0
53275.79529283103,2555.0
73675.79529283103,2555.0
73675.79529283103,2429.0
73975.79529283103,2429.0
73975.79529283103,2555.0
74575.79529283103,2555.0
74575.79529283103,2667.0
86400.0,2667.0
# temp #1861
0.0,2234.0
38879.50645338279,2234.0
38879.50645338279,2555.0
39925.6558532361,2555.0
39925.6558532361,2667.0
40349.22236236744,2667.0
40349.22236236744,2555.0
40649.22236236744,2555.0
40649.22236236744,2667.0
67349.22236236744,2667.0
67349.22236236744,2555.0
83249.22236236744,2555.0
83249.22236236744,2234.0
86400.0,2234.0
# temp #1862
0.0,2234.0
31187.46532411315,2234.0
31187.46532411315,2555.0
38099.53249432147,2555.0
38099.53249432147,2429.0
38500.384753779515,2429.0
38500.384753779515,2555.0
44946.988499374136,2555.0
44946.988499374136,2429.0
46065.19444514998,2429.0
46065.19444514998,2234.0
49051.49789974094,2234.0
49051.49789974094,2429.0
78887.9200352356,2429.0
78887.9200352356,2234.0
86400.0,2234.0
# temp #1863
0.0,2234.0
2025.361101748422,2234.0
2025.361101748422,2667.0
30291.175127425235,2667.0
30291.175127425235,2555.0
31682.82315025572,2555.0
31682.82315025572,2667.0
38286.3545579603,2667.0
38286.3545579603,2555.0
38586.3545579603,2555.0
38586.3545579603,2667.0
39205.10947220028,2667.0
39205.10947220028,2555.0
39805.10947220028,2555.0
39805.10947220028,2667.0
53451.02844815702,2667.0
53451.02844815702,2234.0
77591.825666721,2234.0
77591.825666721,2429.0
84645.64431512264,2429.0
84645.64431512264,2883.0
86400.0,2883.0
# temp #1864
0.0,2234.0
4594.810056849384,2234.0
4594.810056849384,2555.0
8577.71602724679,2555.0
8577.71602724679,2667.0
14877.71602724679,2667.0
14877.71602724679,2555.0
16077.71602724679,2555.0
16077.71602724679,2429.0
59277.71602724679,2429.0
59297.261372278444,2234.0
59297.261372278444,2429.0
76985.79810443334,2429.0
76985.79810443334,2555.0
86400.0,2555.0
# temp #1865
0.0,2234.0
2783.9904264779766,2234.0
2783.9904264779766,2667.0
27730.675283982422,2667.0
27730.675283982422,2555.0
28405.695688887503,2555.0
28405.695688887503,2667.0
64926.3851825148,2667.0
64926.3851825148,2555.0
65226.3851825148,2555.0
65226.3851825148,2667.0
65526.3851825148,2667.0
65526.3851825148,2555.0
68826.3851825148,2555.0
68826.3851825148,2667.0
86400.000002,2667.0
# temp #1866
0.0,2234.0
31198.285215161744,2234.0
31198.285215161744,2017.0
55638.97873582319,2017.0
55638.97873582319,2234.0
63513.690105266876,2234.0
63513.690105266876,2017.0
86400.0,2017.0
# temp #1867
0.0,2234.0
56396.277038566775,2234.0
56396.277038566775,2555.0
82136.35343746284,2555.0
82136.35343746284,2429.0
82577.34343700578,2429.0
82577.34343700578,2555.0
86400.0,2555.0
# temp #1868
0.0,2234.0
32150.672277691778,2234.0
32150.672277691778,2429.0
64250.672277691774,2429.0
64250.672277691774,2555.0
64550.672277691774,2555.0
64550.672277691774,2667.0
72769.63025070727,2667.0
72769.63025070727,2555.0
80379.66103535146,2555.0
80379.66103535146,2429.0
86400.000002,2429.0
# temp #1869
0.0,2234.0
29228.852937463675,2234.0
29228.852937463675,2017.0
31348.079280881215,2017.0
31348.079280881215,2234.0
59305.55965318345,2234.0
59305.55965318345,2017.0
86400.0,2017.0
# temp #1870
0.0,2234.0
72282.02762142755,2234.0
72282.02762142755,2555.0
81104.75580256898,2555.0
81104.75580256898,2234.0
86400.0,2234.0
# temp #1871
0.0,2234.0
25753.920256393034,2234.0
25753.920256393034,2555.0
28186.28506790847,2555.0
28186.28506790847,2667.0
28592.87012550049,2667.0
28592.87012550049,2555.0
28892.87012550049,2555.0
28892.87012550049,2667.0
32492.87012550049,2667.0
32492.87012550049,2555.0
33992.87012550049,2555.0
33992.87012550049,2429.0
48040.12561461423,2429.0
48040.12561461423,2234.0
66633.38054122869,2234.0
66633.38054122869,2667.0
68516.40041023494,2667.0
68516.40041023494,2555.0
70535.61755446719,2555.0
70535.61755446719,2667.0
86400.0,2667.0
# temp #1872
0.0,2234.0
16427.89049672429,2234.0
16427.89049672429,2555.0
20164.760833047334,2555.0
20164.760833047334,2667.0
20698.818167578433,2667.0
20698.818167578433,2555.0
20998.818167578433,2555.0
20998.818167578433,2667.0
24598.818167578433,2667.0
24598.818167578433,2555.0
26098.818167578433,2555.0
26098.818167578433,2429.0
45370.584606961354,2429.0
45370.584606961354,2234.0
49433.07097891812,2234.0
49433.07097891812,2667.0
68995.22838487757,2667.0
68995.22838487757,2555.0
69365.2768170694,2555.0
69365.2768170694,2429.0
74971.24408227393,2429.0
74971.24408227393,2555.0
81913.71269901285,2555.0
81913.71269901285,2667.0
86400.000002,2667.0
# temp #1873
0.0,2234.0
84702.71242191085,2234.0
84702.71242191085,2555.0
86400.000002,2555.0
# temp #1874
0.0,2234.0
6702.688693301752,2234.0
6702.688693301752,2429.0
13602.688693301752,2429.0
13602.688693301752,2555.0
15402.688693301752,2555.0
15402.688693301752,2429.0
28302.688693301752,2429.0
28302.688693301752,2234.0
28602.688693301752,2234.0
28602.688693301752,2017.0
28902.688693301752,2017.0
28902.688693301752,2234.0
29202.688693301752,2234.0
29202.688693301752,2017.0
38116.42037734855,2017.0
38116.42037734855,2234.0
60769.0054699313,2234.0
60769.0054699313,2429.0
86400.000002,2429.0
# temp #1875
0.0,2234.0
84796.10206559302,2234.0
84796.10206559302,2555.0
86400.0,2555.0
# temp #1876
0.0,2234.0
52024.09719598946,2234.0
52024.09719598946,2429.0
52386.697386740714,2429.0
52386.697386740714,2555.0
56300.20838433412,2555.0
56300.20838433412,2429.0
63667.088375031024,2429.0
63667.088375031024,2883.0
84202.22302589101,2883.0
84202.22302589101,2667.0
86400.0,2667.0
# temp #1877
0.0,2234.0
1344.4932967890056,2234.0
1344.4932967890056,2555.0
38155.60181094334,2555.0
38155.60181094334,2429.0
38604.39636635129,2429.0
38604.39636635129,2555.0
59330.733585055,2555.0
59330.733585055,2429.0
60080.47424226535,2429.0
60080.47424226535,2234.0
63809.99383258169,2234.0
63809.99383258169,2429.0
86400.000002,2429.0
# temp #1878
0.0,2234.0
49217.381322942674,2234.0
49217.381322942674,2883.0
51617.381322942674,2883.0
51617.381322942674,2667.0
55000.077702035196,2667.0
55000.077702035196,2555.0
63947.04641208518,2555.0
63947.04641208518,2667.0
81201.31864417344,2667.0
81201.31864417344,2234.0
86400.0,2234.0
# temp #1879
0.0,2234.0
55551.818639226265,2234.0
55551.818639226265,2555.0
60587.04214717728,2555.0
60587.04214717728,2667.0
70487.04214717727,2667.0
70487.04214717727,2555.0
73241.03447708768,2555.0
73241.03447708768,2429.0
86400.0,2429.0
# temp #1880
0.0,2234.0
2148.811886762269,2234.0
2148.811886762269,2429.0
2693.0873518344015,2429.0
2693.0873518344015,2555.0
7037.48390316032,2555.0
7037.48390316032,2429.0
18728.18287352566,2429.0
18728.18287352566,2555.0
46907.914769835785,2555.0
46907.914769835785,2429.0
65621.07865645086,2429.0
65621.07865645086,2555.0
69321.90377935769,2555.0
69321.90377935769,2429.0
86400.000002,2429.0
# temp #1881
0.0,2234.0
32351.967891678214,2234.0
32351.967891678214,2883.0
34751.967891678214,2883.0
34751.967891678214,2667.0
41617.84061556682,2667.0
41617.84061556682,2555.0
57692.35858311877,2555.0
57692.35858311877,2667.0
86400.0,2667.0
# temp #1882
0.0,2234.0
40251.61327756942,2234.0
40251.61327756942,2555.0
44257.39140277729,2555.0
44257.39140277729,2429.0
44616.98059486226,2429.0
44616.98059486226,2555.0
61916.663504624754,2555.0
61916.663504624754,2429.0
62584.74520049059,2429.0
62584.74520049059,2555.0
63699.57116316074,2555.0
63699.57116316074,2429.0
63999.57116316074,2429.0
63999.57116316074,2555.0
64299.57116316074,2555.0
64299.57116316074,2429.0
64899.57116316074,2429.0
64899.57116316074,2555.0
69042.95281316155,2555.0
69042.95281316155,2429.0
86400.000002,2429.0
# temp #1883
0.0,2234.0
6151.9692125497395,2234.0
6151.9692125497395,2667.0
17912.009792053144,2667.0
17912.009792053144,2555.0
19213.6883124942,2555.0
19213.6883124942,2429.0
36821.16415367928,2429.0
36821.16415367928,2555.0
45771.355803287595,2555.0
45771.355803287595,2667.0
75966.53281501496,2667.0
75966.53281501496,2555.0
84793.05427449291,2555.0
84793.05427449291,2883.0
86400.0,2883.0
# temp #1884
0.0,2234.0
9286.25909225084,2234.0
9286.25909225084,2555.0
40566.82214797475,2555.0
40566.82214797475,2429.0
41035.10298330803,2429.0
41035.10298330803,2555.0
49709.59676261992,2555.0
49709.59676261992,2429.0
51159.8031744361,2429.0
51159.8031744361,2555.0
52228.3921385184,2555.0
52228.3921385184,2429.0
52528.3921385184,2429.0
52528.3921385184,2555.0
52828.3921385184,2555.0
52828.3921385184,2429.0
53428.3921385184,2429.0
53428.3921385184,2555.0
58387.33657021076,2555.0
58387.33657021076,2429.0
77090.93781625853,2429.0
77090.93781625853,2555.0
86400.000002,2555.0
# temp #1885
0.0,2234.0
2966.045100591146,2234.0
2966.045100591146,2667.0
48197.01391907875,2667.0
48197.01391907875,2555.0
49568.34647369106,2555.0
49568.34647369106,2667.0
50244.38712915872,2667.0
50244.38712915872,2555.0
53244.38712915872,2555.0
53244.38712915872,2667.0
79344.38712915871,2667.0
79344.38712915871,2883.0
86400.0,2883.0
# temp #1886
0.0,2234.0
11917.400794546122,2234.0
11917.400794546122,2555.0
41769.12689621095,2555.0
41769.12689621095,2429.0
42259.97183087748,2429.0
42259.97183087748,2555.0
48386.704699066475,2555.0
48386.704699066475,2429.0
48952.27914259304,2429.0
48952.27914259304,2555.0
50250.050735590055,2555.0
50250.050735590055,2429.0
50550.050735590055,2429.0
50550.050735590055,2555.0
70950.05073559005,2555.0
70950.05073559005,2429.0
71250.05073559005,2429.0
71250.05073559005,2555.0
71850.05073559005,2555.0
71850.05073559005,2667.0
72587.7076315228,2667.0
72587.7076315228,2555.0
86400.000002,2555.0
# temp #1887
0.0,2234.0
14996.252339612694,2234.0
14996.252339612694,2017.0
53018.45709909686,2017.0
53018.45709909686,2234.0
71293.5700919945,2234.0
71293.5700919945,2017.0
86400.000002,2017.0
# temp #1888
0.0,2234.0
1311.7079343181103,2234.0
1311.7079343181103,2667.0
34459.921935852624,2667.0
34459.921935852624,2555.0
35822.99075173215,2555.0
35822.99075173215,2667.0
48193.587218038745,2667.0
48193.587218038745,2555.0
48493.587218038745,2555.0
48493.587218038745,2429.0
76943.95333612339,2429.0
76943.95333612339,2555.0
86400.000002,2555.0
# temp #1889
0.0,2234.0
7158.402471919546,2234.0
7158.402471919546,2667.0
27936.72858676874,2667.0
27936.72858676874,2555.0
28940.86945331656,2555.0
28940.86945331656,2667.0
57201.16857171526,2667.0
57201.16857171526,2555.0
57801.16857171526,2555.0
57801.16857171526,2667.0
77364.95907248465,2667.0
77364.95907248465,2555.0
80388.20299522487,2555.0
80388.20299522487,2429.0
86400.000002,2429.0
# temp #1890
0.0,2234.0
3055.713771586307,2234.0
3055.713771586307,2667.0
37533.92698843964,2667.0
37533.92698843964,2555.0
38844.1485546995,2555.0
38844.1485546995,2667.0
74207.47391853949,2667.0
74207.47391853949,2555.0
74507.47391853949,2555.0
74507.47391853949,2667.0
75135.84020000418,2667.0
75135.84020000418,2555.0
75735.84020000418,2555.0
75735.84020000418,2667.0
86400.0,2667.0
# temp #1891
0.0,2234.0
3959.056433290244,2234.0
3959.056433290244,2667.0
19071.12550896127,2667.0
19071.12550896127,2555.0
19846.101646148603,2555.0
19846.101646148603,2667.0
40527.38701812924,2667.0
40527.38701812924,2555.0
40827.38701812924,2555.0
40827.38701812924,2667.0
41604.9805500079,2667.0
41604.9805500079,2555.0
42204.9805500079,2555.0
42204.9805500079,2667.0
45308.489694236785,2667.0
45308.489694236785,2234.0
45891.37954723556,2234.0
45891.37954723556,2555.0
50320.86416829844,2555.0
50320.86416829844,2429.0
61897.347605880364,2429.0
61897.347605880364,2555.0
84346.8829737045,2555.0
84346.8829737045,2429.0
86400.0,2429.0
# temp #1892
0.0,2234.0
2167.096354952082,2234.0
2167.096354952082,2883.0
3910.751407407224,2883.0
3910.751407407224,2667.0
12341.88250915613,2667.0
12341.88250915613,2883.0
34321.55319289304,2883.0
34321.55319289304,2429.0
62628.76642628108,2429.0
62628.76642628108,2234.0
86400.000002,2234.0
# temp #1893
0.0,2234.0
23521.343462797817,2234.0
23521.343462797817,2555.0
43664.44137913641,2555.0
43664.44137913641,2429.0
68795.53618056235,2429.0
68795.53618056235,2234.0
69395.53618056235,2234.0
69395.53618056235,2429.0
71795.53618056235,2429.0
71795.53618056235,2555.0
81995.53618056235,2555.0
81995.53618056235,2667.0
86400.0,2667.0
# temp #1894
0.0,2234.0
50070.46924943571,2234.0
50070.46924943571,2555.0
51950.55289326702,2555.0
51950.55289326702,2667.0
52464.067363156944,2667.0
52464.067363156944,2555.0
52764.067363156944,2555.0
52764.067363156944,2667.0
56364.067363156944,2667.0
56364.067363156944,2555.0
57864.067363156944,2555.0
57864.067363156944,2429.0
62129.58191649523,2429.0
62129.58191649523,2234.0
64555.66517820117,2234.0
64555.66517820117,2667.0
86400.0,2667.0
# temp #1895
0.0,2234.0
22056.497063068677,2234.0
22056.497063068677,2555.0
30837.832548888407,2555.0
30837.832548888407,2429.0
51163.72600612231,2429.0
51163.72600612231,2234.0
51463.72600612231,2234.0
51463.72600612231,2017.0
60904.60451308173,2017.0
60904.60451308173,2555.0
64117.788345529705,2555.0
64117.788345529705,2667.0
86400.000002,2667.0
# temp #1896
0.0,2234.0
8109.103033225984,2234.0
8109.103033225984,2017.0
30103.23385158554,2017.0
30103.23385158554,2234.0
51098.219073750086,2234.0
51098.219073750086,2017.0
86400.0,2017.0
# temp #1897
0.0,2234.0
42158.77751642839,2234.0
42158.77751642839,2555.0
43237.03828069848,2555.0
43237.03828069848,2667.0
43772.65001905617,2667.0
43772.65001905617,2555.0
44072.65001905617,2555.0
44072.65001905617,2667.0
47672.65001905617,2667.0
47672.65001905617,2555.0
49172.65001905617,2555.0
49172.65001905617,2429.0
54730.12606431731,2429.0
54730.12606431731,2234.0
68561.32456355264,2234.0
68561.32456355264,2429.0
86400.0,2429.0
# temp #1898
0.0,2234.0
40475.04660878331,2234.0
40475.04660878331,2429.0
41075.04660878331,2429.0
41075.04660878331,2555.0
43900.43485332281,2555.0
43900.43485332281,2429.0
54173.51927084383,2429.0
54173.51927084383,2555.0
86400.000002,2555.0
# temp #1899
0.0,2234.0
16277.761339978319,2234.0
16277.761339978319,2883.0
18072.967961453836,2883.0
18072.967961453836,2667.0
22247.962052794177,2667.0
22247.962052794177,2883.0
45469.73965459038,2883.0
45469.73965459038,2429.0
79290.03953179346,2429.0
79290.03953179346,2555.0
86400.000002,2555.0
# temp #1900
0.0,2234.0
39046.49771831465,2234.0
39046.49771831465,2429.0
39448.609091201804,2429.0
39448.609091201804,2555.0
42558.03388603964,2555.0
42558.03388603964,2429.0
50437.053335295066,2429.0
50437.053335295066,2555.0
58331.13081932534,2555.0
58331.13081932534,2667.0
67865.42563999539,2667.0
67865.42563999539,2234.0
81853.1152414391,2234.0
81853.1152414391,2667.0
86400.0,2667.0
# temp #1901
0.0,2234.0
29668.799389083873,2234.0
29668.799389083873,2429.0
29968.799389083873,2429.0
29968.799389083873,2234.0
48487.00658166782,2234.0
48487.00658166782,2429.0
55146.76836573054,2429.0
55146.76836573054,2555.0
70288.8240470784,2555.0
70288.8240470784,2429.0
79828.93187217416,2429.0
79828.93187217416,2555.0
85055.02089250369,2555.0
85055.02089250369,2429.0
86400.0,2429.0
# temp #1902
0.0,2234.0
2045.3157545300203,2234.0
2045.3157545300203,2555.0
21686.117922537964,2555.0
21686.117922537964,2429.0
55622.790501290016,2429.0
55622.790501290016,2234.0
55922.790501290016,2234.0
55922.790501290016,2017.0
86400.0,2017.0
# temp #1903
0.0,2234.0
39455.34936999903,2234.0
39455.34936999903,2017.0
86400.0,2017.0
# temp #1904
0.0,2234.0
68827.23506572658,2234.0
68827.23506572658,2555.0
73389.96975780466,2555.0
73389.96975780466,2429.0
73715.53348791787,2429.0
73715.53348791787,2555.0
86400.0,2555.0
# temp #1905
0.0,2234.0
36654.34622049798,2234.0
36654.34622049798,2555.0
40179.885674128316,2555.0
40179.885674128316,2667.0
40760.83558788524,2667.0
40760.83558788524,2555.0
46760.83558788524,2555.0
46760.83558788524,2429.0
49160.83558788524,2429.0
49160.83558788524,2234.0
52760.83558788524,2234.0
52760.83558788524,2429.0
53960.83558788524,2429.0
53960.83558788524,2234.0
59660.83558788524,2234.0
59660.83558788524,2429.0
61610.27003244963,2429.0
61610.27003244963,2667.0
77330.53239129951,2667.0
77330.53239129951,2555.0
85993.3013137663,2555.0
85993.3013137663,2429.0
86400.0,2429.0
# temp #1906
0.0,2234.0
42610.48932052218,2234.0
42610.48932052218,2555.0
45035.19148814958,2555.0
45035.19148814958,2667.0
45417.36620678567,2667.0
45417.36620678567,2555.0
51417.36620678567,2555.0
51417.36620678567,2429.0
53817.36620678567,2429.0
53817.36620678567,2234.0
57417.36620678567,2234.0
57417.36620678567,2429.0
58617.36620678567,2429.0
58617.36620678567,2234.0
64317.36620678567,2234.0
64317.36620678567,2429.0
86400.000002,2429.0
# temp #1907
0.0,2234.0
2449.9482469400396,2234.0
2449.9482469400396,2667.0
41452.32708051336,2667.0
41452.32708051336,2555.0
41842.07776885015,2555.0
41842.07776885015,2429.0
68098.61478488894,2429.0
68098.61478488894,2555.0
82009.35731828214,2555.0
82009.35731828214,2667.0
86400.000002,2667.0
# temp #1908
0.0,2234.0
7299.147502868438,2234.0
7299.147502868438,2667.0
30392.15264758096,2667.0
30392.15264758096,2555.0
31581.323966570206,2555.0
31581.323966570206,2667.0
57872.39683424124,2667.0
57872.39683424124,2555.0
58472.39683424124,2555.0
58472.39683424124,2667.0
74930.77206853779,2667.0
74930.77206853779,2555.0
76272.31388110669,2555.0
76272.31388110669,2429.0
86400.000002,2429.0
# temp #1909
0.0,2234.0
28663.773272652183,2234.0
28663.773272652183,2017.0
41475.09070574307,2017.0
41475.09070574307,2234.0
58412.80132359826,2234.0
58412.80132359826,2017.0
86400.0,2017.0
# temp #1910
0.0,2234.0
2437.8483012551446,2234.0
2437.8483012551446,2667.0
18940.54290954955,2667.0
18940.54290954955,2555.0
20057.156613422558,2555.0
20057.156613422558,2429.0
31257.652114145458,2429.0
31257.652114145458,2234.0
51236.3949992694,2234.0
51236.3949992694,2667.0
53317.267224099494,2667.0
53317.267224099494,2883.0
83489.61204725785,2883.0
83489.61204725785,2429.0
86400.0,2429.0
# temp #1911
0.0,2234.0
78519.71575969366,2234.0
78519.71575969366,2555.0
86400.000002,2555.0
# temp #1912
0.0,2234.0
1397.5091323256495,2234.0
1397.5091323256495,2667.0
8185.361502296292,2667.0
8185.361502296292,2555.0
9381.529918382876,2555.0
9381.529918382876,2429.0
46711.64133909625,2429.0
46711.64133909625,2555.0
47895.309301069945,2555.0
47895.309301069945,2667.0
70261.86255568174,2667.0
70261.86255568174,2883.0
77520.34974598793,2883.0
77520.34974598793,2667.0
86400.0,2667.0
# temp #1913
0.0,2234.0
28538.63898776472,2234.0
28538.63898776472,2017.0
53959.82591891662,2017.0
53959.82591891662,2234.0
82723.26027313249,2234.0
82723.26027313249,2017.0
86400.000002,2017.0
# temp #1914
0.0,2234.0
1162.6746845198795,2234.0
1162.6746845198795,2667.0
11051.440548291432,2667.0
11051.440548291432,2555.0
11682.631147513168,2555.0
11682.631147513168,2667.0
38948.9591726102,2667.0
38948.9591726102,2555.0
39248.9591726102,2555.0
39248.9591726102,2667.0
39931.1265669996,2667.0
39931.1265669996,2555.0
40531.1265669996,2555.0
40531.1265669996,2667.0
43983.13754866832,2667.0
43983.13754866832,2555.0
44916.207054303966,2555.0
44916.207054303966,2429.0
45108.447900647305,2429.0
45108.447900647305,2555.0
61165.943261375665,2555.0
61165.943261375665,2667.0
62905.09112128058,2667.0
62905.09112128058,2555.0
83308.9806079399,2555.0
83308.9806079399,2429.0
85930.56194032544,2429.0
85930.56194032544,2234.0
86400.0,2234.0
# temp #1915
0.0,2234.0
17332.22105037421,2234.0
17332.22105037421,2017.0
51828.720538923524,2017.0
51828.720538923524,2234.0
71594.58903721535,2234.0
71594.58903721535,2017.0
86400.0,2017.0
# temp #1916
0.0,2234.0
11178.924451069908,2234.0
11178.924451069908,2883.0
22278.924451069906,2883.0
22278.924451069906,2555.0
38034.040701342754,2555.0
38034.040701342754,2667.0
75165.18562976272,2667.0
75165.18562976272,2555.0
76597.26628800856,2555.0
76597.26628800856,2667.0
86400.000002,2667.0
# temp #1917
0.0,2234.0
66665.44620562345,2234.0
66665.44620562345,2883.0
69065.44620562345,2883.0
69065.44620562345,2667.0
86400.000002,2667.0
# temp #1918
0.0,2234.0
48417.33537500259,2234.0
48417.33537500259,2555.0
53166.36874799152,2555.0
53166.36874799152,2667.0
63066.36874799152,2667.0
63066.36874799152,2555.0
64180.34481976648,2555.0
64180.34481976648,2429.0
86400.0,2429.0
# temp #1919
0.0,2234.0
8084.038253501059,2234.0
8084.038253501059,2667.0
24855.576634383768,2667.0
24855.576634383768,2555.0
25250.96257177648,2555.0
25250.96257177648,2667.0
45905.23827995641,2667.0
45905.23827995641,2555.0
46205.23827995641,2555.0
46205.23827995641,2667.0
46505.23827995641,2667.0
46505.23827995641,2555.0
49805.23827995641,2555.0
49805.23827995641,2667.0
75305.23827995641,2667.0
75305.23827995641,2883.0
86400.0,2883.0
# temp #1920
0.0,2234.0
3577.3955395678063,2234.0
3577.3955395678063,2555.0
27792.655135528188,2555.0
27792.655135528188,2429.0
28341.78565128241,2429.0
28341.78565128241,2555.0
49040.41583861691,2555.0
49040.41583861691,2429.0
50502.2907657316,2429.0
50502.2907657316,2555.0
51978.22458471638,2555.0
51978.22458471638,2429.0
52278.22458471638,2429.0
52278.22458471638,2555.0
72678.22458471637,2555.0
72678.22458471637,2429.0
72978.22458471637,2429.0
72978.22458471637,2555.0
73578.22458471637,2555.0
73578.22458471637,2667.0
86400.000002,2667.0
# temp #1921
0.0,2234.0
80978.66897187197,2234.0
80978.66897187197,2555.0
86400.000002,2555.0
# temp #1922
0.0,2234.0
64091.00215500222,2234.0
64091.00215500222,2555.0
86400.0,2555.0
# temp #1923
0.0,2234.0
44809.79137115647,2234.0
44809.79137115647,2429.0
45109.79137115647,2429.0
45109.79137115647,2234.0
80690.01071923414,2234.0
80690.01071923414,2429.0
86400.0,2429.0
# temp #1924
0.0,2234.0
8256.489194626922,2234.0
8256.489194626922,2667.0
38279.7239676118,2667.0
38279.7239676118,2555.0
39080.285479780294,2555.0
39080.285479780294,2429.0
67761.04124011473,2429.0
67761.04124011473,2555.0
79349.65129997583,2555.0
79349.65129997583,2667.0
83107.08814328538,2667.0
83107.08814328538,2555.0
86400.000002,2555.0
# temp #1925
0.0,2234.0
5179.299494018779,2234.0
5179.299494018779,2667.0
16400.71224079002,2667.0
16400.71224079002,2555.0
17294.850693480115,2555.0
17294.850693480115,2667.0
27904.42671726924,2667.0
27904.42671726924,2555.0
28204.42671726924,2555.0
28204.42671726924,2667.0
28504.42671726924,2667.0
28504.42671726924,2555.0
31804.42671726924,2555.0
31804.42671726924,2667.0
57304.42671726924,2667.0
57304.42671726924,2883.0
86400.0,2883.0
# temp #1926
0.0,2234.0
4807.476441026666,2234.0
4807.476441026666,2667.0
48936.86110661366,2667.0
48936.86110661366,2555.0
49723.2621150557,2555.0
49723.2621150557,2667.0
70160.99391512109,2667.0
70160.99391512109,2555.0
70460.99391512109,2555.0
70460.99391512109,2667.0
70760.99391512109,2667.0
70760.99391512109,2555.0
74060.99391512109,2555.0
74060.99391512109,2667.0
86400.000002,2667.0
# temp #1927
0.0,2234.0
33252.35343750101,2234.0
33252.35343750101,2555.0
41997.323421039626,2555.0
41997.323421039626,2429.0
42566.78624949419,2429.0
42566.78624949419,2555.0
67137.34179732857,2555.0
67137.34179732857,2429.0
68133.10496953783,2429.0
68133.10496953783,2555.0
69163.35938188714,2555.0
69163.35938188714,2429.0
86400.000002,2429.0
# temp #1928
0.0,2234.0
21275.462679192424,2234.0
21275.462679192424,2429.0
21875.462679192424,2429.0
21875.462679192424,2555.0
23108.845997974277,2555.0
23108.845997974277,2429.0
60762.10466113408,2429.0
60762.10466113408,2555.0
86400.000002,2555.0
# temp #1929
0.0,2234.0
61950.56545338594,2234.0
61950.56545338594,2555.0
86400.000002,2555.0
# temp #1930
0.0,2234.0
5803.513499186375,2234.0
5803.513499186375,2555.0
40643.47603234929,2555.0
40643.47603234929,2429.0
86400.0,2429.0
# temp #1931
0.0,2234.0
16831.08244123869,2234.0
16831.08244123869,2555.0
54691.87581217849,2555.0
54691.87581217849,2429.0
86400.0,2429.0
# temp #1932
0.0,2234.0
75640.88700099384,2234.0
75640.88700099384,2555.0
84388.15382507165,2555.0
84388.15382507165,2234.0
86400.0,2234.0
# temp #1933
0.0,2234.0
2595.9733016788964,2234.0
2595.9733016788964,2667.0
3020.3017070889478,2667.0
3020.3017070889478,2555.0
3477.3992467671637,2555.0
3477.3992467671637,2667.0
32548.804459255196,2667.0
32548.804459255196,2555.0
33148.804459255196,2555.0
33148.804459255196,2667.0
51406.98347697036,2667.0
51406.98347697036,2555.0
52909.621537942454,2555.0
52909.621537942454,2429.0
55700.00391430223,2429.0
55700.00391430223,2555.0
72510.25830977598,2555.0
72510.25830977598,2667.0
86400.0,2667.0
# temp #1934
0.0,2234.0
69254.89587590564,2234.0
69254.89587590564,2883.0
71654.89587590564,2883.0
71654.89587590564,2667.0
86400.000002,2667.0
# temp #1935
0.0,2234.0
2129.092513304204,2234.0
2129.092513304204,2667.0
37968.58643966262,2667.0
37968.58643966262,2555.0
39413.266833988026,2555.0
39413.266833988026,2667.0
49436.53540348169,2667.0
49436.53540348169,2555.0
52436.53540348169,2555.0
52436.53540348169,2667.0
78536.53540348168,2667.0
78536.53540348168,2883.0
86400.000002,2883.0
# temp #1936
0.0,2234.0
26559.91761996411,2234.0
26559.91761996411,2429.0
27117.594091524374,2429.0
27117.594091524374,2234.0
27902.278286218647,2234.0
27902.278286218647,2429.0
30409.740583598617,2429.0
30409.740583598617,2234.0
45291.194376256324,2234.0
45291.194376256324,2429.0
45948.25089192019,2429.0
45948.25089192019,2234.0
61206.88991860954,2234.0
61206.88991860954,2429.0
79110.85640257226,2429.0
79110.85640257226,2234.0
86400.000002,2234.0
# temp #1937
0.0,2234.0
44140.00258957968,2234.0
44140.00258957968,2429.0
44691.1890202202,2429.0
44691.1890202202,2555.0
48197.46110150591,2555.0
48197.46110150591,2429.0
57925.36608120427,2429.0
57925.36608120427,2883.0
81942.9933770327,2883.0
81942.9933770327,2429.0
86400.0,2429.0
# temp #1938
0.0,2234.0
3152.197637641803,2234.0
3152.197637641803,2429.0
35252.1976376418,2429.0
35252.1976376418,2555.0
35552.1976376418,2555.0
35552.1976376418,2667.0
37977.1119188983,2667.0
37977.1119188983,2883.0
46559.716598829255,2883.0
46559.716598829255,2667.0
75269.27053662948,2667.0
75269.27053662948,2555.0
80325.37391593216,2555.0
80325.37391593216,2429.0
86400.0,2429.0
# temp #1939
0.0,2234.0
8500.456930627117,2234.0
8500.456930627117,2667.0
16867.876820568927,2667.0
16867.876820568927,2555.0
18066.738670994528,2555.0
18066.738670994528,2667.0
36559.95129598305,2667.0
36559.95129598305,2555.0
36859.95129598305,2555.0
36859.95129598305,2667.0
37545.233487873345,2667.0
37545.233487873345,2555.0
38145.233487873345,2555.0
38145.233487873345,2667.0
40518.44421231654,2667.0
40518.44421231654,2883.0
57397.71131887102,2883.0
57397.71131887102,2429.0
86400.0,2429.0
# temp #1940
0.0,2234.0
6956.36395176407,2234.0
6956.36395176407,2429.0
39056.36395176407,2429.0
39056.36395176407,2555.0
39356.36395176407,2555.0
39356.36395176407,2667.0
50299.441101565026,2667.0
50299.441101565026,2555.0
62312.51017337199,2555.0
62312.51017337199,2667.0
67831.6511771176,2667.0
67831.6511771176,2234.0
86400.000002,2234.0
# temp #1941
0.0,2234.0
3274.4858574355026,2234.0
3274.4858574355026,2667.0
42170.86156066508,2667.0
42170.86156066508,2555.0
43292.05425297842,2555.0
43292.05425297842,2667.0
46215.52366716788,2667.0
46215.52366716788,2555.0
46515.52366716788,2555.0
46515.52366716788,2667.0
47274.034225288786,2667.0
47274.034225288786,2555.0
47874.034225288786,2555.0
47874.034225288786,2667.0
63919.580712541945,2667.0
63919.580712541945,2883.0
86400.000002,2883.0
# temp #1942
0.0,2234.0
2004.1232152841987,2234.0
2004.1232152841987,2667.0
3838.8021403457974,2667.0
3838.8021403457974,2555.0
4647.786485077814,2555.0
4647.786485077814,2429.0
11113.097224524246,2429.0
11113.097224524246,2555.0
35666.322429548025,2555.0
35666.322429548025,2429.0
64607.775640930064,2429.0
64607.775640930064,2883.0
86400.0,2883.0
# temp #1943
0.0,2234.0
9980.67523436621,2234.0
9980.67523436621,2017.0
30456.87667778694,2017.0
30456.87667778694,2234.0
69422.19566660935,2234.0
69422.19566660935,2017.0
86400.0,2017.0
# temp #1944
0.0,2234.0
38084.20776205604,2234.0
38084.20776205604,2555.0
69329.65742934031,2555.0
69329.65742934031,2429.0
69794.02739137878,2429.0
69794.02739137878,2555.0
86400.000002,2555.0
# temp #1945
0.0,2234.0
3766.3267607102175,2234.0
3766.3267607102175,2883.0
5361.951755150222,2883.0
5361.951755150222,2667.0
14210.839248122647,2667.0
14210.839248122647,2883.0
40984.4364535762,2883.0
40984.4364535762,2429.0
73232.54678968807,2429.0
73232.54678968807,2555.0
86400.0,2555.0
# temp #1946
0.0,2234.0
39705.88218360209,2234.0
39705.88218360209,2429.0
40044.88394272049,2429.0
40044.88394272049,2234.0
40679.067639587454,2234.0
40679.067639587454,2429.0
43089.146460453056,2429.0
43089.146460453056,2234.0
46938.6265949579,2234.0
46938.6265949579,2429.0
47312.749100360095,2429.0
47312.749100360095,2234.0
53643.45097176266,2234.0
53643.45097176266,2667.0
65028.92016170082,2667.0
65028.92016170082,2555.0
84923.41519722251,2555.0
84923.41519722251,2429.0
86400.0,2429.0
# temp #1947
0.0,2234.0
2573.2072243234143,2234.0
2573.2072243234143,2883.0
13673.207224323414,2883.0
13673.207224323414,2555.0
16436.734893894754,2555.0
16436.734893894754,2667.0
54048.473253613345,2667.0
54048.473253613345,2555.0
57455.25503950194,2555.0
57455.25503950194,2429.0
78872.63091865463,2429.0
78872.63091865463,2555.0
86400.0,2555.0
# temp #1948
0.0,2234.0
20203.00331753679,2234.0
20203.00331753679,2017.0
47097.05687211827,2017.0
47097.05687211827,2234.0
85621.81868506597,2234.0
85621.81868506597,2017.0
86400.000002,2017.0
# temp #1949
0.0,2234.0
12152.204133477062,2234.0
12152.204133477062,2429.0
12492.438623355702,2429.0
12492.438623355702,2234.0
13192.757455841638,2234.0
13192.757455841638,2429.0
15554.55986133311,2429.0
15554.55986133311,2234.0
29994.254972110502,2234.0
29994.254972110502,2429.0
31438.9166521607,2429.0
31438.9166521607,2555.0
32423.06199220475,2555.0
32423.06199220475,2429.0
32723.06199220475,2429.0
32723.06199220475,2555.0
34223.06199220475,2555.0
34223.06199220475,2429.0
44423.06199220475,2429.0
44423.06199220475,2234.0
86400.0,2234.0
# temp #1950
0.0,2234.0
7711.451031826438,2234.0
7711.451031826438,2667.0
31277.26521247533,2667.0
31277.26521247533,2555.0
32411.911942320883,2555.0
32411.911942320883,2667.0
40255.54019731936,2667.0
40255.54019731936,2555.0
40555.54019731936,2555.0
40555.54019731936,2429.0
55116.70610066505,2429.0
55116.70610066505,2555.0
79900.20058352967,2555.0
79900.20058352967,2429.0
86400.0,2429.0
# temp #1951
0.0,2234.0
59918.08716848028,2234.0
59918.08716848028,2555.0
86400.0,2555.0
# temp #1952
0.0,2234.0
6093.237777566538,2234.0
6093.237777566538,2667.0
42596.41733751633,2667.0
42596.41733751633,2555.0
43052.680308418356,2555.0
43052.680308418356,2667.0
51135.35725283437,2667.0
51135.35725283437,2555.0
54135.35725283437,2555.0
54135.35725283437,2667.0
80235.35725283436,2667.0
80235.35725283436,2883.0
86400.0,2883.0
# temp #1953
0.0,2234.0
71385.6409708271,2234.0
71385.6409708271,2555.0
82372.49258381782,2555.0
82372.49258381782,2429.0
82884.66050704011,2429.0
82884.66050704011,2555.0
86400.000002,2555.0
# temp #1954
0.0,2234.0
5872.715901117773,2234.0
5872.715901117773,2667.0
11093.105511716569,2667.0
11093.105511716569,2555.0
12445.62780854758,2555.0
12445.62780854758,2667.0
25147.291365615096,2667.0
25147.291365615096,2555.0
25447.291365615096,2555.0
25447.291365615096,2667.0
26320.11853787117,2667.0
26320.11853787117,2555.0
26920.11853787117,2555.0
26920.11853787117,2667.0
48137.889702734545,2667.0
48137.889702734545,2555.0
62248.02967642901,2555.0
62248.02967642901,2429.0
86400.0,2429.0
# temp #1955
0.0,2234.0
34429.74099470303,2234.0
34429.74099470303,2555.0
49950.61609866099,2555.0
49950.61609866099,2429.0
50278.2687413972,2429.0
50278.2687413972,2555.0
67035.23401175627,2555.0
67035.23401175627,2429.0
68224.97654291803,2429.0
68224.97654291803,2234.0
86400.000002,2234.0
# temp #1956
0.0,2234.0
65414.97405760456,2234.0
65414.97405760456,2555.0
71685.97102188505,2555.0
71685.97102188505,2234.0
86400.000002,2234.0
# temp #1957
0.0,2234.0
5931.556978309528,2234.0
5931.556978309528,2667.0
37349.27927479148,2667.0
37349.27927479148,2555.0
38377.2878844291,2555.0
38377.2878844291,2429.0
64710.81110069063,2429.0
64710.81110069063,2555.0
79323.95581395832,2555.0
79323.95581395832,2667.0
86400.000002,2667.0
# temp #1958
0.0,2234.0
62192.61774995831,2234.0
62192.61774995831,2555.0
86400.000002,2555.0
# temp #1959
0.0,2234.0
28581.159956823107,2234.0
28581.159956823107,2555.0
42262.1404249454,2555.0
42262.1404249454,2429.0
53056.11509943847,2429.0
53056.11509943847,2234.0
60535.82032991108,2234.0
60535.82032991108,2429.0
75257.87522080356,2429.0
75257.87522080356,2234.0
86400.0,2234.0
# temp #1960
0.0,2234.0
2288.9173780102283,2234.0
2288.9173780102283,2883.0
3536.922946712002,2883.0
3536.922946712002,2667.0
5756.924047227949,2667.0
5756.924047227949,2883.0
20996.980028506372,2883.0
20996.980028506372,2429.0
23068.497822806243,2429.0
23068.497822806243,2555.0
43377.49575844501,2555.0
43377.49575844501,2429.0
63747.61873225217,2429.0
63747.61873225217,2883.0
86400.0,2883.0
# temp #1961
0.0,2234.0
7811.479051806966,2234.0
7811.479051806966,2667.0
43346.89278134611,2667.0
43346.89278134611,2555.0
44200.39934876841,2555.0
44200.39934876841,2667.0
63655.782072222806,2667.0
63655.782072222806,2555.0
64255.782072222806,2555.0
64255.782072222806,2667.0
83880.58050877882,2667.0
83880.58050877882,2555.0
85710.33606946004,2555.0
85710.33606946004,2429.0
86400.0,2429.0
# temp #1962
0.0,2234.0
30679.381454503167,2234.0
30679.381454503167,2429.0
31113.099028402943,2429.0
31113.099028402943,2234.0
31971.758775366474,2234.0
31971.758775366474,2429.0
37288.43550374732,2429.0
37288.43550374732,2234.0
40327.86288242788,2234.0
40327.86288242788,2429.0
40639.58027902991,2429.0
40639.58027902991,2555.0
41105.314026027925,2555.0
41105.314026027925,2429.0
41405.314026027925,2429.0
41405.314026027925,2555.0
61805.31402602792,2555.0
61805.31402602792,2429.0
62105.31402602792,2429.0
62105.31402602792,2555.0
62705.31402602792,2555.0
62705.31402602792,2667.0
84323.27374052256,2667.0
84323.27374052256,2883.0
86400.0,2883.0
# temp #1963
0.0,2234.0
33589.50206469745,2234.0
33589.50206469745,2017.0
81505.89932212608,2017.0
81505.89932212608,2234.0
86400.0,2234.0
# temp #1964
0.0,2234.0
3781.877596490086,2234.0
3781.877596490086,2667.0
9121.054500108587,2667.0
9121.054500108587,2555.0
9745.534476684408,2555.0
9745.534476684408,2667.0
45763.46049914137,2667.0
45763.46049914137,2555.0
46063.46049914137,2555.0
46063.46049914137,2667.0
46363.46049914137,2667.0
46363.46049914137,2555.0
49663.46049914137,2555.0
49663.46049914137,2667.0
75163.46049914137,2667.0
75163.46049914137,2883.0
86400.0,2883.0
# temp #1965
0.0,2234.0
83385.57863782627,2234.0
83385.57863782627,2555.0
86400.000002,2555.0
# temp #1966
0.0,2234.0
15688.72485123575,2234.0
15688.72485123575,2555.0
30069.441691925753,2555.0
30069.441691925753,2429.0
38292.08792760037,2429.0
38292.08792760037,2234.0
40388.27482005581,2234.0
40388.27482005581,2429.0
56182.67749054358,2429.0
56182.67749054358,2234.0
60760.40932238103,2234.0
60760.40932238103,2667.0
85192.89743313567,2667.0
85192.89743313567,2555.0
86400.000002,2555.0
# temp #1967
0.0,2234.0
18611.7444075644,2234.0
18611.7444075644,2017.0
37129.81002051383,2017.0
37129.81002051383,2234.0
42829.81002051383,2234.0
42829.81002051383,2429.0
47518.76055265312,2429.0
47518.76055265312,2234.0
48498.56599580963,2234.0
48498.56599580963,2667.0
72340.95334480517,2667.0
72340.95334480517,2555.0
86400.000002,2555.0
# temp #1968
0.0,2234.0
40646.87095955015,2234.0
40646.87095955015,2429.0
41125.42050420307,2429.0
41125.42050420307,2555.0
46136.58190271818,2555.0
46136.58190271818,2429.0
73134.06738701744,2429.0
73134.06738701744,2555.0
76983.97727224512,2555.0
76983.97727224512,2667.0
86400.000002,2667.0
# temp #1969
0.0,2234.0
9859.90958993789,2234.0
9859.90958993789,2883.0
10954.29265885614,2883.0
10954.29265885614,2667.0
19328.084684419446,2667.0
19328.084684419446,2883.0
22010.17510488164,2883.0
22010.17510488164,2667.0
47412.00747087133,2667.0
47412.00747087133,2883.0
67716.00799129812,2883.0
67716.00799129812,2667.0
70088.33040583415,2667.0
70088.33040583415,2555.0
83332.87970989478,2555.0
83332.87970989478,2667.0
86400.0,2667.0
# temp #1970
0.0,2234.0
60767.65034361743,2234.0
60767.65034361743,2883.0
63167.65034361743,2883.0
63167.65034361743,2667.0
78974.18669778855,2667.0
78974.18669778855,2234.0
86400.0,2234.0
# temp #1971
0.0,2234.0
76277.34615930823,2234.0
76277.34615930823,2555.0
86400.000002,2555.0
# temp #1972
0.0,2234.0
7181.828942592257,2234.0
7181.828942592257,2555.0
40349.04514804949,2555.0
40349.04514804949,2429.0
40701.062041707344,2429.0
40701.062041707344,2555.0
60509.21092447826,2555.0
60509.21092447826,2429.0
61238.18377729041,2429.0
61238.18377729041,2234.0
68314.6062023705,2234.0
68314.6062023705,2667.0
69878.95128827078,2667.0
69878.95128827078,2234.0
77006.90899312032,2234.0
77006.90899312032,2429.0
86165.4139705701,2429.0
86165.4139705701,2883.0
86400.000002,2883.0
# temp #1973
0.0,2234.0
49388.62903327681,2234.0
49388.62903327681,2883.0
51788.62903327681,2883.0
51788.62903327681,2667.0
57215.39037306793,2667.0
57215.39037306793,2555.0
75906.30567851476,2555.0
75906.30567851476,2667.0
85668.24209494516,2667.0
85668.24209494516,2555.0
86400.000002,2555.0
# temp #1974
0.0,2234.0
12329.23007863574,2234.0
12329.23007863574,2429.0
12636.84512267355,2429.0
12636.84512267355,2555.0
12985.952072613874,2555.0
12985.952072613874,2429.0
24866.451767552648,2429.0
24866.451767552648,2555.0
55633.64305039869,2555.0
55633.64305039869,2429.0
74188.46622076818,2429.0
74188.46622076818,2555.0
86400.000002,2555.0
# temp #1975
0.0,2234.0
6727.4187394185,2234.0
6727.4187394185,2883.0
17827.4187394185,2883.0
17827.4187394185,2555.0
53914.00326155127,2555.0
53914.00326155127,2429.0
74717.62064471842,2429.0
74717.62064471842,2234.0
86400.0,2234.0
# temp #1976
0.0,2234.0
4218.967317952775,2234.0
4218.967317952775,2667.0
22066.336809354838,2667.0
22066.336809354838,2555.0
22422.014174214568,2555.0
22422.014174214568,2429.0
36345.74950318784,2429.0
36345.74950318784,2555.0
60614.17127579917,2555.0
60614.17127579917,2429.0
80924.68216605486,2429.0
80924.68216605486,2234.0
86400.000002,2234.0
# temp #1977
0.0,2234.0
14255.941577861087,2234.0
14255.941577861087,2017.0
51655.53420628422,2017.0
51655.53420628422,2234.0
56984.61688100361,2234.0
56984.61688100361,2017.0
77959.53278588133,2017.0
77959.53278588133,2234.0
80040.87972370909,2234.0
80040.87972370909,2017.0
86400.0,2017.0
# temp #1978
0.0,2234.0
52594.26513472573,2234.0
52594.26513472573,2429.0
53109.47176921182,2429.0
53109.47176921182,2555.0
54139.372197864584,2555.0
54139.372197864584,2429.0
86400.0,2429.0
# temp #1979
0.0,2234.0
44371.14903589246,2234.0
44371.14903589246,2429.0
44671.14903589246,2429.0
44671.14903589246,2234.0
45864.78459925857,2234.0
45864.78459925857,2667.0
68219.23147186173,2667.0
68219.23147186173,2555.0
71620.23187789602,2555.0
71620.23187789602,2667.0
86400.0,2667.0
# temp #1980
0.0,2234.0
18095.681913150478,2234.0
18095.681913150478,2017.0
55592.764633381754,2017.0
55592.764633381754,2234.0
86400.000002,2234.0
# temp #1981
0.0,2234.0
40236.992790363736,2234.0
40236.992790363736,2017.0
86400.000002,2017.0
# temp #1982
0.0,2234.0
35232.3935598135,2234.0
35232.3935598135,2555.0
50525.12130131946,2555.0
50525.12130131946,2429.0
52488.39902139735,2429.0
52488.39902139735,2667.0
79770.7636570791,2667.0
79770.7636570791,2555.0
86400.0,2555.0
# temp #1983
0.0,2234.0
39096.62947822363,2234.0
39096.62947822363,2017.0
86400.0,2017.0
# temp #1984
0.0,2234.0
12024.91799388081,2234.0
12024.91799388081,2883.0
12784.960894519465,2883.0
12784.960894519465,2667.0
21498.911955370568,2667.0
21498.911955370568,2883.0
39003.284466988414,2883.0
39003.284466988414,2667.0
74916.35806413835,2667.0
74916.35806413835,2555.0
79729.68323382085,2555.0
79729.68323382085,2429.0
86400.000002,2429.0
# temp #1985
0.0,2234.0
32464.195953821767,2234.0
32464.195953821767,2429.0
32795.54704441689,2429.0
32795.54704441689,2234.0
33487.12870704476,2234.0
33487.12870704476,2429.0
36613.752533658415,2429.0
36613.752533658415,2234.0
38956.182016292594,2234.0
38956.182016292594,2429.0
39662.04015375116,2429.0
39662.04015375116,2555.0
41053.261956525974,2555.0
41053.261956525974,2429.0
41353.261956525974,2429.0
41353.261956525974,2555.0
42853.261956525974,2555.0
42853.261956525974,2429.0
53053.26195652597,2429.0
53053.26195652597,2234.0
86400.000002,2234.0
# temp #1986
0.0,2234.0
7047.864206065426,2234.0
7047.864206065426,2667.0
9031.038476270625,2667.0
9031.038476270625,2555.0
9854.098811675796,2555.0
9854.098811675796,2667.0
43992.84884529189,2667.0
43992.84884529189,2555.0
44592.84884529189,2555.0
44592.84884529189,2667.0
64127.04439661467,2667.0
64127.04439661467,2555.0
69168.51565106773,2555.0
69168.51565106773,2429.0
86400.0,2429.0
# temp #1987
0.0,2234.0
14379.104250529783,2234.0
14379.104250529783,2555.0
21971.35196384043,2555.0
21971.35196384043,2429.0
22316.353483241986,2429.0
22316.353483241986,2555.0
23268.030334752988,2555.0
23268.030334752988,2429.0
23729.17766568717,2429.0
23729.17766568717,2234.0
53879.60728935433,2234.0
53879.60728935433,2429.0
84490.65491999501,2429.0
84490.65491999501,2555.0
86400.0,2555.0
# temp #1988
0.0,2234.0
36993.10564768966,2234.0
36993.10564768966,2883.0
39393.10564768966,2883.0
39393.10564768966,2667.0
40730.78696283046,2667.0
40730.78696283046,2555.0
44736.75577074755,2555.0
44736.75577074755,2667.0
56887.70253765397,2667.0
56887.70253765397,2555.0
68480.40584237315,2555.0
68480.40584237315,2667.0
80282.83545258455,2667.0
80282.83545258455,2555.0
86400.000002,2555.0
# temp #1989
0.0,2234.0
23264.78780326434,2234.0
23264.78780326434,2555.0
38082.95691856184,2555.0
38082.95691856184,2429.0
38626.09063333367,2429.0
38626.09063333367,2555.0
54517.42576751859,2555.0
54517.42576751859,2429.0
54935.276985098615,2429.0
54935.276985098615,2234.0
63438.35195673165,2234.0
63438.35195673165,2429.0
86400.0,2429.0
# temp #1990
0.0,2234.0
12244.614967494274,2234.0
12244.614967494274,2429.0
44344.61496749427,2429.0
44344.61496749427,2555.0
44644.61496749427,2555.0
44644.61496749427,2667.0
76748.8468593685,2667.0
76748.8468593685,2883.0
86400.0,2883.0
# temp #1991
0.0,2234.0
40861.04098996148,2234.0
40861.04098996148,2555.0
49648.13367328607,2555.0
49648.13367328607,2429.0
68818.52738535964,2429.0
68818.52738535964,2234.0
69418.52738535964,2234.0
69418.52738535964,2429.0
71818.52738535964,2429.0
71818.52738535964,2555.0
82018.52738535964,2555.0
82018.52738535964,2667.0
86400.000002,2667.0
# temp #1992
0.0,2234.0
33335.801324201755,2234.0
33335.801324201755,2555.0
61415.349318925306,2555.0
61415.349318925306,2429.0
61718.3518768754,2429.0
61718.3518768754,2555.0
66715.70014029277,2555.0
66715.70014029277,2429.0
67712.2116521001,2429.0
67712.2116521001,2234.0
76457.4500949355,2234.0
76457.4500949355,2429.0
86400.0,2429.0
# temp #1993
0.0,2234.0
992.8421868709848,2234.0
992.8421868709848,2667.0
46219.183288165375,2667.0
46219.183288165375,2555.0
46641.81229902898,2555.0
46641.81229902898,2667.0
55396.86036526692,2667.0
55396.86036526692,2555.0
55696.86036526692,2555.0
55696.86036526692,2667.0
56377.946752519354,2667.0
56377.946752519354,2555.0
56977.946752519354,2555.0
56977.946752519354,2667.0
68473.14652553761,2667.0
68473.14652553761,2555.0
73930.22858106998,2555.0
73930.22858106998,2429.0
86400.000002,2429.0
# temp #1994
0.0,2234.0
70036.34391606321,2234.0
70036.34391606321,2555.0
77067.23992426415,2555.0
77067.23992426415,2429.0
77474.54107396772,2429.0
77474.54107396772,2555.0
86400.0,2555.0
# temp #1995
0.0,2234.0
78890.0802904973,2234.0
78890.0802904973,2555.0
86400.0,2555.0
# temp #1996
0.0,2234.0
26844.77727238555,2234.0
26844.77727238555,2555.0
27527.18834029511,2555.0
27527.18834029511,2667.0
28037.737441831272,2667.0
28037.737441831272,2555.0
28337.737441831272,2555.0
28337.737441831272,2667.0
55037.73744183127,2667.0
55037.73744183127,2555.0
70937.73744183127,2555.0
70937.73744183127,2234.0
74537.73744183127,2234.0
74537.73744183127,2429.0
84437.73744183127,2429.0
84437.73744183127,2555.0
85037.73744183127,2555.0
85037.73744183127,2667.0
86400.0,2667.0
# temp #1997
0.0,2234.0
4928.505469230005,2234.0
4928.505469230005,2667.0
32873.46699410118,2667.0
32873.46699410118,2555.0
33571.79136048071,2555.0
33571.79136048071,2667.0
42463.44686814119,2667.0
42463.44686814119,2555.0
45463.44686814119,2555.0
45463.44686814119,2667.0
71563.44686814118,2667.0
71563.44686814118,2883.0
86400.000002,2883.0
# temp #1998
0.0,2234.0
2159.061632584781,2234.0
2159.061632584781,2667.0
31232.835709420036,2667.0
31232.835709420036,2555.0
32400.646120333116,2555.0
32400.646120333116,2429.0
62082.25370740984,2429.0
62082.25370740984,2883.0
86400.000002,2883.0
# temp #1999
0.0,2234.0
21631.818198063414,2234.0
21631.818198063414,2555.0
24158.807398402136,2555.0
24158.807398402136,2429.0
24542.906876653436,2429.0
24542.906876653436,2555.0
43722.85550055095,2555.0
43722.85550055095,2429.0
44449.08430455253,2429.0
44449.08430455253,2234.0
46979.27124481649,2234.0
46979.27124481649,2429.0
75232.3586557992,2429.0
75232.3586557992,2555.0
83386.33251814173,2555.0
83386.33251814173,2667.0
86400.0,2667.0
# temp #2000
0.0,2234.0
60357.335816463456,2234.0
60357.335816463456,2555.0
75443.30153628252,2555.0
75443.30153628252,2234.0
86400.0,2234.0
# temp #2001
0.0,2234.0
18106.35527037084,2234.0
18106.35527037084,2017.0
50801.912084408104,2017.0
50801.912084408104,2234.0
86400.000002,2234.0
# temp #2002
0.0,2234.0
50710.17755325884,2234.0
50710.17755325884,2555.0
57999.961655214436,2555.0
57999.961655214436,2429.0
86400.000002,2429.0
# temp #2003
0.0,2234.0
1388.8980029616507,2234.0
1388.8980029616507,2667.0
26062.71531020757,2667.0
26062.71531020757,2555.0
27227.664704038765,2555.0
27227.664704038765,2667.0
62533.878495893456,2667.0
62533.878495893456,2555.0
65533.878495893456,2555.0
65533.878495893456,2667.0
86400.000002,2667.0
# temp #2004
0.0,2234.0
83509.38416048886,2234.0
83509.38416048886,2555.0
86400.000002,2555.0
# temp #2005
0.0,2234.0
57356.537785590626,2234.0
57356.537785590626,2555.0
64172.41418373305,2555.0
64172.41418373305,2234.0
74787.80267892871,2234.0
74787.80267892871,2429.0
86400.0,2429.0
# temp #2006
0.0,2234.0
43334.292436181575,2234.0
43334.292436181575,2555.0
63526.77010407207,2555.0
63526.77010407207,2429.0
63842.10642690306,2429.0
63842.10642690306,2555.0
80328.42803851237,2555.0
80328.42803851237,2429.0
80655.44039367234,2429.0
80655.44039367234,2234.0
86400.0,2234.0
# temp #2007
0.0,2234.0
38145.17978131772,2234.0
38145.17978131772,2429.0
38570.087546599105,2429.0
38570.087546599105,2555.0
39907.200588402346,2555.0
39907.200588402346,2429.0
45013.73325067107,2429.0
45013.73325067107,2234.0
71665.74255775196,2234.0
71665.74255775196,2429.0
73635.04325263204,2429.0
73635.04325263204,2555.0
86400.000002,2555.0
# temp #2008
0.0,2234.0
37004.51619909146,2234.0
37004.51619909146,2555.0
41822.540279128596,2555.0
41822.540279128596,2667.0
42378.23634292,2667.0
42378.23634292,2555.0
48378.23634292,2555.0
48378.23634292,2429.0
50778.23634292,2429.0
50778.23634292,2234.0
54378.23634292,2234.0
54378.23634292,2429.0
55578.23634292,2429.0
55578.23634292,2234.0
61278.23634292,2234.0
61278.23634292,2429.0
86400.0,2429.0
# temp #2009
0.0,2234.0
40119.77615654469,2234.0
40119.77615654469,2429.0
40719.77615654469,2429.0
40719.77615654469,2555.0
43704.50112931431,2555.0
43704.50112931431,2429.0
60765.440731588766,2429.0
60765.440731588766,2234.0
64048.13111708501,2234.0
64048.13111708501,2429.0
86400.000002,2429.0
# temp #2010
0.0,2234.0
36980.95886909869,2234.0
36980.95886909869,2555.0
69234.12413389889,2555.0
69234.12413389889,2429.0
86400.0,2429.0
# temp #2011
0.0,2234.0
1228.7274908507243,2234.0
1228.7274908507243,2667.0
47599.730773782365,2667.0
47599.730773782365,2555.0
48002.10699015298,2555.0
48002.10699015298,2667.0
52235.071071633145,2667.0
52235.071071633145,2555.0
52835.071071633145,2555.0
52835.071071633145,2667.0
67377.18087506946,2667.0
67377.18087506946,2555.0
69924.18609929738,2555.0
69924.18609929738,2429.0
73437.95460483526,2429.0
73437.95460483526,2234.0
75052.16061130633,2234.0
75052.16061130633,2667.0
81419.7369935224,2667.0
81419.7369935224,2883.0
86400.000002,2883.0
# temp #2012
0.0,2234.0
7433.316399226897,2234.0
7433.316399226897,2555.0
25613.074505073022,2555.0
25613.074505073022,2429.0
46950.98424379249,2429.0
46950.98424379249,2234.0
56766.799473110594,2234.0
56766.799473110594,2429.0
71326.66476373562,2429.0
71326.66476373562,2234.0
86400.0,2234.0
# temp #2013
0.0,2234.0
71538.82745434532,2234.0
71538.82745434532,2555.0
86400.000002,2555.0
# temp #2014
0.0,2234.0
60048.5617308179,2234.0
60048.5617308179,2555.0
86400.0,2555.0
# temp #2015
0.0,2234.0
58370.92495656107,2234.0
58370.92495656107,2555.0
59257.35395250377,2555.0
59257.35395250377,2429.0
59753.93313495443,2429.0
59753.93313495443,2555.0
60871.02166281548,2555.0
60871.02166281548,2429.0
61324.0715691587,2429.0
61324.0715691587,2555.0
62397.6792293368,2555.0
62397.6792293368,2429.0
62697.6792293368,2429.0
62697.6792293368,2555.0
62997.6792293368,2555.0
62997.6792293368,2429.0
63597.6792293368,2429.0
63597.6792293368,2555.0
65163.731077197015,2555.0
65163.731077197015,2429.0
82888.97152645515,2429.0
82888.97152645515,2555.0
86400.000002,2555.0
# temp #2016
0.0,2234.0
50556.374619738206,2234.0
50556.374619738206,2429.0
50856.374619738206,2429.0
50856.374619738206,2234.0
75855.08134695703,2234.0
75855.08134695703,2429.0
85741.14664569499,2429.0
85741.14664569499,2555.0
86400.0,2555.0
# temp #2017
0.0,2234.0
10313.669481896795,2234.0
10313.669481896795,2429.0
10839.840377192013,2429.0
10839.840377192013,2234.0
11529.253267496824,2234.0
11529.253267496824,2429.0
11962.961027724668,2429.0
11962.961027724668,2234.0
24122.982783894986,2234.0
24122.982783894986,2429.0
24823.92284581438,2429.0
24823.92284581438,2234.0
47843.1402737042,2234.0
47843.1402737042,2429.0
73754.91731730291,2429.0
73754.91731730291,2234.0
86400.0,2234.0
# temp #2018
0.0,2234.0
52549.780091363944,2234.0
52549.780091363944,2555.0
86342.91459624657,2555.0
86342.91459624657,2429.0
86400.000002,2429.0
# temp #2019
0.0,2234.0
49585.74213925749,2234.0
49585.74213925749,2883.0
51985.74213925749,2883.0
51985.74213925749,2667.0
86400.000002,2667.0
# temp #2020
0.0,2234.0
29897.955660405572,2234.0
29897.955660405572,2555.0
58532.506302581176,2555.0
58532.506302581176,2429.0
86400.0,2429.0
# temp #2021
0.0,2234.0
3747.9236108483756,2234.0
3747.9236108483756,2667.0
44219.16853864678,2667.0
44219.16853864678,2555.0
44753.83842573502,2555.0
44753.83842573502,2429.0
54716.861771140255,2429.0
54716.861771140255,2234.0
64146.66920900346,2234.0
64146.66920900346,2667.0
83174.62995203679,2667.0
83174.62995203679,2555.0
84903.11190525537,2555.0
84903.11190525537,2667.0
86400.0,2667.0
# temp #2022
0.0,2234.0
1241.9623560737818,2234.0
1241.9623560737818,2667.0
46392.34053734691,2667.0
46392.34053734691,2555.0
47766.09912011773,2555.0
47766.09912011773,2667.0
64049.81912146324,2667.0
64049.81912146324,2555.0
64349.81912146324,2555.0
64349.81912146324,2667.0
65159.991445764914,2667.0
65159.991445764914,2555.0
65759.99144576491,2555.0
65759.99144576491,2667.0
85088.68503500709,2667.0
85088.68503500709,2555.0
86400.000002,2555.0
# temp #2023
0.0,2234.0
80567.2086729901,2234.0
80567.2086729901,2555.0
86400.000002,2555.0
# temp #2024
0.0,2234.0
6836.458206083626,2234.0
6836.458206083626,2017.0
51277.672723028816,2017.0
51277.672723028816,2234.0
71758.2063845359,2234.0
71758.2063845359,2017.0
86400.000002,2017.0
# temp #2025
0.0,2234.0
37040.302481688566,2234.0
37040.302481688566,2017.0
41590.77769392171,2017.0
41590.77769392171,2234.0
86400.000002,2234.0
# temp #2026
0.0,2234.0
71099.69418144319,2234.0
71099.69418144319,2555.0
86400.000002,2555.0
# temp #2027
0.0,2234.0
44984.015402197845,2234.0
44984.015402197845,2555.0
57236.61232553423,2555.0
57236.61232553423,2667.0
62109.09796322231,2667.0
62109.09796322231,2555.0
72475.7819910301,2555.0
72475.7819910301,2883.0
86400.0,2883.0
# temp #2028
0.0,2234.0
5349.593962985092,2234.0
5349.593962985092,2667.0
11422.85021999851,2667.0
11422.85021999851,2555.0
11830.952813755723,2555.0
11830.952813755723,2667.0
39999.021845776595,2667.0
39999.021845776595,2555.0
42999.021845776595,2555.0
42999.021845776595,2667.0
69099.02184577659,2667.0
69099.02184577659,2883.0
86400.000002,2883.0
# temp #2029
0.0,2234.0
16213.755805953408,2234.0
16213.755805953408,2555.0
55309.560974990025,2555.0
55309.560974990025,2429.0
80922.42586717477,2429.0
80922.42586717477,2234.0
81522.42586717477,2234.0
81522.42586717477,2429.0
83922.42586717477,2429.0
83922.42586717477,2555.0
86400.0,2555.0
# temp #2030
0.0,2234.0
42483.91732166056,2234.0
42483.91732166056,2555.0
55911.18675617036,2555.0
55911.18675617036,2429.0
85002.12506277022,2429.0
85002.12506277022,2234.0
86400.0,2234.0
# temp #2031
0.0,2234.0
36310.77553394717,2234.0
36310.77553394717,2429.0
43210.77553394717,2429.0
43210.77553394717,2555.0
45010.77553394717,2555.0
45010.77553394717,2429.0
57910.77553394717,2429.0
57910.77553394717,2234.0
58210.77553394717,2234.0
58210.77553394717,2017.0
58510.77553394717,2017.0
58510.77553394717,2234.0
58810.77553394717,2234.0
58810.77553394717,2017.0
77316.64268639871,2017.0
77316.64268639871,2234.0
86400.000002,2234.0
# temp #2032
0.0,2234.0
28665.4463198036,2234.0
28665.4463198036,2017.0
59573.289603134624,2017.0
59573.289603134624,2234.0
65273.289603134624,2234.0
65273.289603134624,2429.0
86400.0,2429.0
# temp #2033
0.0,2234.0
3087.3703062767167,2234.0
3087.3703062767167,2667.0
39698.49238875323,2667.0
39698.49238875323,2555.0
40717.59020048194,2555.0
40717.59020048194,2667.0
75421.04163039477,2667.0
75421.04163039477,2555.0
75721.04163039477,2555.0
75721.04163039477,2667.0
76373.59658502975,2667.0
76373.59658502975,2555.0
76973.59658502975,2555.0
76973.59658502975,2667.0
86400.0,2667.0
# temp #2034
0.0,2234.0
58033.1838759128,2234.0
58033.1838759128,2555.0
61641.87691917177,2555.0
61641.87691917177,2234.0
66206.58843142446,2234.0
66206.58843142446,2667.0
79177.65106628649,2667.0
79177.65106628649,2555.0
86400.000002,2555.0
# temp #2035
0.0,2234.0
40367.252143286176,2234.0
40367.252143286176,2429.0
47267.252143286176,2429.0
47267.252143286176,2555.0
49067.252143286176,2555.0
49067.252143286176,2429.0
61967.252143286176,2429.0
61967.252143286176,2234.0
62267.252143286176,2234.0
62267.252143286176,2017.0
62567.252143286176,2017.0
62567.252143286176,2234.0
62867.252143286176,2234.0
62867.252143286176,2017.0
78843.77356669867,2017.0
78843.77356669867,2234.0
86400.0,2234.0
# temp #2036
0.0,2234.0
2397.616554703564,2234.0
2397.616554703564,2667.0
38747.134089376785,2667.0
38747.134089376785,2555.0
39197.30361951516,2555.0
39197.30361951516,2667.0
51965.88028105908,2667.0
51965.88028105908,2555.0
52265.88028105908,2555.0
52265.88028105908,2667.0
52903.98675254547,2667.0
52903.98675254547,2555.0
53503.98675254547,2555.0
53503.98675254547,2667.0
78085.46379902402,2667.0
78085.46379902402,2555.0
86400.000002,2555.0
# temp #2037
0.0,2234.0
33061.89436926507,2234.0
33061.89436926507,2017.0
64376.653014589116,2017.0
64376.653014589116,2234.0
74779.89313295113,2234.0
74779.89313295113,2017.0
86400.000002,2017.0
# temp #2038
0.0,2234.0
10015.701254666783,2234.0
10015.701254666783,2429.0
16915.701254666783,2429.0
16915.701254666783,2555.0
18715.701254666783,2555.0
18715.701254666783,2429.0
31615.701254666783,2429.0
31615.701254666783,2234.0
31915.701254666783,2234.0
31915.701254666783,2017.0
32215.701254666783,2017.0
32215.701254666783,2234.0
32515.701254666783,2234.0
32515.701254666783,2017.0
41894.08673567232,2017.0
41894.08673567232,2234.0
53718.96684500389,2234.0
53718.96684500389,2429.0
86400.000002,2429.0
# temp #2039
0.0,2234.0
4281.778372102418,2234.0
4281.778372102418,2667.0
52646.80162235164,2667.0
52646.80162235164,2555.0
53242.664907267324,2555.0
53242.664907267324,2667.0
54941.99431920425,2667.0
54941.99431920425,2555.0
55241.99431920425,2555.0
55241.99431920425,2667.0
55941.35780143552,2667.0
55941.35780143552,2555.0
56541.35780143552,2555.0
56541.35780143552,2667.0
74245.74561158662,2667.0
74245.74561158662,2234.0
85508.59501913657,2234.0
85508.59501913657,2667.0
86400.000002,2667.0
# temp #2040
0.0,2234.0
837.0671187294648,2234.0
837.0671187294648,2555.0
3242.0446943957363,2555.0
3242.0446943957363,2667.0
13142.044694395736,2667.0
13142.044694395736,2555.0
17512.438742117956,2555.0
17512.438742117956,2429.0
25034.754298045304,2429.0
25034.754298045304,2555.0
32803.53248796892,2555.0
32803.53248796892,2429.0
42121.343598235406,2429.0
42121.343598235406,2555.0
50575.81784734503,2555.0
50575.81784734503,2667.0
62743.716732901536,2667.0
62743.716732901536,2555.0
79786.33681589273,2555.0
79786.33681589273,2429.0
86400.0,2429.0
# temp #2041
0.0,2234.0
3291.43836053554,2234.0
3291.43836053554,2667.0
15947.993330145257,2667.0
15947.993330145257,2555.0
16594.912851741537,2555.0
16594.912851741537,2667.0
35445.62512943522,2667.0
35445.62512943522,2555.0
35745.62512943522,2555.0
35745.62512943522,2667.0
36496.41759765801,2667.0
36496.41759765801,2555.0
37096.41759765801,2555.0
37096.41759765801,2667.0
47024.21232119669,2667.0
47024.21232119669,2555.0
68116.62904587576,2555.0
68116.62904587576,2429.0
72525.6187122781,2429.0
72525.6187122781,2883.0
86400.0,2883.0
# temp #2042
0.0,2234.0
70051.52324235534,2234.0
70051.52324235534,2555.0
70565.09872076569,2555.0
70565.09872076569,2429.0
71745.70775998292,2429.0
71745.70775998292,2234.0
72045.70775998292,2234.0
72045.70775998292,2017.0
86400.0,2017.0
# temp #2043
0.0,2234.0
27991.74996230286,2234.0
27991.74996230286,2429.0
60091.749962302856,2429.0
60091.749962302856,2555.0
60391.749962302856,2555.0
60391.749962302856,2667.0
64579.914242215455,2667.0
64579.914242215455,2234.0
80061.51109468192,2234.0
80061.51109468192,2667.0
85919.41270935349,2667.0
85919.41270935349,2555.0
86400.0,2555.0
# temp #2044
0.0,2234.0
37809.94931948372,2234.0
37809.94931948372,2555.0
39089.9052962428,2555.0
39089.9052962428,2667.0
48989.9052962428,2667.0
48989.9052962428,2555.0
53433.29270293471,2555.0
53433.29270293471,2429.0
76060.76444860084,2429.0
76060.76444860084,2234.0
86400.0,2234.0
# temp #2045
0.0,2234.0
7272.964418004268,2234.0
7272.964418004268,2883.0
18372.964418004267,2883.0
18372.964418004267,2555.0
27131.86926834751,2555.0
27131.86926834751,2429.0
52913.750794390224,2429.0
52913.750794390224,2555.0
72244.61803701708,2555.0
72244.61803701708,2667.0
86400.0,2667.0
# temp #2046
0.0,2234.0
48704.33091104497,2234.0
48704.33091104497,2555.0
51839.57092717756,2555.0
51839.57092717756,2667.0
52218.80516214297,2667.0
52218.80516214297,2555.0
52518.80516214297,2555.0
52518.80516214297,2667.0
79218.80516214296,2667.0
79218.80516214296,2555.0
86400.000002,2555.0
# temp #2047
0.0,2234.0
10095.602136757227,2234.0
10095.602136757227,2883.0
21195.602136757225,2883.0
21195.602136757225,2555.0
30526.463895756755,2555.0
30526.463895756755,2667.0
40765.07836428937,2667.0
40765.07836428937,2555.0
52003.082163794905,2555.0
52003.082163794905,2667.0
68944.02630482802,2667.0
68944.02630482802,2555.0
86400.0,2555.0
# temp #2048
0.0,2234.0
16554.769482091073,2234.0
16554.769482091073,2555.0
17424.93263629731,2555.0
17424.93263629731,2667.0
23724.93263629731,2667.0
23724.93263629731,2555.0
24924.93263629731,2555.0
24924.93263629731,2429.0
68124.93263629731,2429.0
68124.93263629731,2234.0
76452.55040272605,2234.0
76452.55040272605,2667.0
86400.000002,2667.0
# temp #2049
0.0,2234.0
70496.93736874033,2234.0
70496.93736874033,2883.0
72896.93736874033,2883.0
72896.93736874033,2667.0
86400.000002,2667.0
# temp #2050
0.0,2234.0
12618.596295313911,2234.0
12618.596295313911,2017.0
68385.37483862601,2017.0
68385.37483862601,2234.0
83001.93425151521,2234.0
83001.93425151521,2017.0
86400.000002,2017.0
# temp #2051
0.0,2234.0
47347.83837329597,2234.0
47347.83837329597,2555.0
83007.30919777417,2555.0
83007.30919777417,2429.0
83505.29328191189,2429.0
83505.29328191189,2555.0
86400.0,2555.0
# temp #2052
0.0,2234.0
3993.8962287269537,2234.0
3993.8962287269537,2555.0
7956.6351315937945,2555.0
7956.6351315937945,2667.0
8411.408745101655,2667.0
8411.408745101655,2555.0
8711.408745101655,2555.0
8711.408745101655,2667.0
35411.40874510165,2667.0
35411.40874510165,2555.0
51311.40874510165,2555.0
51311.40874510165,2234.0
54911.40874510165,2234.0
54911.40874510165,2429.0
64811.40874510165,2429.0
64811.40874510165,2555.0
65411.40874510165,2555.0
65411.40874510165,2667.0
77711.40874510165,2667.0
77711.40874510165,2883.0
86400.0,2883.0
# temp #2053
0.0,2234.0
64086.098629957996,2234.0
64086.098629957996,2555.0
74206.78762800526,2555.0
74206.78762800526,2234.0
86400.000002,2234.0
# temp #2054
0.0,2234.0
41106.65898893494,2234.0
41106.65898893494,2883.0
43506.65898893494,2883.0
43506.65898893494,2667.0
85367.7546170773,2667.0
85367.7546170773,2883.0
86400.0,2883.0
# temp #2055
0.0,2234.0
11133.076742291452,2234.0
11133.076742291452,2555.0
13197.120832814837,2555.0
13197.120832814837,2667.0
23097.120832814835,2667.0
23097.120832814835,2555.0
25140.79214574304,2555.0
25140.79214574304,2429.0
35363.47126329783,2429.0
35363.47126329783,2555.0
48250.563706853434,2555.0
48250.563706853434,2667.0
66539.87434725277,2667.0
66539.87434725277,2555.0
76394.66832338368,2555.0
76394.66832338368,2429.0
84002.404472488,2429.0
84002.404472488,2555.0
86400.0,2555.0
# temp #2056
0.0,2234.0
35839.84744744376,2234.0
35839.84744744376,2017.0
45018.46874649637,2017.0
45018.46874649637,2234.0
82062.56405585447,2234.0
82062.56405585447,2017.0
84254.81355576777,2017.0
84254.81355576777,2234.0
86400.000002,2234.0
# temp #2057
0.0,2234.0
20331.93174975459,2234.0
20331.93174975459,2429.0
20683.46350444481,2429.0
20683.46350444481,2555.0
24829.435719084,2555.0
24829.435719084,2429.0
41924.07247403172,2429.0
41924.07247403172,2555.0
44934.00300520007,2555.0
44934.00300520007,2429.0
48702.245587552905,2429.0
48702.245587552905,2555.0
59491.74972537441,2555.0
59491.74972537441,2667.0
86400.0,2667.0
# temp #2058
0.0,2234.0
6292.195090837778,2234.0
6292.195090837778,2667.0
46321.64211873897,2667.0
46321.64211873897,2555.0
46934.31500396692,2555.0
46934.31500396692,2667.0
54728.339936840355,2667.0
54728.339936840355,2555.0
55028.339936840355,2555.0
55028.339936840355,2429.0
64128.44152736945,2429.0
64128.44152736945,2555.0
73594.42605448423,2555.0
73594.42605448423,2667.0
86400.000002,2667.0
# temp #2059
0.0,2234.0
12286.045636050405,2234.0
12286.045636050405,2017.0
35020.481197116904,2017.0
35020.481197116904,2234.0
70494.13143550047,2234.0
70494.13143550047,2017.0
86400.0,2017.0
# temp #2060
0.0,2234.0
8255.998834432105,2234.0
8255.998834432105,2667.0
44578.46335102805,2667.0
44578.46335102805,2555.0
44991.0564119462,2555.0
44991.0564119462,2667.0
58583.74074299355,2667.0
58583.74074299355,2555.0
58883.74074299355,2555.0
58883.74074299355,2667.0
59183.74074299355,2667.0
59183.74074299355,2555.0
62483.74074299355,2555.0
62483.74074299355,2667.0
86400.000002,2667.0
# temp #2061
0.0,2234.0
79047.50081968961,2234.0
79047.50081968961,2555.0
86400.0,2555.0
# temp #2062
0.0,2234.0
36173.24597323314,2234.0
36173.24597323314,2429.0
36737.523346440874,2429.0
36737.523346440874,2234.0
37569.914727984,2234.0
37569.914727984,2429.0
38054.45163063706,2429.0
38054.45163063706,2234.0
38857.26129398682,2234.0
38857.26129398682,2429.0
39404.621881479405,2429.0
39404.621881479405,2555.0
40288.675138028346,2555.0
40288.675138028346,2429.0
40588.675138028346,2429.0
40588.675138028346,2555.0
60988.675138028346,2555.0
60988.675138028346,2429.0
61288.675138028346,2429.0
61288.675138028346,2555.0
61888.675138028346,2555.0
61888.675138028346,2667.0
79478.19492900746,2667.0
79478.19492900746,2555.0
86400.0,2555.0
# temp #2063
0.0,2234.0
9319.248196296396,2234.0
9319.248196296396,2017.0
36708.1525517162,2017.0
36708.1525517162,2234.0
68223.78832013348,2234.0
68223.78832013348,2017.0
86400.0,2017.0
# temp #2064
0.0,2234.0
23700.46190489084,2234.0
23700.46190489084,2555.0
26702.73816736881,2555.0
26702.73816736881,2667.0
27223.295546695594,2667.0
27223.295546695594,2555.0
33223.2955466956,2555.0
33223.2955466956,2429.0
35623.2955466956,2429.0
35623.2955466956,2234.0
39223.2955466956,2234.0
39223.2955466956,2429.0
40423.2955466956,2429.0
40423.2955466956,2234.0
46123.2955466956,2234.0
46123.2955466956,2429.0
78367.08485749552,2429.0
78367.08485749552,2555.0
86400.0,2555.0
# temp #2065
0.0,2234.0
50369.82973935083,2234.0
50369.82973935083,2555.0
58304.423693893485,2555.0
58304.423693893485,2429.0
58770.536827971235,2429.0
58770.536827971235,2555.0
78771.81439879352,2555.0
78771.81439879352,2429.0
79892.33591998929,2429.0
79892.33591998929,2555.0
80663.2803366054,2555.0
80663.2803366054,2429.0
86400.000002,2429.0
# temp #2066
0.0,2234.0
8259.735623910094,2234.0
8259.735623910094,2667.0
10510.073577426376,2667.0
10510.073577426376,2555.0
11695.608152914794,2555.0
11695.608152914794,2667.0
26072.277026250962,2667.0
26072.277026250962,2555.0
26372.277026250962,2555.0
26372.277026250962,2667.0
26672.277026250962,2667.0
26672.277026250962,2555.0
29972.277026250962,2555.0
29972.277026250962,2667.0
55472.27702625096,2667.0
55472.27702625096,2883.0
86400.000002,2883.0
# temp #2067
0.0,2234.0
12593.996193911882,2234.0
12593.996193911882,2883.0
14069.481232110413,2883.0
14069.481232110413,2667.0
16757.055185828358,2667.0
16757.055185828358,2883.0
46567.80996378512,2883.0
46567.80996378512,2429.0
65580.79153562432,2429.0
65580.79153562432,2555.0
86400.0,2555.0
# temp #2068
0.0,2234.0
1540.0094174081462,2234.0
1540.0094174081462,2667.0
41682.224574987784,2667.0
41682.224574987784,2555.0
42899.246988189414,2555.0
42899.246988189414,2667.0
73617.3827993218,2667.0
73617.3827993218,2555.0
73917.3827993218,2555.0
73917.3827993218,2667.0
74530.43541528752,2667.0
74530.43541528752,2555.0
75130.43541528752,2555.0
75130.43541528752,2667.0
81399.96109432542,2667.0
81399.96109432542,2555.0
86400.0,2555.0
# temp #2069
0.0,2234.0
4354.475639364683,2234.0
4354.475639364683,2555.0
36521.88487190288,2555.0
36521.88487190288,2429.0
36862.438844097785,2429.0
36862.438844097785,2555.0
45176.777340564884,2555.0
45176.777340564884,2429.0
46317.80625230168,2429.0
46317.80625230168,2234.0
61944.81204065961,2234.0
61944.81204065961,2429.0
78475.3256584285,2429.0
78475.3256584285,2883.0
86400.0,2883.0
# temp #2070
0.0,2234.0
493.5071545885876,2234.0
493.5071545885876,2555.0
16280.591602460485,2555.0
16280.591602460485,2429.0
22774.052577302795,2429.0
22774.052577302795,2234.0
31616.49337329437,2234.0
31616.49337329437,2429.0
51929.361588740736,2429.0
51929.361588740736,2234.0
85339.62336033584,2234.0
85339.62336033584,2429.0
86400.0,2429.0
# temp #2071
0.0,2234.0
39025.37203026005,2234.0
39025.37203026005,2555.0
40546.73445085064,2555.0
40546.73445085064,2429.0
73677.62677157299,2429.0
73677.62677157299,2234.0
82622.62623240241,2234.0
82622.62623240241,2429.0
86400.000002,2429.0
# temp #2072
0.0,2234.0
49692.390132090084,2234.0
49692.390132090084,2429.0
49992.390132090084,2429.0
49992.390132090084,2234.0
73293.19771220909,2234.0
73293.19771220909,2429.0
86400.0,2429.0
# temp #2073
0.0,2234.0
9495.94856556505,2234.0
9495.94856556505,2429.0
10095.94856556505,2429.0
10095.94856556505,2555.0
14198.109537921846,2555.0
14198.109537921846,2429.0
37825.278552412055,2429.0
37825.278552412055,2234.0
41014.07381154132,2234.0
41014.07381154132,2667.0
41343.86334058364,2667.0
41343.86334058364,2555.0
67398.2391127618,2555.0
67398.2391127618,2429.0
86400.0,2429.0
# temp #2074
0.0,2234.0
78816.21881537141,2234.0
78816.21881537141,2555.0
86400.000002,2555.0
# temp #2075
0.0,2234.0
43031.72573461198,2234.0
43031.72573461198,2429.0
43626.12743920182,2429.0
43626.12743920182,2555.0
47810.031472728595,2555.0
47810.031472728595,2429.0
84628.26625867748,2429.0
84628.26625867748,2555.0
86400.0,2555.0
# temp #2076
0.0,2234.0
77092.49946721831,2234.0
77092.49946721831,2555.0
81589.94771966246,2555.0
81589.94771966246,2234.0
84382.61032586453,2234.0
84382.61032586453,2667.0
86400.0,2667.0
# temp #2077
0.0,2234.0
61388.48757280503,2234.0
61388.48757280503,2555.0
61716.297666588805,2555.0
61716.297666588805,2667.0
68016.2976665888,2667.0
68016.2976665888,2555.0
69216.2976665888,2555.0
69216.2976665888,2429.0
86400.0,2429.0
# temp #2078
0.0,2234.0
5053.902795631439,2234.0
5053.902795631439,2667.0
53599.18666302693,2667.0
53599.18666302693,2555.0
54926.40671662521,2555.0
54926.40671662521,2667.0
60539.59603265394,2667.0
60539.59603265394,2555.0
61139.59603265394,2555.0
61139.59603265394,2667.0
75410.59514984954,2667.0
75410.59514984954,2555.0
79451.1351919966,2555.0
79451.1351919966,2429.0
86400.0,2429.0
# temp #2079
0.0,2234.0
17100.395722151738,2234.0
17100.395722151738,2883.0
28200.395722151738,2883.0
28200.395722151738,2555.0
61650.526429619655,2555.0
61650.526429619655,2429.0
78858.9670844609,2429.0
78858.9670844609,2234.0
86400.000002,2234.0
# temp #2080
0.0,2234.0
65661.05156494306,2234.0
65661.05156494306,2555.0
67418.21852449795,2555.0
67418.21852449795,2667.0
68007.40593255033,2667.0
68007.40593255033,2555.0
74007.40593255033,2555.0
74007.40593255033,2429.0
76407.40593255033,2429.0
76407.40593255033,2234.0
80007.40593255033,2234.0
80007.40593255033,2429.0
81207.40593255033,2429.0
81207.40593255033,2234.0
86400.000002,2234.0
# temp #2081
0.0,2234.0
7450.322972866708,2234.0
7450.322972866708,2667.0
42331.637579784736,2667.0
42331.637579784736,2555.0
43481.50814522524,2555.0
43481.50814522524,2667.0
70533.43010097744,2667.0
70533.43010097744,2555.0
71133.43010097744,2555.0
71133.43010097744,2667.0
85082.23508382218,2667.0
85082.23508382218,2555.0
86400.000002,2555.0
# temp #2082
0.0,2234.0
16064.976703771392,2234.0
16064.976703771392,2555.0
18751.47414794192,2555.0
18751.47414794192,2667.0
19252.882357081402,2667.0
19252.882357081402,2555.0
19552.882357081402,2555.0
19552.882357081402,2667.0
23152.882357081402,2667.0
23152.882357081402,2555.0
24652.882357081402,2555.0
24652.882357081402,2429.0
40296.432766271755,2429.0
40296.432766271755,2234.0
54316.73810756766,2234.0
54316.73810756766,2667.0
72351.36357529555,2667.0
72351.36357529555,2555.0
73752.98723629677,2555.0
73752.98723629677,2429.0
86400.000002,2429.0
# temp #2083
0.0,2234.0
83930.5608886527,2234.0
83930.5608886527,2555.0
86400.0,2555.0
# temp #2084
0.0,2234.0
38611.13545987756,2234.0
38611.13545987756,2429.0
70711.13545987755,2429.0
70711.13545987755,2555.0
71011.13545987755,2555.0
71011.13545987755,2667.0
86400.000002,2667.0
# temp #2085
0.0,2234.0
15909.310659184122,2234.0
15909.310659184122,2429.0
16209.310659184122,2429.0
16209.310659184122,2234.0
19812.24803316873,2234.0
19812.24803316873,2429.0
31609.58298670594,2429.0
31609.58298670594,2234.0
36831.566761736765,2234.0
36831.566761736765,2667.0
67075.80111266581,2667.0
67075.80111266581,2555.0
75003.59680051917,2555.0
75003.59680051917,2429.0
86400.0,2429.0
# temp #2086
0.0,2234.0
7696.726387040691,2234.0
7696.726387040691,2667.0
56487.56794296206,2667.0
56487.56794296206,2555.0
57124.043462332345,2555.0
57124.043462332345,2667.0
72927.06728135237,2667.0
72927.06728135237,2555.0
73227.06728135237,2555.0
73227.06728135237,2667.0
73527.06728135237,2667.0
73527.06728135237,2555.0
76827.06728135237,2555.0
76827.06728135237,2667.0
86400.000002,2667.0
# temp #2087
0.0,2234.0
6973.498270846903,2234.0
6973.498270846903,2017.0
16548.86087863706,2017.0
16548.86087863706,2234.0
44740.46341697686,2234.0
44740.46341697686,2017.0
45852.347539644696,2017.0
45852.347539644696,2234.0
53229.64992430062,2234.0
53229.64992430062,2017.0
81372.11924772711,2017.0
81372.11924772711,2234.0
86400.0,2234.0
# temp #2088
0.0,2234.0
14751.710118167104,2234.0
14751.710118167104,2017.0
53948.08683134616,2017.0
53948.08683134616,2234.0
62054.87423781306,2234.0
62054.87423781306,2017.0
82486.07798586601,2017.0
82486.07798586601,2234.0
86400.000002,2234.0
# temp #2089
0.0,2234.0
9569.638651446441,2234.0
9569.638651446441,2555.0
11672.852281085217,2555.0
11672.852281085217,2667.0
12160.831173090266,2667.0
12160.831173090266,2555.0
12460.831173090266,2555.0
12460.831173090266,2667.0
39160.831173090264,2667.0
39160.831173090264,2555.0
55060.831173090264,2555.0
55060.831173090264,2234.0
58660.831173090264,2234.0
58660.831173090264,2429.0
68560.83117309026,2429.0
68560.83117309026,2555.0
69160.83117309026,2555.0
69160.83117309026,2667.0
81460.83117309026,2667.0
81460.83117309026,2883.0
86400.000002,2883.0
# temp #2090
0.0,2234.0
26040.470237005506,2234.0
26040.470237005506,2555.0
27416.889145039026,2555.0
27416.889145039026,2667.0
27966.887671686713,2667.0
27966.887671686713,2555.0
28266.887671686713,2555.0
28266.887671686713,2667.0
31866.887671686713,2667.0
31866.887671686713,2555.0
33366.887671686716,2555.0
33366.887671686716,2429.0
49959.13421355654,2429.0
49959.13421355654,2234.0
77872.15398300906,2234.0
77872.15398300906,2429.0
86400.000002,2429.0
# temp #2091
0.0,2234.0
54965.790823870346,2234.0
54965.790823870346,2429.0
55265.790823870346,2429.0
55265.790823870346,2234.0
67759.87466436347,2234.0
67759.87466436347,2667.0
86400.0,2667.0
# temp #2092
0.0,2234.0
16068.333874549719,2234.0
16068.333874549719,2017.0
51776.32560445928,2017.0
51776.32560445928,2234.0
62884.574038395665,2234.0
62884.574038395665,2017.0
86400.0,2017.0
# temp #2093
0.0,2234.0
81679.93647109253,2234.0
81679.93647109253,2555.0
86400.000002,2555.0
# temp #2094
0.0,2234.0
81015.0792489527,2234.0
81015.0792489527,2555.0
86400.000002,2555.0
# temp #2095
0.0,2234.0
6543.742330698297,2234.0
6543.742330698297,2017.0
34897.651559114456,2017.0
34897.651559114456,2234.0
50672.637157794095,2234.0
50672.637157794095,2017.0
86400.000002,2017.0
# temp #2096
0.0,2234.0
1272.7994662709534,2234.0
1272.7994662709534,2667.0
27738.072407688018,2667.0
27738.072407688018,2555.0
28700.656062900092,2555.0
28700.656062900092,2667.0
29544.4034351036,2667.0
29544.4034351036,2555.0
29844.4034351036,2555.0
29844.4034351036,2667.0
30580.085149733353,2667.0
30580.085149733353,2555.0
31180.085149733353,2555.0
31180.085149733353,2667.0
55946.8469852116,2667.0
55946.8469852116,2555.0
57424.551401054494,2555.0
57424.551401054494,2667.0
60805.85100310855,2667.0
60805.85100310855,2555.0
81888.59194193502,2555.0
81888.59194193502,2429.0
86400.0,2429.0
# temp #2097
0.0,2234.0
35986.361692124054,2234.0
35986.361692124054,2555.0
38163.25017639902,2555.0
38163.25017639902,2667.0
44463.25017639902,2667.0
44463.25017639902,2555.0
45663.25017639902,2555.0
45663.25017639902,2429.0
86400.000002,2429.0
# temp #2098
0.0,2234.0
30379.744788142856,2234.0
30379.744788142856,2429.0
30759.39441318624,2429.0
30759.39441318624,2555.0
33340.50079467707,2555.0
33340.50079467707,2429.0
40605.69842783735,2429.0
40605.69842783735,2555.0
64560.12231088244,2555.0
64560.12231088244,2429.0
83198.13534901479,2429.0
83198.13534901479,2555.0
86400.0,2555.0
# temp #2099
0.0,2234.0
2465.978843229823,2234.0
2465.978843229823,2883.0
3279.624233278446,2883.0
3279.624233278446,2667.0
8086.478932038881,2667.0
8086.478932038881,2883.0
18796.66285647545,2883.0
18796.66285647545,2429.0
21114.307611202825,2429.0
21114.307611202825,2555.0
33478.92053355463,2555.0
33478.92053355463,2667.0
34468.906753440395,2667.0
34468.906753440395,2555.0
53336.658385419294,2555.0
53336.658385419294,2667.0
86400.0,2667.0
# temp #2100
0.0,2234.0
17481.778354570273,2234.0
17481.778354570273,2883.0
18661.033351812515,2883.0
18661.033351812515,2667.0
24758.433373505253,2667.0
24758.433373505253,2883.0
51243.81000164431,2883.0
51243.81000164431,2429.0
53964.343679440215,2429.0
53964.343679440215,2555.0
86400.000002,2555.0
# temp #2101
0.0,2234.0
4797.723248787224,2234.0
4797.723248787224,2883.0
15897.723248787224,2883.0
15897.723248787224,2555.0
43680.46660011169,2555.0
43680.46660011169,2429.0
46304.540033871315,2429.0
46304.540033871315,2234.0
66441.2499018945,2234.0
66441.2499018945,2429.0
73904.1961841751,2429.0
73904.1961841751,2555.0
80268.42891457492,2555.0
80268.42891457492,2667.0
86400.000002,2667.0
# temp #2102
0.0,2234.0
3037.657934473828,2234.0
3037.657934473828,2667.0
13779.77437048685,2667.0
13779.77437048685,2555.0
15251.892986590976,2555.0
15251.892986590976,2429.0
18538.527658651587,2429.0
18538.527658651587,2555.0
39179.63446683717,2555.0
39179.63446683717,2667.0
59342.0413010521,2667.0
59342.0413010521,2555.0
68971.03589696345,2555.0
68971.03589696345,2883.0
74167.2532308614,2883.0
74167.2532308614,2667.0
86400.0,2667.0
# temp #2103
0.0,2234.0
70048.11747120695,2234.0
70048.11747120695,2555.0
86400.0,2555.0
# temp #2104
0.0,2234.0
85583.45173776617,2234.0
85583.45173776617,2555.0
86400.0,2555.0
# temp #2105
0.0,2234.0
35281.76256073639,2234.0
35281.76256073639,2883.0
37681.76256073639,2883.0
37681.76256073639,2667.0
70605.68036322948,2667.0
70605.68036322948,2555.0
86400.0,2555.0
# temp #2106
0.0,2234.0
25247.368612862196,2234.0
25247.368612862196,2429.0
32147.368612862196,2429.0
32147.368612862196,2555.0
33947.36861286219,2555.0
33947.36861286219,2429.0
46847.36861286219,2429.0
46847.36861286219,2234.0
47147.36861286219,2234.0
47147.36861286219,2017.0
47447.36861286219,2017.0
47447.36861286219,2234.0
47747.36861286219,2234.0
47747.36861286219,2017.0
59527.222172543414,2017.0
59527.222172543414,2234.0
86400.0,2234.0
# temp #2107
0.0,2234.0
15088.415504246952,2234.0
15088.415504246952,2017.0
68898.49675144069,2017.0
68898.49675144069,2234.0
86400.0,2234.0
# temp #2108
0.0,2234.0
7729.542239522563,2234.0
7729.542239522563,2667.0
38046.00610854105,2667.0
38046.00610854105,2555.0
38634.9667380564,2555.0
38634.9667380564,2667.0
62052.26707560943,2667.0
62052.26707560943,2555.0
62652.26707560943,2555.0
62652.26707560943,2667.0
78829.50082411991,2667.0
78829.50082411991,2555.0
81647.65324098991,2555.0
81647.65324098991,2429.0
82940.38875717671,2429.0
82940.38875717671,2555.0
86400.0,2555.0
# temp #2109
0.0,2234.0
58831.54690065422,2234.0
58831.54690065422,2555.0
63382.3836806696,2555.0
63382.3836806696,2667.0
63828.61730956939,2667.0
63828.61730956939,2555.0
69828.6173095694,2555.0
69828.6173095694,2429.0
72228.6173095694,2429.0
72228.6173095694,2234.0
75828.6173095694,2234.0
75828.6173095694,2429.0
77028.6173095694,2429.0
77028.6173095694,2234.0
82728.6173095694,2234.0
82728.6173095694,2429.0
86400.0,2429.0
# temp #2110
0.0,2234.0
69517.19180233778,2234.0
69517.19180233778,2555.0
86400.000002,2555.0
# temp #2111
0.0,2234.0
6892.727721040139,2234.0
6892.727721040139,2667.0
28473.455912852667,2667.0
28473.455912852667,2555.0
29518.72665924021,2555.0
29518.72665924021,2667.0
52848.171267262675,2667.0
52848.171267262675,2555.0
53148.171267262675,2555.0
53148.171267262675,2667.0
53448.171267262675,2667.0
53448.171267262675,2555.0
56748.171267262675,2555.0
56748.171267262675,2667.0
82248.17126726267,2667.0
82248.17126726267,2883.0
86400.000002,2883.0
# temp #2112
0.0,2234.0
37097.98360741698,2234.0
37097.98360741698,2555.0
44416.437340714045,2555.0
44416.437340714045,2429.0
85901.17193106563,2429.0
85901.17193106563,2234.0
86400.0,2234.0
# temp #2113
0.0,2234.0
2531.992953177542,2234.0
2531.992953177542,2667.0
11321.458180504853,2667.0
11321.458180504853,2555.0
12586.920618242586,2555.0
12586.920618242586,2429.0
23339.075618656356,2429.0
23339.075618656356,2234.0
29662.46487780009,2234.0
29662.46487780009,2429.0
34286.721102101736,2429.0
34286.721102101736,2555.0
53530.68015191239,2555.0
53530.68015191239,2429.0
69689.45171884263,2429.0
69689.45171884263,2555.0
86400.0,2555.0
# temp #2114
0.0,2234.0
10892.638320056723,2234.0
10892.638320056723,2883.0
12248.213956388647,2883.0
12248.213956388647,2667.0
17315.763156255707,2667.0
17315.763156255707,2883.0
52672.224498773,2883.0
52672.224498773,2429.0
75282.57315417287,2429.0
75282.57315417287,2555.0
86400.0,2555.0
# temp #2115
0.0,2234.0
16831.443251646127,2234.0
16831.443251646127,2883.0
27931.443251646127,2883.0
27931.443251646127,2555.0
39133.10135544744,2555.0
39133.10135544744,2667.0
41800.99529097789,2667.0
41800.99529097789,2555.0
42530.75932175853,2555.0
42530.75932175853,2667.0
81928.68770356291,2667.0
81928.68770356291,2883.0
85673.42011607254,2883.0
85673.42011607254,2667.0
86400.0,2667.0
# temp #2116
0.0,2234.0
34897.48944856693,2234.0
34897.48944856693,2429.0
35206.46357650404,2429.0
35206.46357650404,2234.0
36048.32762056031,2234.0
36048.32762056031,2429.0
40174.944539554424,2429.0
40174.944539554424,2234.0
57404.12796749735,2234.0
57404.12796749735,2429.0
58833.028602087885,2429.0
58833.028602087885,2555.0
60025.90762325564,2555.0
60025.90762325564,2429.0
86400.000002,2429.0
# temp #2117
0.0,2234.0
32110.9541525133,2234.0
32110.9541525133,2429.0
32416.99811650906,2429.0
32416.99811650906,2555.0
34891.50739742909,2555.0
34891.50739742909,2429.0
50963.66997922306,2429.0
50963.66997922306,2555.0
68018.48014493009,2555.0
68018.48014493009,2667.0
86400.000002,2667.0
# temp #2118
0.0,2234.0
17496.60605792888,2234.0
17496.60605792888,2429.0
18085.03466730472,2429.0
18085.03466730472,2555.0
22798.794693849053,2555.0
22798.794693849053,2429.0
54642.51080390533,2429.0
54642.51080390533,2555.0
65154.22352913303,2555.0
65154.22352913303,2429.0
86400.0,2429.0
# temp #2119
0.0,2234.0
18280.01616680995,2234.0
18280.01616680995,2555.0
40227.654454903684,2555.0
40227.654454903684,2429.0
40563.60924832989,2429.0
40563.60924832989,2555.0
43747.763980203315,2555.0
43747.763980203315,2429.0
44864.25263166894,2429.0
44864.25263166894,2555.0
46088.344128266916,2555.0
46088.344128266916,2429.0
46388.344128266916,2429.0
46388.344128266916,2555.0
66788.34412826691,2555.0
66788.34412826691,2429.0
67088.34412826691,2429.0
67088.34412826691,2555.0
67688.34412826691,2555.0
67688.34412826691,2667.0
86400.0,2667.0
# temp #2120
0.0,2234.0
21604.929080698643,2234.0
21604.929080698643,2017.0
69544.52136084439,2017.0
69544.52136084439,2234.0
86400.0,2234.0
# temp #2121
0.0,2234.0
7809.803551691586,2234.0
7809.803551691586,2667.0
21220.633147819903,2667.0
21220.633147819903,2555.0
21724.44935187232,2555.0
21724.44935187232,2667.0
47152.16768514366,2667.0
47152.16768514366,2555.0
47752.16768514366,2555.0
47752.16768514366,2667.0
67588.1050032098,2667.0
67588.1050032098,2555.0
68774.41983190367,2555.0
68774.41983190367,2429.0
86400.000002,2429.0
# temp #2122
0.0,2234.0
76509.2655884335,2234.0
76509.2655884335,2555.0
86400.0,2555.0
# temp #2123
0.0,2234.0
14215.347628528256,2234.0
14215.347628528256,2883.0
15169.898454356011,2883.0
15169.898454356011,2667.0
21640.262464969423,2667.0
21640.262464969423,2883.0
38894.59260476288,2883.0
38894.59260476288,2667.0
70914.73626417575,2667.0
70914.73626417575,2555.0
76073.62871454099,2555.0
76073.62871454099,2429.0
86400.0,2429.0
# temp #2124
0.0,2234.0
11883.473982266152,2234.0
11883.473982266152,2555.0
13350.941602536479,2555.0
13350.941602536479,2667.0
13707.925885962324,2667.0
13707.925885962324,2555.0
14007.925885962324,2555.0
14007.925885962324,2667.0
17607.925885962322,2667.0
17607.925885962322,2555.0
19107.925885962322,2555.0
19107.925885962322,2429.0
30343.090805062096,2429.0
30343.090805062096,2234.0
38441.75079886336,2234.0
38441.75079886336,2555.0
39641.75079886336,2555.0
39641.75079886336,2883.0
62753.224419965416,2883.0
62753.224419965416,2429.0
86400.000002,2429.0
# temp #2125
0.0,2234.0
4673.725217627362,2234.0
4673.725217627362,2555.0
31612.24597343244,2555.0
31612.24597343244,2429.0
31973.43156037387,2429.0
31973.43156037387,2555.0
32705.34186100122,2555.0
32705.34186100122,2429.0
33132.03753239941,2429.0
33132.03753239941,2555.0
34058.65549778101,2555.0
34058.65549778101,2429.0
34358.65549778101,2429.0
34358.65549778101,2555.0
54758.655497781,2555.0
54758.655497781,2429.0
55058.655497781,2429.0
55058.655497781,2555.0
55658.655497781,2555.0
55658.655497781,2667.0
86400.000002,2667.0
# temp #2126
0.0,2234.0
6790.065749594944,2234.0
6790.065749594944,2667.0
25718.39066650719,2667.0
25718.39066650719,2555.0
26164.667602535344,2555.0
26164.667602535344,2667.0
32173.375595547266,2667.0
32173.375595547266,2555.0
32473.375595547266,2555.0
32473.375595547266,2667.0
33210.77269215603,2667.0
33210.77269215603,2555.0
33810.77269215603,2555.0
33810.77269215603,2667.0
54805.191913945615,2667.0
54805.191913945615,2234.0
58019.822376268,2234.0
58019.822376268,2667.0
77193.37633007673,2667.0
77193.37633007673,2555.0
86198.35647975562,2555.0
86198.35647975562,2667.0
86400.000002,2667.0
# temp #2127
0.0,2234.0
38572.82740913798,2234.0
38572.82740913798,2555.0
42809.033601544805,2555.0
42809.033601544805,2667.0
43377.39634886385,2667.0
43377.39634886385,2555.0
49377.39634886385,2555.0
49377.39634886385,2429.0
51777.39634886385,2429.0
51777.39634886385,2234.0
55377.39634886385,2234.0
55377.39634886385,2429.0
56577.39634886385,2429.0
56577.39634886385,2234.0
62277.39634886385,2234.0
62277.39634886385,2429.0
62919.90077302326,2429.0
62919.90077302326,2555.0
70782.87483605092,2555.0
70782.87483605092,2667.0
86400.0,2667.0
# temp #2128
0.0,2234.0
28648.1812119484,2234.0
28648.1812119484,2017.0
62373.22453712115,2017.0
62373.22453712115,2234.0
83790.44111422265,2234.0
83790.44111422265,2017.0
86400.000002,2017.0
# temp #2129
0.0,2234.0
11966.14228533581,2234.0
11966.14228533581,2555.0
24381.63998248056,2555.0
24381.63998248056,2429.0
24826.83806580026,2429.0
24826.83806580026,2555.0
30326.856805407446,2555.0
30326.856805407446,2429.0
31136.985092097897,2429.0
31136.985092097897,2234.0
36253.09086728376,2234.0
36253.09086728376,2429.0
50266.20836800431,2429.0
50266.20836800431,2555.0
85730.32679676545,2555.0
85730.32679676545,2429.0
86400.000002,2429.0
# temp #2130
0.0,2234.0
21060.849055275325,2234.0
21060.849055275325,2555.0
22488.869743002582,2555.0
22488.869743002582,2667.0
22816.807361226533,2667.0
22816.807361226533,2555.0
28816.807361226533,2555.0
28816.807361226533,2429.0
31216.807361226533,2429.0
31216.807361226533,2234.0
34816.80736122653,2234.0
34816.80736122653,2429.0
36016.80736122653,2429.0
36016.80736122653,2234.0
41716.80736122653,2234.0
41716.80736122653,2429.0
75088.10742816424,2429.0
75088.10742816424,2555.0
86400.0,2555.0
# temp #2131
0.0,2234.0
77789.4978946075,2234.0
77789.4978946075,2555.0
86400.0,2555.0
# temp #2132
0.0,2234.0
19385.923180100508,2234.0
19385.923180100508,2429.0
19925.964723480865,2429.0
19925.964723480865,2234.0
20558.70062056929,2234.0
20558.70062056929,2429.0
24621.21175797656,2429.0
24621.21175797656,2234.0
46727.925389190204,2234.0
46727.925389190204,2429.0
47719.70947526862,2429.0
47719.70947526862,2555.0
48250.027960189625,2555.0
48250.027960189625,2429.0
48550.027960189625,2429.0
48550.027960189625,2555.0
48850.027960189625,2555.0
48850.027960189625,2429.0
49450.027960189625,2429.0
49450.027960189625,2555.0
50071.57551872079,2555.0
50071.57551872079,2429.0
70047.9395056609,2429.0
70047.9395056609,2555.0
76226.33247049527,2555.0
76226.33247049527,2429.0
86400.0,2429.0
# temp #2133
0.0,2234.0
49088.11438498088,2234.0
49088.11438498088,2429.0
49388.11438498088,2429.0
49388.11438498088,2234.0
56769.50539606624,2234.0
56769.50539606624,2667.0
86400.000002,2667.0
# temp #2134
0.0,2234.0
60124.28751331755,2234.0
60124.28751331755,2555.0
62320.907553867444,2555.0
62320.907553867444,2667.0
62775.67128301599,2667.0
62775.67128301599,2555.0
63075.67128301599,2555.0
63075.67128301599,2667.0
66675.67128301598,2667.0
66675.67128301598,2555.0
68175.67128301598,2555.0
68175.67128301598,2429.0
71887.37755457406,2429.0
71887.37755457406,2234.0
85998.81037592424,2234.0
85998.81037592424,2429.0
86400.000002,2429.0
# temp #2135
0.0,2234.0
8617.354135285133,2234.0
8617.354135285133,2667.0
10044.002888468096,2667.0
10044.002888468096,2555.0
10610.617562779227,2555.0
10610.617562779227,2429.0
25862.841454055168,2429.0
25862.841454055168,2555.0
43509.14836702869,2555.0
43509.14836702869,2667.0
71074.31610077621,2667.0
71074.31610077621,2555.0
80229.17330861093,2555.0
80229.17330861093,2667.0
81359.78590375745,2667.0
81359.78590375745,2234.0
86400.000002,2234.0
# temp #2136
0.0,2234.0
1835.6022034306081,2234.0
1835.6022034306081,2667.0
42985.27430864052,2667.0
42985.27430864052,2555.0
44343.124478403486,2555.0
44343.124478403486,2667.0
73734.64533006774,2667.0
73734.64533006774,2555.0
74034.64533006774,2555.0
74034.64533006774,2667.0
74710.08432938253,2667.0
74710.08432938253,2555.0
75310.08432938253,2555.0
75310.08432938253,2667.0
86400.0,2667.0
# temp #2137
0.0,2234.0
8102.994270552883,2234.0
8102.994270552883,2667.0
20490.163897373717,2667.0
20490.163897373717,2555.0
21745.596321229827,2555.0
21745.596321229827,2667.0
58975.54383678363,2667.0
58975.54383678363,2555.0
59575.54383678363,2555.0
59575.54383678363,2667.0
78855.59771186674,2667.0
78855.59771186674,2555.0
82634.9452817347,2555.0
82634.9452817347,2429.0
86400.000002,2429.0
# temp #2138
0.0,2234.0
16284.994347766044,2234.0
16284.994347766044,2017.0
27900.580285582695,2017.0
27900.580285582695,2234.0
58910.08144514636,2234.0
58910.08144514636,2017.0
77513.95113193431,2017.0
77513.95113193431,2234.0
83816.67360705325,2234.0
83816.67360705325,2017.0
86400.0,2017.0
# temp #2139
0.0,2234.0
17905.165837146345,2234.0
17905.165837146345,2555.0
29381.345386337496,2555.0
29381.345386337496,2429.0
29818.215285963386,2429.0
29818.215285963386,2555.0
51533.25301848819,2555.0
51533.25301848819,2429.0
52721.86039646623,2429.0
52721.86039646623,2234.0
69086.4673807053,2234.0
69086.4673807053,2667.0
86400.000002,2667.0
# temp #2140
0.0,2234.0
37866.24529038091,2234.0
37866.24529038091,2429.0
38446.03295247071,2429.0
38446.03295247071,2555.0
41338.69413505309,2555.0
41338.69413505309,2429.0
56145.901377405986,2429.0
56145.901377405986,2555.0
58143.80190647209,2555.0
58143.80190647209,2429.0
86389.06305658167,2429.0
86400.000002,2555.0
# temp #2141
0.0,2234.0
1928.887771884911,2234.0
1928.887771884911,2555.0
27783.92236323562,2555.0
27783.92236323562,2429.0
28278.241843893196,2429.0
28278.241843893196,2555.0
41961.17616801058,2555.0
41961.17616801058,2429.0
42810.608988837346,2429.0
42810.608988837346,2555.0
43496.96490888019,2555.0
43496.96490888019,2429.0
86400.0,2429.0
# temp #2142
0.0,2234.0
70284.78078127373,2234.0
70284.78078127373,2883.0
72684.78078127373,2883.0
72684.78078127373,2667.0
86400.0,2667.0
# temp #2143
0.0,2234.0
17712.049559410665,2234.0
17712.049559410665,2883.0
19019.582617236305,2883.0
19019.582617236305,2667.0
23764.83833903913,2667.0
23764.83833903913,2883.0
39520.776062482044,2883.0
39520.776062482044,2667.0
45328.58619110194,2667.0
45328.58619110194,2234.0
52644.85716219061,2234.0
52644.85716219061,2429.0
53645.63353490085,2429.0
53645.63353490085,2234.0
70098.33124210128,2234.0
70098.33124210128,2429.0
86400.000002,2429.0
# temp #2144
0.0,2234.0
29220.507487258878,2234.0
29220.507487258878,2555.0
30844.542707735676,2555.0
30844.542707735676,2667.0
31255.58006674983,2667.0
31255.58006674983,2555.0
37255.580066749826,2555.0
37255.580066749826,2429.0
39655.580066749826,2429.0
39655.580066749826,2234.0
43255.580066749826,2234.0
43255.580066749826,2429.0
44455.580066749826,2429.0
44455.580066749826,2234.0
50155.580066749826,2234.0
50155.580066749826,2429.0
50629.85712974332,2429.0
50629.85712974332,2883.0
69726.859112503,2883.0
69726.859112503,2429.0
83065.69203184919,2429.0
83065.69203184919,2555.0
86400.000002,2555.0
# temp #2145
0.0,2234.0
17588.982269307602,2234.0
17588.982269307602,2555.0
21710.097711626444,2555.0
21710.097711626444,2429.0
22240.90487575159,2429.0
22240.90487575159,2555.0
44743.53609206156,2555.0
44743.53609206156,2429.0
45544.65670175851,2429.0
45544.65670175851,2234.0
79702.74666273037,2234.0
79702.74666273037,2429.0
86400.000002,2429.0
# temp #2146
0.0,2234.0
23513.93474740908,2234.0
23513.93474740908,2429.0
23868.258948018778,2429.0
23868.258948018778,2234.0
24583.82910434157,2234.0
24583.82910434157,2429.0
29763.578736456115,2429.0
29763.578736456115,2234.0
48271.536906366244,2234.0
48271.536906366244,2429.0
49398.440654226586,2429.0
49398.440654226586,2555.0
50503.49095242564,2555.0
50503.49095242564,2429.0
86400.0,2429.0
# temp #2147
0.0,2234.0
20417.5877730595,2234.0
20417.5877730595,2555.0
21400.973990885544,2555.0
21400.973990885544,2667.0
21794.745780131783,2667.0
21794.745780131783,2555.0
22094.745780131783,2555.0
22094.745780131783,2667.0
48794.74578013178,2667.0
48794.74578013178,2555.0
64694.74578013178,2555.0
64694.74578013178,2234.0
68294.74578013178,2234.0
68294.74578013178,2429.0
78194.74578013178,2429.0
78194.74578013178,2555.0
78794.74578013178,2555.0
78794.74578013178,2667.0
86400.0,2667.0
# temp #2148
0.0,2234.0
38171.14950539545,2234.0
38171.14950539545,2017.0
67267.63036851773,2017.0
67267.63036851773,2234.0
86400.000002,2234.0
# temp #2149
0.0,2234.0
53889.95761089028,2234.0
53889.95761089028,2555.0
75043.90874630773,2555.0
75043.90874630773,2429.0
75357.06013084856,2429.0
75357.06013084856,2555.0
86400.0,2555.0
# temp #2150
0.0,2234.0
4365.674727922306,2234.0
4365.674727922306,2667.0
20099.183124653067,2667.0
20099.183124653067,2555.0
20929.683829634454,2555.0
20929.683829634454,2667.0
50694.94970336092,2667.0
50694.94970336092,2555.0
51294.94970336092,2555.0
51294.94970336092,2667.0
67334.58945911845,2667.0
67334.58945911845,2555.0
68839.4502309384,2555.0
68839.4502309384,2429.0
86400.0,2429.0
# temp #2151
0.0,2234.0
8846.640318073332,2234.0
8846.640318073332,2429.0
9434.377443557605,2429.0
9434.377443557605,2234.0
10131.286893272772,2234.0
10131.286893272772,2429.0
12666.951344814152,2429.0
12666.951344814152,2234.0
16438.155151857063,2234.0
16438.155151857063,2429.0
17841.51201979257,2429.0
17841.51201979257,2555.0
19318.14357326366,2555.0
19318.14357326366,2429.0
75418.14357326366,2429.0
75418.14357326366,2555.0
75718.14357326366,2555.0
75718.14357326366,2667.0
77218.14357326366,2667.0
77218.14357326366,2883.0
78718.14357326366,2883.0
78718.14357326366,2667.0
86400.0,2667.0
# temp #2152
0.0,2234.0
29426.61889039446,2234.0
29426.61889039446,2429.0
29938.639050582427,2429.0
29938.639050582427,2234.0
30561.29089747556,2234.0
30561.29089747556,2429.0
33182.56191923284,2429.0
33182.56191923284,2234.0
47497.7589047514,2234.0
47497.7589047514,2429.0
47981.94149583579,2429.0
47981.94149583579,2555.0
48632.843339536346,2555.0
48632.843339536346,2429.0
48932.843339536346,2429.0
48932.843339536346,2555.0
49232.843339536346,2555.0
49232.843339536346,2429.0
49832.843339536346,2429.0
49832.843339536346,2555.0
54815.22463643924,2555.0
54815.22463643924,2429.0
68717.00412989594,2429.0
68717.00412989594,2555.0
71134.45897707717,2555.0
71134.45897707717,2429.0
86400.0,2429.0
# temp #2153
0.0,2234.0
74974.49151745533,2234.0
74974.49151745533,2555.0
83790.151114692,2555.0
83790.151114692,2429.0
86400.0,2429.0
# temp #2154
0.0,2234.0
45164.81835187879,2234.0
45164.81835187879,2429.0
45464.81835187879,2429.0
45464.81835187879,2234.0
75943.04012227805,2234.0
75943.04012227805,2429.0
86400.0,2429.0
# temp #2155
0.0,2234.0
7308.739056531342,2234.0
7308.739056531342,2667.0
10824.584399093876,2667.0
10824.584399093876,2555.0
12056.285447278062,2555.0
12056.285447278062,2667.0
42099.41310861615,2667.0
42099.41310861615,2555.0
42399.41310861615,2555.0
42399.41310861615,2667.0
42699.41310861615,2667.0
42699.41310861615,2555.0
45999.41310861615,2555.0
45999.41310861615,2667.0
71499.41310861615,2667.0
71499.41310861615,2883.0
86400.0,2883.0
# temp #2156
0.0,2234.0
31851.955234771598,2234.0
31851.955234771598,2429.0
38751.955234771594,2429.0
38751.955234771594,2555.0
40551.955234771594,2555.0
40551.955234771594,2429.0
53451.955234771594,2429.0
53451.955234771594,2234.0
53751.955234771594,2234.0
53751.955234771594,2017.0
54051.955234771594,2017.0
54051.955234771594,2234.0
54351.955234771594,2234.0
54351.955234771594,2017.0
75328.60916806385,2017.0
75328.60916806385,2234.0
86400.000002,2234.0
# temp #2157
0.0,2234.0
73675.33221824562,2234.0
73675.33221824562,2555.0
86400.0,2555.0
# temp #2158
0.0,2234.0
79618.5536177829,2234.0
79618.5536177829,2555.0
86400.000002,2555.0
# temp #2159
0.0,2234.0
13795.621278067121,2234.0
13795.621278067121,2883.0
15349.236615956763,2883.0
15349.236615956763,2667.0
19813.705189246684,2667.0
19813.705189246684,2883.0
23622.93331269175,2883.0
23622.93331269175,2667.0
42273.01069675014,2667.0
42273.01069675014,2883.0
57169.2097359337,2883.0
57169.2097359337,2667.0
63062.21165314783,2667.0
63062.21165314783,2555.0
71717.16969427654,2555.0
71717.16969427654,2429.0
86400.0,2429.0
# temp #2160
0.0,2234.0
47875.7587441709,2234.0
47875.7587441709,2429.0
48175.7587441709,2429.0
48175.7587441709,2234.0
54306.88069020399,2234.0
54306.88069020399,2667.0
74336.03149806151,2667.0
74336.03149806151,2555.0
76992.17049388682,2555.0
76992.17049388682,2429.0
86400.0,2429.0
# temp #2161
0.0,2234.0
15478.249433264138,2234.0
15478.249433264138,2429.0
22378.249433264136,2429.0
22378.249433264136,2555.0
24178.249433264136,2555.0
24178.249433264136,2429.0
37078.249433264136,2429.0
37078.249433264136,2234.0
37378.249433264136,2234.0
37378.249433264136,2017.0
37678.249433264136,2017.0
37678.249433264136,2234.0
37978.249433264136,2234.0
37978.249433264136,2017.0
58763.06624386926,2017.0
58763.06624386926,2234.0
72881.06073529927,2234.0
72881.06073529927,2429.0
86400.000002,2429.0
# temp #2162
0.0,2234.0
28573.19160990883,2234.0
28573.19160990883,2429.0
35473.19160990883,2429.0
35473.19160990883,2555.0
37273.19160990883,2555.0
37273.19160990883,2429.0
50173.19160990883,2429.0
50173.19160990883,2234.0
50473.19160990883,2234.0
50473.19160990883,2017.0
50773.19160990883,2017.0
50773.19160990883,2234.0
51073.19160990883,2234.0
51073.19160990883,2017.0
54133.00429573283,2017.0
54133.00429573283,2234.0
72645.37722675595,2234.0
72645.37722675595,2429.0
83519.53298316804,2429.0
83519.53298316804,2555.0
86400.000002,2555.0
# temp #2163
0.0,2234.0
7952.965008770117,2234.0
7952.965008770117,2555.0
34044.61212262977,2555.0
34044.61212262977,2429.0
66021.0688757943,2429.0
66021.0688757943,2234.0
69557.86273651758,2234.0
69557.86273651758,2429.0
85214.77756749374,2429.0
85214.77756749374,2234.0
86400.0,2234.0
# temp #2164
0.0,2234.0
34355.06575349718,2234.0
34355.06575349718,2555.0
47643.76515923069,2555.0
47643.76515923069,2667.0
53724.595376942314,2667.0
53724.595376942314,2555.0
70895.64295364545,2555.0
70895.64295364545,2667.0
86400.000002,2667.0
# temp #2165
0.0,2234.0
49202.44029513561,2234.0
49202.44029513561,2429.0
49517.06546335482,2429.0
49517.06546335482,2555.0
50544.1462957766,2555.0
50544.1462957766,2429.0
65328.09752128088,2429.0
65328.09752128088,2883.0
76687.63934285381,2883.0
76687.63934285381,2667.0
86400.000002,2667.0
# temp #2166
0.0,2234.0
3893.300885078498,2234.0
3893.300885078498,2667.0
20147.618706920188,2667.0
20147.618706920188,2555.0
21419.377689831894,2555.0
21419.377689831894,2667.0
55733.31192594489,2667.0
55733.31192594489,2555.0
56333.31192594489,2555.0
56333.31192594489,2667.0
74845.81316399855,2667.0
74845.81316399855,2555.0
79822.49365251047,2555.0
79822.49365251047,2429.0
86400.0,2429.0
# temp #2167
0.0,2234.0
38160.79596960918,2234.0
38160.79596960918,2429.0
38760.79596960918,2429.0
38760.79596960918,2555.0
43506.99657434598,2555.0
43506.99657434598,2429.0
80279.36387141237,2429.0
80279.36387141237,2555.0
86400.000002,2555.0
# temp #2168
0.0,2234.0
25261.62745726761,2234.0
25261.62745726761,2429.0
25748.947477061305,2429.0
25748.947477061305,2555.0
28727.71349223331,2555.0
28727.71349223331,2429.0
54450.87876319886,2429.0
54450.87876319886,2555.0
65216.9880646281,2555.0
65216.9880646281,2667.0
73876.93937493024,2667.0
73876.93937493024,2555.0
86400.0,2555.0
# temp #2169
0.0,2234.0
885.756364488043,2234.0
885.756364488043,2555.0
3578.8778424030174,2555.0
3578.8778424030174,2667.0
13478.877842403017,2667.0
13478.877842403017,2555.0
15574.783895141445,2555.0
15574.783895141445,2429.0
40137.8681786824,2429.0
40137.8681786824,2234.0
42115.16210152768,2234.0
42115.16210152768,2429.0
64899.41284242087,2429.0
64899.41284242087,2234.0
69521.5142750647,2234.0
69521.5142750647,2429.0
76362.50976661687,2429.0
76362.50976661687,2234.0
86395.42446609122,2234.0
86400.0,2429.0
# temp #2170
0.0,2234.0
23337.41151974537,2234.0
23337.41151974537,2555.0
24033.84499184322,2555.0
24033.84499184322,2667.0
24516.772796306763,2667.0
24516.772796306763,2555.0
24816.772796306763,2555.0
24816.772796306763,2667.0
51516.77279630676,2667.0
51516.77279630676,2555.0
67416.77279630676,2555.0
67416.77279630676,2234.0
71016.77279630676,2234.0
71016.77279630676,2429.0
80916.77279630676,2429.0
80916.77279630676,2555.0
81516.77279630676,2555.0
81516.77279630676,2667.0
86400.0,2667.0
# temp #2171
0.0,2234.0
1240.1834014803171,2234.0
1240.1834014803171,2667.0
29093.740179575983,2667.0
29093.740179575983,2555.0
29508.713931217793,2555.0
29508.713931217793,2429.0
63333.79339445384,2429.0
63333.79339445384,2555.0
71919.53483931722,2555.0
71919.53483931722,2667.0
86400.0,2667.0
# temp #2172
0.0,2234.0
45141.46782530007,2234.0
45141.46782530007,2429.0
45577.70798394923,2429.0
45577.70798394923,2555.0
46139.52443304007,2555.0
46139.52443304007,2429.0
52422.892398037955,2429.0
52422.892398037955,2883.0
65979.88173693886,2883.0
65979.88173693886,2667.0
86400.0,2667.0
# temp #2173
0.0,2234.0
72938.0585876992,2234.0
72938.0585876992,2555.0
79961.77608717699,2555.0
79961.77608717699,2234.0
86400.0,2234.0
# temp #2174
0.0,2234.0
6657.983513223008,2234.0
6657.983513223008,2555.0
10346.007168386133,2555.0
10346.007168386133,2429.0
10647.639094060289,2429.0
10647.639094060289,2555.0
28445.792819629427,2555.0
28445.792819629427,2429.0
29656.94131383207,2429.0
29656.94131383207,2555.0
30697.828899580058,2555.0
30697.828899580058,2429.0
30997.828899580058,2429.0
30997.828899580058,2555.0
32497.828899580058,2555.0
32497.828899580058,2429.0
42697.828899580054,2429.0
42697.828899580054,2234.0
86400.000002,2234.0
# temp #2175
0.0,2234.0
7482.213315507399,2234.0
7482.213315507399,2667.0
41320.198811567396,2667.0
41320.198811567396,2555.0
42743.37613068056,2555.0
42743.37613068056,2429.0
63968.93739884255,2429.0
63968.93739884255,2555.0
84656.33288940882,2555.0
84656.33288940882,2429.0
86400.000002,2429.0
# temp #2176
0.0,2234.0
48373.42663854361,2234.0
48373.42663854361,2555.0
67284.1772443615,2555.0
67284.1772443615,2429.0
86400.0,2429.0
# temp #2177
0.0,2234.0
7876.010518125259,2234.0
7876.010518125259,2883.0
9640.777409565637,2883.0
9640.777409565637,2667.0
15434.026957000608,2667.0
15434.026957000608,2883.0
34995.400489750326,2883.0
34995.400489750326,2667.0
54575.69434347098,2667.0
54575.69434347098,2555.0
60388.26566508507,2555.0
60388.26566508507,2429.0
86400.000002,2429.0
# temp #2178
0.0,2234.0
20140.26326069143,2234.0
20140.26326069143,2429.0
20605.216639302675,2429.0
20605.216639302675,2234.0
21233.159915241416,2234.0
21233.159915241416,2429.0
24456.80943138432,2429.0
24456.80943138432,2234.0
30356.982027995407,2234.0
30356.982027995407,2429.0
30957.050293707296,2429.0
30957.050293707296,2234.0
50099.429253791466,2234.0
50099.429253791466,2667.0
75289.23478194048,2667.0
75289.23478194048,2555.0
86400.0,2555.0
# temp #2179
0.0,2234.0
28428.17280320451,2234.0
28428.17280320451,2429.0
29028.17280320451,2429.0
29028.17280320451,2555.0
29719.52742179856,2555.0
29719.52742179856,2429.0
78811.67069245131,2429.0
78811.67069245131,2883.0
86400.0,2883.0
# temp #2180
0.0,2234.0
68764.01345834603,2234.0
68764.01345834603,2555.0
82451.97185596918,2555.0
82451.97185596918,2429.0
86400.0,2429.0
# temp #2181
0.0,2234.0
25453.535078116696,2234.0
25453.535078116696,2429.0
25869.250088115226,2429.0
25869.250088115226,2555.0
28139.36168358196,2555.0
28139.36168358196,2429.0
30664.285065396693,2429.0
30664.285065396693,2667.0
36690.731308772236,2667.0
36690.731308772236,2883.0
60372.154023055926,2883.0
60372.154023055926,2429.0
73970.34125905485,2429.0
73970.34125905485,2555.0
75232.35316537322,2555.0
75232.35316537322,2667.0
86400.0,2667.0
# temp #2182
0.0,2234.0
35189.328531757936,2234.0
35189.328531757936,2429.0
35599.46102807299,2429.0
35599.46102807299,2555.0
36832.1941391565,2555.0
36832.1941391565,2429.0
66078.40945164209,2429.0
66078.40945164209,2555.0
81679.57110819408,2555.0
81679.57110819408,2429.0
86400.000002,2429.0
# temp #2183
0.0,2234.0
64236.660293606124,2234.0
64236.660293606124,2555.0
86400.0,2555.0
# temp #2184
0.0,2234.0
34094.35421414674,2234.0
34094.35421414674,2017.0
73428.52832861246,2017.0
73428.52832861246,2234.0
86400.0,2234.0
# temp #2185
0.0,2234.0
45262.551928823814,2234.0
45262.551928823814,2883.0
47662.551928823814,2883.0
47662.551928823814,2667.0
58222.940756427124,2667.0
58222.940756427124,2234.0
78224.20184374787,2234.0
78224.20184374787,2429.0
86400.0,2429.0
# temp #2186
0.0,2234.0
2199.105490045622,2234.0
2199.105490045622,2017.0
8699.463546741754,2017.0
8699.463546741754,2234.0
43951.00302044303,2234.0
43951.00302044303,2017.0
86400.000002,2017.0
# temp #2187
0.0,2234.0
7755.117849516684,2234.0
7755.117849516684,2667.0
51884.2955851229,2667.0
51884.2955851229,2555.0
52368.7924039783,2555.0
52368.7924039783,2667.0
65299.10301400815,2667.0
65299.10301400815,2555.0
65899.10301400816,2555.0
65899.10301400816,2667.0
81172.0257602865,2667.0
81172.0257602865,2555.0
85886.4728525514,2555.0
85886.4728525514,2429.0
86400.0,2429.0
# temp #2188
0.0,2234.0
65085.38327654824,2234.0
65085.38327654824,2555.0
73182.98950523604,2555.0
73182.98950523604,2234.0
86400.0,2234.0
# temp #2189
0.0,2234.0
1966.2256424780937,2234.0
1966.2256424780937,2667.0
30433.715232764374,2667.0
30433.715232764374,2555.0
31861.71304585878,2555.0
31861.71304585878,2667.0
37272.95739382972,2667.0
37272.95739382972,2555.0
37572.95739382972,2555.0
37572.95739382972,2667.0
37872.95739382972,2667.0
37872.95739382972,2555.0
41172.95739382972,2555.0
41172.95739382972,2667.0
66672.95739382971,2667.0
66672.95739382971,2883.0
86400.0,2883.0
# temp #2190
0.0,2234.0
65858.4105600603,2234.0
65858.4105600603,2555.0
86400.000002,2555.0
# temp #2191
0.0,2234.0
67212.02424606308,2234.0
67212.02424606308,2555.0
73527.16403861996,2555.0
73527.16403861996,2234.0
79416.86597624794,2234.0
79416.86597624794,2429.0
84491.73008606303,2429.0
84491.73008606303,2234.0
86400.0,2234.0
# temp #2192
0.0,2234.0
2143.8548370497306,2234.0
2143.8548370497306,2667.0
24151.34812316392,2667.0
24151.34812316392,2555.0
25437.594525818717,2555.0
25437.594525818717,2667.0
39320.97638826818,2667.0
39320.97638826818,2555.0
39620.97638826818,2555.0
39620.97638826818,2667.0
40235.480267135434,2667.0
40235.480267135434,2555.0
40835.480267135434,2555.0
40835.480267135434,2667.0
47952.49217231759,2667.0
47952.49217231759,2234.0
82140.88539273945,2234.0
82140.88539273945,2429.0
86400.0,2429.0
# temp #2193
0.0,2234.0
74554.84436487315,2234.0
74554.84436487315,2555.0
86400.0,2555.0
# temp #2194
0.0,2234.0
343.24415910523385,2234.0
343.24415910523385,2555.0
35029.19066038449,2555.0
35029.19066038449,2429.0
35539.50033858419,2429.0
35539.50033858419,2555.0
44456.449873186655,2555.0
44456.449873186655,2429.0
45160.660642571755,2429.0
45160.660642571755,2555.0
45675.40838755668,2555.0
45675.40838755668,2429.0
45975.40838755668,2429.0
45975.40838755668,2555.0
47475.40838755668,2555.0
47475.40838755668,2429.0
57675.40838755668,2429.0
57675.40838755668,2234.0
86400.000002,2234.0
# temp #2195
0.0,2234.0
2478.157900809311,2234.0
2478.157900809311,2667.0
2820.150284352713,2667.0
2820.150284352713,2555.0
3374.3113264208664,2555.0
3374.3113264208664,2667.0
33480.574521655224,2667.0
33480.574521655224,2555.0
33780.574521655224,2555.0
33780.574521655224,2667.0
34080.574521655224,2667.0
34080.574521655224,2555.0
37380.574521655224,2555.0
37380.574521655224,2667.0
62880.574521655224,2667.0
62880.574521655224,2883.0
86400.0,2883.0
# temp #2196
0.0,2234.0
67758.9479567483,2234.0
67758.9479567483,2555.0
85268.96608024836,2555.0
85268.96608024836,2234.0
86400.000002,2234.0
# temp #2197
0.0,2234.0
52442.874363600284,2234.0
52442.874363600284,2555.0
59245.56474240963,2555.0
59245.56474240963,2429.0
60056.32354470436,2429.0
60056.32354470436,2234.0
66982.5322652003,2234.0
66982.5322652003,2429.0
69018.42526006514,2429.0
69018.42526006514,2234.0
78933.88450322674,2234.0
78933.88450322674,2429.0
86400.0,2429.0
# temp #2198
0.0,2234.0
10225.545781175608,2234.0
10225.545781175608,2555.0
31349.67492863071,2555.0
31349.67492863071,2429.0
43106.399829383015,2429.0
43106.399829383015,2234.0
45962.49284476508,2234.0
45962.49284476508,2429.0
47500.133363809444,2429.0
47500.133363809444,2234.0
54969.553975760944,2234.0
54969.553975760944,2667.0
86400.000002,2667.0
# temp #2199
0.0,2234.0
28234.747271658856,2234.0
28234.747271658856,2555.0
41073.045844305314,2555.0
41073.045844305314,2429.0
41404.995256732225,2429.0
41404.995256732225,2555.0
46008.492638915784,2555.0
46008.492638915784,2429.0
46884.85866682605,2429.0
46884.85866682605,2555.0
47951.11829694361,2555.0
47951.11829694361,2429.0
86400.0,2429.0
# temp #2200
0.0,2234.0
22338.74097322114,2234.0
22338.74097322114,2017.0
23756.697347061712,2017.0
23756.697347061712,2234.0
70537.73115822116,2234.0
70537.73115822116,2017.0
77176.00718638861,2017.0
77176.00718638861,2234.0
86400.000002,2234.0
# temp #2201
0.0,2234.0
7181.18387181312,2234.0
7181.18387181312,2667.0
21478.70333490428,2667.0
21478.70333490428,2555.0
22518.60423514154,2555.0
22518.60423514154,2667.0
30772.678674501374,2667.0
30772.678674501374,2555.0
31072.678674501374,2555.0
31072.678674501374,2667.0
31955.127607053153,2667.0
31955.127607053153,2555.0
32555.127607053153,2555.0
32555.127607053153,2667.0
64694.65064378457,2667.0
64694.65064378457,2555.0
65977.40376312287,2555.0
65977.40376312287,2429.0
86400.000002,2429.0
# temp #2202
0.0,2234.0
1478.7000109674411,2234.0
1478.7000109674411,2667.0
42157.85132164602,2667.0
42157.85132164602,2555.0
43038.856755034074,2555.0
43038.856755034074,2667.0
63087.629923084765,2667.0
63087.629923084765,2555.0
63387.629923084765,2555.0
63387.629923084765,2667.0
63687.629923084765,2667.0
63687.629923084765,2555.0
66987.62992308477,2555.0
66987.62992308477,2667.0
86400.0,2667.0
# temp #2203
0.0,2234.0
33265.902276034474,2234.0
33265.902276034474,2555.0
37528.502042172484,2555.0
37528.502042172484,2667.0
37838.28136834782,2667.0
37838.28136834782,2555.0
38138.28136834782,2555.0
38138.28136834782,2667.0
64838.28136834782,2667.0
64838.28136834782,2555.0
80738.28136834782,2555.0
80738.28136834782,2234.0
84338.28136834782,2234.0
84338.28136834782,2429.0
86400.000002,2429.0
# temp #2204
0.0,2234.0
76861.0763337929,2234.0
76861.0763337929,2555.0
86400.000002,2555.0
# temp #2205
0.0,2234.0
42804.58024246619,2234.0
42804.58024246619,2429.0
43314.22146912665,2429.0
43314.22146912665,2555.0
46141.658372618265,2555.0
46141.658372618265,2429.0
58390.86935827509,2429.0
58390.86935827509,2883.0
73143.23813058437,2883.0
73143.23813058437,2667.0
86400.000002,2667.0
# temp #2206
0.0,2234.0
3012.5785329379146,2234.0
3012.5785329379146,2667.0
4274.472572864033,2667.0
4274.472572864033,2555.0
4957.980960630812,2555.0
4957.980960630812,2667.0
18489.219521172345,2667.0
18489.219521172345,2555.0
18789.219521172345,2555.0
18789.219521172345,2667.0
19089.219521172345,2667.0
19089.219521172345,2555.0
22389.219521172345,2555.0
22389.219521172345,2667.0
47889.219521172345,2667.0
47889.219521172345,2883.0
86400.0,2883.0
# temp #2207
0.0,2234.0
1141.4108245633543,2234.0
1141.4108245633543,2429.0
33241.410824563354,2429.0
33241.410824563354,2555.0
33541.410824563354,2555.0
33541.410824563354,2667.0
63812.63770081569,2667.0
63812.63770081569,2555.0
70176.63140113001,2555.0
70176.63140113001,2429.0
86400.000002,2429.0
# temp #2208
0.0,2234.0
75940.74734493626,2234.0
75940.74734493626,2883.0
78340.74734493626,2883.0
78340.74734493626,2667.0
82523.5991908936,2667.0
82523.5991908936,2883.0
86400.000002,2883.0
# temp #2209
0.0,2234.0
68016.56405974647,2234.0
68016.56405974647,2555.0
71498.93569580746,2555.0
71498.93569580746,2667.0
81398.93569580746,2667.0
81398.93569580746,2555.0
85373.08552272154,2555.0
85373.08552272154,2429.0
86400.0,2429.0
# temp #2210
0.0,2234.0
4872.781597520226,2234.0
4872.781597520226,2667.0
33309.542171051726,2667.0
33309.542171051726,2555.0
34284.138509491466,2555.0
34284.138509491466,2667.0
65209.946272359244,2667.0
65209.946272359244,2555.0
65809.94627235924,2555.0
65809.94627235924,2667.0
82025.78904081603,2667.0
82025.78904081603,2555.0
85706.88929941972,2555.0
85706.88929941972,2429.0
86400.0,2429.0
# temp #2211
0.0,2234.0
8497.880856413396,2234.0
8497.880856413396,2667.0
20485.912698903125,2667.0
20485.912698903125,2555.0
20847.764151007872,2555.0
20847.764151007872,2429.0
32987.33875751496,2429.0
32987.33875751496,2555.0
42727.23000235856,2555.0
42727.23000235856,2429.0
63994.354047579705,2429.0
63994.354047579705,2555.0
86400.000002,2555.0
# temp #2212
0.0,2234.0
13231.241660728121,2234.0
13231.241660728121,2883.0
14421.602220414208,2883.0
14421.602220414208,2667.0
22290.347609762106,2667.0
22290.347609762106,2883.0
26647.159324586395,2883.0
26647.159324586395,2667.0
39192.4890523078,2667.0
39192.4890523078,2234.0
71425.62191616745,2234.0
71425.62191616745,2429.0
82942.9561303463,2429.0
82942.9561303463,2555.0
86400.000002,2555.0
# temp #2213
0.0,2234.0
2070.569456415251,2234.0
2070.569456415251,2667.0
45093.38326966391,2667.0
45093.38326966391,2555.0
46191.471288912006,2555.0
46191.471288912006,2429.0
50537.33195182868,2429.0
50537.33195182868,2234.0
62675.862339930616,2234.0
62675.862339930616,2667.0
65860.33696294764,2667.0
65860.33696294764,2234.0
82498.27799792403,2234.0
82498.27799792403,2429.0
86400.0,2429.0
# temp #2214
0.0,2234.0
80588.14813750797,2234.0
80588.14813750797,2555.0
86400.000002,2555.0
# temp #2215
0.0,2234.0
2537.9833797225733,2234.0
2537.9833797225733,2667.0
5762.32892330736,2667.0
5762.32892330736,2555.0
6395.396609511227,2555.0
6395.396609511227,2667.0
31795.672798552554,2667.0
31795.672798552554,2555.0
32095.672798552554,2555.0
32095.672798552554,2667.0
32810.751095437445,2667.0
32810.751095437445,2555.0
33410.751095437445,2555.0
33410.751095437445,2667.0
36466.934783337645,2667.0
36466.934783337645,2555.0
47985.78636324965,2555.0
47985.78636324965,2429.0
86400.000002,2429.0
# temp #2216
0.0,2234.0
24459.258702490482,2234.0
24459.258702490482,2429.0
24851.014852733355,2429.0
24851.014852733355,2234.0
25728.283694596033,2234.0
25728.283694596033,2429.0
28683.951254258867,2429.0
28683.951254258867,2234.0
48098.4798784135,2234.0
48098.4798784135,2429.0
48937.26778950077,2429.0
48937.26778950077,2234.0
80461.85148444494,2234.0
80461.85148444494,2429.0
86400.0,2429.0
# temp #2217
0.0,2234.0
75460.1251129294,2234.0
75460.1251129294,2555.0
86400.000002,2555.0
# temp #2218
0.0,2234.0
50956.9673579419,2234.0
50956.9673579419,2883.0
53356.9673579419,2883.0
53356.9673579419,2667.0
84813.62954000942,2667.0
84813.62954000942,2555.0
86400.000002,2555.0
# temp #2219
0.0,2234.0
39625.35778786988,2234.0
39625.35778786988,2017.0
86400.000002,2017.0
# temp #2220
0.0,2234.0
5535.897886077874,2234.0
5535.897886077874,2667.0
24093.035583430905,2667.0
24093.035583430905,2555.0
25486.644284846265,2555.0
25486.644284846265,2667.0
41622.45491486975,2667.0
41622.45491486975,2555.0
41922.45491486975,2555.0
41922.45491486975,2429.0
46918.56802795083,2429.0
46918.56802795083,2555.0
48337.344588339336,2555.0
48337.344588339336,2667.0
77841.94797815291,2667.0
77841.94797815291,2555.0
86400.0,2555.0
# temp #2221
0.0,2234.0
12800.51764806267,2234.0
12800.51764806267,2883.0
13196.783432294616,2883.0
13196.783432294616,2667.0
22135.689680208452,2667.0
22135.689680208452,2883.0
31037.53940232564,2883.0
31037.53940232564,2667.0
32450.85863079876,2667.0
32450.85863079876,2234.0
45640.613336674876,2234.0
45640.613336674876,2429.0
74822.7021323517,2429.0
74822.7021323517,2883.0
86400.000002,2883.0
# temp #2222
0.0,2234.0
44132.16678975151,2234.0
44132.16678975151,2555.0
79138.92864421943,2555.0
79138.92864421943,2429.0
86400.000002,2429.0
# temp #2223
0.0,2234.0
44699.978180229664,2234.0
44699.978180229664,2883.0
47099.978180229664,2883.0
47099.978180229664,2667.0
80086.60385305993,2667.0
80086.60385305993,2555.0
86400.0,2555.0
# temp #2224
0.0,2234.0
2032.3174161370846,2234.0
2032.3174161370846,2555.0
5060.837685246953,2555.0
5060.837685246953,2667.0
5611.906117550098,2667.0
5611.906117550098,2555.0
5911.906117550098,2555.0
5911.906117550098,2667.0
32611.906117550097,2667.0
32611.906117550097,2555.0
48511.9061175501,2555.0
48511.9061175501,2234.0
52111.9061175501,2234.0
52111.9061175501,2429.0
62011.9061175501,2429.0
62011.9061175501,2555.0
62611.9061175501,2555.0
62611.9061175501,2667.0
74911.9061175501,2667.0
74911.9061175501,2883.0
86400.0,2883.0
# temp #2225
0.0,2234.0
9280.46175192576,2234.0
9280.46175192576,2555.0
14630.051594227556,2555.0
14630.051594227556,2667.0
15063.277237862352,2667.0
15063.277237862352,2555.0
15363.277237862352,2555.0
15363.277237862352,2667.0
18963.277237862352,2667.0
18963.277237862352,2555.0
20463.277237862352,2555.0
20463.277237862352,2429.0
39997.1634884365,2429.0
39997.1634884365,2234.0
55853.72578790413,2234.0
55853.72578790413,2667.0
60725.78700911255,2667.0
60725.78700911255,2883.0
70676.1970113963,2883.0
70676.1970113963,2667.0
71718.77129198985,2667.0
71718.77129198985,2555.0
79702.28066942656,2555.0
79702.28066942656,2429.0
86400.000002,2429.0
# temp #2226
0.0,2234.0
31617.393943341453,2234.0
31617.393943341453,2429.0
32063.34694863763,2429.0
32063.34694863763,2555.0
35592.82412880567,2555.0
35592.82412880567,2429.0
78077.52465389205,2429.0
78077.52465389205,2883.0
86400.0,2883.0
# temp #2227
0.0,2234.0
6831.948471651414,2234.0
6831.948471651414,2667.0
8486.759166629055,2667.0
8486.759166629055,2555.0
9502.231482812205,2555.0
9502.231482812205,2429.0
40216.840368043646,2429.0
40216.840368043646,2555.0
40685.0984173827,2555.0
40685.0984173827,2667.0
86400.0,2667.0
# temp #2228
0.0,2234.0
28026.950774621222,2234.0
28026.950774621222,2429.0
28450.48742713407,2429.0
28450.48742713407,2555.0
32140.742106456313,2555.0
32140.742106456313,2429.0
80479.57105245443,2429.0
80479.57105245443,2883.0
86400.0,2883.0
# temp #2229
0.0,2234.0
6521.721227816307,2234.0
6521.721227816307,2667.0
12763.881807401778,2667.0
12763.881807401778,2555.0
14172.342230379583,2555.0
14172.342230379583,2667.0
16532.458590483297,2667.0
16532.458590483297,2555.0
16832.458590483297,2555.0
16832.458590483297,2667.0
17132.458590483297,2667.0
17132.458590483297,2555.0
20432.458590483297,2555.0
20432.458590483297,2667.0
45932.45859048329,2667.0
45932.45859048329,2883.0
86400.0,2883.0
# temp #2230
0.0,2234.0
18019.369417894635,2234.0
18019.369417894635,2017.0
61625.52080797033,2017.0
61625.52080797033,2234.0
86400.0,2234.0
# temp #2231
0.0,2234.0
20621.9402238261,2234.0
20621.9402238261,2017.0
39005.84020586685,2017.0
39005.84020586685,2234.0
44892.16530919076,2234.0
44892.16530919076,2017.0
86400.0,2017.0
# temp #2232
0.0,2234.0
7626.847613230349,2234.0
7626.847613230349,2667.0
14214.979363256138,2667.0
14214.979363256138,2555.0
14945.84414523561,2555.0
14945.84414523561,2667.0
22751.851810072552,2667.0
22751.851810072552,2555.0
23051.851810072552,2555.0
23051.851810072552,2667.0
23761.240942846056,2667.0
23761.240942846056,2555.0
24361.240942846056,2555.0
24361.240942846056,2667.0
52814.55431131181,2667.0
52814.55431131181,2555.0
55488.56721546036,2555.0
55488.56721546036,2667.0
86400.0,2667.0
# temp #2233
0.0,2234.0
6311.767545947806,2234.0
6311.767545947806,2017.0
28790.123434877027,2017.0
28790.123434877027,2234.0
66444.96035459453,2234.0
66444.96035459453,2017.0
86400.0,2017.0
# temp #2234
0.0,2234.0
10537.236272497104,2234.0
10537.236272497104,2017.0
56906.74846535549,2017.0
56906.74846535549,2234.0
86400.000002,2234.0
# temp #2235
0.0,2234.0
34334.531828365296,2234.0
34334.531828365296,2555.0
35805.8473097859,2555.0
35805.8473097859,2667.0
36287.60809607339,2667.0
36287.60809607339,2555.0
36587.60809607339,2555.0
36587.60809607339,2667.0
63287.60809607339,2667.0
63287.60809607339,2555.0
79187.60809607338,2555.0
79187.60809607338,2234.0
82787.60809607338,2234.0
82787.60809607338,2429.0
86400.000002,2429.0
# temp #2236
0.0,2234.0
29731.07910084073,2234.0
29731.07910084073,2555.0
56395.49044186716,2555.0
56395.49044186716,2429.0
78369.07317826991,2429.0
78369.07317826991,2234.0
78669.07317826991,2234.0
78669.07317826991,2017.0
83816.16666137708,2017.0
83816.16666137708,2555.0
86400.0,2555.0
# temp #2237
0.0,2234.0
31359.6731500933,2234.0
31359.6731500933,2555.0
36439.09850106575,2555.0
36439.09850106575,2667.0
46339.098501065746,2667.0
46339.098501065746,2555.0
50101.41039812007,2555.0
50101.41039812007,2429.0
62802.36267240253,2429.0
62802.36267240253,2234.0
83404.06767132226,2234.0
83404.06767132226,2429.0
86400.0,2429.0
# temp #2238
0.0,2234.0
80258.13331757674,2234.0
80258.13331757674,2555.0
82441.0871531116,2555.0
82441.0871531116,2234.0
83861.22725126335,2234.0
83861.22725126335,2429.0
86400.0,2429.0
# temp #2239
0.0,2234.0
84565.26430430824,2234.0
84565.26430430824,2555.0
86400.000002,2555.0
# temp #2240
0.0,2234.0
2066.681611421518,2234.0
2066.681611421518,2883.0
3363.6776582803577,2883.0
3363.6776582803577,2667.0
15554.69210164156,2667.0
15554.69210164156,2883.0
30226.502660172995,2883.0
30226.502660172995,2667.0
34571.96215221193,2667.0
34571.96215221193,2234.0
45068.54989186396,2234.0
45068.54989186396,2429.0
59780.493031698286,2429.0
59780.493031698286,2555.0
77815.84124984221,2555.0
77815.84124984221,2429.0
86400.000002,2429.0
# temp #2241
0.0,2234.0
11684.486772911625,2234.0
11684.486772911625,2017.0
31923.911757767208,2017.0
31923.911757767208,2234.0
46525.94752181322,2234.0
46525.94752181322,2017.0
83865.60727944599,2017.0
83865.60727944599,2234.0
86400.000002,2234.0
# temp #2242
0.0,2234.0
23589.671559445564,2234.0
23589.671559445564,2429.0
30489.671559445564,2429.0
30489.671559445564,2555.0
32289.671559445564,2555.0
32289.671559445564,2429.0
45189.67155944556,2429.0
45189.67155944556,2234.0
45489.67155944556,2234.0
45489.67155944556,2017.0
45789.67155944556,2017.0
45789.67155944556,2234.0
46089.67155944556,2234.0
46089.67155944556,2017.0
49786.79311685265,2017.0
49786.79311685265,2234.0
75197.4331072066,2234.0
75197.4331072066,2429.0
86400.000002,2429.0
# temp #2243
0.0,2234.0
45433.58992170543,2234.0
45433.58992170543,2555.0
58161.27196541057,2555.0
58161.27196541057,2667.0
66555.62750436367,2667.0
66555.62750436367,2883.0
80861.2422183389,2883.0
80861.2422183389,2429.0
86400.000002,2429.0
# temp #2244
0.0,2234.0
70414.09490250518,2234.0
70414.09490250518,2555.0
73372.22635452637,2555.0
73372.22635452637,2667.0
83272.22635452637,2667.0
83272.22635452637,2555.0
86400.0,2555.0
# temp #2245
0.0,2234.0
5802.715102513322,2234.0
5802.715102513322,2883.0
6632.452101702803,2883.0
6632.452101702803,2667.0
14457.601168868134,2667.0
14457.601168868134,2883.0
32530.13906695415,2883.0
32530.13906695415,2667.0
58227.33830271756,2667.0
58227.33830271756,2555.0
59173.73399112841,2555.0
59173.73399112841,2667.0
68858.0120306695,2667.0
68858.0120306695,2883.0
86400.000002,2883.0
# temp #2246
0.0,2234.0
21751.73861961812,2234.0
21751.73861961812,2429.0
22351.73861961812,2429.0
22351.73861961812,2555.0
22765.43379183859,2555.0
22765.43379183859,2429.0
60733.87863517275,2429.0
60733.87863517275,2555.0
75722.49419682195,2555.0
75722.49419682195,2667.0
86400.000002,2667.0
# temp #2247
0.0,2234.0
35213.34050525912,2234.0
35213.34050525912,2017.0
85559.8418982234,2017.0
85559.8418982234,2234.0
86400.0,2234.0
# temp #2248
0.0,2234.0
2652.577726054006,2234.0
2652.577726054006,2429.0
3073.4701948938896,2429.0
3073.4701948938896,2555.0
8055.000621336514,2555.0
8055.000621336514,2429.0
33851.330265286386,2429.0
33851.330265286386,2555.0
66300.24840231055,2555.0
66300.24840231055,2429.0
72338.86387115346,2429.0
72338.86387115346,2555.0
84484.39396542964,2555.0
84484.39396542964,2429.0
86400.000002,2429.0
# temp #2249
0.0,2234.0
10295.799705502579,2234.0
10295.799705502579,2883.0
11794.357121014038,2883.0
11794.357121014038,2667.0
16984.011489059776,2667.0
16984.011489059776,2883.0
50355.68175644149,2883.0
50355.68175644149,2429.0
86400.0,2429.0
# temp #2250
0.0,2234.0
35620.115307276144,2234.0
35620.115307276144,2429.0
36184.55024992582,2429.0
36184.55024992582,2555.0
36557.7099695569,2555.0
36557.7099695569,2429.0
43108.553589368246,2429.0
43108.553589368246,2555.0
45689.95698262007,2555.0
45689.95698262007,2429.0
75270.85184336176,2429.0
75270.85184336176,2555.0
86400.0,2555.0
# temp #2251
0.0,2234.0
5433.466259180569,2234.0
5433.466259180569,2429.0
5936.438809381799,2429.0
5936.438809381799,2555.0
8416.093346150594,2555.0
8416.093346150594,2429.0
38581.92068869249,2429.0
38581.92068869249,2555.0
45072.04822087661,2555.0
45072.04822087661,2667.0
50244.89309324418,2667.0
50244.89309324418,2234.0
80172.50332070982,2234.0
80172.50332070982,2429.0
86400.000002,2429.0
# temp #2252
0.0,2234.0
7436.182824382559,2234.0
7436.182824382559,2017.0
21499.997536093,2017.0
21499.997536093,2234.0
47566.35545538739,2234.0
47566.35545538739,2017.0
62961.1684832722,2017.0
62961.1684832722,2234.0
73590.08962875234,2234.0
73590.08962875234,2017.0
86400.000002,2017.0
# temp #2253
0.0,2234.0
8024.4742095004785,2234.0
8024.4742095004785,2667.0
9226.351541583428,2667.0
9226.351541583428,2555.0
9965.243160654793,2555.0
9965.243160654793,2667.0
23136.592634744015,2667.0
23136.592634744015,2555.0
23736.592634744015,2555.0
23736.592634744015,2667.0
41347.24488488864,2667.0
41347.24488488864,2555.0
43330.33253147733,2555.0
43330.33253147733,2429.0
44788.042286108255,2429.0
44788.042286108255,2555.0
74147.75403526147,2555.0
74147.75403526147,2429.0
85594.35804588722,2429.0
85594.35804588722,2555.0
86400.000002,2555.0
# temp #2254
0.0,2234.0
3527.5971806840976,2234.0
3527.5971806840976,2667.0
30576.719231670726,2667.0
30576.719231670726,2555.0
31630.601808568466,2555.0
31630.601808568466,2667.0
43067.95481261798,2667.0
43067.95481261798,2555.0
43367.95481261798,2555.0
43367.95481261798,2667.0
43667.95481261798,2667.0
43667.95481261798,2555.0
46967.95481261798,2555.0
46967.95481261798,2667.0
72467.95481261797,2667.0
72467.95481261797,2883.0
86400.000002,2883.0
# temp #2255
0.0,2234.0
46424.073515832424,2234.0
46424.073515832424,2883.0
48824.073515832424,2883.0
48824.073515832424,2667.0
75002.83990921453,2667.0
75002.83990921453,2555.0
86400.000002,2555.0
# temp #2256
0.0,2234.0
83132.01747613495,2234.0
83132.01747613495,2555.0
86400.0,2555.0
# temp #2257
0.0,2234.0
42249.2626677733,2234.0
42249.2626677733,2017.0
86400.0,2017.0
# temp #2258
0.0,2234.0
17627.10350956768,2234.0
17627.10350956768,2555.0
21350.43830601499,2555.0
21350.43830601499,2429.0
56390.579396020636,2429.0
56390.579396020636,2234.0
56990.579396020636,2234.0
56990.579396020636,2429.0
75290.57939602064,2429.0
75290.57939602064,2555.0
76790.57939602064,2555.0
76790.57939602064,2429.0
86400.000002,2429.0
# temp #2259
0.0,2234.0
59322.96510629822,2234.0
59322.96510629822,2555.0
68744.57287138795,2555.0
68744.57287138795,2429.0
86400.000002,2429.0
# temp #2260
0.0,2234.0
17173.59913461842,2234.0
17173.59913461842,2883.0
17903.258371073756,2883.0
17903.258371073756,2667.0
26399.16198465508,2667.0
26399.16198465508,2883.0
43910.97904639319,2883.0
43910.97904639319,2429.0
73110.55616189261,2429.0
73110.55616189261,2555.0
86400.000002,2555.0
# temp #2261
0.0,2234.0
728.147733444348,2234.0
728.147733444348,2555.0
18560.234954254705,2555.0
18560.234954254705,2429.0
44101.71578158625,2429.0
44101.71578158625,2234.0
44701.71578158625,2234.0
44701.71578158625,2429.0
63001.71578158625,2429.0
63001.71578158625,2555.0
64501.71578158625,2555.0
64501.71578158625,2429.0
69150.6979450118,2429.0
69150.6979450118,2234.0
71500.07878853941,2234.0
71500.07878853941,2667.0
78245.878707245,2667.0
78245.878707245,2234.0
81531.1338898726,2234.0
81531.1338898726,2667.0
86400.000002,2667.0
# temp #2262
0.0,2234.0
30582.64607826714,2234.0
30582.64607826714,2429.0
31141.35606621858,2429.0
31141.35606621858,2555.0
33739.049939042896,2555.0
33739.049939042896,2429.0
51401.38315649238,2429.0
51401.38315649238,2883.0
77657.24342269824,2883.0
77657.24342269824,2429.0
86400.000002,2429.0
# temp #2263
0.0,2234.0
56525.008647423245,2234.0
56525.008647423245,2429.0
86400.0,2429.0
# temp #2264
0.0,2234.0
8831.368130701596,2234.0
8831.368130701596,2883.0
19931.368130701594,2883.0
19931.368130701594,2555.0
37497.03337687534,2555.0
37497.03337687534,2667.0
54260.185144306175,2667.0
54260.185144306175,2555.0
68616.62226340269,2555.0
68616.62226340269,2667.0
84377.5371882599,2667.0
84377.5371882599,2555.0
86400.0,2555.0
# temp #2265
0.0,2234.0
1272.3950779996812,2234.0
1272.3950779996812,2667.0
11522.65492344741,2667.0
11522.65492344741,2555.0
12558.935521845708,2555.0
12558.935521845708,2667.0
38393.19990039804,2667.0
38393.19990039804,2555.0
38693.19990039804,2555.0
38693.19990039804,2667.0
39493.41715837364,2667.0
39493.41715837364,2555.0
40093.41715837364,2555.0
40093.41715837364,2667.0
47043.57242553961,2667.0
47043.57242553961,2555.0
59502.85718485249,2555.0
59502.85718485249,2429.0
65769.52124380042,2429.0
65769.52124380042,2555.0
67027.78574370315,2555.0
67027.78574370315,2667.0
86400.000002,2667.0
# temp #2266
0.0,2234.0
36209.00935786777,2234.0
36209.00935786777,2555.0
39691.60145928618,2555.0
39691.60145928618,2667.0
49591.60145928618,2667.0
49591.60145928618,2555.0
53731.79131632206,2555.0
53731.79131632206,2429.0
57806.029375176884,2429.0
57806.029375176884,2555.0
74462.1339177713,2555.0
74462.1339177713,2667.0
75066.77601097619,2667.0
75066.77601097619,2234.0
86400.0,2234.0
# temp #2267
0.0,2234.0
84768.43431873714,2234.0
84768.43431873714,2555.0
86400.0,2555.0
# temp #2268
0.0,2234.0
7718.536166148262,2234.0
7718.536166148262,2667.0
56257.4593987316,2667.0
56257.4593987316,2555.0
56643.86113062502,2555.0
56643.86113062502,2667.0
66977.78744569515,2667.0
66977.78744569515,2555.0
67277.78744569515,2555.0
67277.78744569515,2667.0
67925.69487243892,2667.0
67925.69487243892,2555.0
68525.69487243892,2555.0
68525.69487243892,2667.0
86400.000002,2667.0
# temp #2269
0.0,2234.0
34854.4097222155,2234.0
34854.4097222155,2429.0
35413.585316995166,2429.0
35413.585316995166,2234.0
36145.415044412955,2234.0
36145.415044412955,2429.0
40180.747258127674,2429.0
40180.747258127674,2234.0
56607.8252053354,2234.0
56607.8252053354,2429.0
57258.64660036751,2429.0
57258.64660036751,2555.0
57589.88157757559,2555.0
57589.88157757559,2429.0
57889.88157757559,2429.0
57889.88157757559,2555.0
59389.88157757559,2555.0
59389.88157757559,2429.0
69589.88157757558,2429.0
69589.88157757558,2234.0
86400.0,2234.0
# temp #2270
0.0,2234.0
4967.911334359088,2234.0
4967.911334359088,2555.0
6469.978102552705,2555.0
6469.978102552705,2667.0
12769.978102552705,2667.0
12769.978102552705,2555.0
13969.978102552705,2555.0
13969.978102552705,2429.0
57169.978102552705,2429.0
57169.978102552705,2234.0
72643.19797202479,2234.0
72643.19797202479,2667.0
84517.97817915212,2667.0
84517.97817915212,2555.0
86400.000002,2555.0
# temp #2271
0.0,2234.0
46439.658095687635,2234.0
46439.658095687635,2555.0
48856.83467995842,2555.0
48856.83467995842,2429.0
56406.10914956779,2429.0
56406.10914956779,2555.0
69347.0207319595,2555.0
69347.0207319595,2667.0
83942.20115141945,2667.0
83942.20115141945,2883.0
86400.000002,2883.0
# temp #2272
0.0,2234.0
3456.494081136771,2234.0
3456.494081136771,2667.0
20745.194625249136,2667.0
20745.194625249136,2555.0
21764.32923409157,2555.0
21764.32923409157,2667.0
37563.42740147375,2667.0
37563.42740147375,2555.0
37863.42740147375,2555.0
37863.42740147375,2429.0
58726.35474633427,2429.0
58726.35474633427,2234.0
65761.4684047876,2234.0
65761.4684047876,2429.0
80122.23531589845,2429.0
80122.23531589845,2555.0
86400.0,2555.0
# temp #2273
0.0,2234.0
11793.916949490087,2234.0
11793.916949490087,2883.0
12508.35927904118,2883.0
12508.35927904118,2667.0
17607.951818592846,2667.0
17607.951818592846,2883.0
37023.91172011849,2883.0
37023.91172011849,2429.0
63694.41639860162,2429.0
63694.41639860162,2555.0
74932.50646144153,2555.0
74932.50646144153,2429.0
86400.0,2429.0
# temp #2274
0.0,2234.0
31081.64248829708,2234.0
31081.64248829708,2017.0
74001.10079767184,2017.0
74001.10079767184,2234.0
82821.93814152853,2234.0
82821.93814152853,2017.0
86400.000002,2017.0
# temp #2275
0.0,2234.0
3242.907528416254,2234.0
3242.907528416254,2667.0
16858.696391852573,2667.0
16858.696391852573,2555.0
18108.785684080798,2555.0
18108.785684080798,2667.0
43454.12930063904,2667.0
43454.12930063904,2555.0
43754.12930063904,2555.0
43754.12930063904,2667.0
44622.21259810031,2667.0
44622.21259810031,2555.0
45222.21259810031,2555.0
45222.21259810031,2667.0
47686.12300045789,2667.0
47686.12300045789,2555.0
55453.98556133733,2555.0
55453.98556133733,2429.0
56415.053936024204,2429.0
56415.053936024204,2555.0
75926.81382077282,2555.0
75926.81382077282,2667.0
86400.000002,2667.0
# temp #2276
0.0,2234.0
12258.800442377107,2234.0
12258.800442377107,2017.0
46218.07697159239,2017.0
46218.07697159239,2234.0
49046.473317453645,2234.0
49046.473317453645,2017.0
86400.0,2017.0
# temp #2277
0.0,2234.0
55108.294270047925,2234.0
55108.294270047925,2429.0
86400.0,2429.0
# temp #2278
0.0,2234.0
3889.7772507509226,2234.0
3889.7772507509226,2667.0
38554.168530763134,2667.0
38554.168530763134,2555.0
39273.42374792789,2555.0
39273.42374792789,2667.0
65449.99890115579,2667.0
65449.99890115579,2555.0
65749.99890115579,2555.0
65749.99890115579,2667.0
66049.99890115579,2667.0
66049.99890115579,2555.0
69349.99890115579,2555.0
69349.99890115579,2667.0
86400.000002,2667.0
# temp #2279
0.0,2234.0
961.2097618868575,2234.0
961.2097618868575,2667.0
45054.52209720389,2667.0
45054.52209720389,2555.0
45399.865437950946,2555.0
45399.865437950946,2667.0
79240.71345473641,2667.0
79240.71345473641,2555.0
79540.71345473641,2555.0
79540.71345473641,2429.0
86400.0,2429.0
# temp #2280
0.0,2234.0
6068.089278764092,2234.0
6068.089278764092,2429.0
6394.064002158121,2429.0
6394.064002158121,2555.0
10461.916739540176,2555.0
10461.916739540176,2429.0
16572.386225732047,2429.0
16572.386225732047,2883.0
18452.353714546192,2883.0
18452.353714546192,2667.0
60243.42112638988,2667.0
60243.42112638988,2883.0
68403.24105676265,2883.0
68403.24105676265,2555.0
69603.24105676265,2555.0
69603.24105676265,2883.0
86400.0,2883.0
# temp #2281
0.0,2234.0
38017.401884612635,2234.0
38017.401884612635,2555.0
42243.22998602875,2555.0
42243.22998602875,2667.0
42713.83241373115,2667.0
42713.83241373115,2555.0
43013.83241373115,2555.0
43013.83241373115,2667.0
46613.83241373115,2667.0
46613.83241373115,2555.0
48113.83241373115,2555.0
48113.83241373115,2429.0
51960.7944357209,2429.0
51960.7944357209,2234.0
70618.58571209015,2234.0
70618.58571209015,2667.0
81470.31457191335,2667.0
81470.31457191335,2883.0
86400.0,2883.0
# temp #2282
0.0,2234.0
78764.63736549487,2234.0
78764.63736549487,2555.0
82172.03612113373,2555.0
82172.03612113373,2667.0
86400.000002,2667.0
# temp #2283
0.0,2234.0
38793.04450387136,2234.0
38793.04450387136,2429.0
39142.55194100552,2429.0
39142.55194100552,2234.0
39834.44689444733,2234.0
39834.44689444733,2429.0
41861.35957671796,2429.0
41861.35957671796,2234.0
51646.30761311856,2234.0
51646.30761311856,2429.0
52688.81655971055,2429.0
52688.81655971055,2234.0
76008.60050444027,2234.0
76008.60050444027,2429.0
86400.0,2429.0
# temp #2284
0.0,2234.0
70790.91451135464,2234.0
70790.91451135464,2555.0
80081.7473382689,2555.0
80081.7473382689,2234.0
86400.000002,2234.0
# temp #2285
0.0,2234.0
40945.052446774214,2234.0
40945.052446774214,2429.0
41379.144627973445,2429.0
41379.144627973445,2555.0
45754.02444116772,2555.0
45754.02444116772,2429.0
50951.47074430716,2429.0
50951.47074430716,2555.0
59484.75640334656,2555.0
59484.75640334656,2429.0
86400.0,2429.0
# temp #2286
0.0,2234.0
21044.821301847696,2234.0
21044.821301847696,2555.0
24628.616935783066,2555.0
24628.616935783066,2429.0
67459.28357841913,2429.0
67459.28357841913,2883.0
80016.61861287431,2883.0
80016.61861287431,2429.0
86400.000002,2429.0
# temp #2287
0.0,2234.0
7056.743262615056,2234.0
7056.743262615056,2017.0
33281.46832482889,2017.0
33281.46832482889,2234.0
75122.54590736704,2234.0
75122.54590736704,2017.0
80807.43701574394,2017.0
80807.43701574394,2234.0
86400.000002,2234.0
# temp #2288
0.0,2234.0
2868.273625778966,2234.0
2868.273625778966,2667.0
36958.00407940988,2667.0
36958.00407940988,2555.0
38431.764427036986,2555.0
38431.764427036986,2429.0
62946.92558739336,2429.0
62946.92558739336,2234.0
85628.69966884611,2234.0
85628.69966884611,2429.0
86400.0,2429.0
# temp #2289
0.0,2234.0
7817.600048705937,2234.0
7817.600048705937,2667.0
11568.618302978577,2667.0
11568.618302978577,2555.0
13043.024209979923,2555.0
13043.024209979923,2667.0
23862.67651340459,2667.0
23862.67651340459,2555.0
26862.67651340459,2555.0
26862.67651340459,2667.0
52962.676513404585,2667.0
52962.676513404585,2883.0
86400.0,2883.0
# temp #2290
0.0,2234.0
1978.7982432637366,2234.0
1978.7982432637366,2667.0
3546.851582662203,2667.0
3546.851582662203,2555.0
4445.908767473885,2555.0
4445.908767473885,2667.0
38183.91316349153,2667.0
38183.91316349153,2555.0
38783.91316349153,2555.0
38783.91316349153,2667.0
59499.129678052865,2667.0
59499.129678052865,2555.0
60962.34399166425,2555.0
60962.34399166425,2429.0
80780.35229772796,2429.0
80780.35229772796,2883.0
86400.0,2883.0
# temp #2291
0.0,2234.0
37198.04442564492,2234.0
37198.04442564492,2555.0
37978.134873742245,2555.0
37978.134873742245,2667.0
38331.8682842888,2667.0
38331.8682842888,2555.0
38631.8682842888,2555.0
38631.8682842888,2667.0
42231.8682842888,2667.0
42231.8682842888,2555.0
43731.8682842888,2555.0
43731.8682842888,2429.0
49070.001203706495,2429.0
49070.001203706495,2234.0
64406.2474908773,2234.0
64406.2474908773,2667.0
70599.82482336929,2667.0
70599.82482336929,2555.0
86400.0,2555.0
# temp #2292
0.0,2234.0
85047.6253603818,2234.0
85047.6253603818,2555.0
86392.23030097784,2555.0
86400.0,2667.0
# temp #2293
0.0,2234.0
25368.64838828333,2234.0
25368.64838828333,2017.0
77063.60753607006,2017.0
77063.60753607006,2234.0
86400.000002,2234.0
# temp #2294
0.0,2234.0
21828.05612906814,2234.0
21828.05612906814,2555.0
26007.60523604695,2555.0
26007.60523604695,2667.0
26320.84798207507,2667.0
26320.84798207507,2555.0
26620.84798207507,2555.0
26620.84798207507,2667.0
30220.84798207507,2667.0
30220.84798207507,2555.0
31720.84798207507,2555.0
31720.84798207507,2429.0
35975.64286601265,2429.0
35975.64286601265,2234.0
66969.97657413596,2234.0
66969.97657413596,2429.0
72742.21456556117,2429.0
72742.21456556117,2234.0
76254.56140853932,2234.0
76254.56140853932,2667.0
86400.0,2667.0
# temp #2295
0.0,2234.0
1265.8269765553996,2234.0
1265.8269765553996,2667.0
23060.737979505215,2667.0
23060.737979505215,2555.0
23624.572045169774,2555.0
23624.572045169774,2667.0
35923.454876896,2667.0
35923.454876896,2555.0
36523.454876896,2555.0
36523.454876896,2667.0
49436.2351239659,2667.0
49436.2351239659,2555.0
54406.230779830374,2555.0
54406.230779830374,2429.0
68419.04941282701,2429.0
68419.04941282701,2555.0
86400.000002,2555.0
# temp #2296
0.0,2234.0
4136.40887090005,2234.0
4136.40887090005,2017.0
42497.71260987037,2017.0
42497.71260987037,2234.0
86400.000002,2234.0
# temp #2297
0.0,2234.0
5593.859905726277,2234.0
5593.859905726277,2667.0
49059.138531144716,2667.0
49059.138531144716,2555.0
50244.85446810723,2555.0
50244.85446810723,2667.0
65329.78853811511,2667.0
65329.78853811511,2555.0
65929.78853811511,2555.0
65929.78853811511,2667.0
79542.89500485176,2667.0
79542.89500485176,2555.0
84431.96370969528,2555.0
84431.96370969528,2429.0
86400.0,2429.0
# temp #2298
0.0,2234.0
44386.93178691902,2234.0
44386.93178691902,2555.0
49040.813906374395,2555.0
49040.813906374395,2667.0
49501.76009747666,2667.0
49501.76009747666,2555.0
49801.76009747666,2555.0
49801.76009747666,2667.0
76501.76009747665,2667.0
76501.76009747665,2555.0
86400.0,2555.0
# temp #2299
0.0,2234.0
52221.53843755369,2234.0
52221.53843755369,2555.0
53550.1864562044,2555.0
53550.1864562044,2667.0
53867.677828436725,2667.0
53867.677828436725,2555.0
59867.677828436725,2555.0
59867.677828436725,2429.0
62267.677828436725,2429.0
62267.677828436725,2234.0
65867.67782843672,2234.0
65867.67782843672,2429.0
67067.67782843672,2429.0
67067.67782843672,2234.0
72767.67782843672,2234.0
72767.67782843672,2429.0
86400.0,2429.0
# temp #2300
0.0,2234.0
9293.184400023894,2234.0
9293.184400023894,2883.0
9878.868886758575,2883.0
9878.868886758575,2667.0
21207.955285068605,2667.0
21207.955285068605,2883.0
34956.44068736584,2883.0
34956.44068736584,2667.0
57754.55238930882,2667.0
57754.55238930882,2555.0
58800.37269175519,2555.0
58800.37269175519,2429.0
75847.08477279638,2429.0
75847.08477279638,2555.0
86400.000002,2555.0
# temp #2301
0.0,2234.0
38685.94671199099,2234.0
38685.94671199099,2429.0
39169.01773845312,2429.0
39169.01773845312,2555.0
43424.91454964039,2555.0
43424.91454964039,2429.0
73993.12721723692,2429.0
73993.12721723692,2555.0
86400.000002,2555.0
# temp #2302
0.0,2234.0
13501.275759609418,2234.0
13501.275759609418,2883.0
15120.043845288457,2883.0
15120.043845288457,2667.0
21273.53094981518,2667.0
21273.53094981518,2883.0
41477.494217385545,2883.0
41477.494217385545,2429.0
43660.94161577058,2429.0
43660.94161577058,2555.0
50114.63519723621,2555.0
50114.63519723621,2667.0
53057.42465977092,2667.0
53057.42465977092,2555.0
80203.84719672149,2555.0
80203.84719672149,2429.0
86400.000002,2429.0
# temp #2303
0.0,2234.0
12428.743152134122,2234.0
12428.743152134122,2883.0
13723.866482055748,2883.0
13723.866482055748,2667.0
19534.310148772787,2667.0
19534.310148772787,2883.0
31847.600317583423,2883.0
31847.600317583423,2667.0
42032.98008323182,2667.0
42032.98008323182,2883.0
73585.95922356473,2883.0
73585.95922356473,2429.0
86400.000002,2429.0
# temp #2304
0.0,2234.0
9091.933970991522,2234.0
9091.933970991522,2429.0
15991.933970991522,2429.0
15991.933970991522,2555.0
17791.933970991522,2555.0
17791.933970991522,2429.0
30691.933970991522,2429.0
30691.933970991522,2234.0
30991.933970991522,2234.0
30991.933970991522,2017.0
31291.933970991522,2017.0
31291.933970991522,2234.0
31591.933970991522,2234.0
31591.933970991522,2017.0
35801.04599758051,2017.0
35801.04599758051,2234.0
39293.99416423403,2234.0
39293.99416423403,2667.0
76989.94771088473,2667.0
76989.94771088473,2555.0
80374.95054798202,2555.0
80374.95054798202,2429.0
86400.0,2429.0
# temp #2305
0.0,2234.0
38738.844841369435,2234.0
38738.844841369435,2555.0
56581.2348509906,2555.0
56581.2348509906,2429.0
56940.411011455595,2429.0
56940.411011455595,2555.0
71308.8603786193,2555.0
71308.8603786193,2429.0
72349.18659317774,2429.0
72349.18659317774,2234.0
80874.71550477204,2234.0
80874.71550477204,2667.0
86400.0,2667.0
# temp #2306
0.0,2234.0
28070.991788059477,2234.0
28070.991788059477,2429.0
28670.991788059477,2429.0
28670.991788059477,2555.0
33513.166127353914,2555.0
33513.166127353914,2429.0
70855.10073783809,2429.0
70855.10073783809,2555.0
86400.000002,2555.0
# temp #2307
0.0,2234.0
61637.4760841718,2234.0
61637.4760841718,2555.0
64757.12609142066,2555.0
64757.12609142066,2667.0
74657.12609142065,2667.0
74657.12609142065,2555.0
76402.18122303487,2555.0
76402.18122303487,2429.0
86400.0,2429.0
# temp #2308
0.0,2234.0
5185.458524432034,2234.0
5185.458524432034,2667.0
11733.030472579414,2667.0
11733.030472579414,2555.0
12870.678307651544,2555.0
12870.678307651544,2667.0
50291.77039247007,2667.0
50291.77039247007,2555.0
50891.77039247007,2555.0
50891.77039247007,2667.0
67130.25251794608,2667.0
67130.25251794608,2555.0
70721.24575618656,2555.0
70721.24575618656,2429.0
86400.0,2429.0
# temp #2309
0.0,2234.0
83347.20753617586,2234.0
83347.20753617586,2555.0
86400.000002,2555.0
# temp #2310
0.0,2234.0
61408.446657238535,2234.0
61408.446657238535,2555.0
64945.19450361841,2555.0
64945.19450361841,2667.0
65438.116252538755,2667.0
65438.116252538755,2555.0
65738.11625253875,2555.0
65738.11625253875,2667.0
69338.11625253875,2667.0
69338.11625253875,2555.0
70838.11625253875,2555.0
70838.11625253875,2429.0
86400.0,2429.0
# temp #2311
0.0,2234.0
1880.349201592617,2234.0
1880.349201592617,2667.0
37752.52148774453,2667.0
37752.52148774453,2555.0
38368.63015196287,2555.0
38368.63015196287,2667.0
53766.70662097169,2667.0
53766.70662097169,2555.0
54066.70662097169,2555.0
54066.70662097169,2667.0
54868.344074604116,2667.0
54868.344074604116,2555.0
55468.344074604116,2555.0
55468.344074604116,2667.0
77393.3100530645,2667.0
77393.3100530645,2555.0
86400.0,2555.0
# temp #2312
0.0,2234.0
44614.312283182524,2234.0
44614.312283182524,2555.0
80794.61609213614,2555.0
80794.61609213614,2429.0
86400.0,2429.0
# temp #2313
0.0,2234.0
37424.96286076494,2234.0
37424.96286076494,2555.0
62594.89291948268,2555.0
62594.89291948268,2429.0
72433.4220510442,2429.0
72433.4220510442,2234.0
73033.4220510442,2234.0
73033.4220510442,2429.0
75433.4220510442,2429.0
75433.4220510442,2555.0
85633.4220510442,2555.0
85633.4220510442,2667.0
86400.0,2667.0
# temp #2314
0.0,2234.0
55462.03440504615,2234.0
55462.03440504615,2429.0
55762.03440504615,2429.0
55762.03440504615,2234.0
75403.57791215648,2234.0
75403.57791215648,2667.0
86400.000002,2667.0
# temp #2315
0.0,2234.0
30464.377054106448,2234.0
30464.377054106448,2555.0
31030.209234729413,2555.0
31030.209234729413,2429.0
31545.14476123732,2429.0
31545.14476123732,2555.0
51846.19198890869,2555.0
51846.19198890869,2429.0
52217.42758036126,2429.0
52217.42758036126,2555.0
53331.61636611913,2555.0
53331.61636611913,2429.0
53631.61636611913,2429.0
53631.61636611913,2555.0
74031.61636611912,2555.0
74031.61636611912,2429.0
74331.61636611912,2429.0
74331.61636611912,2555.0
74931.61636611912,2555.0
74931.61636611912,2667.0
77460.28771663552,2667.0
77460.28771663552,2555.0
86119.71966752318,2555.0
86119.71966752318,2429.0
86400.0,2429.0
# temp #2316
0.0,2234.0
37110.03026431427,2234.0
37110.03026431427,2017.0
81474.11390407944,2017.0
81474.11390407944,2234.0
84581.68531567791,2234.0
84581.68531567791,2017.0
86400.0,2017.0
# temp #2317
0.0,2234.0
53638.87806208805,2234.0
53638.87806208805,2429.0
53964.68339783606,2429.0
53964.68339783606,2555.0
58161.5395638859,2555.0
58161.5395638859,2429.0
85297.09554961884,2429.0
85297.09554961884,2555.0
86400.0,2555.0
# temp #2318
0.0,2234.0
31484.00120674633,2234.0
31484.00120674633,2017.0
82821.61599397661,2017.0
82821.61599397661,2234.0
84289.04512999581,2234.0
84289.04512999581,2017.0
86400.0,2017.0
# temp #2319
0.0,2234.0
3388.2391179213305,2234.0
3388.2391179213305,2667.0
44667.0427950332,2667.0
44667.0427950332,2555.0
45105.52125920077,2555.0
45105.52125920077,2667.0
59447.58044108749,2667.0
59447.58044108749,2555.0
59747.58044108749,2555.0
59747.58044108749,2429.0
86400.000002,2429.0
# temp #2320
0.0,2234.0
51585.994999716066,2234.0
51585.994999716066,2429.0
52079.362987121574,2429.0
52079.362987121574,2555.0
56862.69201315009,2555.0
56862.69201315009,2429.0
58836.03635479231,2429.0
58836.03635479231,2234.0
81739.68998913189,2234.0
81739.68998913189,2429.0
86400.000002,2429.0
# temp #2321
0.0,2234.0
65815.88111612946,2234.0
65815.88111612946,2883.0
68215.88111612946,2883.0
68215.88111612946,2667.0
72338.74511600006,2667.0
72338.74511600006,2555.0
86400.000002,2555.0
# temp #2322
0.0,2234.0
40062.46454073117,2234.0
40062.46454073117,2429.0
40362.46454073117,2429.0
40362.46454073117,2234.0
69274.69872578514,2234.0
69274.69872578514,2429.0
86400.000002,2429.0
# temp #2323
0.0,2234.0
3192.0487498864536,2234.0
3192.0487498864536,2667.0
49394.80078923517,2667.0
49394.80078923517,2555.0
49724.409108655535,2555.0
49724.409108655535,2667.0
86400.000002,2667.0
# temp #2324
0.0,2234.0
16971.375323552642,2234.0
16971.375323552642,2883.0
17501.710981386717,2883.0
17501.710981386717,2667.0
25128.151501854885,2667.0
25128.151501854885,2883.0
37968.082734430216,2883.0
37968.082734430216,2429.0
66567.22573495937,2429.0
66567.22573495937,2234.0
69974.87865777222,2234.0
69974.87865777222,2667.0
79189.50791959652,2667.0
79189.50791959652,2555.0
85862.18044473791,2555.0
85862.18044473791,2667.0
86400.0,2667.0
# temp #2325
0.0,2234.0
33278.79460228142,2234.0
33278.79460228142,2555.0
64603.166904975675,2555.0
64603.166904975675,2429.0
73434.4225376146,2429.0
73434.4225376146,2234.0
80597.19041227365,2234.0
80597.19041227365,2429.0
86400.000002,2429.0
# temp #2326
0.0,2234.0
32240.191330807284,2234.0
32240.191330807284,2883.0
34640.19133080728,2883.0
34640.19133080728,2667.0
56991.02997730952,2667.0
56991.02997730952,2555.0
86400.0,2555.0
# temp #2327
0.0,2234.0
959.1958960751072,2234.0
959.1958960751072,2667.0
40846.20514519048,2667.0
40846.20514519048,2555.0
41856.84061904904,2555.0
41856.84061904904,2667.0
49619.42578686868,2667.0
49619.42578686868,2555.0
50219.42578686868,2555.0
50219.42578686868,2667.0
70616.77554461641,2667.0
70616.77554461641,2555.0
74614.81070991141,2555.0
74614.81070991141,2429.0
85164.73929074129,2429.0
85164.73929074129,2234.0
86400.0,2234.0
# temp #2328
0.0,2234.0
31390.7672458794,2234.0
31390.7672458794,2555.0
49020.11942728423,2555.0
49020.11942728423,2429.0
49518.6190244509,2429.0
49518.6190244509,2555.0
64989.8327914998,2555.0
64989.8327914998,2429.0
65493.1099687703,2429.0
65493.1099687703,2555.0
66515.852422826,2555.0
66515.852422826,2429.0
66815.852422826,2429.0
66815.852422826,2555.0
68315.852422826,2555.0
68315.852422826,2429.0
78515.852422826,2429.0
78515.852422826,2234.0
86400.000002,2234.0
# temp #2329
0.0,2234.0
11354.94389582891,2234.0
11354.94389582891,2429.0
11750.449961819686,2429.0
11750.449961819686,2234.0
12541.867819125764,2234.0
12541.867819125764,2429.0
17181.80378798861,2429.0
17181.80378798861,2234.0
30679.018558957618,2234.0
30679.018558957618,2429.0
31433.460671477955,2429.0
31433.460671477955,2555.0
32524.330511712473,2555.0
32524.330511712473,2429.0
32824.33051171248,2429.0
32824.33051171248,2555.0
34324.33051171247,2555.0
34324.33051171247,2429.0
44524.33051171247,2429.0
44524.33051171247,2234.0
86400.0,2234.0
# temp #2330
0.0,2234.0
54136.64214208257,2234.0
54136.64214208257,2555.0
81342.29512775784,2555.0
81342.29512775784,2429.0
81859.08836368473,2429.0
81859.08836368473,2555.0
86400.000002,2555.0
# temp #2331
0.0,2234.0
55722.78515647632,2234.0
55722.78515647632,2555.0
73435.68662528416,2555.0
73435.68662528416,2429.0
73810.04818018993,2429.0
73810.04818018993,2555.0
86400.000002,2555.0
# temp #2332
0.0,2234.0
51494.60037380923,2234.0
51494.60037380923,2429.0
51794.60037380923,2429.0
51794.60037380923,2234.0
78408.58032808175,2234.0
78408.58032808175,2429.0
80127.5246553356,2429.0
80127.5246553356,2555.0
86400.000002,2555.0
# temp #2333
0.0,2234.0
56553.959342418246,2234.0
56553.959342418246,2555.0
86400.000002,2555.0
# temp #2334
0.0,2234.0
12568.2461834047,2234.0
12568.2461834047,2017.0
50894.677574420355,2017.0
50894.677574420355,2234.0
64070.825153728954,2234.0
64070.825153728954,2017.0
86400.0,2017.0
# temp #2335
0.0,2234.0
18793.12175335363,2234.0
18793.12175335363,2555.0
42267.23785749637,2555.0
42267.23785749637,2429.0
42729.70536325593,2429.0
42729.70536325593,2555.0
57958.82810410113,2555.0
57958.82810410113,2429.0
58318.399261403836,2429.0
58318.399261403836,2555.0
58814.693178422756,2555.0
58814.693178422756,2429.0
59114.693178422756,2429.0
59114.693178422756,2555.0
60614.693178422756,2555.0
60614.693178422756,2429.0
70814.69317842276,2429.0
70814.69317842276,2234.0
86400.0,2234.0
# temp #2336
0.0,2234.0
11780.171440844426,2234.0
11780.171440844426,2429.0
12080.171440844426,2429.0
12080.171440844426,2234.0
23245.764596876692,2234.0
23245.764596876692,2667.0
52235.019507771365,2667.0
52235.019507771365,2234.0
65169.371882127605,2234.0
65169.371882127605,2667.0
86400.0,2667.0
# temp #2337
0.0,2234.0
35767.83843850718,2234.0
35767.83843850718,2555.0
39111.88300671057,2555.0
39111.88300671057,2429.0
81553.61959235744,2429.0
81553.61959235744,2234.0
85920.2455850551,2234.0
85920.2455850551,2429.0
86400.0,2429.0
# temp #2338
0.0,2234.0
47871.41409460456,2234.0
47871.41409460456,2429.0
48334.69366736245,2429.0
48334.69366736245,2555.0
53166.45009673667,2555.0
53166.45009673667,2429.0
80715.38250292653,2429.0
80715.38250292653,2555.0
86400.000002,2555.0
# temp #2339
0.0,2234.0
16056.925696134569,2234.0
16056.925696134569,2017.0
37730.24379182608,2017.0
37730.24379182608,2234.0
46261.75615685061,2234.0
46261.75615685061,2017.0
86400.0,2017.0
# temp #2340
0.0,2234.0
51362.92198647279,2234.0
51362.92198647279,2883.0
53762.92198647279,2883.0
53762.92198647279,2667.0
60866.41220385209,2667.0
60866.41220385209,2555.0
61298.96997185424,2555.0
61298.96997185424,2667.0
86400.0,2667.0
# temp #2341
0.0,2234.0
18687.132531520914,2234.0
18687.132531520914,2429.0
18987.132531520914,2429.0
18987.132531520914,2234.0
45987.50555904117,2234.0
45987.50555904117,2429.0
63917.75850655978,2429.0
63917.75850655978,2555.0
80906.86636932661,2555.0
80906.86636932661,2667.0
86400.000002,2667.0
# temp #2342
0.0,2234.0
6888.0989818135295,2234.0
6888.0989818135295,2667.0
23718.506181263372,2667.0
23718.506181263372,2555.0
25133.795633004054,2555.0
25133.795633004054,2429.0
50564.67058528216,2429.0
50564.67058528216,2555.0
67548.17258748227,2555.0
67548.17258748227,2429.0
68480.87545142045,2429.0
68480.87545142045,2555.0
82963.7206403073,2555.0
82963.7206403073,2429.0
86400.000002,2429.0
# temp #2343
0.0,2234.0
5762.656742124819,2234.0
5762.656742124819,2667.0
11476.98718076572,2667.0
11476.98718076572,2555.0
12530.282422062011,2555.0
12530.282422062011,2667.0
39129.42768002395,2667.0
39129.42768002395,2555.0
39729.42768002395,2555.0
39729.42768002395,2667.0
54017.35080478248,2667.0
54017.35080478248,2555.0
57709.552625915974,2555.0
57709.552625915974,2429.0
64457.2074236814,2429.0
64457.2074236814,2555.0
79331.91045583227,2555.0
79331.91045583227,2667.0
86400.000002,2667.0
# temp #2344
0.0,2234.0
33276.85949918814,2234.0
33276.85949918814,2883.0
35676.85949918814,2883.0
35676.85949918814,2667.0
60177.63641432393,2667.0
60177.63641432393,2555.0
72151.95885126013,2555.0
72151.95885126013,2667.0
83467.25678974763,2667.0
83467.25678974763,2555.0
86400.000002,2555.0
# temp #2345
0.0,2234.0
4528.620783565567,2234.0
4528.620783565567,2017.0
50084.20815858991,2017.0
50084.20815858991,2234.0
83155.61799611898,2234.0
83155.61799611898,2017.0
86400.0,2017.0
# temp #2346
0.0,2234.0
776.5951807145029,2234.0
776.5951807145029,2017.0
35657.47574907728,2017.0
35657.47574907728,2234.0
54300.43971729466,2234.0
54300.43971729466,2017.0
62790.442170342445,2017.0
62790.442170342445,2234.0
82500.68415733987,2234.0
82500.68415733987,2017.0
86400.0,2017.0
# temp #2347
0.0,2234.0
8508.179952017965,2234.0
8508.179952017965,2555.0
13332.770574186,2555.0
13332.770574186,2429.0
18705.735190305862,2429.0
18705.735190305862,2234.0
27294.636451033883,2234.0
27294.636451033883,2429.0
30734.024582337595,2429.0
30734.024582337595,2234.0
37076.85767251533,2234.0
37076.85767251533,2429.0
38630.041591334164,2429.0
38630.041591334164,2555.0
52799.27872025874,2555.0
52799.27872025874,2667.0
82295.89776182549,2667.0
82295.89776182549,2555.0
86400.000002,2555.0
# temp #2348
0.0,2234.0
40047.794618248015,2234.0
40047.794618248015,2555.0
63462.634275457836,2555.0
63462.634275457836,2429.0
63815.55448262954,2429.0
63815.55448262954,2555.0
67241.0352459876,2555.0
67241.0352459876,2429.0
68373.57498609928,2429.0
68373.57498609928,2555.0
69298.983392003,2555.0
69298.983392003,2429.0
69598.983392003,2429.0
69598.983392003,2555.0
71098.983392003,2555.0
71098.983392003,2429.0
81298.983392003,2429.0
81298.983392003,2234.0
86400.000002,2234.0
# temp #2349
0.0,2234.0
3766.1500311456625,2234.0
3766.1500311456625,2017.0
49662.38662493416,2017.0
49662.38662493416,2234.0
82642.84824575298,2234.0
82642.84824575298,2017.0
86400.0,2017.0
# temp #2350
0.0,2234.0
37122.44790913538,2234.0
37122.44790913538,2429.0
69222.44790913537,2429.0
69222.44790913537,2555.0
69522.44790913537,2555.0
69522.44790913537,2667.0
86400.0,2667.0
# temp #2351
0.0,2234.0
84458.1089350395,2234.0
84458.1089350395,2555.0
86400.0,2555.0
# temp #2352
0.0,2234.0
2230.61051464174,2234.0
2230.61051464174,2667.0
3771.9351951498547,2667.0
3771.9351951498547,2555.0
4561.323159886525,2555.0
4561.323159886525,2429.0
22544.4740268169,2429.0
22544.4740268169,2555.0
28723.003682470884,2555.0
28723.003682470884,2667.0
33331.307044741705,2667.0
33331.307044741705,2555.0
33678.89537767042,2555.0
33678.89537767042,2667.0
50723.59990607948,2667.0
50723.59990607948,2555.0
76297.45133982507,2555.0
76297.45133982507,2429.0
86400.000002,2429.0
# temp #2353
0.0,2234.0
68291.74626879396,2234.0
68291.74626879396,2555.0
69923.89167984949,2555.0
69923.89167984949,2429.0
70498.87092551218,2429.0
70498.87092551218,2555.0
83073.34040540738,2555.0
83073.34040540738,2429.0
83500.480518071,2429.0
83500.480518071,2234.0
86400.000002,2234.0
# temp #2354
0.0,2234.0
7475.042731664145,2234.0
7475.042731664145,2667.0
15430.68750095554,2667.0
15430.68750095554,2555.0
16027.491522626955,2555.0
16027.491522626955,2667.0
20134.5760866534,2667.0
20134.5760866534,2555.0
20734.5760866534,2555.0
20734.5760866534,2667.0
36731.604562187575,2667.0
36731.604562187575,2555.0
38138.66151035764,2555.0
38138.66151035764,2429.0
50805.86044869852,2429.0
50805.86044869852,2555.0
81167.88096057718,2555.0
81167.88096057718,2429.0
86400.000002,2429.0
# temp #2355
0.0,2234.0
27447.969497088347,2234.0
27447.969497088347,2017.0
79523.7138931174,2017.0
79523.7138931174,2234.0
86400.0,2234.0
# temp #2356
0.0,2234.0
58172.70410622005,2234.0
58172.70410622005,2555.0
62938.620969560005,2555.0
62938.620969560005,2667.0
69238.62096956001,2667.0
69238.62096956001,2555.0
70438.62096956001,2555.0
70438.62096956001,2429.0
86400.0,2429.0
# temp #2357
0.0,2234.0
8298.056576284582,2234.0
8298.056576284582,2667.0
33935.12523612008,2667.0
33935.12523612008,2555.0
34879.276897385724,2555.0
34879.276897385724,2429.0
71662.39754101263,2429.0
71662.39754101263,2883.0
86400.000002,2883.0
# temp #2358
0.0,2234.0
32473.6097319983,2234.0
32473.6097319983,2429.0
33073.609731998295,2429.0
33073.609731998295,2555.0
35966.07195837424,2555.0
35966.07195837424,2429.0
37720.84531439469,2429.0
37720.84531439469,2883.0
37918.53264737875,2883.0
37918.53264737875,2429.0
63673.07044237387,2429.0
63673.07044237387,2555.0
86400.000002,2555.0
# temp #2359
0.0,2234.0
5147.4662352819005,2234.0
5147.4662352819005,2883.0
16247.4662352819,2883.0
16247.4662352819,2555.0
20590.451271040365,2555.0
20590.451271040365,2667.0
53912.98658594024,2667.0
53912.98658594024,2555.0
64697.05669709948,2555.0
64697.05669709948,2667.0
75273.51619605908,2667.0
75273.51619605908,2234.0
86400.000002,2234.0
# temp #2360
0.0,2234.0
2201.0321663226932,2234.0
2201.0321663226932,2429.0
2720.5744286533445,2429.0
2720.5744286533445,2555.0
6294.912680005655,2555.0
6294.912680005655,2429.0
19448.282215045765,2429.0
19448.282215045765,2883.0
31642.458075983453,2883.0
31642.458075983453,2667.0
65475.31529429836,2667.0
65475.31529429836,2555.0
72561.45211185796,2555.0
72561.45211185796,2667.0
77083.22857094464,2667.0
77083.22857094464,2555.0
78455.20647426603,2555.0
78455.20647426603,2429.0
86400.000002,2429.0
# temp #2361
0.0,2234.0
2394.0450261114165,2234.0
2394.0450261114165,2883.0
3935.207837750204,2883.0
3935.207837750204,2667.0
7383.679311582819,2667.0
7383.679311582819,2883.0
23839.658563770357,2883.0
23839.658563770357,2429.0
28684.687014296655,2429.0
28684.687014296655,2883.0
59825.93395868318,2883.0
59825.93395868318,2429.0
79340.23497328164,2429.0
79340.23497328164,2883.0
86400.000002,2883.0
# temp #2362
0.0,2234.0
10032.884573237972,2234.0
10032.884573237972,2429.0
10582.841405575165,2429.0
10582.841405575165,2555.0
12771.58944339026,2555.0
12771.58944339026,2429.0
14783.43391574454,2429.0
14783.43391574454,2555.0
29258.74054084998,2555.0
29258.74054084998,2667.0
49122.78657441494,2667.0
49122.78657441494,2234.0
53857.379960501574,2234.0
53857.379960501574,2429.0
81175.5195976468,2429.0
81175.5195976468,2555.0
86400.000002,2555.0
# temp #2363
0.0,2234.0
2701.201896183193,2234.0
2701.201896183193,2429.0
3001.201896183193,2429.0
3001.201896183193,2234.0
14572.105934168214,2234.0
14572.105934168214,2429.0
29049.583623278893,2429.0
29049.583623278893,2555.0
40916.15970209242,2555.0
40916.15970209242,2667.0
52641.602854826495,2667.0
52641.602854826495,2555.0
53070.19739274402,2555.0
53070.19739274402,2667.0
86400.000002,2667.0
# temp #2364
0.0,2234.0
13741.935416660273,2234.0
13741.935416660273,2883.0
15439.108495158145,2883.0
15439.108495158145,2667.0
26818.337447103117,2667.0
26818.337447103117,2883.0
62288.268247386455,2883.0
62288.268247386455,2429.0
73573.77211279237,2429.0
73573.77211279237,2883.0
86151.59378929531,2883.0
86151.59378929531,2429.0
86400.000002,2429.0
# temp #2365
0.0,2234.0
2690.700020478107,2234.0
2690.700020478107,2883.0
4342.639447795227,2883.0
4342.639447795227,2667.0
12125.377851049416,2667.0
12125.377851049416,2883.0
30531.356894737113,2883.0
30531.356894737113,2429.0
60276.88633804211,2429.0
60276.88633804211,2555.0
77137.64604236932,2555.0
77137.64604236932,2429.0
86400.0,2429.0
# temp #2366
0.0,2234.0
6710.308229201475,2234.0
6710.308229201475,2667.0
10526.389334024863,2667.0
10526.389334024863,2555.0
11063.430806016551,2555.0
11063.430806016551,2667.0
29537.233315827332,2667.0
29537.233315827332,2555.0
30137.233315827332,2555.0
30137.233315827332,2667.0
46261.0410314519,2667.0
46261.0410314519,2555.0
48194.63555146941,2555.0
48194.63555146941,2429.0
69129.67107219157,2429.0
69129.67107219157,2555.0
76094.12814478857,2555.0
76094.12814478857,2667.0
86400.000002,2667.0
# temp #2367
0.0,2234.0
7544.886876549573,2234.0
7544.886876549573,2883.0
8483.58745921869,2883.0
8483.58745921869,2667.0
15658.424022118563,2667.0
15658.424022118563,2883.0
34039.97129013297,2883.0
34039.97129013297,2667.0
78843.47309998704,2667.0
78843.47309998704,2883.0
86400.000002,2883.0
# temp #2368
0.0,2234.0
76705.23966522889,2234.0
76705.23966522889,2555.0
78295.86456336548,2555.0
78295.86456336548,2667.0
78815.92627849897,2667.0
78815.92627849897,2555.0
79115.92627849897,2555.0
79115.92627849897,2667.0
86400.0,2667.0
# temp #2369
0.0,2234.0
683.9082748861983,2234.0
683.9082748861983,2667.0
3984.1460464289416,2667.0
3984.1460464289416,2555.0
5412.448552320712,2555.0
5412.448552320712,2667.0
7847.071941406467,2667.0
7847.071941406467,2555.0
8147.071941406467,2555.0
8147.071941406467,2429.0
25033.152108220387,2429.0
25033.152108220387,2555.0
28699.60063216277,2555.0
28699.60063216277,2667.0
30377.405676618222,2667.0
30377.405676618222,2555.0
51097.24315947388,2555.0
51097.24315947388,2429.0
86400.0,2429.0
# temp #2370
0.0,2234.0
1347.7667151717471,2234.0
1347.7667151717471,2429.0
1711.293983110227,2429.0
1711.293983110227,2555.0
2805.250982218422,2555.0
2805.250982218422,2429.0
22678.124503861185,2429.0
22678.124503861185,2234.0
38582.31165229809,2234.0
38582.31165229809,2667.0
43549.05033584219,2667.0
43549.05033584219,2234.0
59245.94324191568,2234.0
59245.94324191568,2429.0
61458.79892804661,2429.0
61458.79892804661,2555.0
65489.86898954028,2555.0
65489.86898954028,2667.0
86400.0,2667.0
# temp #2371
0.0,2234.0
9367.581634037198,2234.0
9367.581634037198,2883.0
20467.581634037197,2883.0
20467.581634037197,2555.0
27555.19881891087,2555.0
27555.19881891087,2667.0
51075.28620930389,2667.0
51075.28620930389,2234.0
68425.76556326823,2234.0
68425.76556326823,2667.0
86400.0,2667.0
# temp #2372
0.0,2234.0
67757.18673365192,2234.0
67757.18673365192,2555.0
86400.000002,2555.0
# temp #2373
0.0,2234.0
62545.29543074314,2234.0
62545.29543074314,2555.0
67106.65572329891,2555.0
67106.65572329891,2429.0
67641.51145317593,2429.0
67641.51145317593,2555.0
86400.0,2555.0
# temp #2374
0.0,2234.0
7249.616689374672,2234.0
7249.616689374672,2667.0
40505.99281538744,2667.0
40505.99281538744,2555.0
41667.196318530485,2555.0
41667.196318530485,2667.0
52961.35702442844,2667.0
52961.35702442844,2555.0
53561.35702442844,2555.0
53561.35702442844,2667.0
74536.50163903368,2667.0
74536.50163903368,2555.0
76942.52820953263,2555.0
76942.52820953263,2429.0
86400.0,2429.0
# temp #2375
0.0,2234.0
33371.35466497858,2234.0
33371.35466497858,2429.0
40271.35466497858,2429.0
40271.35466497858,2555.0
42071.35466497858,2555.0
42071.35466497858,2429.0
54971.35466497858,2429.0
54971.35466497858,2234.0
55271.35466497858,2234.0
55271.35466497858,2017.0
55571.35466497858,2017.0
55571.35466497858,2234.0
55871.35466497858,2234.0
55871.35466497858,2017.0
67912.00973703527,2017.0
67912.00973703527,2234.0
86400.0,2234.0
# temp #2376
0.0,2234.0
26246.06091768947,2234.0
26246.06091768947,2429.0
26744.1728172591,2429.0
26744.1728172591,2555.0
29003.28064130154,2555.0
29003.28064130154,2429.0
50733.98958058097,2429.0
50733.98958058097,2555.0
54267.39195347764,2555.0
54267.39195347764,2667.0
60576.86714935117,2667.0
60576.86714935117,2883.0
60722.18728100416,2883.0
60722.18728100416,2429.0
70389.80585709216,2429.0
70389.80585709216,2555.0
74937.70411564039,2555.0
74937.70411564039,2429.0
86400.000002,2429.0
# temp #2377
0.0,2234.0
60795.37900288124,2234.0
60795.37900288124,2555.0
61740.43339630589,2555.0
61740.43339630589,2234.0
74521.14371561911,2234.0
74521.14371561911,2429.0
77644.72285145894,2429.0
77644.72285145894,2555.0
86400.000002,2555.0
# temp #2378
0.0,2234.0
1978.5404219990596,2234.0
1978.5404219990596,2883.0
13078.54042199906,2883.0
13078.54042199906,2555.0
20489.68852458056,2555.0
20489.68852458056,2667.0
23478.576916409656,2667.0
23478.576916409656,2555.0
34029.97506740503,2555.0
34029.97506740503,2667.0
64036.06416264085,2667.0
64036.06416264085,2555.0
69047.1666764701,2555.0
69047.1666764701,2429.0
86400.0,2429.0
# temp #2379
0.0,2234.0
26073.77845072188,2234.0
26073.77845072188,2555.0
37479.18451968581,2555.0
37479.18451968581,2429.0
72310.71091387422,2429.0
72310.71091387422,2234.0
72910.71091387422,2234.0
72910.71091387422,2429.0
86400.000002,2429.0
# temp #2380
0.0,2234.0
13018.858420732433,2234.0
13018.858420732433,2883.0
14321.364969620483,2883.0
14321.364969620483,2667.0
23587.553917989135,2667.0
23587.553917989135,2883.0
32566.763954143975,2883.0
32566.763954143975,2429.0
43669.82133022976,2429.0
43669.82133022976,2555.0
67895.694302232,2555.0
67895.694302232,2429.0
76898.23001821061,2429.0
76898.23001821061,2555.0
79574.68730744442,2555.0
79574.68730744442,2667.0
86400.000002,2667.0
# temp #2381
0.0,2234.0
2697.4344913149257,2234.0
2697.4344913149257,2667.0
22237.120129144754,2667.0
22237.120129144754,2555.0
22849.06794035342,2555.0
22849.06794035342,2667.0
32133.673411421485,2667.0
32133.673411421485,2555.0
32433.673411421485,2555.0
32433.673411421485,2667.0
33208.03749861662,2667.0
33208.03749861662,2555.0
33808.03749861662,2555.0
33808.03749861662,2667.0
40321.497672633275,2667.0
40321.497672633275,2555.0
69465.16641243362,2555.0
69465.16641243362,2429.0
86400.0,2429.0
# temp #2382
0.0,2234.0
10384.157843724826,2234.0
10384.157843724826,2883.0
11080.516620562414,2883.0
11080.516620562414,2667.0
16536.53164578136,2667.0
16536.53164578136,2883.0
39894.46561743972,2883.0
39894.46561743972,2429.0
53809.745051781654,2429.0
53809.745051781654,2883.0
69667.04147555867,2883.0
69667.04147555867,2429.0
71865.40131974035,2429.0
71865.40131974035,2883.0
74051.9731402863,2883.0
74051.9731402863,2667.0
86400.000002,2667.0
# temp #2383
0.0,2234.0
7648.015137179755,2234.0
7648.015137179755,2429.0
8063.747843331657,2429.0
8063.747843331657,2234.0
8877.040087175556,2234.0
8877.040087175556,2429.0
14520.850314502606,2429.0
14520.850314502606,2234.0
23868.837662762966,2234.0
23868.837662762966,2429.0
24799.02863579337,2429.0
24799.02863579337,2234.0
46214.02151668445,2234.0
46214.02151668445,2429.0
66944.63755530307,2429.0
66944.63755530307,2555.0
85808.32338659094,2555.0
85808.32338659094,2429.0
86400.000002,2429.0
# temp #2384
0.0,2234.0
3048.6367448698734,2234.0
3048.6367448698734,2667.0
7983.778267004529,2667.0
7983.778267004529,2555.0
9368.073396873662,2555.0
9368.073396873662,2667.0
39718.86491936167,2667.0
39718.86491936167,2555.0
40018.86491936167,2555.0
40018.86491936167,2667.0
40787.64879838565,2667.0
40787.64879838565,2555.0
41387.64879838565,2555.0
41387.64879838565,2667.0
54139.98853533996,2667.0
54139.98853533996,2234.0
62833.65835582373,2234.0
62833.65835582373,2555.0
64033.65835582373,2555.0
64033.65835582373,2883.0
79502.96398708598,2883.0
79502.96398708598,2429.0
86400.000002,2429.0
# temp #2385
0.0,2234.0
15103.111499059016,2234.0
15103.111499059016,2429.0
15403.111499059016,2429.0
15403.111499059016,2234.0
33581.09865027946,2234.0
33581.09865027946,2667.0
48495.193999819465,2667.0
48495.193999819465,2234.0
69539.97865123676,2234.0
69539.97865123676,2429.0
85791.22076507194,2429.0
85791.22076507194,2234.0
86400.000002,2234.0
# temp #2386
0.0,2234.0
43724.75905911997,2234.0
43724.75905911997,2883.0
46124.75905911997,2883.0
46124.75905911997,2667.0
52883.70577774476,2667.0
52883.70577774476,2234.0
54017.80253543984,2234.0
54017.80253543984,2667.0
61022.29255603161,2667.0
61022.29255603161,2883.0
67259.06905985903,2883.0
67259.06905985903,2429.0
86400.0,2429.0
# temp #2387
0.0,2234.0
17958.733717189174,2234.0
17958.733717189174,2555.0
45584.62362892461,2555.0
45584.62362892461,2429.0
61075.492617557764,2429.0
61075.492617557764,2234.0
61375.492617557764,2234.0
61375.492617557764,2017.0
85121.54423017056,2017.0
85121.54423017056,2555.0
86400.0,2555.0
# temp #2388
0.0,2234.0
51187.66155643389,2234.0
51187.66155643389,2555.0
56365.109359310016,2555.0
56365.109359310016,2667.0
56736.491056066014,2667.0
56736.491056066014,2555.0
57036.491056066014,2555.0
57036.491056066014,2667.0
83736.491056066,2667.0
83736.491056066,2555.0
86400.0,2555.0
# temp #2389
0.0,2234.0
33007.59657598101,2234.0
33007.59657598101,2555.0
69248.0413308833,2555.0
69248.0413308833,2429.0
74059.49422926643,2429.0
74059.49422926643,2234.0
74659.49422926643,2234.0
74659.49422926643,2429.0
86400.0,2429.0
# temp #2390
0.0,2234.0
61352.02984535135,2234.0
61352.02984535135,2555.0
71342.40502305329,2555.0
71342.40502305329,2234.0
80217.75644905865,2234.0
80217.75644905865,2667.0
86400.000002,2667.0
# temp #2391
0.0,2234.0
33064.29494745099,2234.0
33064.29494745099,2555.0
39892.25038150326,2555.0
39892.25038150326,2429.0
76787.9938923754,2429.0
76787.9938923754,2234.0
77087.9938923754,2234.0
77087.9938923754,2017.0
86400.000002,2017.0
# temp #2392
0.0,2234.0
54419.460131437525,2234.0
54419.460131437525,2555.0
80786.16715043319,2555.0
80786.16715043319,2429.0
86400.000002,2429.0
# temp #2393
0.0,2234.0
3189.2445047618826,2234.0
3189.2445047618826,2667.0
38853.29096547794,2667.0
38853.29096547794,2555.0
39324.93205487263,2555.0
39324.93205487263,2667.0
63120.85984025618,2667.0
63120.85984025618,2555.0
63720.85984025618,2555.0
63720.85984025618,2667.0
81255.4402590031,2667.0
81255.4402590031,2555.0
83485.17994398718,2555.0
83485.17994398718,2429.0
86400.0,2429.0
# temp #2394
0.0,2234.0
17614.907201193273,2234.0
17614.907201193273,2429.0
18214.907201193273,2429.0
18214.907201193273,2555.0
22829.149450175468,2555.0
22829.149450175468,2429.0
49876.042867312215,2429.0
49876.042867312215,2555.0
73981.31385475864,2555.0
73981.31385475864,2429.0
81123.8997045206,2429.0
81123.8997045206,2883.0
83194.86145565753,2883.0
83194.86145565753,2667.0
86400.0,2667.0
# temp #2395
0.0,2234.0
33622.12052308024,2234.0
33622.12052308024,2017.0
53859.00456262754,2017.0
53859.00456262754,2234.0
70523.03769104184,2234.0
70523.03769104184,2017.0
85282.22690834665,2017.0
85282.22690834665,2234.0
86400.0,2234.0
# temp #2396
0.0,2234.0
635.1263540564105,2234.0
635.1263540564105,2667.0
6552.555329678581,2667.0
6552.555329678581,2555.0
7787.656662845985,2555.0
7787.656662845985,2429.0
36844.07728887163,2429.0
36844.07728887163,2883.0
63473.502668458976,2883.0
63473.502668458976,2429.0
78694.77994283663,2429.0
78694.77994283663,2555.0
86400.0,2555.0
# temp #2397
0.0,2234.0
3020.612850040198,2234.0
3020.612850040198,2555.0
5897.880055080169,2555.0
5897.880055080169,2667.0
6419.8128489777455,2667.0
6419.8128489777455,2555.0
12419.812848977745,2555.0
12419.812848977745,2429.0
14819.812848977745,2429.0
14819.812848977745,2234.0
18419.812848977745,2234.0
18419.812848977745,2429.0
19619.812848977745,2429.0
19619.812848977745,2234.0
25319.812848977745,2234.0
25319.812848977745,2429.0
36899.08059616573,2429.0
36899.08059616573,2234.0
47163.389865146026,2234.0
47163.389865146026,2429.0
74788.37988011073,2429.0
74788.37988011073,2555.0
86400.0,2555.0
# temp #2398
0.0,2234.0
84984.74898927381,2234.0
84984.74898927381,2555.0
86400.0,2555.0
# temp #2399
0.0,2234.0
36787.90033457336,2234.0
36787.90033457336,2429.0
37087.90033457336,2429.0
37087.90033457336,2234.0
56649.56715374721,2234.0
56649.56715374721,2429.0
63442.28283197155,2429.0
63442.28283197155,2555.0
86400.0,2555.0
# temp #2400
0.0,2234.0
48191.91573914141,2234.0
48191.91573914141,2555.0
53687.54456648604,2555.0
53687.54456648604,2667.0
86400.000002,2667.0
# temp #2401
0.0,2234.0
8885.545610915871,2234.0
8885.545610915871,2017.0
10401.465624757113,2017.0
10401.465624757113,2234.0
35417.384979967035,2234.0
35417.384979967035,2017.0
65561.96451550351,2017.0
65561.96451550351,2234.0
86400.0,2234.0
# temp #2402
0.0,2234.0
63935.08627878037,2234.0
63935.08627878037,2555.0
65933.19370443934,2555.0
65933.19370443934,2667.0
75833.19370443933,2667.0
75833.19370443933,2555.0
76621.11201728696,2555.0
76621.11201728696,2429.0
79148.60100711232,2429.0
79148.60100711232,2234.0
86400.0,2234.0
# temp #2403
0.0,2234.0
25424.707750347447,2234.0
25424.707750347447,2555.0
55316.24578193297,2555.0
55316.24578193297,2429.0
55911.33158979939,2429.0
55911.33158979939,2555.0
68783.11266805978,2555.0
68783.11266805978,2429.0
69424.50163867326,2429.0
69424.50163867326,2555.0
69883.13620900737,2555.0
69883.13620900737,2429.0
70183.13620900737,2429.0
70183.13620900737,2555.0
70483.13620900737,2555.0
70483.13620900737,2429.0
71083.13620900737,2429.0
71083.13620900737,2555.0
76072.89123935626,2555.0
76072.89123935626,2429.0
76792.86904181355,2429.0
76792.86904181355,2555.0
85583.97366846913,2555.0
85583.97366846913,2667.0
86400.0,2667.0
# temp #2404
0.0,2234.0
43206.52200391051,2234.0
43206.52200391051,2555.0
51728.143461397856,2555.0
51728.143461397856,2429.0
52160.284130251974,2429.0
52160.284130251974,2555.0
68714.46104105563,2555.0
68714.46104105563,2429.0
69176.26947183163,2429.0
69176.26947183163,2555.0
69961.44341463225,2555.0
69961.44341463225,2429.0
70261.44341463225,2429.0
70261.44341463225,2555.0
86400.0,2555.0
# temp #2405
0.0,2234.0
7854.982781969013,2234.0
7854.982781969013,2667.0
15357.53144519404,2667.0
15357.53144519404,2555.0
16260.201808344576,2555.0
16260.201808344576,2429.0
20880.388850695457,2429.0
20880.388850695457,2555.0
31671.02452414111,2555.0
31671.02452414111,2429.0
41504.31628162042,2429.0
41504.31628162042,2555.0
46922.697591036565,2555.0
46922.697591036565,2667.0
77414.45414477495,2667.0
77414.45414477495,2555.0
78680.7999797864,2555.0
78680.7999797864,2667.0
86400.0,2667.0
# temp #2406
0.0,2234.0
69968.13898666298,2234.0
69968.13898666298,2555.0
86400.0,2555.0
# temp #2407
0.0,2234.0
3499.385448521935,2234.0
3499.385448521935,2667.0
36928.51384975948,2667.0
36928.51384975948,2555.0
38004.05691764318,2555.0
38004.05691764318,2429.0
49602.90049735923,2429.0
49602.90049735923,2555.0
51921.704823360786,2555.0
51921.704823360786,2667.0
83432.71742854269,2667.0
83432.71742854269,2555.0
86400.000002,2555.0
# temp #2408
0.0,2234.0
6746.508134063333,2234.0
6746.508134063333,2017.0
20238.713097246364,2017.0
20238.713097246364,2234.0
63041.03521783837,2234.0
63041.03521783837,2017.0
82069.22328877264,2017.0
82069.22328877264,2234.0
86400.0,2234.0
# temp #2409
0.0,2234.0
65902.5072442135,2234.0
65902.5072442135,2555.0
71107.69950533287,2555.0
71107.69950533287,2667.0
71648.68795510849,2667.0
71648.68795510849,2555.0
77648.68795510849,2555.0
77648.68795510849,2429.0
80048.68795510849,2429.0
80048.68795510849,2234.0
83648.68795510849,2234.0
83648.68795510849,2429.0
84848.68795510849,2429.0
84848.68795510849,2234.0
86400.0,2234.0
# temp #2410
0.0,2234.0
45852.55481419154,2234.0
45852.55481419154,2429.0
46361.796027165845,2429.0
46361.796027165845,2555.0
48298.2534890296,2555.0
48298.2534890296,2429.0
61577.07190553193,2429.0
61577.07190553193,2883.0
68370.23561841344,2883.0
68370.23561841344,2667.0
86400.0,2667.0
# temp #2411
0.0,2234.0
51806.15598661826,2234.0
51806.15598661826,2429.0
52315.67603037693,2429.0
52315.67603037693,2555.0
55855.16343922355,2555.0
55855.16343922355,2429.0
57362.67046818976,2429.0
57362.67046818976,2555.0
75974.27390723025,2555.0
75974.27390723025,2667.0
84046.26532034019,2667.0
84046.26532034019,2555.0
86400.0,2555.0
# temp #2412
0.0,2234.0
42278.319781296894,2234.0
42278.319781296894,2555.0
63429.02362213937,2555.0
63429.02362213937,2429.0
64028.99365131745,2429.0
64028.99365131745,2555.0
69803.3654007828,2555.0
69803.3654007828,2429.0
70606.92929613871,2429.0
70606.92929613871,2555.0
71430.92745866162,2555.0
71430.92745866162,2429.0
71730.92745866162,2429.0
71730.92745866162,2555.0
86400.0,2555.0
# temp #2413
0.0,2234.0
68569.12036528811,2234.0
68569.12036528811,2555.0
76077.43642504793,2555.0
76077.43642504793,2234.0
82921.39168696012,2234.0
82921.39168696012,2429.0
86400.000002,2429.0
# temp #2414
0.0,2234.0
18326.05770402588,2234.0
18326.05770402588,2429.0
18844.46833957918,2429.0
18844.46833957918,2234.0
19710.92394827865,2234.0
19710.92394827865,2429.0
24898.844498908147,2429.0
24898.844498908147,2234.0
47523.400538577705,2234.0
47523.400538577705,2429.0
48330.30149869156,2429.0
48330.30149869156,2555.0
49457.20936262515,2555.0
49457.20936262515,2429.0
49757.20936262515,2429.0
49757.20936262515,2555.0
51257.20936262515,2555.0
51257.20936262515,2429.0
61457.20936262515,2429.0
61457.20936262515,2234.0
86400.0,2234.0
# temp #2415
0.0,2234.0
11897.028770763429,2234.0
11897.028770763429,2555.0
14960.015496890994,2555.0
14960.015496890994,2429.0
16939.019130449746,2429.0
16939.019130449746,2234.0
25040.22815083154,2234.0
25040.22815083154,2429.0
39261.66251606774,2429.0
39261.66251606774,2234.0
51196.17158712354,2234.0
51196.17158712354,2667.0
51897.00655841735,2667.0
51897.00655841735,2234.0
62761.01161523257,2234.0
62761.01161523257,2429.0
86400.0,2429.0
# temp #2416
0.0,2234.0
9861.07890524436,2234.0
9861.07890524436,2883.0
10607.072235806847,2883.0
10607.072235806847,2667.0
17902.449508756403,2667.0
17902.449508756403,2883.0
31055.18461503089,2883.0
31055.18461503089,2667.0
64944.81421541424,2667.0
64944.81421541424,2883.0
86400.0,2883.0
# temp #2417
0.0,2234.0
60813.572358665995,2234.0
60813.572358665995,2555.0
61372.005533706404,2555.0
61372.005533706404,2429.0
61746.56567482744,2429.0
61746.56567482744,2555.0
76198.50600811189,2555.0
76198.50600811189,2429.0
77462.83582609614,2429.0
77462.83582609614,2555.0
78866.97061511224,2555.0
78866.97061511224,2429.0
79166.97061511224,2429.0
79166.97061511224,2555.0
80666.97061511224,2555.0
80666.97061511224,2429.0
86400.0,2429.0
# temp #2418
0.0,2234.0
9041.793649736792,2234.0
9041.793649736792,2017.0
11436.835392052308,2017.0
11436.835392052308,2234.0
18485.034946678206,2234.0
18485.034946678206,2017.0
54215.653141541414,2017.0
54215.653141541414,2234.0
62057.47194564902,2234.0
62057.47194564902,2017.0
86400.0,2017.0
# temp #2419
0.0,2234.0
19956.793485651728,2234.0
19956.793485651728,2429.0
52056.793485651724,2429.0
52056.793485651724,2555.0
52356.793485651724,2555.0
52356.793485651724,2667.0
72561.66322182398,2667.0
72561.66322182398,2555.0
86135.51426518244,2555.0
86135.51426518244,2667.0
86400.000002,2667.0
# temp #2420
0.0,2234.0
33442.008006758995,2234.0
33442.008006758995,2429.0
34033.26455836651,2429.0
34033.26455836651,2234.0
34830.21763321013,2234.0
34830.21763321013,2429.0
37609.20181078837,2429.0
37609.20181078837,2234.0
47546.1415073136,2234.0
47546.1415073136,2429.0
48093.90379919206,2429.0
48093.90379919206,2555.0
48864.24954955002,2555.0
48864.24954955002,2429.0
86400.000002,2429.0
# temp #2421
0.0,2234.0
5710.65940798726,2234.0
5710.65940798726,2667.0
38716.13249396905,2667.0
38716.13249396905,2555.0
39826.1704204604,2555.0
39826.1704204604,2667.0
74694.41700414754,2667.0
74694.41700414754,2555.0
75294.41700414754,2555.0
75294.41700414754,2667.0
86400.000002,2667.0
# temp #2422
0.0,2234.0
48592.54020368681,2234.0
48592.54020368681,2555.0
59902.24933256396,2555.0
59902.24933256396,2429.0
60214.15872168728,2429.0
60214.15872168728,2555.0
78064.50663646685,2555.0
78064.50663646685,2429.0
78855.22355188151,2429.0
78855.22355188151,2234.0
82436.32224008908,2234.0
82436.32224008908,2429.0
84419.15254388006,2429.0
84419.15254388006,2667.0
86400.000002,2667.0
# temp #2423
0.0,2234.0
25182.264490518723,2234.0
25182.264490518723,2017.0
51903.248469997205,2017.0
51903.248469997205,2234.0
86400.000002,2234.0
# temp #2424
0.0,2234.0
27364.943528082225,2234.0
27364.943528082225,2017.0
43879.62834346108,2017.0
43879.62834346108,2234.0
47248.13076700085,2234.0
47248.13076700085,2017.0
54109.17412634008,2017.0
54109.17412634008,2234.0
60702.50122952276,2234.0
60702.50122952276,2017.0
64470.544688869275,2017.0
64470.544688869275,2234.0
79034.5364813693,2234.0
79034.5364813693,2017.0
86400.0,2017.0
# temp #2425
0.0,2234.0
64884.52654564753,2234.0
64884.52654564753,2555.0
65377.635289379396,2555.0
65377.635289379396,2234.0
86400.0,2234.0
# temp #2426
0.0,2234.0
1796.5176424942913,2234.0
1796.5176424942913,2667.0
35487.52749629785,2667.0
35487.52749629785,2555.0
35908.3462672541,2555.0
35908.3462672541,2429.0
69965.07006541362,2429.0
69965.07006541362,2883.0
83621.10253369903,2883.0
83621.10253369903,2667.0
86400.0,2667.0
# temp #2427
0.0,2234.0
21740.789092937488,2234.0
21740.789092937488,2017.0
63491.31169826725,2017.0
63491.31169826725,2234.0
86400.000002,2234.0
# temp #2428
0.0,2234.0
18897.14173099492,2234.0
18897.14173099492,2429.0
19197.14173099492,2429.0
19197.14173099492,2234.0
28779.79393790011,2234.0
28779.79393790011,2429.0
38387.14606943541,2429.0
38387.14606943541,2555.0
70392.46469512583,2555.0
70392.46469512583,2429.0
86400.000002,2429.0
# temp #2429
0.0,2234.0
66109.09757853953,2234.0
66109.09757853953,2555.0
70658.56208119077,2555.0
70658.56208119077,2667.0
80558.56208119077,2667.0
80558.56208119077,2555.0
84697.20668632073,2555.0
84697.20668632073,2429.0
86400.0,2429.0
# temp #2430
0.0,2234.0
6392.133420403116,2234.0
6392.133420403116,2883.0
7876.833237614484,2883.0
7876.833237614484,2667.0
12472.787694283761,2667.0
12472.787694283761,2883.0
27575.82266607788,2883.0
27575.82266607788,2429.0
52881.96050638799,2429.0
52881.96050638799,2555.0
63652.77652472724,2555.0
63652.77652472724,2429.0
72020.11881424116,2429.0
72020.11881424116,2555.0
86400.0,2555.0
# temp #2431
0.0,2234.0
6763.171234563926,2234.0
6763.171234563926,2667.0
19275.79854091164,2667.0
19275.79854091164,2555.0
19982.852717000063,2555.0
19982.852717000063,2667.0
35068.49164681044,2667.0
35068.49164681044,2555.0
38068.49164681044,2555.0
38068.49164681044,2667.0
64168.49164681044,2667.0
64168.49164681044,2883.0
86400.0,2883.0
# temp #2432
0.0,2234.0
18471.076729148626,2234.0
18471.076729148626,2017.0
51339.41401527263,2017.0
51339.41401527263,2234.0
86400.000002,2234.0
# temp #2433
0.0,2234.0
814.4950533751398,2234.0
814.4950533751398,2667.0
14692.665075394327,2667.0
14692.665075394327,2555.0
15580.034850980157,2555.0
15580.034850980157,2667.0
35549.64732569643,2667.0
35549.64732569643,2555.0
35849.64732569643,2555.0
35849.64732569643,2667.0
36616.3634703029,2667.0
36616.3634703029,2555.0
37216.3634703029,2555.0
37216.3634703029,2667.0
57401.88713881654,2667.0
57401.88713881654,2555.0
62254.439950757675,2555.0
62254.439950757675,2429.0
62815.72193352041,2429.0
62815.72193352041,2234.0
85934.30428972935,2234.0
85934.30428972935,2429.0
86400.000002,2429.0
# temp #2434
0.0,2234.0
8916.216818732211,2234.0
8916.216818732211,2429.0
9341.630074591378,2429.0
9341.630074591378,2555.0
10274.892464862207,2555.0
10274.892464862207,2429.0
48043.728921376176,2429.0
48043.728921376176,2555.0
69975.38383074572,2555.0
69975.38383074572,2429.0
86400.000002,2429.0
# temp #2435
0.0,2234.0
61144.324403023355,2234.0
61144.324403023355,2555.0
70539.9869640358,2555.0
70539.9869640358,2429.0
71108.50998396055,2429.0
71108.50998396055,2555.0
75144.94536572603,2555.0
75144.94536572603,2429.0
75652.7698118007,2429.0
75652.7698118007,2234.0
86400.0,2234.0
# temp #2436
0.0,2234.0
19731.90886010416,2234.0
19731.90886010416,2429.0
20239.173464197665,2429.0
20239.173464197665,2234.0
20867.003248049878,2234.0
20867.003248049878,2429.0
24673.26093229931,2429.0
24673.26093229931,2234.0
39163.47958466504,2234.0
39163.47958466504,2429.0
40052.072425978266,2429.0
40052.072425978266,2234.0
60238.69522477035,2234.0
60238.69522477035,2429.0
61496.06008159463,2429.0
61496.06008159463,2555.0
76362.84941614141,2555.0
76362.84941614141,2667.0
86400.0,2667.0
# temp #2437
0.0,2234.0
6540.699414513075,2234.0
6540.699414513075,2883.0
17640.699414513074,2883.0
17640.699414513074,2555.0
34042.962848371826,2555.0
34042.962848371826,2667.0
49869.662647834055,2667.0
49869.662647834055,2555.0
74200.05012480544,2555.0
74200.05012480544,2429.0
86400.0,2429.0
# temp #2438
0.0,2234.0
73531.02573954966,2234.0
73531.02573954966,2555.0
86400.000002,2555.0
# temp #2439
0.0,2234.0
14547.079972014764,2234.0
14547.079972014764,2555.0
45589.14418935311,2555.0
45589.14418935311,2429.0
83690.07904424799,2429.0
83690.07904424799,2234.0
86400.000002,2234.0
# temp #2440
0.0,2234.0
69926.62692158483,2234.0
69926.62692158483,2555.0
73832.3378368048,2555.0
73832.3378368048,2234.0
86400.000002,2234.0
# temp #2441
0.0,2234.0
35405.588610121056,2234.0
35405.588610121056,2555.0
35726.96152394638,2555.0
35726.96152394638,2667.0
45626.96152394638,2667.0
45626.96152394638,2555.0
49586.04036932812,2555.0
49586.04036932812,2429.0
75402.59556337261,2429.0
75402.59556337261,2555.0
86400.0,2555.0
# temp #2442
0.0,2234.0
17994.919064571153,2234.0
17994.919064571153,2555.0
53256.03390934413,2555.0
53256.03390934413,2429.0
73052.94585975354,2429.0
73052.94585975354,2234.0
73652.94585975354,2234.0
73652.94585975354,2429.0
76052.94585975354,2429.0
76052.94585975354,2555.0
86252.94585975354,2555.0
86252.94585975354,2667.0
86400.000002,2667.0
# temp #2443
0.0,2234.0
7415.664027258756,2234.0
7415.664027258756,2667.0
24132.00762995985,2667.0
24132.00762995985,2555.0
25095.252346596688,2555.0
25095.252346596688,2667.0
41498.54090495502,2667.0
41498.54090495502,2555.0
42098.54090495502,2555.0
42098.54090495502,2667.0
61854.41841620488,2667.0
61854.41841620488,2555.0
64128.27573108954,2555.0
64128.27573108954,2429.0
86400.000002,2429.0
# temp #2444
0.0,2234.0
1923.6472297925504,2234.0
1923.6472297925504,2667.0
41882.844813913114,2667.0
41882.844813913114,2555.0
43329.86224489287,2555.0
43329.86224489287,2429.0
61976.30876228215,2429.0
61976.30876228215,2555.0
78901.32322227584,2555.0
78901.32322227584,2667.0
86400.000002,2667.0
# temp #2445
0.0,2234.0
39284.76311441046,2234.0
39284.76311441046,2555.0
41849.6236444451,2555.0
41849.6236444451,2667.0
42215.038499236114,2667.0
42215.038499236114,2555.0
48215.038499236114,2555.0
48215.038499236114,2429.0
50615.038499236114,2429.0
50615.038499236114,2234.0
54215.038499236114,2234.0
54215.038499236114,2429.0
55415.038499236114,2429.0
55415.038499236114,2234.0
61115.038499236114,2234.0
61115.038499236114,2429.0
74233.71030706914,2429.0
74233.71030706914,2555.0
86400.000002,2555.0
# temp #2446
0.0,2234.0
14340.553270932289,2234.0
14340.553270932289,2017.0
61526.68127277867,2017.0
61526.68127277867,2234.0
69983.00862014294,2234.0
69983.00862014294,2017.0
86400.000002,2017.0
# temp #2447
0.0,2234.0
32223.65935044364,2234.0
32223.65935044364,2555.0
69319.1096769646,2555.0
69319.1096769646,2429.0
86400.000002,2429.0
# temp #2448
0.0,2234.0
56893.651071446955,2234.0
56893.651071446955,2883.0
59293.651071446955,2883.0
59293.651071446955,2667.0
86400.0,2667.0
# temp #2449
0.0,2234.0
61145.39318257012,2234.0
61145.39318257012,2555.0
66466.63103881294,2555.0
66466.63103881294,2429.0
86400.0,2429.0
# temp #2450
0.0,2234.0
61010.954086203135,2234.0
61010.954086203135,2555.0
74144.02791783215,2555.0
74144.02791783215,2429.0
86400.0,2429.0
# temp #2451
0.0,2234.0
6855.903428094463,2234.0
6855.903428094463,2667.0
44220.50067577512,2667.0
44220.50067577512,2555.0
45433.143409900375,2555.0
45433.143409900375,2667.0
74937.72071166897,2667.0
74937.72071166897,2555.0
75237.72071166897,2555.0
75237.72071166897,2667.0
75537.72071166897,2667.0
75537.72071166897,2555.0
78837.72071166897,2555.0
78837.72071166897,2667.0
86400.0,2667.0
# temp #2452
0.0,2234.0
40493.71809870937,2234.0
40493.71809870937,2017.0
86400.0,2017.0
# temp #2453
0.0,2234.0
35147.59837675375,2234.0
35147.59837675375,2555.0
47719.90644300823,2555.0
47719.90644300823,2429.0
49277.63304153924,2429.0
49277.63304153924,2234.0
49577.63304153924,2234.0
49577.63304153924,2017.0
84247.09038021976,2017.0
84247.09038021976,2555.0
86400.000002,2555.0
# temp #2454
0.0,2234.0
6474.97111929115,2234.0
6474.97111929115,2667.0
17286.70965114143,2667.0
17286.70965114143,2555.0
18152.20653775614,2555.0
18152.20653775614,2667.0
41245.58651188855,2667.0
41245.58651188855,2555.0
44245.58651188855,2555.0
44245.58651188855,2667.0
70345.58651188854,2667.0
70345.58651188854,2883.0
86400.000002,2883.0
# temp #2455
0.0,2234.0
1596.2546220514926,2234.0
1596.2546220514926,2017.0
9123.08375411667,2017.0
9123.08375411667,2234.0
14823.08375411667,2234.0
14823.08375411667,2429.0
18481.758016208187,2429.0
18481.758016208187,2883.0
48640.05797083956,2883.0
48640.05797083956,2429.0
73614.59822596518,2429.0
73614.59822596518,2555.0
78001.55589866919,2555.0
78001.55589866919,2667.0
86400.0,2667.0
# temp #2456
0.0,2234.0
11349.077219562607,2234.0
11349.077219562607,2883.0
12870.684904768133,2883.0
12870.684904768133,2667.0
24714.018987002786,2667.0
24714.018987002786,2883.0
31740.259580570277,2883.0
31740.259580570277,2667.0
37226.635419717066,2667.0
37226.635419717066,2555.0
37279.38658415806,2555.0
37279.38658415806,2429.0
62600.56934638415,2429.0
62600.56934638415,2555.0
86400.0,2555.0
# temp #2457
0.0,2234.0
66573.38727009484,2234.0
66573.38727009484,2555.0
86400.0,2555.0
# temp #2458
0.0,2234.0
31620.605321531188,2234.0
31620.605321531188,2429.0
32210.975425760265,2429.0
32210.975425760265,2555.0
36055.220490018844,2555.0
36055.220490018844,2429.0
61692.21746174154,2429.0
61692.21746174154,2883.0
78512.07719079686,2883.0
78512.07719079686,2667.0
86400.000002,2667.0
# temp #2459
0.0,2234.0
6737.119046738373,2234.0
6737.119046738373,2667.0
40946.44084302709,2667.0
40946.44084302709,2555.0
41468.42397814617,2555.0
41468.42397814617,2667.0
66153.0326829292,2667.0
66153.0326829292,2555.0
66753.0326829292,2555.0
66753.0326829292,2667.0
82887.23888075912,2667.0
82887.23888075912,2555.0
85957.99601613545,2555.0
85957.99601613545,2429.0
86400.0,2429.0
# temp #2460
0.0,2234.0
79386.87084303239,2234.0
79386.87084303239,2555.0
86400.0,2555.0
# temp #2461
0.0,2234.0
3329.3455892940988,2234.0
3329.3455892940988,2667.0
45909.121915209114,2667.0
45909.121915209114,2555.0
46250.77117967886,2555.0
46250.77117967886,2429.0
82508.45587758815,2429.0
82508.45587758815,2555.0
86400.000002,2555.0
# temp #2462
0.0,2234.0
80403.7132742582,2234.0
80403.7132742582,2555.0
86400.0,2555.0
# temp #2463
0.0,2234.0
13060.499243997037,2234.0
13060.499243997037,2429.0
13660.499243997037,2429.0
13660.499243997037,2555.0
16186.415283568203,2555.0
16186.415283568203,2429.0
44882.41453974043,2429.0
44882.41453974043,2555.0
65199.14062006866,2555.0
65199.14062006866,2667.0
86400.000002,2667.0
# temp #2464
0.0,2234.0
21271.10349987634,2234.0
21271.10349987634,2555.0
38545.24673349225,2555.0
38545.24673349225,2429.0
39019.001109036624,2429.0
39019.001109036624,2555.0
55799.62015121711,2555.0
55799.62015121711,2429.0
56332.36220735127,2429.0
56332.36220735127,2234.0
69841.22983594426,2234.0
69841.22983594426,2667.0
86400.000002,2667.0
# temp #2465
0.0,2234.0
28489.1941677779,2234.0
28489.1941677779,2017.0
70630.23601002061,2017.0
70630.23601002061,2234.0
81358.96384608933,2234.0
81358.96384608933,2017.0
86400.0,2017.0
# temp #2466
0.0,2234.0
34737.33781662304,2234.0
34737.33781662304,2883.0
37137.33781662304,2883.0
37137.33781662304,2667.0
69437.96877202112,2667.0
69437.96877202112,2883.0
86400.000002,2883.0
# temp #2467
0.0,2234.0
41875.440180231824,2234.0
41875.440180231824,2555.0
58136.00888208022,2555.0
58136.00888208022,2429.0
71382.31404901018,2429.0
71382.31404901018,2234.0
71982.31404901018,2234.0
71982.31404901018,2429.0
86400.000002,2429.0
# temp #2468
0.0,2234.0
69423.93796015532,2234.0
69423.93796015532,2555.0
86400.000002,2555.0
# temp #2469
0.0,2234.0
19579.641251312572,2234.0
19579.641251312572,2017.0
76246.50616329165,2017.0
76246.50616329165,2234.0
86400.0,2234.0
# temp #2470
0.0,2234.0
4965.27069490403,2234.0
4965.27069490403,2667.0
13429.360461467877,2667.0
13429.360461467877,2555.0
14466.222105408087,2555.0
14466.222105408087,2667.0
22420.948570920154,2667.0
22420.948570920154,2555.0
22720.948570920154,2555.0
22720.948570920154,2429.0
41340.79663068988,2429.0
41340.79663068988,2234.0
52930.174439353876,2234.0
52930.174439353876,2667.0
67119.8436901672,2667.0
67119.8436901672,2555.0
78040.27049902362,2555.0
78040.27049902362,2429.0
86400.000002,2429.0
# temp #2471
0.0,2234.0
7778.544008661995,2234.0
7778.544008661995,2667.0
47142.63507099823,2667.0
47142.63507099823,2555.0
47844.83109600843,2555.0
47844.83109600843,2667.0
74662.58180269507,2667.0
74662.58180269507,2555.0
74962.58180269507,2555.0
74962.58180269507,2667.0
75262.58180269507,2667.0
75262.58180269507,2555.0
78562.58180269507,2555.0
78562.58180269507,2667.0
86400.000002,2667.0
# temp #2472
0.0,2234.0
6991.624533757567,2234.0
6991.624533757567,2017.0
13499.345599953085,2017.0
13499.345599953085,2234.0
56341.068085189916,2234.0
56341.068085189916,2017.0
86400.000002,2017.0
# temp #2473
0.0,2234.0
3083.2652610261,2234.0
3083.2652610261,2667.0
14550.222489237787,2667.0
14550.222489237787,2555.0
15875.898646283897,2555.0
15875.898646283897,2667.0
23596.305311517794,2667.0
23596.305311517794,2555.0
26596.305311517794,2555.0
26596.305311517794,2667.0
52696.30531151779,2667.0
52696.30531151779,2883.0
86400.000002,2883.0
# temp #2474
0.0,2234.0
8500.720654358158,2234.0
8500.720654358158,2555.0
13357.261844957251,2555.0
13357.261844957251,2667.0
13775.90254931711,2667.0
13775.90254931711,2555.0
14075.90254931711,2555.0
14075.90254931711,2667.0
40775.90254931711,2667.0
40775.90254931711,2555.0
56675.90254931711,2555.0
56675.90254931711,2234.0
60275.90254931711,2234.0
60275.90254931711,2429.0
70175.9025493171,2429.0
70175.9025493171,2555.0
70775.9025493171,2555.0
70775.9025493171,2667.0
83075.9025493171,2667.0
83075.9025493171,2883.0
86400.0,2883.0
# temp #2475
0.0,2234.0
38240.26448044461,2234.0
38240.26448044461,2555.0
71295.16278177036,2555.0
71295.16278177036,2429.0
71664.18535695413,2429.0
71664.18535695413,2555.0
86400.000002,2555.0
# temp #2476
0.0,2234.0
68757.89306068329,2234.0
68757.89306068329,2555.0
69168.02264142317,2555.0
69168.02264142317,2667.0
69538.14695337789,2667.0
69538.14695337789,2555.0
69838.14695337789,2555.0
69838.14695337789,2667.0
86400.000002,2667.0
# temp #2477
0.0,2234.0
7606.804239400663,2234.0
7606.804239400663,2429.0
39706.80423940066,2429.0
39706.80423940066,2555.0
40006.80423940066,2555.0
40006.80423940066,2667.0
69748.8747102907,2667.0
69748.8747102907,2234.0
77382.14002239984,2234.0
77382.14002239984,2667.0
84829.87445115577,2667.0
84829.87445115577,2555.0
86400.0,2555.0
# temp #2478
0.0,2234.0
1198.0668280972168,2234.0
1198.0668280972168,2667.0
4536.714754812419,2667.0
4536.714754812419,2555.0
5688.883795402944,2555.0
5688.883795402944,2667.0
41674.7902187286,2667.0
41674.7902187286,2555.0
44674.7902187286,2555.0
44674.7902187286,2667.0
70774.7902187286,2667.0
70774.7902187286,2883.0
86400.000002,2883.0
# temp #2479
0.0,2234.0
18186.771852476526,2234.0
18186.771852476526,2555.0
23157.259273203093,2555.0
23157.259273203093,2667.0
33057.25927320309,2667.0
33057.25927320309,2555.0
37480.35724167713,2555.0
37480.35724167713,2429.0
40337.83026365564,2429.0
40337.83026365564,2555.0
63986.896559642635,2555.0
63986.896559642635,2429.0
68375.48089795747,2429.0
68375.48089795747,2555.0
86400.000002,2555.0
# temp #2480
0.0,2234.0
7059.959114436062,2234.0
7059.959114436062,2667.0
11441.943108499983,2667.0
11441.943108499983,2555.0
12755.34904303495,2555.0
12755.34904303495,2667.0
47968.30538017676,2667.0
47968.30538017676,2555.0
48268.30538017676,2555.0
48268.30538017676,2667.0
48879.369513737045,2667.0
48879.369513737045,2555.0
49479.369513737045,2555.0
49479.369513737045,2667.0
71652.26944426542,2667.0
71652.26944426542,2555.0
86400.0,2555.0
# temp #2481
0.0,2234.0
58472.91178400629,2234.0
58472.91178400629,2555.0
60773.51993496996,2555.0
60773.51993496996,2667.0
67073.51993496995,2667.0
67073.51993496995,2555.0
68273.51993496995,2555.0
68273.51993496995,2429.0
86400.0,2429.0
# temp #2482
0.0,2234.0
29710.252127889547,2234.0
29710.252127889547,2429.0
30206.591988424774,2429.0
30206.591988424774,2555.0
33612.418717215776,2555.0
33612.418717215776,2429.0
47622.92276867666,2429.0
47622.92276867666,2555.0
50456.135825207464,2555.0
50456.135825207464,2667.0
69451.79188668264,2667.0
69451.79188668264,2555.0
79149.17491623202,2555.0
79149.17491623202,2429.0
85130.01712770203,2429.0
85130.01712770203,2555.0
86400.0,2555.0
# temp #2483
0.0,2234.0
21149.381472682584,2234.0
21149.381472682584,2555.0
29446.217822050683,2555.0
29446.217822050683,2429.0
29787.276622443467,2429.0
29787.276622443467,2555.0
50926.77059986164,2555.0
50926.77059986164,2429.0
51363.211761438295,2429.0
51363.211761438295,2555.0
52227.53118204419,2555.0
52227.53118204419,2429.0
52527.53118204419,2429.0
52527.53118204419,2555.0
54027.53118204419,2555.0
54027.53118204419,2429.0
64227.53118204419,2429.0
64227.53118204419,2234.0
86400.000002,2234.0
# temp #2484
0.0,2234.0
54173.333295690834,2234.0
54173.333295690834,2555.0
77525.5337904906,2555.0
77525.5337904906,2429.0
77954.29401258008,2429.0
77954.29401258008,2555.0
83499.36738861726,2555.0
83499.36738861726,2429.0
84636.4705855027,2429.0
84636.4705855027,2234.0
86400.0,2234.0
# temp #2485
0.0,2234.0
21552.88728028536,2234.0
21552.88728028536,2429.0
22152.88728028536,2429.0
22152.88728028536,2555.0
25033.745075762272,2555.0
25033.745075762272,2429.0
27919.529855903238,2429.0
27919.529855903238,2234.0
54713.2060584845,2234.0
54713.2060584845,2429.0
86400.000002,2429.0
# temp #2486
0.0,2234.0
1509.7863390343266,2234.0
1509.7863390343266,2667.0
35187.99496341963,2667.0
35187.99496341963,2555.0
35817.6078618737,2555.0
35817.6078618737,2667.0
47078.93026038074,2667.0
47078.93026038074,2555.0
47678.93026038074,2555.0
47678.93026038074,2667.0
63868.27674326488,2667.0
63868.27674326488,2555.0
65924.53227010557,2555.0
65924.53227010557,2429.0
86400.000002,2429.0
# temp #2487
0.0,2234.0
27693.442940991376,2234.0
27693.442940991376,2429.0
59793.44294099137,2429.0
59793.44294099137,2555.0
60093.44294099137,2555.0
60093.44294099137,2667.0
80937.67475439236,2667.0
80937.67475439236,2555.0
86400.0,2555.0
# temp #2488
0.0,2234.0
748.3321503270417,2234.0
748.3321503270417,2667.0
24194.00388852228,2667.0
24194.00388852228,2555.0
24823.082520836037,2555.0
24823.082520836037,2429.0
38932.27214296349,2429.0
38932.27214296349,2555.0
42018.503725295894,2555.0
42018.503725295894,2429.0
70647.96045008117,2429.0
70647.96045008117,2234.0
86400.0,2234.0
# temp #2489
0.0,2234.0
3571.388029796072,2234.0
3571.388029796072,2883.0
3874.059458286502,2883.0
3874.059458286502,2667.0
12718.276403238997,2667.0
12718.276403238997,2883.0
36475.62572224997,2883.0
36475.62572224997,2429.0
60398.00011035987,2429.0
60398.00011035987,2234.0
74099.94662837127,2234.0
74099.94662837127,2429.0
86400.0,2429.0
# temp #2490
0.0,2234.0
19120.40925517213,2234.0
19120.40925517213,2429.0
19420.40925517213,2429.0
19420.40925517213,2234.0
25439.140941272493,2234.0
25439.140941272493,2667.0
56678.120819362826,2667.0
56678.120819362826,2555.0
72968.71182017495,2555.0
72968.71182017495,2429.0
86400.0,2429.0
# temp #2491
0.0,2234.0
3445.883328490891,2234.0
3445.883328490891,2667.0
12764.30888171308,2667.0
12764.30888171308,2555.0
13839.702381240206,2555.0
13839.702381240206,2667.0
31747.45045099408,2667.0
31747.45045099408,2555.0
32047.45045099408,2555.0
32047.45045099408,2667.0
32687.017485313125,2667.0
32687.017485313125,2555.0
33287.017485313125,2555.0
33287.017485313125,2667.0
52165.88349002415,2667.0
52165.88349002415,2555.0
81843.09028638528,2555.0
81843.09028638528,2429.0
86023.90792882071,2429.0
86023.90792882071,2883.0
86400.000002,2883.0
# temp #2492
0.0,2234.0
42991.21271912009,2234.0
42991.21271912009,2555.0
48298.06718321052,2555.0
48298.06718321052,2667.0
48676.649662409916,2667.0
48676.649662409916,2555.0
48976.649662409916,2555.0
48976.649662409916,2667.0
52576.649662409916,2667.0
52576.649662409916,2555.0
54076.649662409916,2555.0
54076.649662409916,2429.0
72214.41349794624,2429.0
72214.41349794624,2234.0
86400.000002,2234.0
# temp #2493
0.0,2234.0
7804.564918368125,2234.0
7804.564918368125,2667.0
10360.021498566495,2667.0
10360.021498566495,2555.0
11487.478149728851,2555.0
11487.478149728851,2667.0
19674.05989004765,2667.0
19674.05989004765,2555.0
19974.05989004765,2555.0
19974.05989004765,2429.0
38835.40716168937,2429.0
38835.40716168937,2234.0
50206.316614360556,2234.0
50206.316614360556,2429.0
64772.48791116291,2429.0
64772.48791116291,2555.0
71333.96922578105,2555.0
71333.96922578105,2667.0
86400.000002,2667.0
# temp #2494
0.0,2234.0
33804.25049825572,2234.0
33804.25049825572,2017.0
58969.59729180673,2017.0
58969.59729180673,2234.0
86400.0,2234.0
# temp #2495
0.0,2234.0
5086.7677917703995,2234.0
5086.7677917703995,2555.0
8584.354117792102,2555.0
8584.354117792102,2667.0
9067.197102284992,2667.0
9067.197102284992,2555.0
9367.197102284992,2555.0
9367.197102284992,2667.0
36067.19710228499,2667.0
36067.19710228499,2555.0
51967.19710228499,2555.0
51967.19710228499,2234.0
55567.19710228499,2234.0
55567.19710228499,2429.0
65467.19710228499,2429.0
65467.19710228499,2555.0
66067.19710228499,2555.0
66067.19710228499,2667.0
78367.19710228499,2667.0
78367.19710228499,2883.0
86400.000002,2883.0
# temp #2496
0.0,2234.0
3080.8270179899414,2234.0
3080.8270179899414,2667.0
25379.330325149935,2667.0
25379.330325149935,2555.0
25839.6512352163,2555.0
25839.6512352163,2667.0
60256.35908336846,2667.0
60256.35908336846,2555.0
60856.35908336846,2555.0
60856.35908336846,2667.0
80841.0172721604,2667.0
80841.0172721604,2555.0
82728.53568030988,2555.0
82728.53568030988,2429.0
83929.31975231042,2429.0
83929.31975231042,2555.0
86400.000002,2555.0
# temp #2497
0.0,2234.0
7269.423400587403,2234.0
7269.423400587403,2555.0
9126.020231586883,2555.0
9126.020231586883,2667.0
9721.183085558006,2667.0
9721.183085558006,2555.0
15721.183085558005,2555.0
15721.183085558005,2429.0
18121.183085558005,2429.0
18121.183085558005,2234.0
21721.183085558005,2234.0
21721.183085558005,2429.0
22921.183085558005,2429.0
22921.183085558005,2234.0
28621.183085558005,2234.0
28621.183085558005,2429.0
42759.75529658608,2429.0
42759.75529658608,2555.0
78694.70227262938,2555.0
78694.70227262938,2429.0
86400.0,2429.0
# temp #2498
0.0,2234.0
77862.52389585135,2234.0
77862.52389585135,2555.0
86400.000002,2555.0
# temp #2499
0.0,2234.0
9515.26753564831,2234.0
9515.26753564831,2883.0
10171.251042885708,2883.0
10171.251042885708,2667.0
15830.359196383508,2667.0
15830.359196383508,2883.0
24458.509453595616,2883.0
24458.509453595616,2555.0
25658.509453595616,2555.0
25658.509453595616,2883.0
29951.525669661354,2883.0
29951.525669661354,2667.0
41878.70692668948,2667.0
41878.70692668948,2883.0
49656.50417602156,2883.0
49656.50417602156,2667.0
75079.03284947388,2667.0
75079.03284947388,2555.0
86400.0,2555.0
# temp #2500
0.0,2234.0
1950.5324415396901,2234.0
1950.5324415396901,2667.0
26325.576158892367,2667.0
26325.576158892367,2555.0
27532.77941141278,2555.0
27532.77941141278,2667.0
57489.96883013753,2667.0
57489.96883013753,2555.0
60489.96883013753,2555.0
60489.96883013753,2667.0
86400.0,2667.0
# temp #2501
0.0,2234.0
80284.22131163535,2234.0
80284.22131163535,2555.0
86400.0,2555.0
# temp #2502
0.0,2234.0
24185.359947569672,2234.0
24185.359947569672,2017.0
36407.1301993914,2017.0
36407.1301993914,2234.0
67664.45808587596,2234.0
67664.45808587596,2017.0
86400.0,2017.0
# temp #2503
0.0,2234.0
6473.12601953745,2234.0
6473.12601953745,2017.0
55815.664527844645,2017.0
55815.664527844645,2234.0
86400.000002,2234.0
# temp #2504
0.0,2234.0
23850.553795276213,2234.0
23850.553795276213,2429.0
30750.553795276213,2429.0
30750.553795276213,2555.0
32550.553795276213,2555.0
32550.553795276213,2429.0
45450.55379527621,2429.0
45450.55379527621,2234.0
45750.55379527621,2234.0
45750.55379527621,2017.0
46050.55379527621,2017.0
46050.55379527621,2234.0
46350.55379527621,2234.0
46350.55379527621,2017.0
52220.39058257361,2017.0
52220.39058257361,2234.0
67242.34562173951,2234.0
67242.34562173951,2667.0
71866.86154897326,2667.0
71866.86154897326,2555.0
79480.24154333399,2555.0
79480.24154333399,2429.0
82397.27741859389,2429.0
82397.27741859389,2555.0
86400.000002,2555.0
# temp #2505
0.0,2234.0
20918.86174574029,2234.0
20918.86174574029,2429.0
21395.960846543316,2429.0
21395.960846543316,2234.0
22220.491281081926,2234.0
22220.491281081926,2429.0
26513.70923391078,2429.0
26513.70923391078,2234.0
37847.413031291224,2234.0
37847.413031291224,2429.0
38734.23963189126,2429.0
38734.23963189126,2555.0
39926.68154016138,2555.0
39926.68154016138,2429.0
40226.68154016138,2429.0
40226.68154016138,2555.0
40526.68154016138,2555.0
40526.68154016138,2429.0
41126.68154016138,2429.0
41126.68154016138,2555.0
42307.686951756485,2555.0
42307.686951756485,2429.0
86400.0,2429.0
# temp #2506
0.0,2234.0
65777.35342159867,2234.0
65777.35342159867,2883.0
68177.35342159867,2883.0
68177.35342159867,2667.0
73468.65974063985,2667.0
73468.65974063985,2555.0
75078.19249522872,2555.0
75078.19249522872,2429.0
86400.000002,2429.0
# temp #2507
0.0,2234.0
77499.8697664356,2234.0
77499.8697664356,2555.0
82294.5460257819,2555.0
82294.5460257819,2429.0
82788.73349097559,2429.0
82788.73349097559,2555.0
83482.63967139648,2555.0
83482.63967139648,2429.0
84446.69474316762,2429.0
84446.69474316762,2555.0
85888.69472667576,2555.0
85888.69472667576,2429.0
86188.69472667576,2429.0
86188.69472667576,2555.0
86400.000002,2555.0
# temp #2508
0.0,2234.0
8103.861465607772,2234.0
8103.861465607772,2667.0
29972.50129622408,2667.0
29972.50129622408,2555.0
30608.0933965277,2555.0
30608.0933965277,2429.0
40608.003967744306,2429.0
40608.003967744306,2555.0
52519.415659946404,2555.0
52519.415659946404,2667.0
58084.01956397576,2667.0
58084.01956397576,2234.0
83546.79549881259,2234.0
83546.79549881259,2429.0
86400.0,2429.0
# temp #2509
0.0,2234.0
15416.228401637638,2234.0
15416.228401637638,2429.0
15769.44005645346,2429.0
15769.44005645346,2555.0
19971.72251909506,2555.0
19971.72251909506,2429.0
27871.860883757476,2429.0
27871.860883757476,2555.0
32076.72834685073,2555.0
32076.72834685073,2667.0
36093.94003360067,2667.0
36093.94003360067,2234.0
44928.50665210281,2234.0
44928.50665210281,2667.0
55992.86872597878,2667.0
55992.86872597878,2555.0
57873.036327702,2555.0
57873.036327702,2429.0
60287.89631898981,2429.0
60287.89631898981,2555.0
64888.118080026485,2555.0
64888.118080026485,2667.0
74242.11439664943,2667.0
74242.11439664943,2234.0
74445.23981530221,2234.0
74445.23981530221,2429.0
76812.32187424322,2429.0
76812.32187424322,2555.0
84758.70462984314,2555.0
84758.70462984314,2667.0
86400.0,2667.0
# temp #2510
0.0,2234.0
83540.14905130026,2234.0
83540.14905130026,2555.0
86400.0,2555.0
# temp #2511
0.0,2234.0
14700.344819203021,2234.0
14700.344819203021,2017.0
31651.64081593976,2017.0
31651.64081593976,2234.0
56207.96599416064,2234.0
56207.96599416064,2017.0
86400.000002,2017.0
# temp #2512
0.0,2234.0
10366.023912909443,2234.0
10366.023912909443,2555.0
12293.993899365889,2555.0
12293.993899365889,2667.0
12805.071422830226,2667.0
12805.071422830226,2555.0
18805.071422830224,2555.0
18805.071422830224,2429.0
21205.071422830224,2429.0
21205.071422830224,2234.0
24805.071422830224,2234.0
24805.071422830224,2429.0
26005.071422830224,2429.0
26005.071422830224,2234.0
31705.071422830224,2234.0
31705.071422830224,2429.0
50848.7391808536,2429.0
50848.7391808536,2555.0
60983.71462267824,2555.0
60983.71462267824,2667.0
86400.000002,2667.0
# temp #2513
0.0,2234.0
3364.8684107232843,2234.0
3364.8684107232843,2667.0
50304.51333392412,2667.0
50304.51333392412,2555.0
51767.148197628565,2555.0
51767.148197628565,2667.0
53505.56764674839,2667.0
53505.56764674839,2555.0
53805.56764674839,2555.0
53805.56764674839,2429.0
66098.2694496168,2429.0
66098.2694496168,2883.0
86400.0,2883.0
# temp #2514
0.0,2234.0
80144.3109622691,2234.0
80144.3109622691,2555.0
82332.25439521486,2555.0
82332.25439521486,2667.0
82763.0077452399,2667.0
82763.0077452399,2555.0
83063.0077452399,2555.0
83063.0077452399,2667.0
86400.000002,2667.0
# temp #2515
0.0,2234.0
30655.743414256725,2234.0
30655.743414256725,2429.0
31012.047563935634,2429.0
31012.047563935634,2234.0
31718.195880367424,2234.0
31718.195880367424,2429.0
35026.057155593306,2429.0
35026.057155593306,2234.0
54178.25499647298,2234.0
54178.25499647298,2429.0
55345.65138488543,2429.0
55345.65138488543,2234.0
82869.7689586552,2234.0
82869.7689586552,2429.0
86400.0,2429.0
# temp #2516
0.0,2234.0
1436.5502671804281,2234.0
1436.5502671804281,2555.0
13907.862474303694,2555.0
13907.862474303694,2429.0
14221.986510255376,2429.0
14221.986510255376,2555.0
19506.65795495734,2555.0
19506.65795495734,2429.0
19828.576489049014,2429.0
19828.576489049014,2234.0
38804.988023894846,2234.0
38804.988023894846,2429.0
55319.29974427914,2429.0
55319.29974427914,2555.0
59525.93515736518,2555.0
59525.93515736518,2429.0
86400.0,2429.0
# temp #2517
0.0,2234.0
40035.877903271474,2234.0
40035.877903271474,2429.0
40635.877903271474,2429.0
40635.877903271474,2555.0
42476.11675607041,2555.0
42476.11675607041,2429.0
75783.9813550003,2429.0
75783.9813550003,2883.0
86400.0,2883.0
# temp #2518
0.0,2234.0
31519.287115149204,2234.0
31519.287115149204,2429.0
31984.649394988086,2429.0
31984.649394988086,2234.0
32877.53180034925,2234.0
32877.53180034925,2429.0
35794.09914335702,2429.0
35794.09914335702,2234.0
43556.15670927801,2234.0
43556.15670927801,2429.0
44838.32423309796,2429.0
44838.32423309796,2555.0
45988.38779632934,2555.0
45988.38779632934,2429.0
46288.38779632934,2429.0
46288.38779632934,2555.0
46588.38779632934,2555.0
46588.38779632934,2429.0
47188.38779632934,2429.0
47188.38779632934,2555.0
49055.53127978929,2555.0
49055.53127978929,2429.0
61167.41609377787,2429.0
61167.41609377787,2234.0
86400.0,2234.0
# temp #2519
0.0,2234.0
16577.55719760899,2234.0
16577.55719760899,2883.0
27677.55719760899,2883.0
27677.55719760899,2555.0
52448.758784146055,2555.0
52448.758784146055,2429.0
67715.64838634805,2429.0
67715.64838634805,2555.0
77215.40041384289,2555.0
77215.40041384289,2429.0
86400.0,2429.0
# temp #2520
0.0,2234.0
6252.958694659174,2234.0
6252.958694659174,2883.0
7574.470909684897,2883.0
7574.470909684897,2667.0
15329.5658612391,2667.0
15329.5658612391,2883.0
31241.525337263018,2883.0
31241.525337263018,2429.0
80706.67929507328,2429.0
80706.67929507328,2883.0
86400.000002,2883.0
# temp #2521
0.0,2234.0
35265.03323013895,2234.0
35265.03323013895,2429.0
35566.91244416871,2429.0
35566.91244416871,2555.0
38290.81827015617,2555.0
38290.81827015617,2429.0
40938.36017567665,2429.0
40938.36017567665,2667.0
54677.52103256063,2667.0
54677.52103256063,2883.0
65132.93454770466,2883.0
65132.93454770466,2429.0
86400.0,2429.0
# temp #2522
0.0,2234.0
2286.1570280045275,2234.0
2286.1570280045275,2667.0
8768.849897640759,2667.0
8768.849897640759,2555.0
10029.545484180564,2555.0
10029.545484180564,2429.0
10904.019013862127,2429.0
10904.019013862127,2555.0
22527.579683437947,2555.0
22527.579683437947,2429.0
57978.16507166719,2429.0
57978.16507166719,2555.0
60490.5420448864,2555.0
60490.5420448864,2667.0
71446.9574013725,2667.0
71446.9574013725,2234.0
84560.27596327478,2234.0
84560.27596327478,2429.0
86400.000002,2429.0
# temp #2523
0.0,2234.0
63823.73286411167,2234.0
63823.73286411167,2555.0
64138.87252116111,2555.0
64138.87252116111,2667.0
64641.321519459605,2667.0
64641.321519459605,2555.0
64941.321519459605,2555.0
64941.321519459605,2667.0
68541.3215194596,2667.0
68541.3215194596,2555.0
70041.3215194596,2555.0
70041.3215194596,2429.0
78250.34531273415,2429.0
78250.34531273415,2234.0
86400.0,2234.0
# temp #2524
0.0,2234.0
31649.933259096,2234.0
31649.933259096,2017.0
80177.80782845804,2017.0
80177.80782845804,2234.0
86400.000002,2234.0
# temp #2525
0.0,2234.0
11275.019573117608,2234.0
11275.019573117608,2883.0
11929.387741978282,2883.0
11929.387741978282,2667.0
16287.887063669043,2667.0
16287.887063669043,2883.0
39343.1972098304,2883.0
39343.1972098304,2429.0
65828.20468686988,2429.0
65828.20468686988,2555.0
70877.86489671563,2555.0
70877.86489671563,2667.0
86400.000002,2667.0
# temp #2526
0.0,2234.0
7222.313400311396,2234.0
7222.313400311396,2883.0
18322.313400311396,2883.0
18322.313400311396,2555.0
37940.52138584666,2555.0
37940.52138584666,2667.0
60020.7573657157,2667.0
60020.7573657157,2555.0
64279.08826398198,2555.0
64279.08826398198,2667.0
73700.4234599881,2667.0
73700.4234599881,2555.0
86400.000002,2555.0
# temp #2527
0.0,2234.0
60818.45164527186,2234.0
60818.45164527186,2555.0
64862.962771835744,2555.0
64862.962771835744,2667.0
65436.76388177556,2667.0
65436.76388177556,2555.0
65736.76388177557,2555.0
65736.76388177557,2667.0
69336.76388177557,2667.0
69336.76388177557,2555.0
70836.76388177557,2555.0
70836.76388177557,2429.0
72871.66868629867,2429.0
72871.66868629867,2234.0
86400.000002,2234.0
# temp #2528
0.0,2234.0
21870.469092065472,2234.0
21870.469092065472,2555.0
43799.11863952876,2555.0
43799.11863952876,2429.0
44338.72698296328,2429.0
44338.72698296328,2555.0
55208.90479045921,2555.0
55208.90479045921,2429.0
56632.497921818875,2429.0
56632.497921818875,2555.0
57022.13929868304,2555.0
57022.13929868304,2429.0
57322.13929868304,2429.0
57322.13929868304,2555.0
57622.13929868304,2555.0
57622.13929868304,2429.0
58222.13929868304,2429.0
58222.13929868304,2555.0
59233.35919990205,2555.0
59233.35919990205,2429.0
86400.000002,2429.0
# temp #2529
0.0,2234.0
45792.26785060019,2234.0
45792.26785060019,2429.0
46212.994839367464,2429.0
46212.994839367464,2555.0
49605.07895064075,2555.0
49605.07895064075,2429.0
54412.70090045874,2429.0
54412.70090045874,2883.0
55123.056266200736,2883.0
55123.056266200736,2667.0
86400.000002,2667.0
# temp #2530
0.0,2234.0
20810.88569867425,2234.0
20810.88569867425,2555.0
31419.176284549765,2555.0
31419.176284549765,2429.0
31915.621113474488,2429.0
31915.621113474488,2555.0
40454.90706777201,2555.0
40454.90706777201,2429.0
41174.30067854003,2429.0
41174.30067854003,2555.0
42598.27744318173,2555.0
42598.27744318173,2429.0
42898.27744318173,2429.0
42898.27744318173,2555.0
63298.27744318173,2555.0
63298.27744318173,2429.0
63598.27744318173,2429.0
63598.27744318173,2555.0
64198.27744318173,2555.0
64198.27744318173,2667.0
74726.38749650215,2667.0
74726.38749650215,2555.0
86400.0,2555.0
# temp #2531
0.0,2234.0
80487.49991355,2234.0
80487.49991355,2555.0
86400.0,2555.0
# temp #2532
0.0,2234.0
4399.813306331635,2234.0
4399.813306331635,2667.0
9130.01890126616,2667.0
9130.01890126616,2555.0
10273.566167894753,2555.0
10273.566167894753,2667.0
42452.078603161506,2667.0
42452.078603161506,2555.0
43052.078603161506,2555.0
43052.078603161506,2667.0
57640.213654842235,2667.0
57640.213654842235,2555.0
59291.314445715405,2555.0
59291.314445715405,2429.0
86400.0,2429.0
# temp #2533
0.0,2234.0
55066.68612558861,2234.0
55066.68612558861,2555.0
66295.01718033572,2555.0
66295.01718033572,2429.0
66754.43294453436,2429.0
66754.43294453436,2555.0
86400.0,2555.0
# temp #2534
0.0,2234.0
35546.68064319995,2234.0
35546.68064319995,2429.0
35846.68064319995,2429.0
35846.68064319995,2234.0
64398.524695239044,2234.0
64398.524695239044,2429.0
85572.99117583317,2429.0
85572.99117583317,2234.0
86400.000002,2234.0
# temp #2535
0.0,2234.0
49717.515170783736,2234.0
49717.515170783736,2883.0
52117.515170783736,2883.0
52117.515170783736,2667.0
62546.96874981746,2667.0
62546.96874981746,2555.0
67809.20586430002,2555.0
67809.20586430002,2429.0
72739.00107129011,2429.0
72739.00107129011,2555.0
77217.77003018651,2555.0
77217.77003018651,2667.0
86400.0,2667.0
# temp #2536
0.0,2234.0
1572.6662452099847,2234.0
1572.6662452099847,2555.0
5140.155901433901,2555.0
5140.155901433901,2667.0
5525.559807778337,2667.0
5525.559807778337,2555.0
5825.559807778337,2555.0
5825.559807778337,2667.0
9425.559807778336,2667.0
9425.559807778336,2555.0
10925.559807778336,2555.0
10925.559807778336,2429.0
14858.506303536707,2429.0
14858.506303536707,2234.0
20186.279304209165,2234.0
20186.279304209165,2667.0
24732.456475356597,2667.0
24732.456475356597,2555.0
26046.25940783881,2555.0
26046.25940783881,2667.0
30517.039316101003,2667.0
30517.039316101003,2555.0
49927.54566832446,2555.0
49927.54566832446,2667.0
74329.7378477175,2667.0
74329.7378477175,2555.0
81351.50894445834,2555.0
81351.50894445834,2429.0
86400.000002,2429.0
# temp #2537
0.0,2234.0
22344.491179101173,2234.0
22344.491179101173,2429.0
22869.420658377934,2429.0
22869.420658377934,2555.0
26720.394997252155,2555.0
26720.394997252155,2429.0
40337.70526119043,2429.0
40337.70526119043,2555.0
67373.48473314196,2555.0
67373.48473314196,2429.0
86400.000002,2429.0
# temp #2538
0.0,2234.0
55815.84375682288,2234.0
55815.84375682288,2555.0
73278.35303102621,2555.0
73278.35303102621,2429.0
73582.90260653013,2429.0
73582.90260653013,2555.0
86400.0,2555.0
# temp #2539
0.0,2234.0
2748.569441400469,2234.0
2748.569441400469,2667.0
4790.926175680944,2667.0
4790.926175680944,2555.0
5759.931354154834,2555.0
5759.931354154834,2429.0
8186.873101070525,2429.0
8186.873101070525,2667.0
37298.31425976008,2667.0
37298.31425976008,2883.0
41027.50977147371,2883.0
41027.50977147371,2667.0
60375.75914841146,2667.0
60375.75914841146,2234.0
64919.65590007604,2234.0
64919.65590007604,2667.0
86400.000002,2667.0
# temp #2540
0.0,2234.0
23770.8138212096,2234.0
23770.8138212096,2429.0
24120.292939385403,2429.0
24120.292939385403,2555.0
24726.99280693196,2555.0
24726.99280693196,2429.0
44917.40480919835,2429.0
44917.40480919835,2555.0
64684.05925340486,2555.0
64684.05925340486,2667.0
86400.0,2667.0
# temp #2541
0.0,2234.0
2187.157453573309,2234.0
2187.157453573309,2883.0
2522.932831104845,2883.0
2522.932831104845,2667.0
7397.074699611403,2667.0
7397.074699611403,2883.0
29988.80698923022,2883.0
29988.80698923022,2429.0
30389.746499201286,2429.0
30389.746499201286,2555.0
47551.18394542952,2555.0
47551.18394542952,2429.0
59798.76275276766,2429.0
59798.76275276766,2555.0
86400.000002,2555.0
# temp #2542
0.0,2234.0
62388.599132420495,2234.0
62388.599132420495,2555.0
74880.52019979805,2555.0
74880.52019979805,2234.0
81488.52419753093,2234.0
81488.52419753093,2429.0
86400.000002,2429.0
# temp #2543
0.0,2234.0
47789.82267840766,2234.0
47789.82267840766,2555.0
65363.49008143881,2555.0
65363.49008143881,2429.0
66729.06692535618,2429.0
66729.06692535618,2234.0
67329.06692535618,2234.0
67329.06692535618,2429.0
69729.06692535618,2429.0
69729.06692535618,2555.0
79929.06692535618,2555.0
79929.06692535618,2667.0
86400.0,2667.0
# temp #2544
0.0,2234.0
12176.627661776729,2234.0
12176.627661776729,2429.0
12556.502400012687,2429.0
12556.502400012687,2234.0
13198.193224472925,2234.0
13198.193224472925,2429.0
15538.203078182414,2429.0
15538.203078182414,2234.0
22626.524475007318,2234.0
22626.524475007318,2429.0
23636.578060314063,2429.0
23636.578060314063,2234.0
29162.090143002573,2234.0
29162.090143002573,2429.0
41672.636513994075,2429.0
41672.636513994075,2555.0
62336.370680504486,2555.0
62336.370680504486,2667.0
79834.56635589247,2667.0
79834.56635589247,2555.0
86400.000002,2555.0
# temp #2545
0.0,2234.0
16063.14491510857,2234.0
16063.14491510857,2429.0
22963.14491510857,2429.0
22963.14491510857,2555.0
24763.14491510857,2555.0
24763.14491510857,2429.0
37663.14491510857,2429.0
37663.14491510857,2234.0
37963.14491510857,2234.0
37963.14491510857,2017.0
38263.14491510857,2017.0
38263.14491510857,2234.0
38563.14491510857,2234.0
38563.14491510857,2017.0
58186.558793135926,2017.0
58186.558793135926,2234.0
69861.64369129112,2234.0
69861.64369129112,2667.0
69934.57310213709,2667.0
69934.57310213709,2555.0
86400.0,2555.0
# temp #2546
0.0,2234.0
41575.94996730332,2234.0
41575.94996730332,2429.0
42027.42544272915,2429.0
42027.42544272915,2555.0
43678.38548691944,2555.0
43678.38548691944,2429.0
74713.67026744412,2429.0
74713.67026744412,2555.0
86400.0,2555.0
# temp #2547
0.0,2234.0
41320.457035023726,2234.0
41320.457035023726,2429.0
48220.457035023726,2429.0
48220.457035023726,2555.0
50020.457035023726,2555.0
50020.457035023726,2429.0
62920.457035023726,2429.0
62920.457035023726,2234.0
63220.457035023726,2234.0
63220.457035023726,2017.0
63520.457035023726,2017.0
63520.457035023726,2234.0
63820.457035023726,2234.0
63820.457035023726,2017.0
70248.70285510553,2017.0
70248.70285510553,2234.0
71873.03656737787,2234.0
71873.03656737787,2667.0
86400.000002,2667.0
# temp #2548
0.0,2234.0
5332.791274250486,2234.0
5332.791274250486,2667.0
49986.81448611897,2667.0
49986.81448611897,2555.0
51047.48917256948,2555.0
51047.48917256948,2667.0
68527.58672337515,2667.0
68527.58672337515,2555.0
69127.58672337515,2555.0
69127.58672337515,2667.0
84000.03913671245,2667.0
84000.03913671245,2555.0
86400.0,2555.0
# temp #2549
0.0,2234.0
28770.326662226584,2234.0
28770.326662226584,2555.0
56842.198608513,2555.0
56842.198608513,2429.0
57248.35175138433,2429.0
57248.35175138433,2555.0
72504.49989067858,2555.0
72504.49989067858,2429.0
73361.51168032085,2429.0
73361.51168032085,2555.0
74839.11826538389,2555.0
74839.11826538389,2429.0
86400.0,2429.0
# temp #2550
0.0,2234.0
41381.603383063346,2234.0
41381.603383063346,2429.0
41681.603383063346,2429.0
41681.603383063346,2234.0
46311.167259863585,2234.0
46311.167259863585,2667.0
46739.28242360708,2667.0
46739.28242360708,2883.0
69030.02469597851,2883.0
69030.02469597851,2429.0
86400.0,2429.0
# temp #2551
0.0,2234.0
13475.213463488037,2234.0
13475.213463488037,2883.0
14473.148442129606,2883.0
14473.148442129606,2667.0
19732.659331150353,2667.0
19732.659331150353,2883.0
47089.38890977298,2883.0
47089.38890977298,2429.0
63990.82812687849,2429.0
63990.82812687849,2883.0
84457.08233008628,2883.0
84457.08233008628,2667.0
86400.0,2667.0
# temp #2552
0.0,2234.0
2222.2726329462603,2234.0
2222.2726329462603,2883.0
3187.2630486264825,2883.0
3187.2630486264825,2667.0
15052.39593491424,2667.0
15052.39593491424,2883.0
41755.58685685974,2883.0
41755.58685685974,2429.0
86400.0,2429.0
# temp #2553
0.0,2234.0
52056.98313654867,2234.0
52056.98313654867,2429.0
84156.98313654866,2429.0
84156.98313654866,2555.0
84456.98313654866,2555.0
84456.98313654866,2667.0
86400.000002,2667.0
# temp #2554
0.0,2234.0
12293.680279981345,2234.0
12293.680279981345,2429.0
12864.70800130628,2429.0
12864.70800130628,2234.0
13592.476382944733,2234.0
13592.476382944733,2429.0
14414.980480307713,2429.0
14414.980480307713,2234.0
32314.86230527517,2234.0
32314.86230527517,2429.0
33109.75504524541,2429.0
33109.75504524541,2234.0
44969.7640096536,2234.0
44969.7640096536,2429.0
45203.146276669584,2429.0
45203.146276669584,2555.0
45792.929291026674,2555.0
45792.929291026674,2667.0
55547.70202212968,2667.0
55547.70202212968,2234.0
83583.26000499075,2234.0
83583.26000499075,2429.0
83999.0027958993,2429.0
83999.0027958993,2234.0
86400.0,2234.0
# temp #2555
0.0,2234.0
70789.3073299667,2234.0
70789.3073299667,2555.0
74360.70938233753,2555.0
74360.70938233753,2429.0
85685.35049383064,2429.0
85685.35049383064,2234.0
86400.000002,2234.0
# temp #2556
0.0,2234.0
13211.332397838125,2234.0
13211.332397838125,2883.0
14630.982902040707,2883.0
14630.982902040707,2667.0
21739.53464578372,2667.0
21739.53464578372,2883.0
41559.41367472988,2883.0
41559.41367472988,2667.0
70333.83134719917,2667.0
70333.83134719917,2555.0
84832.06790839323,2555.0
84832.06790839323,2667.0
86400.0,2667.0
# temp #2557
0.0,2234.0
7752.490860898981,2234.0
7752.490860898981,2667.0
40501.43245691434,2667.0
40501.43245691434,2555.0
41841.50592098013,2555.0
41841.50592098013,2667.0
49923.94122350962,2667.0
49923.94122350962,2555.0
50223.94122350962,2555.0
50223.94122350962,2429.0
71738.96933491343,2429.0
71738.96933491343,2555.0
86400.000002,2555.0
# temp #2558
0.0,2234.0
3150.504644354806,2234.0
3150.504644354806,2667.0
20630.15185198747,2667.0
20630.15185198747,2555.0
21783.712457539517,2555.0
21783.712457539517,2667.0
32947.31716581155,2667.0
32947.31716581155,2555.0
33247.31716581155,2555.0
33247.31716581155,2667.0
33547.31716581155,2667.0
33547.31716581155,2555.0
36847.31716581155,2555.0
36847.31716581155,2667.0
62347.31716581155,2667.0
62347.31716581155,2883.0
86400.0,2883.0
# temp #2559
0.0,2234.0
14498.267507739367,2234.0
14498.267507739367,2017.0
63567.93973599561,2017.0
63567.93973599561,2234.0
86400.000002,2234.0
# temp #2560
0.0,2234.0
18022.393922111954,2234.0
18022.393922111954,2429.0
18556.451387191195,2429.0
18556.451387191195,2555.0
19368.85817223229,2555.0
19368.85817223229,2429.0
52390.75874362608,2429.0
52390.75874362608,2555.0
57636.422449001126,2555.0
57636.422449001126,2667.0
86400.000002,2667.0
# temp #2561
0.0,2234.0
25420.393231837083,2234.0
25420.393231837083,2017.0
58523.81254406647,2017.0
58523.81254406647,2234.0
86400.000002,2234.0
# temp #2562
0.0,2234.0
35240.77626701911,2234.0
35240.77626701911,2429.0
42140.77626701911,2429.0
42140.77626701911,2555.0
43940.77626701911,2555.0
43940.77626701911,2429.0
56840.77626701911,2429.0
56840.77626701911,2234.0
57140.77626701911,2234.0
57140.77626701911,2017.0
57440.77626701911,2017.0
57440.77626701911,2234.0
57740.77626701911,2234.0
57740.77626701911,2017.0
77259.78984232062,2017.0
77259.78984232062,2234.0
86400.0,2234.0
# temp #2563
0.0,2234.0
24796.569852204997,2234.0
24796.569852204997,2017.0
34407.45422802866,2017.0
34407.45422802866,2234.0
55962.10406692699,2234.0
55962.10406692699,2017.0
86400.0,2017.0
# temp #2564
0.0,2234.0
3356.5792444394906,2234.0
3356.5792444394906,2883.0
3894.309283490293,2883.0
3894.309283490293,2667.0
13106.32299722638,2667.0
13106.32299722638,2883.0
19525.659422809258,2883.0
19525.659422809258,2429.0
37401.06481150724,2429.0
37401.06481150724,2883.0
39881.16120113992,2883.0
39881.16120113992,2667.0
47399.535847571686,2667.0
47399.535847571686,2555.0
66709.71626190003,2555.0
66709.71626190003,2429.0
77456.8216775777,2429.0
77456.8216775777,2234.0
86400.000002,2234.0
# temp #2565
0.0,2234.0
4555.617458978669,2234.0
4555.617458978669,2667.0
33755.65589501057,2667.0
33755.65589501057,2555.0
34517.20469270368,2555.0
34517.20469270368,2429.0
54421.467093704276,2429.0
54421.467093704276,2234.0
61676.001453632496,2234.0
61676.001453632496,2429.0
82964.2643647967,2429.0
82966.44702139312,2555.0
82966.44702139312,2429.0
86400.0,2429.0
# temp #2566
0.0,2234.0
41485.98010889255,2234.0
41485.98010889255,2017.0
86400.0,2017.0
# temp #2567
0.0,2234.0
47638.49985818379,2234.0
47638.49985818379,2429.0
48105.93478437514,2429.0
48105.93478437514,2555.0
49842.23900791258,2555.0
49842.23900791258,2429.0
55910.76337303967,2429.0
55910.76337303967,2555.0
71993.9626796404,2555.0
71993.9626796404,2429.0
79252.60896796828,2429.0
79252.60896796828,2234.0
86400.0,2234.0
# temp #2568
0.0,2234.0
49147.20787152183,2234.0
49147.20787152183,2429.0
81247.20787152182,2429.0
81247.20787152182,2555.0
81547.20787152182,2555.0
81547.20787152182,2667.0
86400.000002,2667.0
# temp #2569
0.0,2234.0
72794.31186451112,2234.0
72794.31186451112,2555.0
75090.75553568547,2555.0
75090.75553568547,2429.0
86400.0,2429.0
# temp #2570
0.0,2234.0
3618.4484003344555,2234.0
3618.4484003344555,2667.0
49027.535555628136,2667.0
49027.535555628136,2555.0
50023.590535135016,2555.0
50023.590535135016,2667.0
64455.422285897665,2667.0
64455.422285897665,2555.0
65055.422285897665,2555.0
65055.422285897665,2667.0
78964.0874953475,2667.0
78964.0874953475,2555.0
80414.22733976507,2555.0
80414.22733976507,2429.0
86400.0,2429.0
# temp #2571
0.0,2234.0
10393.61044492107,2234.0
10393.61044492107,2883.0
11037.042953562925,2883.0
11037.042953562925,2667.0
21565.0803743396,2667.0
21565.0803743396,2883.0
45352.97000755091,2883.0
45352.97000755091,2429.0
74678.44659991098,2429.0
74678.44659991098,2555.0
86400.000002,2555.0
# temp #2572
0.0,2234.0
55210.29760481325,2234.0
55210.29760481325,2429.0
55510.29760481325,2429.0
55510.29760481325,2234.0
82451.75273974893,2234.0
82451.75273974893,2429.0
86400.0,2429.0
# temp #2573
0.0,2234.0
54595.9598382935,2234.0
54595.9598382935,2555.0
66849.21800717713,2555.0
66849.21800717713,2429.0
67257.52006082331,2429.0
67257.52006082331,2555.0
67658.67154144218,2555.0
67658.67154144218,2429.0
68082.40688480438,2429.0
68082.40688480438,2234.0
86400.0,2234.0
# temp #2574
0.0,2234.0
5527.625465998427,2234.0
5527.625465998427,2429.0
5916.255960264244,2429.0
5916.255960264244,2555.0
6879.98806948308,2555.0
6879.98806948308,2429.0
29986.013417900544,2429.0
29986.013417900544,2555.0
37373.001286410734,2555.0
37373.001286410734,2667.0
54454.450087691665,2667.0
54454.450087691665,2234.0
86400.000002,2234.0
# temp #2575
0.0,2234.0
62048.67533496581,2234.0
62048.67533496581,2555.0
81128.73766764533,2555.0
81128.73766764533,2234.0
86400.0,2234.0
# temp #2576
0.0,2234.0
1505.9284993680196,2234.0
1505.9284993680196,2667.0
16081.610016943889,2667.0
16081.610016943889,2555.0
16717.527069943026,2555.0
16717.527069943026,2667.0
41181.12813597546,2667.0
41181.12813597546,2555.0
41481.12813597546,2555.0
41481.12813597546,2429.0
68417.73168873043,2429.0
68417.73168873043,2234.0
72381.37952657418,2234.0
72381.37952657418,2667.0
86400.000002,2667.0
# temp #2577
0.0,2234.0
81655.99232988899,2234.0
81655.99232988899,2555.0
86400.000002,2555.0
# temp #2578
0.0,2234.0
82874.03903827073,2234.0
82874.03903827073,2555.0
86400.0,2555.0
# temp #2579
0.0,2234.0
73914.57355418243,2234.0
73914.57355418243,2555.0
86400.000002,2555.0
# temp #2580
0.0,2234.0
25327.87449206226,2234.0
25327.87449206226,2017.0
44365.2770315297,2017.0
44365.2770315297,2234.0
45443.15881943331,2234.0
45443.15881943331,2017.0
86400.000002,2017.0
# temp #2581
0.0,2234.0
33052.226743055515,2234.0
33052.226743055515,2429.0
39952.226743055515,2429.0
39952.226743055515,2555.0
41752.226743055515,2555.0
41752.226743055515,2429.0
54652.226743055515,2429.0
54652.226743055515,2234.0
54952.226743055515,2234.0
54952.226743055515,2017.0
55252.226743055515,2017.0
55252.226743055515,2234.0
55552.226743055515,2234.0
55552.226743055515,2017.0
64956.59285453149,2017.0
64956.59285453149,2234.0
82727.10632511882,2234.0
82727.10632511882,2429.0
86400.0,2429.0
# temp #2582
0.0,2234.0
6257.177222915926,2234.0
6257.177222915926,2667.0
34041.34686605539,2667.0
34041.34686605539,2555.0
34997.42411614862,2555.0
34997.42411614862,2429.0
56114.1729960451,2429.0
56114.1729960451,2555.0
75751.21560667177,2555.0
75751.21560667177,2667.0
86400.0,2667.0
# temp #2583
0.0,2234.0
28663.86262457818,2234.0
28663.86262457818,2017.0
81538.38402950206,2017.0
81538.38402950206,2234.0
86400.0,2234.0
# temp #2584
0.0,2234.0
14384.176210127773,2234.0
14384.176210127773,2429.0
21284.17621012777,2429.0
21284.17621012777,2555.0
23084.17621012777,2555.0
23084.17621012777,2429.0
35984.17621012777,2429.0
35984.17621012777,2234.0
36284.17621012777,2234.0
36284.17621012777,2017.0
36584.17621012777,2017.0
36584.17621012777,2234.0
36884.17621012777,2234.0
36884.17621012777,2017.0
37210.233973385766,2017.0
37210.233973385766,2234.0
65174.64763191529,2234.0
65174.64763191529,2429.0
73653.63537452651,2429.0
73653.63537452651,2555.0
86400.0,2555.0
# temp #2585
0.0,2234.0
5381.208452302963,2234.0
5381.208452302963,2555.0
17796.089109359313,2555.0
17796.089109359313,2429.0
18224.979906762022,2429.0
18224.979906762022,2555.0
29453.450256376535,2555.0
29453.450256376535,2429.0
30019.398524682045,2429.0
30019.398524682045,2234.0
36879.976310650825,2234.0
36879.976310650825,2667.0
64572.60803715327,2667.0
64572.60803715327,2555.0
67124.08472704703,2555.0
67124.08472704703,2667.0
86400.000002,2667.0
# temp #2586
0.0,2234.0
8627.100610407071,2234.0
8627.100610407071,2667.0
28343.660887470476,2667.0
28343.660887470476,2555.0
29389.304318977527,2555.0
29389.304318977527,2667.0
30919.416326587096,2667.0
30919.416326587096,2555.0
31219.416326587096,2555.0
31219.416326587096,2429.0
44596.331481006935,2429.0
44596.331481006935,2883.0
60312.800166872345,2883.0
60312.800166872345,2429.0
86400.000002,2429.0
# temp #2587
0.0,2234.0
69557.2939061327,2234.0
69557.2939061327,2555.0
86400.0,2555.0
# temp #2588
0.0,2234.0
20750.111234933138,2234.0
20750.111234933138,2555.0
21388.618621509522,2555.0
21388.618621509522,2667.0
47584.956892579794,2667.0
47584.956892579794,2234.0
70730.07132788189,2234.0
70730.07132788189,2429.0
86400.0,2429.0
# temp #2589
0.0,2234.0
11287.896520528013,2234.0
11287.896520528013,2555.0
19328.222205187198,2555.0
19328.222205187198,2429.0
19860.974951321263,2429.0
19860.974951321263,2555.0
21172.734671691436,2555.0
21172.734671691436,2429.0
22330.30519173481,2429.0
22330.30519173481,2555.0
23174.82557636686,2555.0
23174.82557636686,2429.0
23474.82557636686,2429.0
23474.82557636686,2555.0
24974.82557636686,2555.0
24974.82557636686,2429.0
35174.82557636686,2429.0
35174.82557636686,2234.0
86400.0,2234.0
# temp #2590
0.0,2234.0
12976.899054553362,2234.0
12976.899054553362,2883.0
14557.773328176701,2883.0
14557.773328176701,2667.0
22539.59279994015,2667.0
22539.59279994015,2883.0
32479.680381878283,2883.0
32479.680381878283,2429.0
42343.59685981181,2429.0
42343.59685981181,2555.0
45285.31303235796,2555.0
45285.31303235796,2667.0
72750.09024410976,2667.0
72750.09024410976,2883.0
86400.000002,2883.0
# temp #2591
0.0,2234.0
8643.032365897672,2234.0
8643.032365897672,2883.0
8979.363470943646,2883.0
8979.363470943646,2667.0
11718.368483567612,2667.0
11718.368483567612,2883.0
40848.83976979182,2883.0
40848.83976979182,2429.0
76337.28230707349,2429.0
76337.28230707349,2555.0
86400.0,2555.0
# temp #2592
0.0,2234.0
45885.47947355547,2234.0
45885.47947355547,2555.0
80636.39581133613,2555.0
80636.39581133613,2429.0
81000.04625392614,2429.0
81000.04625392614,2555.0
86400.0,2555.0
# temp #2593
0.0,2234.0
643.6439583543688,2234.0
643.6439583543688,2667.0
25265.733859688047,2667.0
25265.733859688047,2555.0
26413.258552271876,2555.0
26413.258552271876,2667.0
49998.31062611193,2667.0
49998.31062611193,2555.0
50598.31062611193,2555.0
50598.31062611193,2667.0
71736.18549238892,2667.0
71736.18549238892,2555.0
75184.80976503344,2555.0
75184.80976503344,2429.0
86400.0,2429.0
# temp #2594
0.0,2234.0
27660.038296063434,2234.0
27660.038296063434,2429.0
59760.03829606343,2429.0
59760.03829606343,2555.0
60060.03829606343,2555.0
60060.03829606343,2667.0
86400.0,2667.0
# temp #2595
0.0,2234.0
5326.789390691557,2234.0
5326.789390691557,2667.0
35139.60004351102,2667.0
35139.60004351102,2555.0
36110.80967984163,2555.0
36110.80967984163,2667.0
55211.08665524517,2667.0
55211.08665524517,2555.0
58211.08665524517,2555.0
58211.08665524517,2667.0
84311.08665524516,2667.0
84311.08665524516,2883.0
86400.000002,2883.0
# temp #2596
0.0,2234.0
24607.791058905426,2234.0
24607.791058905426,2017.0
27078.532801615078,2017.0
27078.532801615078,2234.0
61128.2058897894,2234.0
61128.2058897894,2017.0
86400.000002,2017.0
# temp #2597
0.0,2234.0
34431.33726522793,2234.0
34431.33726522793,2555.0
53709.40986613279,2555.0
53709.40986613279,2429.0
80904.67085579877,2429.0
80904.67085579877,2234.0
81504.67085579877,2234.0
81504.67085579877,2429.0
83904.67085579877,2429.0
83904.67085579877,2555.0
86400.0,2555.0
# temp #2598
0.0,2234.0
3327.632721397095,2234.0
3327.632721397095,2667.0
39144.87226477359,2667.0
39144.87226477359,2555.0
39930.686857108965,2555.0
39930.686857108965,2667.0
42970.718808565296,2667.0
42970.718808565296,2555.0
43570.718808565296,2555.0
43570.718808565296,2667.0
60398.69735729881,2667.0
60398.69735729881,2555.0
60835.19878615626,2555.0
60835.19878615626,2429.0
62699.51673522592,2429.0
62699.51673522592,2555.0
68547.2170148045,2555.0
68547.2170148045,2667.0
75582.96343779658,2667.0
75582.96343779658,2234.0
77760.76331029182,2234.0
77760.76331029182,2667.0
86400.000002,2667.0
# temp #2599
0.0,2234.0
22595.842754747722,2234.0
22595.842754747722,2429.0
23195.842754747722,2429.0
23195.842754747722,2555.0
26069.422797393057,2555.0
26069.422797393057,2429.0
52906.593074463315,2429.0
52906.593074463315,2555.0
81758.10949020089,2555.0
81758.10949020089,2429.0
86400.000002,2429.0
# temp #2600
0.0,2234.0
4013.3561255643153,2234.0
4013.3561255643153,2667.0
38801.08101004735,2667.0
38801.08101004735,2555.0
39512.209778744735,2555.0
39512.209778744735,2667.0
74355.23272845896,2667.0
74355.23272845896,2555.0
74655.23272845896,2555.0
74655.23272845896,2667.0
75512.41701291876,2667.0
75512.41701291876,2555.0
76112.41701291876,2555.0
76112.41701291876,2667.0
86400.000002,2667.0
# temp #2601
0.0,2234.0
78467.79457116501,2234.0
78467.79457116501,2555.0
85879.46936900263,2555.0
85879.46936900263,2234.0
86400.000002,2234.0
# temp #2602
0.0,2234.0
82105.59878011701,2234.0
82105.59878011701,2555.0
85978.69567426389,2555.0
85978.69567426389,2667.0
86400.0,2667.0
# temp #2603
0.0,2234.0
50951.10170168337,2234.0
50951.10170168337,2429.0
83051.10170168336,2429.0
83051.10170168336,2555.0
83351.10170168336,2555.0
83351.10170168336,2667.0
86400.0,2667.0
# temp #2604
0.0,2234.0
2132.3227688670163,2234.0
2132.3227688670163,2667.0
6975.9224410168845,2667.0
6975.9224410168845,2555.0
7927.692504599692,2555.0
7927.692504599692,2667.0
20921.718935016546,2667.0
20921.718935016546,2555.0
23921.718935016546,2555.0
23921.718935016546,2667.0
50021.71893501654,2667.0
50021.71893501654,2883.0
86400.000002,2883.0
# temp #2605
0.0,2234.0
76417.3605101416,2234.0
76417.3605101416,2555.0
86400.000002,2555.0
# temp #2606
0.0,2234.0
59645.48939843662,2234.0
59645.48939843662,2555.0
63896.445224876516,2555.0
63896.445224876516,2234.0
71167.56240469404,2234.0
71167.56240469404,2429.0
86400.000002,2429.0
# temp #2607
0.0,2234.0
39656.01134388708,2234.0
39656.01134388708,2555.0
60081.43169260585,2555.0
60081.43169260585,2429.0
60474.70168140718,2429.0
60474.70168140718,2555.0
62610.04454588985,2555.0
62610.04454588985,2429.0
63483.14056943638,2429.0
63483.14056943638,2234.0
72713.87265147643,2234.0
72713.87265147643,2429.0
76491.26775737388,2429.0
76491.26775737388,2555.0
86400.0,2555.0
# temp #2608
0.0,2234.0
25271.007889718752,2234.0
25271.007889718752,2555.0
27286.231576488357,2555.0
27286.231576488357,2667.0
37186.23157648835,2667.0
37186.23157648835,2555.0
41233.67713673507,2555.0
41233.67713673507,2429.0
44845.351348654374,2429.0
44845.351348654374,2234.0
80260.54036016577,2234.0
80260.54036016577,2429.0
86400.000002,2429.0
# temp #2609
0.0,2234.0
68786.61118370948,2234.0
68786.61118370948,2555.0
86400.0,2555.0
# temp #2610
0.0,2234.0
37580.46581656672,2234.0
37580.46581656672,2883.0
39980.46581656672,2883.0
39980.46581656672,2667.0
47524.06285505276,2667.0
47524.06285505276,2555.0
53745.87231120095,2555.0
53745.87231120095,2429.0
86400.000002,2429.0
# temp #2611
0.0,2234.0
16532.18308144715,2234.0
16532.18308144715,2883.0
17876.785031310286,2883.0
17876.785031310286,2667.0
27603.658910002567,2667.0
27603.658910002567,2883.0
37863.14553301782,2883.0
37863.14553301782,2429.0
57973.04751465564,2429.0
57973.04751465564,2234.0
60379.84681113159,2234.0
60379.84681113159,2667.0
86400.000002,2667.0
# temp #2612
0.0,2234.0
41809.83087820933,2234.0
41809.83087820933,2429.0
42256.77243049723,2429.0
42256.77243049723,2555.0
47271.843388932764,2555.0
47271.843388932764,2429.0
79210.32847515309,2429.0
79210.32847515309,2555.0
86391.63413112985,2555.0
86400.0,2429.0
# temp #2613
0.0,2234.0
4644.641736592167,2234.0
4644.641736592167,2667.0
22637.185549037535,2667.0
22637.185549037535,2555.0
23555.498852999885,2555.0
23555.498852999885,2667.0
51089.8127245484,2667.0
51089.8127245484,2555.0
54089.8127245484,2555.0
54089.8127245484,2667.0
80189.81272454839,2667.0
80189.81272454839,2883.0
86400.0,2883.0
# temp #2614
0.0,2234.0
25597.886408795606,2234.0
25597.886408795606,2555.0
26235.238056513484,2555.0
26235.238056513484,2667.0
26828.163697477434,2667.0
26828.163697477434,2555.0
32828.16369747743,2555.0
32828.16369747743,2429.0
35228.16369747743,2429.0
35228.16369747743,2234.0
38828.16369747743,2234.0
38828.16369747743,2429.0
40028.16369747743,2429.0
40028.16369747743,2234.0
45728.16369747743,2234.0
45728.16369747743,2429.0
83250.11329015253,2429.0
83250.11329015253,2555.0
84684.9103327375,2555.0
84684.9103327375,2429.0
86400.0,2429.0
# temp #2615
0.0,2234.0
39870.667182002224,2234.0
39870.667182002224,2429.0
40470.667182002224,2429.0
40470.667182002224,2555.0
42219.25884867088,2555.0
42219.25884867088,2429.0
48086.68723020238,2429.0
48086.68723020238,2555.0
75865.96994390713,2555.0
75865.96994390713,2429.0
86400.000002,2429.0
# temp #2616
0.0,2234.0
13337.89301379584,2234.0
13337.89301379584,2883.0
14425.425611226821,2883.0
14425.425611226821,2667.0
24181.665272545073,2667.0
24181.665272545073,2883.0
42552.44679911994,2883.0
42552.44679911994,2429.0
43486.68877361343,2429.0
43486.68877361343,2234.0
66877.4985913653,2234.0
66877.4985913653,2429.0
67958.47398138141,2429.0
67958.47398138141,2555.0
80617.32379104944,2555.0
80617.32379104944,2429.0
86400.000002,2429.0
# temp #2617
0.0,2234.0
24138.89828436077,2234.0
24138.89828436077,2017.0
44604.06577088871,2017.0
44604.06577088871,2234.0
64436.822188412785,2234.0
64436.822188412785,2017.0
86400.0,2017.0
# temp #2618
0.0,2234.0
13261.622836883182,2234.0
13261.622836883182,2883.0
13633.580316114241,2883.0
13633.580316114241,2667.0
16673.004776216112,2667.0
16673.004776216112,2883.0
49768.75662573148,2883.0
49768.75662573148,2429.0
60151.1548827868,2429.0
60151.1548827868,2555.0
83440.84805357271,2555.0
83440.84805357271,2429.0
83699.13395647892,2429.0
83699.13395647892,2555.0
86400.0,2555.0
# temp #2619
0.0,2234.0
56940.634296974175,2234.0
56940.634296974175,2429.0
57330.29027818703,2429.0
57330.29027818703,2555.0
60643.94048131072,2555.0
60643.94048131072,2429.0
73784.90614229815,2429.0
73784.90614229815,2234.0
86400.0,2234.0
# temp #2620
0.0,2234.0
58980.025203502744,2234.0
58980.025203502744,2555.0
62945.88044544217,2555.0
62945.88044544217,2429.0
63334.211916779175,2429.0
63334.211916779175,2555.0
73881.83370754124,2555.0
73881.83370754124,2429.0
74646.68816789055,2429.0
74646.68816789055,2234.0
86400.0,2234.0
# temp #2621
0.0,2234.0
40604.14345460013,2234.0
40604.14345460013,2555.0
41608.38164845482,2555.0
41608.38164845482,2667.0
42018.40841551312,2667.0
42018.40841551312,2555.0
42318.40841551312,2555.0
42318.40841551312,2667.0
45918.40841551312,2667.0
45918.40841551312,2555.0
47418.40841551312,2555.0
47418.40841551312,2429.0
65899.06714253595,2429.0
65899.06714253595,2234.0
86400.000002,2234.0
# temp #2622
0.0,2234.0
35164.90994472989,2234.0
35164.90994472989,2555.0
35732.991536264315,2555.0
35732.991536264315,2667.0
36200.22240551189,2667.0
36200.22240551189,2555.0
36500.22240551189,2555.0
36500.22240551189,2667.0
63200.22240551189,2667.0
63200.22240551189,2555.0
79100.22240551189,2555.0
79100.22240551189,2234.0
82700.22240551189,2234.0
82700.22240551189,2429.0
86400.000002,2429.0
# temp #2623
0.0,2234.0
10868.37727292441,2234.0
10868.37727292441,2883.0
11932.679424667733,2883.0
11932.679424667733,2667.0
19003.341633570384,2667.0
19003.341633570384,2883.0
25542.174064298164,2883.0
25542.174064298164,2429.0
47172.058458672844,2429.0
47172.058458672844,2555.0
53264.52724935953,2555.0
53264.52724935953,2429.0
59135.07435475477,2429.0
59135.07435475477,2555.0
68558.57251617128,2555.0
68558.57251617128,2667.0
73129.45277919063,2667.0
73129.45277919063,2883.0
86400.0,2883.0
# temp #2624
0.0,2234.0
60499.142547603704,2234.0
60499.142547603704,2555.0
86400.0,2555.0
# temp #2625
0.0,2234.0
45116.93292651326,2234.0
45116.93292651326,2555.0
60710.157930851,2555.0
60710.157930851,2429.0
69632.66191184522,2429.0
69632.66191184522,2234.0
77283.60842813273,2234.0
77283.60842813273,2429.0
78420.40502715392,2429.0
78420.40502715392,2234.0
86400.000002,2234.0
# temp #2626
0.0,2234.0
5574.655574304053,2234.0
5574.655574304053,2429.0
5967.789151682519,2429.0
5967.789151682519,2555.0
8637.050654157067,2555.0
8637.050654157067,2429.0
38423.45400606282,2429.0
38423.45400606282,2234.0
43923.484993516475,2234.0
43923.484993516475,2429.0
70259.20829528477,2429.0
70259.20829528477,2555.0
78243.41293077452,2555.0
78243.41293077452,2429.0
78867.14992518538,2429.0
78867.14992518538,2234.0
86400.000002,2234.0
# temp #2627
0.0,2234.0
12835.314834094608,2234.0
12835.314834094608,2883.0
13493.071527360009,2883.0
13493.071527360009,2667.0
25253.595080086965,2667.0
25253.595080086965,2883.0
36583.46835072153,2883.0
36583.46835072153,2429.0
42721.28830819857,2429.0
42721.28830819857,2555.0
60957.210622960716,2555.0
60957.210622960716,2429.0
86400.000002,2429.0
# temp #2628
0.0,2234.0
49134.87387062051,2234.0
49134.87387062051,2555.0
55326.4428079594,2555.0
55326.4428079594,2429.0
55683.89721731656,2429.0
55683.89721731656,2555.0
79737.44250366,2555.0
79737.44250366,2429.0
80768.0211967556,2429.0
80768.0211967556,2555.0
81971.45514150617,2555.0
81971.45514150617,2429.0
82271.45514150617,2429.0
82271.45514150617,2555.0
83771.45514150617,2555.0
83771.45514150617,2429.0
86400.0,2429.0
# temp #2629
0.0,2234.0
54584.641148988165,2234.0
54584.641148988165,2555.0
86400.0,2555.0
# temp #2630
0.0,2234.0
18850.34346710891,2234.0
18850.34346710891,2429.0
50950.343467108905,2429.0
50950.343467108905,2555.0
51250.343467108905,2555.0
51250.343467108905,2667.0
56722.31432965492,2667.0
56722.31432965492,2234.0
62635.22608776112,2234.0
62635.22608776112,2667.0
83306.88897531945,2667.0
83306.88897531945,2555.0
86400.000002,2555.0
# temp #2631
0.0,2234.0
11536.287257052029,2234.0
11536.287257052029,2883.0
12196.085410681555,2883.0
12196.085410681555,2667.0
22409.486908908006,2667.0
22409.486908908006,2883.0
47291.315476759344,2883.0
47291.315476759344,2429.0
82088.87972950471,2429.0
82088.87972950471,2883.0
86400.000002,2883.0
# temp #2632
0.0,2234.0
72113.3572434308,2234.0
72113.3572434308,2555.0
86400.000002,2555.0
# temp #2633
0.0,2234.0
80172.26513761563,2234.0
80172.26513761563,2555.0
86400.000002,2555.0
# temp #2634
0.0,2234.0
10001.808665064165,2234.0
10001.808665064165,2883.0
21101.808665064164,2883.0
21101.808665064164,2555.0
38631.84022607748,2555.0
38631.84022607748,2667.0
65072.63862804977,2667.0
65072.63862804977,2555.0
76700.26143200231,2555.0
76700.26143200231,2883.0
84540.55308499375,2883.0
84540.55308499375,2429.0
86400.000002,2429.0
# temp #2635
0.0,2234.0
11704.408339527437,2234.0
11704.408339527437,2883.0
12214.824949647302,2883.0
12214.824949647302,2667.0
22577.07545415033,2667.0
22577.07545415033,2883.0
33738.380963006064,2883.0
33738.380963006064,2667.0
62709.65949911625,2667.0
62709.65949911625,2234.0
86400.000002,2234.0
# temp #2636
0.0,2234.0
38667.64799812809,2234.0
38667.64799812809,2429.0
39267.64799812809,2429.0
39267.64799812809,2555.0
41486.34175965563,2555.0
41486.34175965563,2429.0
42924.9544476159,2429.0
42924.9544476159,2883.0
60026.71466600151,2883.0
60026.71466600151,2667.0
64330.01295821743,2667.0
64330.01295821743,2883.0
80046.95445201361,2883.0
80046.95445201361,2429.0
82992.64863361606,2429.0
82992.64863361606,2234.0
86400.0,2234.0
# temp #2637
0.0,2234.0
6261.027366109193,2234.0
6261.027366109193,2667.0
48449.18019280304,2667.0
48449.18019280304,2555.0
49140.574730210945,2555.0
49140.574730210945,2429.0
78474.92814904546,2429.0
78474.92814904546,2555.0
86400.0,2555.0
# temp #2638
0.0,2234.0
31011.477867630314,2234.0
31011.477867630314,2555.0
34162.26947188844,2555.0
34162.26947188844,2429.0
49583.6917775916,2429.0
49583.6917775916,2234.0
57327.04127922189,2234.0
57327.04127922189,2429.0
64560.53558334243,2429.0
64560.53558334243,2234.0
77973.87296080125,2234.0
77973.87296080125,2667.0
86400.0,2667.0
# temp #2639
0.0,2234.0
7222.062450251544,2234.0
7222.062450251544,2667.0
15987.633168138567,2667.0
15987.633168138567,2555.0
16799.20643102378,2555.0
16799.20643102378,2667.0
44064.80342731812,2667.0
44064.80342731812,2555.0
44664.80342731812,2555.0
44664.80342731812,2667.0
63343.979474203676,2667.0
63343.979474203676,2555.0
68196.48305405864,2555.0
68196.48305405864,2429.0
73840.42105951814,2429.0
73840.42105951814,2555.0
86400.0,2555.0
# temp #2640
0.0,2234.0
58578.45293402207,2234.0
58578.45293402207,2555.0
72176.75926506055,2555.0
72176.75926506055,2429.0
72773.32931512503,2429.0
72773.32931512503,2555.0
75407.55734893029,2555.0
75407.55734893029,2429.0
76896.61138860976,2429.0
76896.61138860976,2555.0
77402.03868385871,2555.0
77402.03868385871,2429.0
77702.03868385871,2429.0
77702.03868385871,2555.0
79202.03868385871,2555.0
79202.03868385871,2429.0
86400.0,2429.0
# temp #2641
0.0,2234.0
22383.752287994143,2234.0
22383.752287994143,2555.0
30546.89186008182,2555.0
30546.89186008182,2429.0
30933.455235371373,2429.0
30933.455235371373,2555.0
32049.53855029308,2555.0
32049.53855029308,2429.0
32835.332501982346,2429.0
32835.332501982346,2234.0
34025.050366320655,2234.0
34025.050366320655,2667.0
60293.49817174953,2667.0
60293.49817174953,2555.0
60967.27089830675,2555.0
60967.27089830675,2429.0
73474.42097661553,2429.0
73474.42097661553,2555.0
86400.0,2555.0
# temp #2642
0.0,2234.0
30017.209184356037,2234.0
30017.209184356037,2017.0
61015.236139018096,2017.0
61015.236139018096,2234.0
86400.000002,2234.0
# temp #2643
0.0,2234.0
41148.98757319898,2234.0
41148.98757319898,2429.0
41655.243048118435,2429.0
41655.243048118435,2555.0
46109.31750652381,2555.0
46109.31750652381,2429.0
72888.08727746365,2429.0
72888.08727746365,2555.0
86400.0,2555.0
# temp #2644
0.0,2234.0
2052.4755518417805,2234.0
2052.4755518417805,2667.0
11621.206160145814,2667.0
11621.206160145814,2555.0
12861.586346640253,2555.0
12861.586346640253,2429.0
17809.62887811475,2429.0
17809.62887811475,2555.0
34822.35383677763,2555.0
34822.35383677763,2429.0
69929.99634265435,2429.0
69929.99634265435,2883.0
86400.000002,2883.0
# temp #2645
0.0,2234.0
12756.466983351858,2234.0
12756.466983351858,2017.0
63455.296128010385,2017.0
63455.296128010385,2234.0
86400.0,2234.0
# temp #2646
0.0,2234.0
3265.9544179681693,2234.0
3265.9544179681693,2667.0
36253.743842756376,2667.0
36253.743842756376,2555.0
37539.57153358497,2555.0
37539.57153358497,2667.0
60195.77993473504,2667.0
60195.77993473504,2555.0
60495.77993473504,2555.0
60495.77993473504,2667.0
61362.48694178649,2667.0
61362.48694178649,2555.0
61962.48694178649,2555.0
61962.48694178649,2667.0
63001.90335146618,2667.0
63001.90335146618,2555.0
69066.32939062547,2555.0
69066.32939062547,2667.0
86400.000002,2667.0
# temp #2647
0.0,2234.0
22012.004439951856,2234.0
22012.004439951856,2017.0
29255.164893530313,2017.0
29255.164893530313,2234.0
64627.60599972682,2234.0
64627.60599972682,2017.0
86400.000002,2017.0
# temp #2648
0.0,2234.0
31037.35123984516,2234.0
31037.35123984516,2429.0
31637.35123984516,2429.0
31637.35123984516,2555.0
35993.75277869404,2555.0
35993.75277869404,2429.0
66163.20146732034,2429.0
66163.20146732034,2555.0
80318.19150166122,2555.0
80318.19150166122,2429.0
86400.0,2429.0
# temp #2649
0.0,2234.0
64824.44049578627,2234.0
64824.44049578627,2555.0
69997.74046379609,2555.0
69997.74046379609,2667.0
76297.74046379609,2667.0
76297.74046379609,2555.0
77497.74046379609,2555.0
77497.74046379609,2429.0
86400.000002,2429.0
# temp #2650
0.0,2234.0
648.3021050691605,2234.0
648.3021050691605,2555.0
3761.727282777429,2555.0
3761.727282777429,2667.0
10061.727282777429,2667.0
10061.727282777429,2555.0
11261.727282777429,2555.0
11261.727282777429,2429.0
54461.72728277743,2429.0
54461.72728277743,2234.0
64256.93851271644,2234.0
64256.93851271644,2667.0
86113.79926011432,2667.0
86113.79926011432,2555.0
86400.000002,2555.0
# temp #2651
0.0,2234.0
44149.06638697722,2234.0
44149.06638697722,2555.0
44712.29904920329,2555.0
44712.29904920329,2667.0
45098.409121669836,2667.0
45098.409121669836,2555.0
45398.409121669836,2555.0
45398.409121669836,2667.0
72098.40912166983,2667.0
72098.40912166983,2555.0
86400.000002,2555.0
# temp #2652
0.0,2234.0
27113.598767481748,2234.0
27113.598767481748,2017.0
39420.24607630447,2017.0
39420.24607630447,2234.0
40992.05235270784,2234.0
40992.05235270784,2017.0
51558.164388081066,2017.0
51558.164388081066,2234.0
58865.45310183429,2234.0
58865.45310183429,2017.0
86400.000002,2017.0
# temp #2653
0.0,2234.0
14413.192666042598,2234.0
14413.192666042598,2017.0
26122.807130310688,2017.0
26122.807130310688,2234.0
72240.2344113216,2234.0
72240.2344113216,2017.0
75090.6650165096,2017.0
75090.6650165096,2234.0
86400.000002,2234.0
# temp #2654
0.0,2234.0
16216.10665933695,2234.0
16216.10665933695,2883.0
27316.10665933695,2883.0
27316.10665933695,2555.0
31984.04172265437,2555.0
31984.04172265437,2667.0
34284.91559901741,2667.0
34284.91559901741,2555.0
52739.39150772058,2555.0
52739.39150772058,2429.0
75091.23935506215,2429.0
75091.23935506215,2555.0
86400.0,2555.0
# temp #2655
0.0,2234.0
6568.8205442391345,2234.0
6568.8205442391345,2667.0
15127.065478661101,2667.0
15127.065478661101,2555.0
16018.408772000115,2555.0
16018.408772000115,2667.0
27200.461073010236,2667.0
27200.461073010236,2555.0
30200.461073010236,2555.0
30200.461073010236,2667.0
56300.461073010236,2667.0
56300.461073010236,2883.0
86400.0,2883.0
# temp #2656
0.0,2234.0
12317.224398627879,2234.0
12317.224398627879,2429.0
12617.224398627879,2429.0
12617.224398627879,2234.0
35997.363963536925,2234.0
35997.363963536925,2429.0
45101.22025560123,2429.0
45101.22025560123,2555.0
51351.251558144584,2555.0
51351.251558144584,2429.0
68129.6072840458,2429.0
68129.6072840458,2555.0
85800.95684349073,2555.0
85800.95684349073,2667.0
86400.000002,2667.0
# temp #2657
0.0,2234.0
8167.121568694713,2234.0
8167.121568694713,2667.0
26272.877485211946,2667.0
26272.877485211946,2555.0
27091.795391310014,2555.0
27091.795391310014,2667.0
59048.94463538659,2667.0
59048.94463538659,2555.0
59348.94463538659,2555.0
59348.94463538659,2429.0
86400.0,2429.0
# temp #2658
0.0,2234.0
733.033146103844,2234.0
733.033146103844,2667.0
13726.507411664354,2667.0
13726.507411664354,2555.0
14742.334152711557,2555.0
14742.334152711557,2667.0
53076.938930084005,2667.0
53076.938930084005,2555.0
53376.938930084005,2555.0
53376.938930084005,2667.0
54143.976992438555,2667.0
54143.976992438555,2555.0
54743.976992438555,2555.0
54743.976992438555,2667.0
58928.032684000216,2667.0
58928.032684000216,2555.0
73501.6464227345,2555.0
73501.6464227345,2667.0
86400.0,2667.0
# temp #2659
0.0,2234.0
23006.722668791193,2234.0
23006.722668791193,2017.0
59667.869830364376,2017.0
59667.869830364376,2234.0
86400.0,2234.0
# temp #2660
0.0,2234.0
5403.297514189036,2234.0
5403.297514189036,2429.0
37503.297514189035,2429.0
37503.297514189035,2555.0
37803.297514189035,2555.0
37803.297514189035,2667.0
61594.10815089941,2667.0
61594.10815089941,2883.0
86400.000002,2883.0
# temp #2661
0.0,2234.0
10476.356638781728,2234.0
10476.356638781728,2883.0
12065.12563840952,2883.0
12065.12563840952,2667.0
22125.31495476142,2667.0
22125.31495476142,2883.0
43385.05016737618,2883.0
43385.05016737618,2429.0
54301.20497799945,2429.0
54301.20497799945,2555.0
56585.19885437564,2555.0
56585.19885437564,2429.0
63235.06948363503,2429.0
63235.06948363503,2234.0
83262.73637751584,2234.0
83262.73637751584,2667.0
86400.0,2667.0
# temp #2662
0.0,2234.0
79002.33442692553,2234.0
79002.33442692553,2555.0
79477.36450892409,2555.0
79477.36450892409,2429.0
86400.0,2429.0
# temp #2663
0.0,2234.0
50377.873022994034,2234.0
50377.873022994034,2555.0
60616.79000747391,2555.0
60616.79000747391,2429.0
61016.400410165086,2429.0
61016.400410165086,2555.0
81423.19756213111,2555.0
81423.19756213111,2429.0
82072.23544882146,2429.0
82072.23544882146,2234.0
86400.000002,2234.0
# temp #2664
0.0,2234.0
7874.975409591571,2234.0
7874.975409591571,2017.0
62027.31096530334,2017.0
62027.31096530334,2234.0
86400.0,2234.0
# temp #2665
0.0,2234.0
25213.28897424974,2234.0
25213.28897424974,2429.0
25810.58367728256,2429.0
25810.58367728256,2555.0
30263.177829002965,2555.0
30263.177829002965,2429.0
59775.25897070301,2429.0
59775.25897070301,2555.0
86400.000002,2555.0
# temp #2666
0.0,2234.0
2653.0362088233237,2234.0
2653.0362088233237,2667.0
31326.390002248812,2667.0
31326.390002248812,2555.0
32052.83771292307,2555.0
32052.83771292307,2429.0
48085.2011715062,2429.0
48085.2011715062,2234.0
61390.88733906393,2234.0
61390.88733906393,2429.0
86400.0,2429.0
# temp #2667
0.0,2234.0
62150.10365734343,2234.0
62150.10365734343,2555.0
71433.70360953269,2555.0
71433.70360953269,2429.0
71843.7102234224,2429.0
71843.7102234224,2555.0
86400.000002,2555.0
# temp #2668
0.0,2234.0
1714.4506608601662,2234.0
1714.4506608601662,2555.0
2912.932663480751,2555.0
2912.932663480751,2667.0
12812.932663480751,2667.0
12812.932663480751,2555.0
13245.169460470788,2555.0
13245.169460470788,2429.0
18475.803997158073,2429.0
18475.803997158073,2883.0
19731.437640613876,2883.0
19731.437640613876,2429.0
24176.003440422937,2429.0
24176.003440422937,2555.0
26437.312306347307,2555.0
26437.312306347307,2429.0
34613.16297899466,2429.0
34613.16297899466,2883.0
40817.35358254519,2883.0
40817.35358254519,2429.0
60105.66583194305,2429.0
60105.66583194305,2555.0
84986.2833059393,2555.0
84986.2833059393,2429.0
86400.000002,2429.0
# temp #2669
0.0,2234.0
16366.431161854418,2234.0
16366.431161854418,2429.0
16666.431161854416,2429.0
16666.431161854416,2234.0
31819.68004822266,2234.0
31819.68004822266,2429.0
35000.26914048941,2429.0
35000.26914048941,2555.0
70081.12729860005,2555.0
70081.12729860005,2429.0
80745.52893794609,2429.0
80745.52893794609,2555.0
86400.000002,2555.0
# temp #2670
0.0,2234.0
12661.222685733812,2234.0
12661.222685733812,2017.0
17060.102901281793,2017.0
17060.102901281793,2234.0
49699.50190731325,2234.0
49699.50190731325,2017.0
68567.26543516853,2017.0
68567.26543516853,2234.0
80585.74255364948,2234.0
80585.74255364948,2017.0
86400.0,2017.0
# temp #2671
0.0,2234.0
25425.05492381752,2234.0
25425.05492381752,2555.0
57244.52940411867,2555.0
57244.52940411867,2429.0
77377.39433683456,2429.0
77377.39433683456,2234.0
77677.39433683456,2234.0
77677.39433683456,2017.0
86400.000002,2017.0
# temp #2672
0.0,2234.0
652.7073408477008,2234.0
652.7073408477008,2667.0
41830.80412242562,2667.0
41830.80412242562,2555.0
42404.75868936629,2555.0
42404.75868936629,2667.0
54621.92918169313,2667.0
54621.92918169313,2555.0
54921.92918169313,2555.0
54921.92918169313,2667.0
55632.17619617936,2667.0
55632.17619617936,2555.0
56232.17619617936,2555.0
56232.17619617936,2667.0
70009.04793168885,2667.0
70009.04793168885,2883.0
75736.30580815954,2883.0
75736.30580815954,2667.0
86400.0,2667.0
# temp #2673
0.0,2234.0
29293.301538750533,2234.0
29293.301538750533,2555.0
65490.18024690451,2555.0
65490.18024690451,2429.0
66086.17871354801,2429.0
66086.17871354801,2555.0
86400.000002,2555.0
# temp #2674
0.0,2234.0
44289.60952337366,2234.0
44289.60952337366,2429.0
44651.04001967703,2429.0
44651.04001967703,2555.0
45143.2103390107,2555.0
45143.2103390107,2429.0
77790.22449413316,2429.0
77790.22449413316,2555.0
80860.454321187,2555.0
80860.454321187,2667.0
83396.00683248138,2667.0
83396.00683248138,2555.0
86400.0,2555.0
# temp #2675
0.0,2234.0
59092.67636260484,2234.0
59092.67636260484,2555.0
61096.95646441542,2555.0
61096.95646441542,2667.0
61527.89204120637,2667.0
61527.89204120637,2555.0
61827.89204120637,2555.0
61827.89204120637,2667.0
86400.0,2667.0
# temp #2676
0.0,2234.0
3349.578266590834,2234.0
3349.578266590834,2667.0
46505.436239414856,2667.0
46505.436239414856,2555.0
47272.33912555967,2555.0
47272.33912555967,2667.0
54772.668242664084,2667.0
54772.668242664084,2555.0
55072.668242664084,2555.0
55072.668242664084,2429.0
63076.3952593552,2429.0
63076.3952593552,2883.0
76680.58466815857,2883.0
76680.58466815857,2429.0
86400.0,2429.0
# temp #2677
0.0,2234.0
25927.450054697696,2234.0
25927.450054697696,2017.0
62225.131951365634,2017.0
62225.131951365634,2234.0
86231.28750426696,2234.0
86231.28750426696,2017.0
86400.000002,2017.0
# temp #2678
0.0,2234.0
61867.891279421754,2234.0
61867.891279421754,2555.0
63090.1301261969,2555.0
63090.1301261969,2667.0
63471.71641378664,2667.0
63471.71641378664,2555.0
63771.71641378664,2555.0
63771.71641378664,2667.0
67371.71641378663,2667.0
67371.71641378663,2555.0
68871.71641378663,2555.0
68871.71641378663,2429.0
74657.17785491144,2429.0
74657.17785491144,2234.0
86400.000002,2234.0
# temp #2679
0.0,2234.0
62843.149749585435,2234.0
62843.149749585435,2555.0
77506.8325956585,2555.0
77506.8325956585,2429.0
86400.000002,2429.0
# temp #2680
0.0,2234.0
26565.022772667002,2234.0
26565.022772667002,2429.0
26900.659996876497,2429.0
26900.659996876497,2234.0
27653.38963607792,2234.0
27653.38963607792,2429.0
28003.07592612226,2429.0
28003.07592612226,2234.0
36830.82551832777,2234.0
36830.82551832777,2429.0
37624.000133480884,2429.0
37624.000133480884,2234.0
58656.15382692778,2234.0
58656.15382692778,2429.0
78073.64443133121,2429.0
78073.64443133121,2555.0
86400.0,2555.0
# temp #2681
0.0,2234.0
42335.883965506226,2234.0
42335.883965506226,2429.0
74435.88396550622,2429.0
74435.88396550622,2555.0
74735.88396550622,2555.0
74735.88396550622,2667.0
74899.55008216202,2667.0
74899.55008216202,2555.0
85823.1399192475,2555.0
85823.1399192475,2667.0
86400.000002,2667.0
# temp #2682
0.0,2234.0
78341.48489353248,2234.0
78341.48489353248,2555.0
86400.000002,2555.0
# temp #2683
0.0,2234.0
23696.37245787308,2234.0
23696.37245787308,2429.0
24044.883355242204,2429.0
24044.883355242204,2555.0
28510.29779550154,2555.0
28510.29779550154,2429.0
60767.70548948554,2429.0
60767.70548948554,2555.0
86400.0,2555.0
# temp #2684
0.0,2234.0
3399.4992314837878,2234.0
3399.4992314837878,2667.0
33742.131300782785,2667.0
33742.131300782785,2555.0
34712.52326793038,2555.0
34712.52326793038,2429.0
42987.72087958642,2429.0
42987.72087958642,2555.0
51193.236539466314,2555.0
51193.236539466314,2667.0
56779.48348482606,2667.0
56779.48348482606,2555.0
74703.21373462213,2555.0
74703.21373462213,2667.0
77118.217655411,2667.0
77118.217655411,2555.0
86400.0,2555.0
# temp #2685
0.0,2234.0
51231.5446546767,2234.0
51231.5446546767,2555.0
54290.78629547731,2555.0
54290.78629547731,2667.0
54662.67126726453,2667.0
54662.67126726453,2555.0
54962.67126726453,2555.0
54962.67126726453,2667.0
58562.67126726453,2667.0
58562.67126726453,2555.0
60062.67126726453,2555.0
60062.67126726453,2429.0
70386.17877101061,2429.0
70386.17877101061,2234.0
72447.05847089646,2234.0
72447.05847089646,2667.0
77295.82603485325,2667.0
77295.82603485325,2555.0
86400.0,2555.0
# temp #2686
0.0,2234.0
62059.445586358204,2234.0
62059.445586358204,2883.0
64459.445586358204,2883.0
64459.445586358204,2667.0
78781.0748500284,2667.0
78781.0748500284,2234.0
86400.000002,2234.0
# temp #2687
0.0,2234.0
16926.726240967404,2234.0
16926.726240967404,2883.0
17396.108994400132,2883.0
17396.108994400132,2667.0
29297.044943296358,2667.0
29297.044943296358,2883.0
53226.41858453863,2883.0
53226.41858453863,2429.0
86400.0,2429.0
# temp #2688
0.0,2234.0
6800.819825241343,2234.0
6800.819825241343,2017.0
54523.592115892105,2017.0
54523.592115892105,2234.0
86400.000002,2234.0
# temp #2689
0.0,2234.0
8313.767624949105,2234.0
8313.767624949105,2429.0
8789.635791932233,2429.0
8789.635791932233,2555.0
10688.389469613321,2555.0
10688.389469613321,2429.0
32034.55682911445,2429.0
32034.55682911445,2555.0
39415.77254135628,2555.0
39415.77254135628,2667.0
61025.3983949544,2667.0
61025.3983949544,2555.0
71856.14570479376,2555.0
71856.14570479376,2429.0
86400.0,2429.0
# temp #2690
0.0,2234.0
43979.71807303839,2234.0
43979.71807303839,2429.0
44326.1322723236,2429.0
44326.1322723236,2555.0
46619.092235108845,2555.0
46619.092235108845,2429.0
51174.78509342764,2429.0
51174.78509342764,2555.0
59195.74286711869,2555.0
59195.74286711869,2429.0
86400.0,2429.0
# temp #2691
0.0,2234.0
8506.125727202745,2234.0
8506.125727202745,2667.0
15558.831212273803,2667.0
15558.831212273803,2555.0
16101.514773513194,2555.0
16101.514773513194,2667.0
20204.699491197247,2667.0
20204.699491197247,2555.0
20804.699491197247,2555.0
20804.699491197247,2667.0
33782.43774231523,2667.0
33782.43774231523,2555.0
38266.30597840995,2555.0
38266.30597840995,2429.0
40768.44800538384,2429.0
40768.44800538384,2667.0
74760.94781665599,2667.0
74760.94781665599,2555.0
86400.0,2555.0
# temp #2692
0.0,2234.0
76186.14042908886,2234.0
76186.14042908886,2555.0
86400.000002,2555.0
# temp #2693
0.0,2234.0
11268.371572368778,2234.0
11268.371572368778,2429.0
11850.334835378453,2429.0
11850.334835378453,2234.0
12473.27781105414,2234.0
12473.27781105414,2429.0
17434.247032832354,2429.0
17434.247032832354,2234.0
29926.06956926175,2234.0
29926.06956926175,2429.0
31023.850436462093,2429.0
31023.850436462093,2555.0
32246.06998781674,2555.0
32246.06998781674,2429.0
86400.000002,2429.0
# temp #2694
0.0,2234.0
24446.388783864677,2234.0
24446.388783864677,2555.0
59015.51749985666,2555.0
59015.51749985666,2429.0
60500.809241412215,2429.0
60500.809241412215,2234.0
86400.000002,2234.0
# temp #2695
0.0,2234.0
4328.330867062323,2234.0
4328.330867062323,2883.0
5154.175860481337,2883.0
5154.175860481337,2667.0
14868.179107876496,2667.0
14868.179107876496,2883.0
17996.54094683938,2883.0
17996.54094683938,2667.0
53300.49319483806,2667.0
53300.49319483806,2555.0
73170.67466019654,2555.0
73170.67466019654,2429.0
86400.000002,2429.0
# temp #2696
0.0,2234.0
8747.93439062778,2234.0
8747.93439062778,2883.0
9874.151088902729,2883.0
9874.151088902729,2667.0
21545.134956808764,2667.0
21545.134956808764,2883.0
30417.09198863246,2883.0
30417.09198863246,2555.0
31617.09198863246,2555.0
31617.09198863246,2883.0
52917.13485913352,2883.0
52917.13485913352,2429.0
68124.36576350594,2429.0
68124.36576350594,2234.0
74563.19235262928,2234.0
74563.19235262928,2429.0
86400.0,2429.0
# temp #2697
0.0,2234.0
16739.08932041377,2234.0
16739.08932041377,2017.0
17906.339019723237,2017.0
17906.339019723237,2234.0
47530.798757169396,2234.0
47530.798757169396,2017.0
71959.79532427154,2017.0
71959.79532427154,2234.0
86400.000002,2234.0
# temp #2698
0.0,2234.0
1711.4740407094362,2234.0
1711.4740407094362,2667.0
40849.96031485499,2667.0
40849.96031485499,2555.0
41337.39200290293,2555.0
41337.39200290293,2667.0
76012.17869063841,2667.0
76012.17869063841,2555.0
76612.17869063841,2555.0
76612.17869063841,2667.0
86400.0,2667.0
# temp #2699
0.0,2234.0
38131.37032357045,2234.0
38131.37032357045,2017.0
42490.730021428324,2017.0
42490.730021428324,2234.0
66077.7103861794,2234.0
66077.7103861794,2017.0
81230.63245718369,2017.0
81230.63245718369,2234.0
86400.000002,2234.0
# temp #2700
0.0,2234.0
50793.29819194973,2234.0
50793.29819194973,2555.0
69635.49326760696,2555.0
69635.49326760696,2429.0
70108.09872010724,2429.0
70108.09872010724,2555.0
86400.000002,2555.0
# temp #2701
0.0,2234.0
11963.254121504726,2234.0
11963.254121504726,2555.0
40049.311960442,2555.0
40049.311960442,2429.0
60695.743208332,2429.0
60695.743208332,2234.0
62540.81936941949,2234.0
62540.81936941949,2429.0
74929.19489876369,2429.0
74929.19489876369,2234.0
82281.9301180076,2234.0
82281.9301180076,2667.0
86400.0,2667.0
# temp #2702
0.0,2234.0
5002.880727779121,2234.0
5002.880727779121,2667.0
49357.19508316834,2667.0
49357.19508316834,2555.0
50753.64635784645,2555.0
50753.64635784645,2667.0
78340.61209810899,2667.0
78340.61209810899,2555.0
78940.61209810899,2555.0
78940.61209810899,2667.0
86400.000002,2667.0
# temp #2703
0.0,2234.0
70990.59373028576,2234.0
70990.59373028576,2555.0
81644.83322859742,2555.0
81644.83322859742,2234.0
86400.000002,2234.0
# temp #2704
0.0,2234.0
7812.036652886311,2234.0
7812.036652886311,2667.0
53732.89321102203,2667.0
53732.89321102203,2555.0
54293.12486182899,2555.0
54293.12486182899,2667.0
86400.0,2667.0
# temp #2705
0.0,2234.0
26150.678406469524,2234.0
26150.678406469524,2555.0
42867.617608699955,2555.0
42867.617608699955,2667.0
54616.77376104054,2667.0
54616.77376104054,2555.0
83679.25096149558,2555.0
83679.25096149558,2429.0
84209.72462729552,2429.0
84209.72462729552,2555.0
86400.0,2555.0
# temp #2706
0.0,2234.0
43221.98461275548,2234.0
43221.98461275548,2555.0
69632.08335887175,2555.0
69632.08335887175,2429.0
86400.000002,2429.0
# temp #2707
0.0,2234.0
367.04967711120844,2234.0
367.04967711120844,2017.0
48422.17254708522,2017.0
48422.17254708522,2234.0
78294.90700908938,2234.0
78294.90700908938,2017.0
86400.0,2017.0
# temp #2708
0.0,2234.0
42212.35721732956,2234.0
42212.35721732956,2555.0
45388.54131654371,2555.0
45388.54131654371,2667.0
45840.707114897676,2667.0
45840.707114897676,2555.0
46140.707114897676,2555.0
46140.707114897676,2667.0
72840.70711489767,2667.0
72840.70711489767,2555.0
86400.000002,2555.0
# temp #2709
0.0,2234.0
16284.445350850003,2234.0
16284.445350850003,2429.0
16751.213264465336,2429.0
16751.213264465336,2555.0
19491.149771958593,2555.0
19491.149771958593,2429.0
28683.79404866137,2429.0
28683.79404866137,2555.0
64870.256376802005,2555.0
64870.256376802005,2429.0
77598.05146653672,2429.0
77598.05146653672,2234.0
84860.11102090125,2234.0
84860.11102090125,2667.0
86400.0,2667.0
# temp #2710
0.0,2234.0
5015.837412932889,2234.0
5015.837412932889,2667.0
41104.21138401144,2667.0
41104.21138401144,2555.0
41515.40227909573,2555.0
41515.40227909573,2429.0
50920.004333322875,2429.0
50920.004333322875,2555.0
63862.465464184075,2555.0
63862.465464184075,2429.0
64097.624082933195,2429.0
64097.624082933195,2555.0
83977.16949828902,2555.0
83977.16949828902,2429.0
86400.000002,2429.0
# temp #2711
0.0,2234.0
68473.71334007477,2234.0
68473.71334007477,2555.0
72605.89366278147,2555.0
72605.89366278147,2667.0
73013.43234535308,2667.0
73013.43234535308,2555.0
79013.43234535308,2555.0
79013.43234535308,2429.0
81413.43234535308,2429.0
81413.43234535308,2234.0
85013.43234535308,2234.0
85013.43234535308,2429.0
86213.43234535308,2429.0
86213.43234535308,2234.0
86400.000002,2234.0
# temp #2712
0.0,2234.0
26062.620030948896,2234.0
26062.620030948896,2017.0
75901.43797402272,2017.0
75901.43797402272,2234.0
84872.01245329344,2234.0
84872.01245329344,2017.0
86400.000002,2017.0
# temp #2713
0.0,2234.0
17058.49609044381,2234.0
17058.49609044381,2017.0
42561.25443829224,2017.0
42561.25443829224,2234.0
65880.80262774603,2234.0
65880.80262774603,2017.0
69477.51164766961,2017.0
69477.51164766961,2234.0
70904.90657114425,2234.0
70904.90657114425,2017.0
86400.0,2017.0
# temp #2714
0.0,2234.0
39664.596099592745,2234.0
39664.596099592745,2883.0
42064.596099592745,2883.0
42064.596099592745,2667.0
46162.59490982629,2667.0
46162.59490982629,2555.0
60889.16408456862,2555.0
60889.16408456862,2429.0
61426.39945631382,2429.0
61426.39945631382,2555.0
74382.27452393621,2555.0
74382.27452393621,2429.0
86400.0,2429.0
# temp #2715
0.0,2234.0
50276.40217831359,2234.0
50276.40217831359,2555.0
69991.54655328022,2555.0
69991.54655328022,2667.0
86400.000002,2667.0
# temp #2716
0.0,2234.0
16222.042524791326,2234.0
16222.042524791326,2883.0
27322.042524791326,2883.0
27322.042524791326,2555.0
51465.95655523707,2555.0
51465.95655523707,2429.0
66578.27303207015,2429.0
66578.27303207015,2555.0
86400.000002,2555.0
# temp #2717
0.0,2234.0
24447.844291152436,2234.0
24447.844291152436,2017.0
55728.10882190243,2017.0
55728.10882190243,2234.0
83654.0613686666,2234.0
83654.0613686666,2017.0
86400.000002,2017.0
# temp #2718
0.0,2234.0
67053.4186484758,2234.0
67053.4186484758,2555.0
74652.16577262619,2555.0
74652.16577262619,2429.0
86400.000002,2429.0
# temp #2719
0.0,2234.0
70556.84267857579,2234.0
70556.84267857579,2555.0
71215.7203511568,2555.0
71215.7203511568,2429.0
72473.94966941794,2429.0
72473.94966941794,2234.0
78989.6432365291,2234.0
78989.6432365291,2429.0
86400.000002,2429.0
# temp #2720
0.0,2234.0
20335.61386233196,2234.0
20335.61386233196,2017.0
66261.4738404751,2017.0
66261.4738404751,2234.0
86400.0,2234.0
# temp #2721
0.0,2234.0
5599.582988745534,2234.0
5599.582988745534,2667.0
53551.01476837882,2667.0
53551.01476837882,2555.0
54739.11364129745,2555.0
54739.11364129745,2429.0
84734.22894640827,2429.0
84734.22894640827,2234.0
86400.0,2234.0
# temp #2722
0.0,2234.0
72516.33504820058,2234.0
72516.33504820058,2883.0
74916.33504820058,2883.0
74916.33504820058,2667.0
86400.0,2667.0
# temp #2723
0.0,2234.0
16274.707678332927,2234.0
16274.707678332927,2429.0
16857.002573646605,2429.0
16857.002573646605,2234.0
17737.35247431323,2234.0
17737.35247431323,2429.0
19398.511299071833,2429.0
19398.511299071833,2234.0
36198.788857134066,2234.0
36198.788857134066,2429.0
36532.84581697081,2429.0
36532.84581697081,2234.0
54142.36958166586,2234.0
54142.36958166586,2429.0
65527.63316310012,2429.0
65527.63316310012,2555.0
67358.2804194186,2555.0
67358.2804194186,2667.0
78402.74550165051,2667.0
78402.74550165051,2555.0
86400.0,2555.0
# temp #2724
0.0,2234.0
1633.5711402352902,2234.0
1633.5711402352902,2667.0
7935.4668548796335,2667.0
7935.4668548796335,2555.0
8261.356931878254,2555.0
8261.356931878254,2429.0
13031.759411073292,2429.0
13031.759411073292,2555.0
24700.677609862763,2555.0
24700.677609862763,2429.0
24746.157877380032,2429.0
24746.157877380032,2555.0
29700.09982218035,2555.0
29700.09982218035,2667.0
61753.00462148154,2667.0
61753.00462148154,2555.0
72836.56641603449,2555.0
72836.56641603449,2667.0
83165.39099598305,2667.0
83165.39099598305,2234.0
86400.000002,2234.0
# temp #2725
0.0,2234.0
12105.321269156413,2234.0
12105.321269156413,2555.0
12701.830048486592,2555.0
12701.830048486592,2667.0
13143.29746286385,2667.0
13143.29746286385,2555.0
13443.29746286385,2555.0
13443.29746286385,2667.0
17043.297462863848,2667.0
17043.297462863848,2555.0
18543.297462863848,2555.0
18543.297462863848,2429.0
20120.398988784294,2429.0
20120.398988784294,2234.0
42377.89097707719,2234.0
42377.89097707719,2429.0
61359.57701650915,2429.0
61359.57701650915,2234.0
72341.25887264965,2234.0
72341.25887264965,2667.0
84485.34741711339,2667.0
84485.34741711339,2234.0
86400.0,2234.0
# temp #2726
0.0,2234.0
7060.4302117601055,2234.0
7060.4302117601055,2667.0
24597.728612995714,2667.0
24597.728612995714,2555.0
25761.4657154074,2555.0
25761.4657154074,2667.0
51963.67377690041,2667.0
51963.67377690041,2555.0
52263.67377690041,2555.0
52263.67377690041,2667.0
53077.122640307076,2667.0
53077.122640307076,2555.0
53677.122640307076,2555.0
53677.122640307076,2667.0
58459.484840487145,2667.0
58459.484840487145,2555.0
68949.90730241408,2555.0
68949.90730241408,2667.0
86400.0,2667.0
# temp #2727
0.0,2234.0
7689.6145423175785,2234.0
7689.6145423175785,2667.0
56554.72080339678,2667.0
56554.72080339678,2555.0
57690.91105065309,2555.0
57690.91105065309,2667.0
82644.73071915565,2667.0
82644.73071915565,2555.0
83244.73071915565,2555.0
83244.73071915565,2667.0
86400.000002,2667.0
# temp #2728
0.0,2234.0
3611.0853267135103,2234.0
3611.0853267135103,2883.0
4802.399899950251,2883.0
4802.399899950251,2667.0
13164.675819198601,2667.0
13164.675819198601,2883.0
30991.41013522167,2883.0
30991.41013522167,2429.0
57731.39851586894,2429.0
57731.39851586894,2234.0
74966.72901492567,2234.0
74966.72901492567,2667.0
86400.0,2667.0
# temp #2729
0.0,2234.0
3509.9497450981294,2234.0
3509.9497450981294,2667.0
50683.71259574779,2667.0
50683.71259574779,2555.0
52114.94348379784,2555.0
52114.94348379784,2667.0
57294.30517265574,2667.0
57294.30517265574,2555.0
57594.30517265574,2555.0
57594.30517265574,2667.0
58470.116872689694,2667.0
58470.116872689694,2555.0
59070.116872689694,2555.0
59070.116872689694,2667.0
74680.13636588586,2667.0
74680.13636588586,2555.0
86400.0,2555.0
# temp #2730
0.0,2234.0
13637.679558992388,2234.0
13637.679558992388,2017.0
62567.2123648692,2017.0
62567.2123648692,2234.0
86400.0,2234.0
# temp #2731
0.0,2234.0
14044.353079330178,2234.0
14044.353079330178,2555.0
38457.35850976781,2555.0
38457.35850976781,2429.0
38835.21693558433,2429.0
38835.21693558433,2555.0
61242.28854272516,2555.0
61242.28854272516,2429.0
62271.93381960971,2429.0
62271.93381960971,2234.0
68170.57976571379,2234.0
68170.57976571379,2667.0
75599.72692576704,2667.0
75599.72692576704,2883.0
84137.50915385319,2883.0
84137.50915385319,2667.0
86400.000002,2667.0
# temp #2732
0.0,2234.0
42544.54718402121,2234.0
42544.54718402121,2883.0
44944.54718402121,2883.0
44944.54718402121,2667.0
67755.74165624566,2667.0
67755.74165624566,2555.0
80223.92087071203,2555.0
80223.92087071203,2429.0
81122.5790984463,2429.0
81122.5790984463,2555.0
86400.000002,2555.0
# temp #2733
0.0,2234.0
18240.80204784405,2234.0
18240.80204784405,2883.0
29340.80204784405,2883.0
29340.80204784405,2555.0
32959.18491797057,2555.0
32959.18491797057,2667.0
33544.989581499256,2667.0
33544.989581499256,2555.0
50174.389833351604,2555.0
50174.389833351604,2429.0
72672.45905594902,2429.0
72672.45905594902,2234.0
86400.000002,2234.0
# temp #2734
0.0,2234.0
43793.89207453933,2234.0
43793.89207453933,2429.0
75893.89207453933,2429.0
75893.89207453933,2555.0
76193.89207453933,2555.0
76193.89207453933,2667.0
86400.0,2667.0
# temp #2735
0.0,2234.0
53313.11658520718,2234.0
53313.11658520718,2555.0
81833.30394609367,2555.0
81833.30394609367,2429.0
82271.45621397068,2429.0
82271.45621397068,2555.0
86400.0,2555.0
# temp #2736
0.0,2234.0
23362.986697931778,2234.0
23362.986697931778,2555.0
41490.73047547136,2555.0
41490.73047547136,2429.0
41954.49894550257,2429.0
41954.49894550257,2555.0
55689.6145930281,2555.0
55689.6145930281,2429.0
56779.13378148806,2429.0
56779.13378148806,2555.0
58120.03838808742,2555.0
58120.03838808742,2429.0
58420.03838808742,2429.0
58420.03838808742,2555.0
59920.03838808742,2555.0
59920.03838808742,2429.0
70120.03838808743,2429.0
70120.03838808743,2234.0
86400.0,2234.0
# temp #2737
0.0,2234.0
53960.0872893585,2234.0
53960.0872893585,2429.0
54329.3654734036,2429.0
54329.3654734036,2555.0
55203.76277582255,2555.0
55203.76277582255,2429.0
57661.47153319326,2429.0
57661.47153319326,2555.0
84869.51970979573,2555.0
84869.51970979573,2429.0
86400.000002,2429.0
# temp #2738
0.0,2234.0
4633.079348341563,2234.0
4633.079348341563,2667.0
37529.29594342131,2667.0
37529.29594342131,2555.0
39013.06472488213,2555.0
39013.06472488213,2667.0
74676.57892133575,2667.0
74676.57892133575,2555.0
74976.57892133575,2555.0
74976.57892133575,2429.0
76676.15384173115,2429.0
76676.15384173115,2555.0
86400.0,2555.0
# temp #2739
0.0,2234.0
4146.152072818951,2234.0
4146.152072818951,2667.0
12931.462749559436,2667.0
12931.462749559436,2555.0
13306.322164926682,2555.0
13306.322164926682,2429.0
15976.916732406247,2429.0
15976.916732406247,2555.0
24932.349374284975,2555.0
24932.349374284975,2667.0
41667.73289381527,2667.0
41667.73289381527,2883.0
42651.48734708783,2883.0
42651.48734708783,2429.0
71744.86205382274,2429.0
71744.86205382274,2234.0
72306.4483867027,2234.0
72306.4483867027,2667.0
79421.49721195457,2667.0
79421.49721195457,2555.0
86400.000002,2555.0
# temp #2740
0.0,2234.0
59785.942998784594,2234.0
59785.942998784594,2555.0
76471.28068457823,2555.0
76471.28068457823,2234.0
86114.33113384992,2234.0
86114.33113384992,2429.0
86400.000002,2429.0
# temp #2741
0.0,2234.0
51530.73544213549,2234.0
51530.73544213549,2555.0
52158.48258510233,2555.0
52158.48258510233,2667.0
52667.726081796,2667.0
52667.726081796,2555.0
52967.726081796,2555.0
52967.726081796,2667.0
79667.72608179599,2667.0
79667.72608179599,2555.0
86400.0,2555.0
# temp #2742
0.0,2234.0
7074.911800283008,2234.0
7074.911800283008,2883.0
8335.93136225827,2883.0
8335.93136225827,2667.0
17665.114463400096,2667.0
17665.114463400096,2883.0
25848.610396985896,2883.0
25848.610396985896,2429.0
38494.44741192274,2429.0
38494.44741192274,2555.0
46059.660299448304,2555.0
46059.660299448304,2667.0
74518.11637321953,2667.0
74518.11637321953,2555.0
86400.0,2555.0
# temp #2743
0.0,2234.0
8396.351904189216,2234.0
8396.351904189216,2555.0
11228.094411129134,2555.0
11228.094411129134,2667.0
11694.97263687663,2667.0
11694.97263687663,2555.0
11994.97263687663,2555.0
11994.97263687663,2667.0
38694.97263687663,2667.0
38694.97263687663,2555.0
54594.97263687663,2555.0
54594.97263687663,2234.0
58194.97263687663,2234.0
58194.97263687663,2429.0
68094.97263687663,2429.0
68094.97263687663,2555.0
68694.97263687663,2555.0
68694.97263687663,2667.0
80994.97263687663,2667.0
80994.97263687663,2883.0
86400.000002,2883.0
# temp #2744
0.0,2234.0
9955.472309212202,2234.0
9955.472309212202,2883.0
21055.4723092122,2883.0
21055.4723092122,2555.0
52993.16991793458,2555.0
52993.16991793458,2429.0
62881.67867388111,2429.0
62881.67867388111,2555.0
86400.0,2555.0
# temp #2745
0.0,2234.0
5334.945111768321,2234.0
5334.945111768321,2667.0
35825.36048213951,2667.0
35825.36048213951,2555.0
37124.428941356025,2555.0
37124.428941356025,2667.0
62068.558592791676,2667.0
62068.558592791676,2555.0
65068.558592791676,2555.0
65068.558592791676,2667.0
86400.0,2667.0
# temp #2746
0.0,2234.0
3420.044805016369,2234.0
3420.044805016369,2667.0
46070.183745771654,2667.0
46070.183745771654,2555.0
46666.31610430778,2555.0
46666.31610430778,2667.0
72817.11460605731,2667.0
72817.11460605731,2555.0
73417.11460605731,2555.0
73417.11460605731,2667.0
86400.0,2667.0
# temp #2747
0.0,2234.0
14847.588897286918,2234.0
14847.588897286918,2883.0
16506.755136209544,2883.0
16506.755136209544,2667.0
28399.904670752592,2667.0
28399.904670752592,2883.0
55344.938133959666,2883.0
55344.938133959666,2429.0
81928.93682580908,2429.0
81928.93682580908,2883.0
86400.0,2883.0
# temp #2748
0.0,2234.0
4415.067597082817,2234.0
4415.067597082817,2667.0
21646.245830529373,2667.0
21646.245830529373,2555.0
23023.083724197935,2555.0
23023.083724197935,2667.0
47445.84130584263,2667.0
47445.84130584263,2555.0
50445.84130584263,2555.0
50445.84130584263,2667.0
76545.84130584262,2667.0
76545.84130584262,2883.0
86400.000002,2883.0
# temp #2749
0.0,2234.0
8918.612947314978,2234.0
8918.612947314978,2429.0
9518.612947314978,2429.0
9518.612947314978,2555.0
11055.117790773511,2555.0
11055.117790773511,2429.0
15320.470346719958,2429.0
15320.470346719958,2555.0
48384.51745030471,2555.0
48384.51745030471,2429.0
63657.703832862906,2429.0
63657.703832862906,2883.0
86400.000002,2883.0
# temp #2750
0.0,2234.0
67125.30741593802,2234.0
67125.30741593802,2555.0
86400.000002,2555.0
# temp #2751
0.0,2234.0
22545.064590079714,2234.0
22545.064590079714,2017.0
28856.588092027236,2017.0
28856.588092027236,2234.0
42742.301132110886,2234.0
42742.301132110886,2017.0
43799.25695573912,2017.0
43799.25695573912,2234.0
50389.94175111876,2234.0
50389.94175111876,2017.0
84601.7460756004,2017.0
84601.7460756004,2234.0
86400.000002,2234.0
# temp #2752
0.0,2234.0
29627.525638137016,2234.0
29627.525638137016,2017.0
50387.01596064494,2017.0
50387.01596064494,2234.0
86400.0,2234.0
# temp #2753
0.0,2234.0
65946.22823065148,2234.0
65946.22823065148,2555.0
69906.53266827577,2555.0
69906.53266827577,2667.0
70444.31847534144,2667.0
70444.31847534144,2555.0
76444.31847534144,2555.0
76444.31847534144,2429.0
78844.31847534144,2429.0
78844.31847534144,2234.0
82444.31847534144,2234.0
82444.31847534144,2429.0
83644.31847534144,2429.0
83644.31847534144,2234.0
86400.000002,2234.0
# temp #2754
0.0,2234.0
34454.060660675175,2234.0
34454.060660675175,2017.0
56976.20482714848,2017.0
56976.20482714848,2234.0
86400.000002,2234.0
# temp #2755
0.0,2234.0
41811.02541899309,2234.0
41811.02541899309,2429.0
42411.02541899309,2429.0
42411.02541899309,2555.0
46033.90119737015,2555.0
46033.90119737015,2429.0
86400.0,2429.0
# temp #2756
0.0,2234.0
10116.86494778842,2234.0
10116.86494778842,2883.0
11865.195545624012,2883.0
11865.195545624012,2667.0
23727.81925995369,2667.0
23727.81925995369,2883.0
52931.50078305045,2883.0
52931.50078305045,2429.0
58947.24305542187,2429.0
58947.24305542187,2555.0
69936.89469415696,2555.0
69936.89469415696,2667.0
86400.000002,2667.0
# temp #2757
0.0,2234.0
57360.90053790249,2234.0
57360.90053790249,2555.0
66875.61089512892,2555.0
66875.61089512892,2234.0
70871.70579533558,2234.0
70871.70579533558,2429.0
86400.0,2429.0
# temp #2758
0.0,2234.0
54489.26645382308,2234.0
54489.26645382308,2883.0
56889.26645382308,2883.0
56889.26645382308,2667.0
74014.44048041014,2667.0
74014.44048041014,2555.0
86400.000002,2555.0
# temp #2759
0.0,2234.0
27175.25819332805,2234.0
27175.25819332805,2429.0
27508.716017659757,2429.0
27508.716017659757,2555.0
32529.840706195686,2555.0
32529.840706195686,2429.0
35338.084888877354,2429.0
35338.084888877354,2555.0
53448.01181782969,2555.0
53448.01181782969,2429.0
73927.74577578531,2429.0
73927.74577578531,2555.0
76194.88809190226,2555.0
76194.88809190226,2429.0
86400.000002,2429.0
# temp #2760
0.0,2234.0
18662.33907546848,2234.0
18662.33907546848,2429.0
19262.33907546848,2429.0
19262.33907546848,2555.0
20504.00018077344,2555.0
20504.00018077344,2429.0
62989.727613329895,2429.0
62989.727613329895,2883.0
70127.07050743049,2883.0
70127.07050743049,2429.0
86400.000002,2429.0
# temp #2761
0.0,2234.0
35477.13429755532,2234.0
35477.13429755532,2429.0
36036.95789824706,2429.0
36036.95789824706,2234.0
36682.82452805434,2234.0
36682.82452805434,2429.0
37063.19572131616,2429.0
37063.19572131616,2234.0
56197.555121686324,2234.0
56197.555121686324,2429.0
57409.32266581805,2429.0
57409.32266581805,2555.0
58657.09413522856,2555.0
58657.09413522856,2429.0
58957.09413522856,2429.0
58957.09413522856,2555.0
79357.09413522856,2555.0
79357.09413522856,2429.0
79657.09413522856,2429.0
79657.09413522856,2555.0
80257.09413522856,2555.0
80257.09413522856,2667.0
86400.000002,2667.0
# temp #2762
0.0,2234.0
813.83782743942,2234.0
813.83782743942,2555.0
5893.118495098316,2555.0
5893.118495098316,2429.0
6268.320896057413,2429.0
6268.320896057413,2555.0
18919.833674118858,2555.0
18919.833674118858,2429.0
19245.695520238954,2429.0
19245.695520238954,2234.0
33628.072726400576,2234.0
33628.072726400576,2667.0
62783.739235298715,2667.0
62783.739235298715,2234.0
72223.61559227576,2234.0
72223.61559227576,2429.0
86400.0,2429.0
# temp #2763
0.0,2234.0
1034.1166348429397,2234.0
1034.1166348429397,2667.0
40830.46000530013,2667.0
40830.46000530013,2555.0
41541.73524719664,2555.0
41541.73524719664,2667.0
61469.61334717927,2667.0
61469.61334717927,2555.0
61769.61334717927,2555.0
61769.61334717927,2667.0
62432.04718383496,2667.0
62432.04718383496,2555.0
63032.04718383496,2555.0
63032.04718383496,2667.0
77670.31432720834,2667.0
77670.31432720834,2234.0
81678.76385576093,2234.0
81678.76385576093,2667.0
86400.000002,2667.0
# temp #2764
0.0,2234.0
35777.03295119573,2234.0
35777.03295119573,2555.0
36425.03549766262,2555.0
36425.03549766262,2429.0
39642.8884432884,2429.0
39642.8884432884,2234.0
40242.8884432884,2234.0
40242.8884432884,2429.0
42642.8884432884,2429.0
42642.8884432884,2555.0
52842.8884432884,2555.0
52842.8884432884,2667.0
76011.65848318489,2667.0
76011.65848318489,2234.0
85628.12499599533,2234.0
85628.12499599533,2667.0
86400.0,2667.0
# temp #2765
0.0,2234.0
23453.434165497314,2234.0
23453.434165497314,2429.0
23846.965258824643,2429.0
23846.965258824643,2555.0
28641.019469755705,2555.0
28641.019469755705,2429.0
65253.21402540432,2429.0
65253.21402540432,2555.0
85620.34304738046,2555.0
85620.34304738046,2667.0
86400.000002,2667.0
# temp #2766
0.0,2234.0
48463.307325658396,2234.0
48463.307325658396,2555.0
51962.90099609178,2555.0
51962.90099609178,2667.0
52264.68347604387,2667.0
52264.68347604387,2555.0
52564.68347604387,2555.0
52564.68347604387,2667.0
79264.68347604387,2667.0
79264.68347604387,2555.0
86400.000002,2555.0
# temp #2767
0.0,2234.0
4231.140884617344,2234.0
4231.140884617344,2667.0
52391.227376530886,2667.0
52391.227376530886,2555.0
52866.45042391029,2555.0
52866.45042391029,2667.0
68520.35329125357,2667.0
68520.35329125357,2555.0
69120.35329125357,2555.0
69120.35329125357,2667.0
86400.0,2667.0
# temp #2768
0.0,2234.0
25958.122724667195,2234.0
25958.122724667195,2017.0
76324.44232581185,2017.0
76324.44232581185,2234.0
77837.16945592315,2234.0
77837.16945592315,2017.0
86400.0,2017.0
# temp #2769
0.0,2234.0
46342.23366442603,2234.0
46342.23366442603,2555.0
50821.86716843863,2555.0
50821.86716843863,2429.0
51295.966486120604,2429.0
51295.966486120604,2555.0
74379.12915113849,2555.0
74379.12915113849,2429.0
75785.86547698361,2429.0
75785.86547698361,2555.0
77282.81871525107,2555.0
77282.81871525107,2429.0
86400.000002,2429.0
# temp #2770
0.0,2234.0
9800.842916546391,2234.0
9800.842916546391,2883.0
20900.84291654639,2883.0
20900.84291654639,2555.0
23110.02199086361,2555.0
23110.02199086361,2429.0
25862.688296427954,2429.0
25862.688296427954,2883.0
50560.5882319389,2883.0
50560.5882319389,2429.0
71308.73450618239,2429.0
71308.73450618239,2234.0
86400.0,2234.0
# temp #2771
0.0,2234.0
22031.090322230015,2234.0
22031.090322230015,2555.0
30486.248181900017,2555.0
30486.248181900017,2429.0
31043.485761014752,2429.0
31043.485761014752,2555.0
43309.92107132916,2555.0
43309.92107132916,2429.0
44504.07672564034,2429.0
44504.07672564034,2555.0
45075.15310042073,2555.0
45075.15310042073,2429.0
45375.15310042073,2429.0
45375.15310042073,2555.0
46875.15310042073,2555.0
46875.15310042073,2429.0
57075.15310042073,2429.0
57075.15310042073,2234.0
86400.000002,2234.0
# temp #2772
0.0,2234.0
72898.29464054202,2234.0
72898.29464054202,2883.0
75298.29464054202,2883.0
75298.29464054202,2667.0
86400.0,2667.0
# temp #2773
0.0,2234.0
3294.3495132727553,2234.0
3294.3495132727553,2667.0
17443.965889303945,2667.0
17443.965889303945,2555.0
18652.824670518752,2555.0
18652.824670518752,2429.0
44285.917502478704,2429.0
44285.917502478704,2555.0
51422.11573349778,2555.0
51422.11573349778,2429.0
86400.0,2429.0
# temp #2774
0.0,2234.0
42258.38353112341,2234.0
42258.38353112341,2017.0
77252.70516886377,2017.0
77252.70516886377,2234.0
82159.47259669194,2234.0
82159.47259669194,2017.0
86400.0,2017.0
# temp #2775
0.0,2234.0
69873.30390312709,2234.0
69873.30390312709,2555.0
75617.18191334512,2555.0
75617.18191334512,2234.0
86400.000002,2234.0
# temp #2776
0.0,2234.0
5960.90013915673,2234.0
5960.90013915673,2667.0
12496.454049437309,2667.0
12496.454049437309,2555.0
13081.122517283076,2555.0
13081.122517283076,2667.0
41706.61280995701,2667.0
41706.61280995701,2555.0
42306.61280995701,2555.0
42306.61280995701,2667.0
63866.56021883247,2667.0
63866.56021883247,2555.0
68400.73249039707,2555.0
68400.73249039707,2429.0
86400.0,2429.0
# temp #2777
0.0,2234.0
7325.562322628686,2234.0
7325.562322628686,2667.0
21946.267318166796,2667.0
21946.267318166796,2555.0
23216.359528899196,2555.0
23216.359528899196,2429.0
27596.216789516624,2429.0
27596.216789516624,2555.0
39128.38496980258,2555.0
39128.38496980258,2883.0
57904.57813383547,2883.0
57904.57813383547,2429.0
65729.72318739632,2429.0
65729.72318739632,2555.0
85624.71961607227,2555.0
85624.71961607227,2667.0
86400.000002,2667.0
# temp #2778
0.0,2234.0
8103.769975458274,2234.0
8103.769975458274,2667.0
29569.3407164421,2667.0
29569.3407164421,2555.0
30773.5656854231,2555.0
30773.5656854231,2667.0
50353.24448004832,2667.0
50353.24448004832,2555.0
50653.24448004832,2555.0
50653.24448004832,2429.0
59827.91298665108,2429.0
59827.91298665108,2555.0
85415.6141802203,2555.0
85415.6141802203,2429.0
86400.0,2429.0
# temp #2779
0.0,2234.0
48789.27267354448,2234.0
48789.27267354448,2555.0
77229.45001262707,2555.0
77229.45001262707,2429.0
77538.38250157425,2429.0
77538.38250157425,2555.0
86400.0,2555.0
# temp #2780
0.0,2234.0
8443.464451585898,2234.0
8443.464451585898,2667.0
25697.458243905574,2667.0
25697.458243905574,2555.0
26416.49361073506,2555.0
26416.49361073506,2429.0
36657.581839291386,2429.0
36657.581839291386,2555.0
52432.212366233594,2555.0
52432.212366233594,2429.0
64855.875696125455,2429.0
64855.875696125455,2555.0
86400.0,2555.0
# temp #2781
0.0,2234.0
37218.2411923539,2234.0
37218.2411923539,2555.0
41497.824520943694,2555.0
41497.824520943694,2429.0
50818.60818746501,2429.0
50818.60818746501,2234.0
61469.93690030651,2234.0
61469.93690030651,2429.0
65874.08702652903,2429.0
65874.08702652903,2234.0
84942.38865848166,2234.0
84942.38865848166,2429.0
86400.000002,2429.0
# temp #2782
0.0,2234.0
73471.8657730613,2234.0
73471.8657730613,2555.0
77016.91454001704,2555.0
77016.91454001704,2667.0
77474.140138831,2667.0
77474.140138831,2555.0
77774.140138831,2555.0
77774.140138831,2667.0
81374.140138831,2667.0
81374.140138831,2555.0
82874.140138831,2555.0
82874.140138831,2429.0
86400.000002,2429.0
# temp #2783
0.0,2234.0
6011.245534080082,2234.0
6011.245534080082,2667.0
34215.63001256436,2667.0
34215.63001256436,2555.0
35580.53580187262,2555.0
35580.53580187262,2429.0
63266.45493486431,2429.0
63266.45493486431,2234.0
76219.28981419188,2234.0
76219.28981419188,2429.0
86400.0,2429.0
# temp #2784
0.0,2234.0
8983.979793079197,2234.0
8983.979793079197,2429.0
9556.503101089038,2429.0
9556.503101089038,2234.0
10236.321941390634,2234.0
10236.321941390634,2429.0
14576.105033420026,2429.0
14576.105033420026,2234.0
34615.147739625536,2234.0
34615.147739625536,2429.0
35405.46237181407,2429.0
35405.46237181407,2555.0
36785.90111292434,2555.0
36785.90111292434,2429.0
37085.90111292434,2429.0
37085.90111292434,2555.0
37385.90111292434,2555.0
37385.90111292434,2429.0
37985.90111292434,2429.0
37985.90111292434,2555.0
39064.960767771125,2555.0
39064.960767771125,2429.0
49029.17544774246,2429.0
49029.17544774246,2555.0
49753.6994552007,2555.0
49753.6994552007,2667.0
74785.77313560527,2667.0
74785.77313560527,2883.0
81808.0564677017,2883.0
81808.0564677017,2429.0
86400.000002,2429.0
# temp #2785
0.0,2234.0
12077.085441397503,2234.0
12077.085441397503,2429.0
12401.691637351178,2429.0
12401.691637351178,2234.0
13181.284870672971,2234.0
13181.284870672971,2429.0
15685.153665114194,2429.0
15685.153665114194,2234.0
26919.69762390945,2234.0
26919.69762390945,2429.0
27569.851137441583,2429.0
27569.851137441583,2555.0
28258.4279399598,2555.0
28258.4279399598,2429.0
28558.4279399598,2429.0
28558.4279399598,2555.0
30058.4279399598,2555.0
30058.4279399598,2429.0
40258.4279399598,2429.0
40258.4279399598,2234.0
86400.000002,2234.0
# temp #2786
0.0,2234.0
33283.92303201836,2234.0
33283.92303201836,2429.0
40183.92303201836,2429.0
40183.92303201836,2555.0
41983.92303201836,2555.0
41983.92303201836,2429.0
54883.92303201836,2429.0
54883.92303201836,2234.0
55183.92303201836,2234.0
55183.92303201836,2017.0
55483.92303201836,2017.0
55483.92303201836,2234.0
55783.92303201836,2234.0
55783.92303201836,2017.0
69402.38513743972,2017.0
69402.38513743972,2234.0
86400.000002,2234.0
# temp #2787
0.0,2234.0
44637.63988679275,2234.0
44637.63988679275,2883.0
47037.63988679275,2883.0
47037.63988679275,2667.0
78305.01754777506,2667.0
78305.01754777506,2555.0
86400.000002,2555.0
# temp #2788
0.0,2234.0
8450.531300925652,2234.0
8450.531300925652,2883.0
19550.53130092565,2883.0
19550.53130092565,2555.0
24987.650540121835,2555.0
24987.650540121835,2667.0
28321.050714701418,2667.0
28321.050714701418,2555.0
55281.19012168609,2555.0
55281.19012168609,2429.0
82902.67545995304,2429.0
82902.67545995304,2555.0
86400.0,2555.0
# temp #2789
0.0,2234.0
7850.898866658101,2234.0
7850.898866658101,2667.0
32122.223528008915,2667.0
32122.223528008915,2555.0
32870.204713381834,2555.0
32870.204713381834,2667.0
59508.08573348915,2667.0
59508.08573348915,2555.0
59808.08573348915,2555.0
59808.08573348915,2429.0
66833.87000556105,2429.0
66833.87000556105,2555.0
86400.000002,2555.0
# temp #2790
0.0,2234.0
81280.23565302139,2234.0
81280.23565302139,2555.0
86400.000002,2555.0
# temp #2791
0.0,2234.0
7204.943323507907,2234.0
7204.943323507907,2667.0
11056.5902099479,2667.0
11056.5902099479,2555.0
12543.637135298924,2555.0
12543.637135298924,2667.0
38629.156604781754,2667.0
38629.156604781754,2555.0
38929.156604781754,2555.0
38929.156604781754,2667.0
39229.156604781754,2667.0
39229.156604781754,2555.0
42529.156604781754,2555.0
42529.156604781754,2667.0
68029.15660478175,2667.0
68029.15660478175,2883.0
86400.0,2883.0
# temp #2792
0.0,2234.0
5133.164464007133,2234.0
5133.164464007133,2667.0
24937.62964436319,2667.0
24937.62964436319,2555.0
25529.03030009475,2555.0
25529.03030009475,2667.0
37385.37416383625,2667.0
37385.37416383625,2555.0
37685.37416383625,2555.0
37685.37416383625,2667.0
38559.323237207725,2667.0
38559.323237207725,2555.0
39159.323237207725,2555.0
39159.323237207725,2667.0
74073.81521563513,2667.0
74073.81521563513,2555.0
84447.67800886185,2555.0
84447.67800886185,2429.0
86400.000002,2429.0
# temp #2793
0.0,2234.0
42361.94102740847,2234.0
42361.94102740847,2555.0
64454.044705862194,2555.0
64454.044705862194,2429.0
64866.56634451357,2429.0
64866.56634451357,2555.0
80995.60960019009,2555.0
80995.60960019009,2429.0
82067.44359475562,2429.0
82067.44359475562,2234.0
86400.000002,2234.0
# temp #2794
0.0,2234.0
4968.8525912119085,2234.0
4968.8525912119085,2667.0
42013.58250696213,2667.0
42013.58250696213,2555.0
43412.91286172346,2555.0
43412.91286172346,2429.0
45508.33034631797,2429.0
45508.33034631797,2667.0
73799.95093331674,2667.0
73799.95093331674,2234.0
86038.21979050992,2234.0
86038.21979050992,2429.0
86400.0,2429.0
# temp #2795
0.0,2234.0
64455.22434669547,2234.0
64455.22434669547,2555.0
65419.26093888469,2555.0
65419.26093888469,2234.0
83228.82906482555,2234.0
83228.82906482555,2667.0
86400.0,2667.0
# temp #2796
0.0,2234.0
6862.636504531839,2234.0
6862.636504531839,2883.0
7389.297561859713,2883.0
7389.297561859713,2667.0
12405.951690953225,2667.0
12405.951690953225,2883.0
21438.321685907435,2883.0
21438.321685907435,2429.0
55981.59678946251,2429.0
55981.59678946251,2555.0
74344.78458738887,2555.0
74344.78458738887,2667.0
82429.08369549552,2667.0
82429.08369549552,2883.0
86400.000002,2883.0
# temp #2797
0.0,2234.0
42151.597205456346,2234.0
42151.597205456346,2883.0
44551.597205456346,2883.0
44551.597205456346,2667.0
57610.850112419575,2667.0
57610.850112419575,2883.0
61277.87405848503,2883.0
61277.87405848503,2667.0
86400.000002,2667.0
# temp #2798
0.0,2234.0
15743.117496091876,2234.0
15743.117496091876,2883.0
16728.861808218066,2883.0
16728.861808218066,2667.0
27510.794824431658,2667.0
27510.794824431658,2883.0
45624.29664179218,2883.0
45624.29664179218,2429.0
64425.34495729489,2429.0
64425.34495729489,2883.0
79329.72489581445,2883.0
79329.72489581445,2429.0
86400.000002,2429.0
# temp #2799
0.0,2234.0
81453.49029705396,2234.0
81453.49029705396,2555.0
86400.000002,2555.0
# temp #2800
0.0,2234.0
3228.701078239829,2234.0
3228.701078239829,2667.0
22113.99737913162,2667.0
22113.99737913162,2555.0
22748.90914242715,2555.0
22748.90914242715,2667.0
49592.805013339974,2667.0
49592.805013339974,2555.0
50192.805013339974,2555.0
50192.805013339974,2667.0
66575.43135001326,2667.0
66575.43135001326,2555.0
67692.11162044668,2555.0
67692.11162044668,2429.0
83163.97578273901,2429.0
83163.97578273901,2883.0
85158.66517187098,2883.0
85158.66517187098,2667.0
86400.000002,2667.0
# temp #2801
0.0,2234.0
38818.06072241162,2234.0
38818.06072241162,2555.0
43811.2983892439,2555.0
43811.2983892439,2667.0
44301.051102485515,2667.0
44301.051102485515,2555.0
50301.051102485515,2555.0
50301.051102485515,2429.0
52701.051102485515,2429.0
52701.051102485515,2234.0
56301.051102485515,2234.0
56301.051102485515,2429.0
57501.051102485515,2429.0
57501.051102485515,2234.0
63201.051102485515,2234.0
63201.051102485515,2429.0
86400.000002,2429.0
# temp #2802
0.0,2234.0
26091.21239818633,2234.0
26091.21239818633,2555.0
28410.484912502583,2555.0
28410.484912502583,2667.0
38310.48491250258,2667.0
38310.48491250258,2555.0
41307.03550006729,2555.0
41307.03550006729,2429.0
64621.16186537315,2429.0
64621.16186537315,2555.0
80000.5338434363,2555.0
80000.5338434363,2667.0
86400.0,2667.0
# temp #2803
0.0,2234.0
34679.12708621007,2234.0
34679.12708621007,2555.0
71339.57326712554,2555.0
71339.57326712554,2429.0
71856.15628855304,2429.0
71856.15628855304,2555.0
86400.0,2555.0
# temp #2804
0.0,2234.0
15662.353188218553,2234.0
15662.353188218553,2883.0
26762.353188218553,2883.0
26762.353188218553,2555.0
38811.79608372041,2555.0
38811.79608372041,2667.0
72194.56743397751,2667.0
72194.56743397751,2883.0
86400.0,2883.0
# temp #2805
0.0,2234.0
747.2375575918704,2234.0
747.2375575918704,2667.0
4739.045332674868,2667.0
4739.045332674868,2555.0
5505.093204346486,2555.0
5505.093204346486,2667.0
36404.87012160011,2667.0
36404.87012160011,2555.0
37004.87012160011,2555.0
37004.87012160011,2667.0
56571.77080507392,2667.0
56571.77080507392,2555.0
56985.19487078303,2555.0
56985.19487078303,2429.0
86400.000002,2429.0
# temp #2806
0.0,2234.0
43768.64588304889,2234.0
43768.64588304889,2555.0
59488.941990933396,2555.0
59488.941990933396,2429.0
68483.7955090916,2429.0
68483.7955090916,2234.0
79266.28196868116,2234.0
79266.28196868116,2429.0
86400.000002,2429.0
# temp #2807
0.0,2234.0
13080.989103158938,2234.0
13080.989103158938,2017.0
54375.67994096317,2017.0
54375.67994096317,2234.0
59715.78531456181,2234.0
59715.78531456181,2017.0
86400.0,2017.0
# temp #2808
0.0,2234.0
1233.8835110887885,2234.0
1233.8835110887885,2667.0
25808.383968542334,2667.0
25808.383968542334,2555.0
26888.89919870999,2555.0
26888.89919870999,2667.0
28621.903935726736,2667.0
28621.903935726736,2555.0
31621.903935726736,2555.0
31621.903935726736,2667.0
57721.90393572673,2667.0
57721.90393572673,2883.0
86400.0,2883.0
# temp #2809
0.0,2234.0
52288.38499188424,2234.0
52288.38499188424,2429.0
52619.91170842667,2429.0
52619.91170842667,2555.0
55853.05607181509,2555.0
55853.05607181509,2429.0
67158.66659239402,2429.0
67158.66659239402,2555.0
77609.53059776222,2555.0
77609.53059776222,2667.0
86400.0,2667.0
# temp #2810
0.0,2234.0
36292.966413893744,2234.0
36292.966413893744,2429.0
36826.711417618215,2429.0
36826.711417618215,2234.0
37583.01514810883,2234.0
37583.01514810883,2429.0
38352.09642369301,2429.0
38352.09642369301,2234.0
41594.466070644565,2234.0
41594.466070644565,2429.0
41994.71556858626,2429.0
41994.71556858626,2234.0
65172.47706949712,2234.0
65172.47706949712,2429.0
69012.13317678777,2429.0
69012.13317678777,2555.0
77833.52972629947,2555.0
77833.52972629947,2429.0
86400.0,2429.0
# temp #2811
0.0,2234.0
72637.57646670566,2234.0
72637.57646670566,2883.0
75037.57646670566,2883.0
75037.57646670566,2667.0
86400.0,2667.0
# temp #2812
0.0,2234.0
48183.61253037584,2234.0
48183.61253037584,2429.0
48483.61253037584,2429.0
48483.61253037584,2234.0
65342.28950317485,2234.0
65342.28950317485,2429.0
66242.12018712425,2429.0
66242.12018712425,2234.0
86400.0,2234.0
# temp #2813
0.0,2234.0
38037.94009226841,2234.0
38037.94009226841,2555.0
61986.47171754857,2555.0
61986.47171754857,2429.0
62471.7887628358,2429.0
62471.7887628358,2555.0
66611.65348892102,2555.0
66611.65348892102,2429.0
67899.33615610936,2429.0
67899.33615610936,2555.0
69146.95218564013,2555.0
69146.95218564013,2429.0
69446.95218564013,2429.0
69446.95218564013,2555.0
69746.95218564013,2555.0
69746.95218564013,2429.0
70346.95218564013,2429.0
70346.95218564013,2555.0
74577.77930335143,2555.0
74577.77930335143,2429.0
86400.000002,2429.0
# temp #2814
0.0,2234.0
25200.377863738686,2234.0
25200.377863738686,2555.0
29753.130296710882,2555.0
29753.130296710882,2667.0
50909.080114262186,2667.0
50909.080114262186,2234.0
74842.40313260817,2234.0
74842.40313260817,2429.0
86400.0,2429.0
# temp #2815
0.0,2234.0
57056.63149890024,2234.0
57056.63149890024,2555.0
72288.22251430247,2555.0
72288.22251430247,2234.0
86400.0,2234.0
# temp #2816
0.0,2234.0
5860.711430548691,2234.0
5860.711430548691,2667.0
44483.23579228018,2667.0
44483.23579228018,2555.0
45442.39856034984,2555.0
45442.39856034984,2667.0
56129.22061148566,2667.0
56129.22061148566,2555.0
59129.22061148566,2555.0
59129.22061148566,2667.0
85229.22061148565,2667.0
85229.22061148565,2883.0
86400.0,2883.0
# temp #2817
0.0,2234.0
24770.46994788107,2234.0
24770.46994788107,2429.0
56870.469947881065,2429.0
56870.469947881065,2555.0
57170.469947881065,2555.0
57170.469947881065,2667.0
61129.40125081223,2667.0
61129.40125081223,2234.0
78547.69440719392,2234.0
78547.69440719392,2429.0
85163.13612414525,2429.0
85163.13612414525,2555.0
86400.0,2555.0
# temp #2818
0.0,2234.0
6753.59627895523,2234.0
6753.59627895523,2667.0
22858.748507453132,2667.0
22858.748507453132,2555.0
23571.436960576106,2555.0
23571.436960576106,2667.0
32884.577978798196,2667.0
32884.577978798196,2555.0
33184.577978798196,2555.0
33184.577978798196,2429.0
61725.35648450722,2429.0
61725.35648450722,2555.0
85610.84080114962,2555.0
85610.84080114962,2429.0
86400.000002,2429.0
# temp #2819
0.0,2234.0
29527.520678308796,2234.0
29527.520678308796,2555.0
32476.98885407299,2555.0
32476.98885407299,2667.0
38776.98885407299,2667.0
38776.98885407299,2555.0
39976.98885407299,2555.0
39976.98885407299,2429.0
83176.98885407299,2429.0
83176.98885407299,2234.0
86400.000002,2234.0
# temp #2820
0.0,2234.0
57882.67319910229,2234.0
57882.67319910229,2555.0
83485.03092303874,2555.0
83485.03092303874,2429.0
83820.45224464966,2429.0
83820.45224464966,2555.0
86400.000002,2555.0
# temp #2821
0.0,2234.0
5874.442385416479,2234.0
5874.442385416479,2667.0
25211.563792568635,2667.0
25211.563792568635,2555.0
26705.1217031898,2555.0
26705.1217031898,2429.0
40337.49527188484,2429.0
40337.49527188484,2883.0
43094.08673190047,2883.0
43094.08673190047,2667.0
71364.55527346117,2667.0
71364.55527346117,2555.0
77847.85019983539,2555.0
77847.85019983539,2429.0
86400.0,2429.0
# temp #2822
0.0,2234.0
49165.909550059594,2234.0
49165.909550059594,2555.0
66546.97555275635,2555.0
66546.97555275635,2667.0
86400.000002,2667.0
# temp #2823
0.0,2234.0
83142.79383842369,2234.0
83142.79383842369,2555.0
85432.69137300087,2555.0
85432.69137300087,2234.0
86400.000002,2234.0
# temp #2824
0.0,2234.0
57688.20499686991,2234.0
57688.20499686991,2555.0
86400.0,2555.0
# temp #2825
0.0,2234.0
16853.13919577748,2234.0
16853.13919577748,2883.0
18139.903269382197,2883.0
18139.903269382197,2667.0
21621.513885422613,2667.0
21621.513885422613,2883.0
40155.94632960857,2883.0
40155.94632960857,2429.0
77807.60417736603,2429.0
77807.60417736603,2555.0
83159.64030709585,2555.0
83159.64030709585,2429.0
86400.0,2429.0
# temp #2826
0.0,2234.0
56622.02099827119,2234.0
56622.02099827119,2555.0
80075.1413038932,2555.0
80075.1413038932,2429.0
86400.000002,2429.0
# temp #2827
0.0,2234.0
1998.5651622992011,2234.0
1998.5651622992011,2667.0
21328.18923722953,2667.0
21328.18923722953,2555.0
22151.440689247105,2555.0
22151.440689247105,2667.0
38675.8391853422,2667.0
38675.8391853422,2555.0
38975.8391853422,2555.0
38975.8391853422,2429.0
53782.21548653675,2429.0
53782.21548653675,2555.0
69304.30692757947,2555.0
69304.30692757947,2667.0
82379.84944651836,2667.0
82379.84944651836,2555.0
86400.0,2555.0
# temp #2828
0.0,2234.0
15850.092376861723,2234.0
15850.092376861723,2555.0
16351.570567558521,2555.0
16351.570567558521,2667.0
22651.57056755852,2667.0
22651.57056755852,2555.0
23851.57056755852,2555.0
23851.57056755852,2429.0
67051.57056755852,2429.0
67051.57056755852,2234.0
77303.40175169986,2234.0
77303.40175169986,2667.0
86400.000002,2667.0
# temp #2829
0.0,2234.0
46217.49777453952,2234.0
46217.49777453952,2429.0
78317.49777453952,2429.0
78317.49777453952,2555.0
78617.49777453952,2555.0
78617.49777453952,2667.0
86400.000002,2667.0
# temp #2830
0.0,2234.0
18063.009738852274,2234.0
18063.009738852274,2555.0
55492.75418452454,2555.0
55492.75418452454,2429.0
55989.62722944563,2429.0
55989.62722944563,2555.0
58588.685687491685,2555.0
58588.685687491685,2429.0
59685.31292395202,2429.0
59685.31292395202,2234.0
79765.7298032893,2234.0
79765.7298032893,2667.0
86400.0,2667.0
# temp #2831
0.0,2234.0
34906.183680938564,2234.0
34906.183680938564,2429.0
35254.72188892309,2429.0
35254.72188892309,2234.0
36036.36421076954,2234.0
36036.36421076954,2429.0
38500.98810768687,2429.0
38500.98810768687,2234.0
49998.03447865417,2234.0
49998.03447865417,2429.0
50854.23635516783,2429.0
50854.23635516783,2555.0
52280.10377234315,2555.0
52280.10377234315,2429.0
52580.10377234315,2429.0
52580.10377234315,2555.0
54080.10377234315,2555.0
54080.10377234315,2429.0
64280.10377234315,2429.0
64280.10377234315,2234.0
86400.0,2234.0
# temp #2832
0.0,2234.0
25905.65188354813,2234.0
25905.65188354813,2429.0
32805.651883548126,2429.0
32805.651883548126,2555.0
34605.651883548126,2555.0
34605.651883548126,2429.0
47505.651883548126,2429.0
47505.651883548126,2234.0
47805.651883548126,2234.0
47805.651883548126,2017.0
48105.651883548126,2017.0
48105.651883548126,2234.0
48405.651883548126,2234.0
48405.651883548126,2017.0
52118.57139158529,2017.0
52118.57139158529,2234.0
75806.33634310216,2234.0
75806.33634310216,2429.0
86400.0,2429.0
# temp #2833
0.0,2234.0
12360.696925898084,2234.0
12360.696925898084,2429.0
12845.719924033621,2429.0
12845.719924033621,2555.0
16250.304405600766,2555.0
16250.304405600766,2429.0
23812.231998145584,2429.0
23812.231998145584,2234.0
26556.802480202172,2234.0
26556.802480202172,2667.0
30618.558759824376,2667.0
30618.558759824376,2555.0
49714.960135705776,2555.0
49714.960135705776,2429.0
86400.000002,2429.0
# temp #2834
0.0,2234.0
6139.751916588285,2234.0
6139.751916588285,2883.0
7365.798878856004,2883.0
7365.798878856004,2667.0
11143.119100341575,2667.0
11143.119100341575,2883.0
27596.79370333907,2883.0
27596.79370333907,2429.0
35079.193284083165,2429.0
35079.193284083165,2555.0
66729.55700573513,2555.0
66729.55700573513,2429.0
80946.90493305681,2429.0
80946.90493305681,2555.0
86400.000002,2555.0
# temp #2835
0.0,2234.0
2873.261920711957,2234.0
2873.261920711957,2883.0
4593.704505963251,2883.0
4593.704505963251,2667.0
12392.704733856954,2667.0
12392.704733856954,2883.0
15332.506579323674,2883.0
15332.506579323674,2429.0
32125.671315821823,2429.0
32125.671315821823,2555.0
40789.3648083089,2555.0
40789.3648083089,2667.0
64586.69749530964,2667.0
64586.69749530964,2555.0
86400.0,2555.0
# temp #2836
0.0,2234.0
18375.357203464955,2234.0
18375.357203464955,2555.0
21649.375790543854,2555.0
21649.375790543854,2667.0
67556.79919011891,2667.0
67556.79919011891,2883.0
86400.000002,2883.0
# temp #2837
0.0,2234.0
48905.95053350554,2234.0
48905.95053350554,2555.0
51962.55622487516,2555.0
51962.55622487516,2667.0
58652.93392818422,2667.0
58652.93392818422,2883.0
71669.23629529776,2883.0
71669.23629529776,2429.0
86400.0,2429.0
# temp #2838
0.0,2234.0
751.6976401442662,2234.0
751.6976401442662,2667.0
44381.441766419455,2667.0
44381.441766419455,2555.0
45450.925911054954,2555.0
45450.925911054954,2667.0
56141.967913066044,2667.0
56141.967913066044,2555.0
56741.967913066044,2555.0
56741.967913066044,2667.0
70188.55852328708,2667.0
70188.55852328708,2555.0
72935.530966823,2555.0
72935.530966823,2429.0
86400.0,2429.0
# temp #2839
0.0,2234.0
5358.77909869887,2234.0
5358.77909869887,2429.0
5884.370195539669,2429.0
5884.370195539669,2555.0
10768.25269390829,2555.0
10768.25269390829,2429.0
30630.704921367585,2429.0
30630.704921367585,2234.0
40880.80446717796,2234.0
40880.80446717796,2667.0
59046.70487924015,2667.0
59046.70487924015,2555.0
69191.77505413537,2555.0
69191.77505413537,2667.0
80038.08743334377,2667.0
80038.08743334377,2234.0
86400.000002,2234.0
# temp #2840
0.0,2234.0
48862.815303518444,2234.0
48862.815303518444,2429.0
49162.815303518444,2429.0
49162.815303518444,2234.0
51316.646108217545,2234.0
51316.646108217545,2429.0
58942.52115525306,2429.0
58942.52115525306,2883.0
70372.8921932867,2883.0
70372.8921932867,2429.0
82450.02036429943,2429.0
82450.02036429943,2234.0
86400.0,2234.0
# temp #2841
0.0,2234.0
1999.0738367429005,2234.0
1999.0738367429005,2667.0
32935.796404466964,2667.0
32935.796404466964,2555.0
34340.481331874624,2555.0
34340.481331874624,2429.0
58510.74270119426,2429.0
58510.74270119426,2555.0
71587.07625239623,2555.0
71587.07625239623,2667.0
86400.0,2667.0
# temp #2842
0.0,2234.0
23959.07998457551,2234.0
23959.07998457551,2555.0
39459.01659198572,2555.0
39459.01659198572,2429.0
52734.904399048544,2429.0
52734.904399048544,2555.0
53730.17054758967,2555.0
53730.17054758967,2667.0
66731.79906704465,2667.0
66731.79906704465,2234.0
67214.94381576778,2234.0
67214.94381576778,2555.0
68086.63315325977,2555.0
68086.63315325977,2429.0
70982.23028155045,2429.0
70982.23028155045,2883.0
81867.6065334119,2883.0
81867.6065334119,2667.0
86400.0,2667.0
# temp #2843
0.0,2234.0
4098.713276116178,2234.0
4098.713276116178,2667.0
25899.30923483335,2667.0
25899.30923483335,2555.0
26922.19430529513,2555.0
26922.19430529513,2667.0
43478.1413496472,2667.0
43478.1413496472,2555.0
43778.1413496472,2555.0
43778.1413496472,2667.0
44078.1413496472,2667.0
44078.1413496472,2555.0
47378.1413496472,2555.0
47378.1413496472,2667.0
72878.1413496472,2667.0
72878.1413496472,2883.0
86400.000002,2883.0
# temp #2844
0.0,2234.0
10883.222868153827,2234.0
10883.222868153827,2883.0
21983.222868153825,2883.0
21983.222868153825,2555.0
27446.228689304557,2555.0
27446.228689304557,2429.0
62794.73391738721,2429.0
62794.73391738721,2555.0
79980.95521463548,2555.0
79980.95521463548,2429.0
86400.0,2429.0
# temp #2845
0.0,2234.0
21078.574893856425,2234.0
21078.574893856425,2429.0
21631.504382751886,2429.0
21631.504382751886,2555.0
23806.6077394411,2555.0
23806.6077394411,2429.0
32195.956994220618,2429.0
32195.956994220618,2883.0
55464.917052956305,2883.0
55464.917052956305,2429.0
84799.41475612579,2429.0
84799.41475612579,2555.0
86400.0,2555.0
# temp #2846
0.0,2234.0
5540.212273132057,2234.0
5540.212273132057,2667.0
12381.042019953022,2667.0
12381.042019953022,2555.0
13359.739638702014,2555.0
13359.739638702014,2429.0
35279.07479773276,2429.0
35279.07479773276,2234.0
40735.71437867359,2234.0
40735.71437867359,2429.0
52427.40222557915,2429.0
52427.40222557915,2234.0
72462.9822027404,2234.0
72462.9822027404,2429.0
86400.000002,2429.0
# temp #2847
0.0,2234.0
7306.907263887117,2234.0
7306.907263887117,2667.0
12748.087702807974,2667.0
12748.087702807974,2555.0
14142.123252083551,2555.0
14142.123252083551,2429.0
23921.95529937745,2429.0
23921.95529937745,2555.0
33052.95581985266,2555.0
33052.95581985266,2667.0
55233.60709694681,2667.0
55233.60709694681,2555.0
63446.676214761115,2555.0
63446.676214761115,2667.0
84134.93381452282,2667.0
84134.93381452282,2555.0
86400.0,2555.0
# temp #2848
0.0,2234.0
14352.693475736309,2234.0
14352.693475736309,2883.0
15432.990507362414,2883.0
15432.990507362414,2667.0
24133.52532880381,2667.0
24133.52532880381,2883.0
30541.828293912116,2883.0
30541.828293912116,2667.0
34044.621347053915,2667.0
34044.621347053915,2555.0
49110.54747174495,2555.0
49110.54747174495,2429.0
54941.495965397924,2429.0
54941.495965397924,2555.0
78411.78930785974,2555.0
78411.78930785974,2429.0
86400.000002,2429.0
# temp #2849
0.0,2234.0
68127.38897530363,2234.0
68127.38897530363,2555.0
70237.339519104,2555.0
70237.339519104,2429.0
70606.25592274593,2429.0
70606.25592274593,2555.0
85842.09183440545,2555.0
85842.09183440545,2429.0
86290.84984785879,2429.0
86290.84984785879,2555.0
86400.000002,2555.0
# temp #2850
0.0,2234.0
25352.88330658805,2234.0
25352.88330658805,2429.0
25720.74573535938,2429.0
25720.74573535938,2234.0
26614.42758366466,2234.0
26614.42758366466,2429.0
29495.655834255744,2429.0
29495.655834255744,2234.0
34826.845850190155,2234.0
34826.845850190155,2429.0
35260.366931045435,2429.0
35260.366931045435,2555.0
35789.66760844924,2555.0
35789.66760844924,2429.0
36089.66760844924,2429.0
36089.66760844924,2555.0
37589.66760844924,2555.0
37589.66760844924,2429.0
47789.66760844924,2429.0
47789.66760844924,2234.0
86400.000002,2234.0
# temp #2851
0.0,2234.0
5123.082061694005,2234.0
5123.082061694005,2667.0
51210.81525629853,2667.0
51210.81525629853,2555.0
52594.476460316226,2555.0
52594.476460316226,2667.0
75397.18072533143,2667.0
75397.18072533143,2555.0
75697.18072533143,2555.0
75697.18072533143,2667.0
76463.00717066044,2667.0
76463.00717066044,2555.0
77063.00717066044,2555.0
77063.00717066044,2667.0
83386.79801453838,2667.0
83386.79801453838,2883.0
86400.0,2883.0
# temp #2852
0.0,2234.0
25894.679953856397,2234.0
25894.679953856397,2555.0
61959.97743518093,2555.0
61959.97743518093,2429.0
62502.56259106101,2429.0
62502.56259106101,2555.0
85458.25709940401,2555.0
85458.25709940401,2429.0
86400.0,2429.0
# temp #2853
0.0,2234.0
77452.5441894075,2234.0
77452.5441894075,2555.0
86400.000002,2555.0
# temp #2854
0.0,2234.0
7958.909173985012,2234.0
7958.909173985012,2429.0
8538.382031628862,2429.0
8538.382031628862,2234.0
9436.841084249318,2234.0
9436.841084249318,2429.0
10635.018956148997,2429.0
10635.018956148997,2234.0
30527.610280341472,2234.0
30527.610280341472,2429.0
31348.98139124271,2429.0
31348.98139124271,2234.0
61427.03267557082,2234.0
61427.03267557082,2429.0
80934.90767120385,2429.0
80934.90767120385,2555.0
86400.000002,2555.0
# temp #2855
0.0,2234.0
46439.31126294193,2234.0
46439.31126294193,2429.0
46827.34839704354,2429.0
46827.34839704354,2555.0
50425.749942404225,2555.0
50425.749942404225,2429.0
83527.50468563756,2429.0
83527.50468563756,2555.0
86400.000002,2555.0
# temp #2856
0.0,2234.0
11228.458793624306,2234.0
11228.458793624306,2555.0
33045.43383743149,2555.0
33045.43383743149,2429.0
75332.29361723644,2429.0
75332.29361723644,2234.0
75932.29361723644,2234.0
75932.29361723644,2429.0
78332.29361723644,2429.0
78332.29361723644,2555.0
86400.0,2555.0
# temp #2857
0.0,2234.0
8069.951274991037,2234.0
8069.951274991037,2667.0
32536.690021748662,2667.0
32536.690021748662,2555.0
33678.523179679185,2555.0
33678.523179679185,2667.0
43423.95831278992,2667.0
43423.95831278992,2555.0
44023.95831278992,2555.0
44023.95831278992,2667.0
61555.34242687282,2667.0
61555.34242687282,2555.0
63843.17877364811,2555.0
63843.17877364811,2429.0
74228.21606229992,2429.0
74228.21606229992,2234.0
86400.0,2234.0
# temp #2858
0.0,2234.0
5732.34750267584,2234.0
5732.34750267584,2883.0
6687.408646359109,2883.0
6687.408646359109,2667.0
18285.425551794473,2667.0
18285.425551794473,2883.0
19194.590742979202,2883.0
19194.590742979202,2667.0
39820.39030208253,2667.0
39820.39030208253,2555.0
41665.848340163946,2555.0
41665.848340163946,2429.0
44337.499745213434,2429.0
44337.499745213434,2234.0
61372.00980896597,2234.0
61372.00980896597,2667.0
86400.0,2667.0
# temp #2859
0.0,2234.0
955.7214675005525,2234.0
955.7214675005525,2667.0
21019.522707955915,2667.0
21019.522707955915,2555.0
21957.455247407783,2555.0
21957.455247407783,2667.0
38122.093878686435,2667.0
38122.093878686435,2555.0
41122.093878686435,2555.0
41122.093878686435,2667.0
67222.09387868643,2667.0
67222.09387868643,2883.0
86400.000002,2883.0
# temp #2860
0.0,2234.0
22034.4169263728,2234.0
22034.4169263728,2429.0
22634.4169263728,2429.0
22634.4169263728,2555.0
24686.81296790019,2555.0
24686.81296790019,2429.0
51821.59907638562,2429.0
51821.59907638562,2234.0
70364.14138746915,2234.0
70364.14138746915,2667.0
79331.53344921304,2667.0
79331.53344921304,2883.0
86400.0,2883.0
# temp #2861
0.0,2234.0
78798.16827785691,2234.0
78798.16827785691,2555.0
86400.000002,2555.0
# temp #2862
0.0,2234.0
1823.3347417088228,2234.0
1823.3347417088228,2555.0
40594.107867241844,2555.0
40594.107867241844,2429.0
41192.004681495026,2429.0
41192.004681495026,2555.0
43578.55645988603,2555.0
43578.55645988603,2429.0
44988.4911475936,2429.0
44988.4911475936,2555.0
46067.744364333346,2555.0
46067.744364333346,2429.0
86400.000002,2429.0
# temp #2863
0.0,2234.0
73527.20985864289,2234.0
73527.20985864289,2555.0
80694.8972676415,2555.0
80694.8972676415,2234.0
86400.0,2234.0
# temp #2864
0.0,2234.0
965.4996224446222,2234.0
965.4996224446222,2667.0
44553.84268965572,2667.0
44553.84268965572,2555.0
45299.86590743065,2555.0
45299.86590743065,2667.0
73881.72749136575,2667.0
73881.72749136575,2555.0
74181.72749136575,2555.0
74181.72749136575,2667.0
74481.72749136575,2667.0
74481.72749136575,2555.0
77781.72749136575,2555.0
77781.72749136575,2667.0
86400.0,2667.0
# temp #2865
0.0,2234.0
15943.25172873214,2234.0
15943.25172873214,2429.0
22843.25172873214,2429.0
22843.25172873214,2555.0
24643.25172873214,2555.0
24643.25172873214,2429.0
37543.25172873214,2429.0
37543.25172873214,2234.0
37843.25172873214,2234.0
37843.25172873214,2017.0
38143.25172873214,2017.0
38143.25172873214,2234.0
38443.25172873214,2234.0
38443.25172873214,2017.0
42599.16551175993,2017.0
42599.16551175993,2234.0
61104.12737159059,2234.0
61104.12737159059,2429.0
86400.000002,2429.0
# temp #2866
0.0,2234.0
16242.488741688432,2234.0
16242.488741688432,2017.0
24116.56867177226,2017.0
24116.56867177226,2234.0
65621.66440389119,2234.0
65621.66440389119,2017.0
86400.0,2017.0
# temp #2867
0.0,2234.0
31504.41501089372,2234.0
31504.41501089372,2429.0
31982.53390314058,2429.0
31982.53390314058,2234.0
32603.68840405718,2234.0
32603.68840405718,2429.0
37995.71582386271,2429.0
37995.71582386271,2234.0
52194.77401000914,2234.0
52194.77401000914,2429.0
52978.90829835088,2429.0
52978.90829835088,2234.0
60790.3024211526,2234.0
60790.3024211526,2429.0
86400.000002,2429.0
# temp #2868
0.0,2234.0
39718.729892699055,2234.0
39718.729892699055,2555.0
42134.07709531021,2555.0
42134.07709531021,2667.0
42499.770850176,2667.0
42499.770850176,2555.0
48499.770850176,2555.0
48499.770850176,2429.0
50899.770850176,2429.0
50899.770850176,2234.0
54499.770850176,2234.0
54499.770850176,2429.0
55699.770850176,2429.0
55699.770850176,2234.0
61399.770850176,2234.0
61399.770850176,2429.0
86400.0,2429.0
# temp #2869
0.0,2234.0
541.3087389897555,2234.0
541.3087389897555,2017.0
17907.36368922517,2017.0
17907.36368922517,2234.0
25781.018416676674,2234.0
25781.018416676674,2017.0
52934.849398909144,2017.0
52934.849398909144,2234.0
72811.70030585492,2234.0
72811.70030585492,2017.0
84240.74469893241,2017.0
84240.74469893241,2234.0
86400.0,2234.0
# temp #2870
0.0,2234.0
66526.69930751437,2234.0
66526.69930751437,2555.0
74755.94420135023,2555.0
74755.94420135023,2429.0
75331.82717012243,2429.0
75331.82717012243,2555.0
75923.6554190051,2555.0
75923.6554190051,2429.0
76388.22007323617,2429.0
76388.22007323617,2555.0
77577.00845184737,2555.0
77577.00845184737,2429.0
77877.00845184737,2429.0
77877.00845184737,2555.0
79377.00845184737,2555.0
79377.00845184737,2429.0
86400.000002,2429.0
# temp #2871
0.0,2234.0
71136.04115503842,2234.0
71136.04115503842,2555.0
86400.000002,2555.0
# temp #2872
0.0,2234.0
932.6413084287198,2234.0
932.6413084287198,2555.0
2349.13429110311,2555.0
2349.13429110311,2667.0
2782.0941834943374,2667.0
2782.0941834943374,2555.0
3082.0941834943374,2555.0
3082.0941834943374,2667.0
6682.094183494337,2667.0
6682.094183494337,2555.0
8182.094183494337,2555.0
8182.094183494337,2429.0
15369.631920685062,2429.0
15369.631920685062,2234.0
22428.134772693742,2234.0
22428.134772693742,2429.0
27237.355619366284,2429.0
27237.355619366284,2555.0
39831.89596922603,2555.0
39831.89596922603,2429.0
64537.030017259545,2429.0
64537.030017259545,2234.0
86400.000002,2234.0
# temp #2873
0.0,2234.0
21553.436563443396,2234.0
21553.436563443396,2429.0
53653.43656344339,2429.0
53653.43656344339,2555.0
53953.43656344339,2555.0
53953.43656344339,2667.0
74360.58864374645,2667.0
74360.58864374645,2555.0
81898.86964587496,2555.0
81898.86964587496,2429.0
86400.000002,2429.0
# temp #2874
0.0,2234.0
7178.434518515134,2234.0
7178.434518515134,2667.0
35104.86046825536,2667.0
35104.86046825536,2555.0
35609.902565879755,2555.0
35609.902565879755,2667.0
47830.767828295946,2667.0
47830.767828295946,2555.0
48130.767828295946,2555.0
48130.767828295946,2667.0
48774.81994719711,2667.0
48774.81994719711,2555.0
49374.81994719711,2555.0
49374.81994719711,2667.0
77803.5944312811,2667.0
77803.5944312811,2555.0
86400.000002,2555.0
# temp #2875
0.0,2234.0
39897.42237422616,2234.0
39897.42237422616,2017.0
60573.499880684554,2017.0
60573.499880684554,2234.0
66273.49988068455,2234.0
66273.49988068455,2429.0
86400.000002,2429.0
# temp #2876
0.0,2234.0
1487.5033465912568,2234.0
1487.5033465912568,2667.0
32999.58647713065,2667.0
32999.58647713065,2555.0
34468.81372220815,2555.0
34468.81372220815,2667.0
36305.250589759096,2667.0
36305.250589759096,2555.0
39305.250589759096,2555.0
39305.250589759096,2667.0
65405.25058975909,2667.0
65405.25058975909,2883.0
86400.000002,2883.0
# temp #2877
0.0,2234.0
6462.373087601737,2234.0
6462.373087601737,2883.0
6903.23420232162,2883.0
6903.23420232162,2667.0
15424.184594163671,2667.0
15424.184594163671,2883.0
41638.98655164521,2883.0
41638.98655164521,2429.0
86400.0,2429.0
# temp #2878
0.0,2234.0
67442.69556482324,2234.0
67442.69556482324,2555.0
86400.000002,2555.0
# temp #2879
0.0,2234.0
42008.34820247256,2234.0
42008.34820247256,2017.0
86400.000002,2017.0
# temp #2880
0.0,2234.0
4156.24227533117,2234.0
4156.24227533117,2667.0
20202.114352863286,2667.0
20202.114352863286,2555.0
21007.886729389433,2555.0
21007.886729389433,2667.0
52175.9854409611,2667.0
52175.9854409611,2555.0
52475.9854409611,2555.0
52475.9854409611,2667.0
53188.22463874241,2667.0
53188.22463874241,2555.0
53788.22463874241,2555.0
53788.22463874241,2667.0
55337.72304144224,2667.0
55337.72304144224,2234.0
68881.57345962246,2234.0
68881.57345962246,2667.0
86400.0,2667.0
# temp #2881
0.0,2234.0
439.8838930763304,2234.0
439.8838930763304,2017.0
46044.15039522574,2017.0
46044.15039522574,2234.0
55280.36501565949,2234.0
55280.36501565949,2017.0
86400.000002,2017.0
# temp #2882
0.0,2234.0
9710.923583898693,2234.0
9710.923583898693,2017.0
59707.13636758738,2017.0
59707.13636758738,2234.0
66715.62036615798,2234.0
66715.62036615798,2017.0
83628.4464182798,2017.0
83628.4464182798,2234.0
86400.0,2234.0
# temp #2883
0.0,2234.0
6867.331751366148,2234.0
6867.331751366148,2667.0
16271.022145659666,2667.0
16271.022145659666,2555.0
16980.97942073364,2555.0
16980.97942073364,2667.0
33051.85149936006,2667.0
33051.85149936006,2555.0
36051.85149936006,2555.0
36051.85149936006,2667.0
62151.85149936006,2667.0
62151.85149936006,2883.0
86400.0,2883.0
# temp #2884
0.0,2234.0
1006.549660046585,2234.0
1006.549660046585,2667.0
31970.967235439464,2667.0
31970.967235439464,2555.0
33095.154550136074,2555.0
33095.154550136074,2667.0
49966.55260494446,2667.0
49966.55260494446,2555.0
50266.55260494446,2555.0
50266.55260494446,2667.0
50901.58696628643,2667.0
50901.58696628643,2555.0
51501.58696628643,2555.0
51501.58696628643,2667.0
57922.688169381596,2667.0
57922.688169381596,2555.0
81690.60310854112,2555.0
81690.60310854112,2429.0
86400.0,2429.0
# temp #2885
0.0,2234.0
49260.703722573824,2234.0
49260.703722573824,2429.0
49575.023409887224,2429.0
49575.023409887224,2555.0
52508.09425616172,2555.0
52508.09425616172,2429.0
86400.000002,2429.0
# temp #2886
0.0,2234.0
77788.99765892421,2234.0
77788.99765892421,2555.0
86400.0,2555.0
# temp #2887
0.0,2234.0
49762.062877323486,2234.0
49762.062877323486,2555.0
86090.6701961998,2555.0
86090.6701961998,2429.0
86400.0,2429.0
# temp #2888
0.0,2234.0
15137.322965031492,2234.0
15137.322965031492,2555.0
20426.1800095439,2555.0
20426.1800095439,2667.0
21018.34864241537,2667.0
21018.34864241537,2555.0
21318.34864241537,2555.0
21318.34864241537,2667.0
48018.34864241537,2667.0
48018.34864241537,2555.0
63918.34864241537,2555.0
63918.34864241537,2234.0
67518.34864241537,2234.0
67518.34864241537,2429.0
77418.34864241537,2429.0
77418.34864241537,2555.0
78018.34864241537,2555.0
78018.34864241537,2667.0
86400.000002,2667.0
# temp #2889
0.0,2234.0
1762.949857232161,2234.0
1762.949857232161,2667.0
41809.89022767172,2667.0
41809.89022767172,2555.0
42880.5800260976,2555.0
42880.5800260976,2667.0
62605.1594489487,2667.0
62605.1594489487,2555.0
63205.1594489487,2555.0
63205.1594489487,2667.0
82115.96061831807,2667.0
82115.96061831807,2555.0
85201.40301792418,2555.0
85201.40301792418,2429.0
86400.000002,2429.0
# temp #2890
0.0,2234.0
5724.521766789258,2234.0
5724.521766789258,2667.0
49422.92825505138,2667.0
49422.92825505138,2555.0
50763.55954427273,2555.0
50763.55954427273,2667.0
59838.327929237865,2667.0
59838.327929237865,2555.0
60438.327929237865,2555.0
60438.327929237865,2667.0
81307.41076790729,2667.0
81307.41076790729,2555.0
82815.89191840032,2555.0
82815.89191840032,2429.0
86400.000002,2429.0
# temp #2891
0.0,2234.0
42682.75515348651,2234.0
42682.75515348651,2429.0
43131.637905514806,2429.0
43131.637905514806,2555.0
46361.13802527544,2555.0
46361.13802527544,2429.0
72124.06048122795,2429.0
72124.06048122795,2234.0
86400.000002,2234.0
# temp #2892
0.0,2234.0
3302.882069209591,2234.0
3302.882069209591,2667.0
22558.06654756889,2667.0
22558.06654756889,2555.0
23063.416032772515,2555.0
23063.416032772515,2667.0
28952.8778531123,2667.0
28952.8778531123,2555.0
29252.8778531123,2555.0
29252.8778531123,2667.0
29552.8778531123,2667.0
29552.8778531123,2555.0
32852.8778531123,2555.0
32852.8778531123,2667.0
58352.877853112295,2667.0
58352.877853112295,2883.0
86400.000002,2883.0
# temp #2893
0.0,2234.0
10866.308637382464,2234.0
10866.308637382464,2883.0
21966.308637382463,2883.0
21966.308637382463,2555.0
23661.87590744812,2555.0
23661.87590744812,2429.0
50276.680188369945,2429.0
50276.680188369945,2555.0
70517.26027582774,2555.0
70517.26027582774,2429.0
82250.44820182958,2429.0
82250.44820182958,2555.0
86400.0,2555.0
# temp #2894
0.0,2234.0
6035.157674294897,2234.0
6035.157674294897,2667.0
37459.480029554106,2667.0
37459.480029554106,2555.0
38121.56356230844,2555.0
38121.56356230844,2667.0
57061.68996454217,2667.0
57061.68996454217,2555.0
57661.68996454217,2555.0
57661.68996454217,2667.0
73260.99730432035,2667.0
73260.99730432035,2555.0
74723.0634134263,2555.0
74723.0634134263,2429.0
86400.000002,2429.0
# temp #2895
0.0,2234.0
75857.8491653083,2234.0
75857.8491653083,2555.0
86400.0,2555.0
# temp #2896
0.0,2234.0
55259.789908211686,2234.0
55259.789908211686,2555.0
64325.00107339584,2555.0
64325.00107339584,2429.0
86400.0,2429.0
# temp #2897
0.0,2234.0
75059.90954346489,2234.0
75059.90954346489,2555.0
85605.24551253766,2555.0
85605.24551253766,2234.0
86400.000002,2234.0
# temp #2898
0.0,2234.0
59389.960092608824,2234.0
59389.960092608824,2883.0
61789.960092608824,2883.0
61789.960092608824,2667.0
86400.0,2667.0
# temp #2899
0.0,2234.0
38155.61531460845,2234.0
38155.61531460845,2429.0
38502.75586755016,2429.0
38502.75586755016,2555.0
41794.895580271266,2555.0
41794.895580271266,2429.0
44446.406328957535,2429.0
44446.406328957535,2555.0
71965.59638741893,2555.0
71965.59638741893,2429.0
86400.0,2429.0
# temp #2900
0.0,2234.0
7109.045342355967,2234.0
7109.045342355967,2429.0
7698.559665866196,2429.0
7698.559665866196,2234.0
8379.031818313524,2234.0
8379.031818313524,2429.0
11508.267244370654,2429.0
11508.267244370654,2234.0
22632.26708150469,2234.0
22632.26708150469,2429.0
23478.064882988114,2429.0
23478.064882988114,2555.0
24282.309854635972,2555.0
24282.309854635972,2429.0
24582.309854635972,2429.0
24582.309854635972,2555.0
44982.30985463597,2555.0
44982.30985463597,2429.0
45282.30985463597,2429.0
45282.30985463597,2555.0
45882.30985463597,2555.0
45882.30985463597,2667.0
76796.95987324232,2667.0
76796.95987324232,2555.0
86400.0,2555.0
# temp #2901
0.0,2234.0
32442.222731723457,2234.0
32442.222731723457,2555.0
35610.6878182618,2555.0
35610.6878182618,2667.0
45510.6878182618,2667.0
45510.6878182618,2555.0
50038.532144087374,2555.0
50038.532144087374,2429.0
86400.0,2429.0
# temp #2902
0.0,2234.0
74013.71741385666,2234.0
74013.71741385666,2555.0
77964.6674231859,2555.0
77964.6674231859,2667.0
78342.05746608788,2667.0
78342.05746608788,2555.0
78642.05746608788,2555.0
78642.05746608788,2667.0
86400.000002,2667.0
# temp #2903
0.0,2234.0
73246.45689167082,2234.0
73246.45689167082,2555.0
85844.47332273703,2555.0
85844.47332273703,2234.0
86400.000002,2234.0
# temp #2904
0.0,2234.0
24693.767247861255,2234.0
24693.767247861255,2555.0
45108.571488736205,2555.0
45108.571488736205,2429.0
45502.73388989736,2429.0
45502.73388989736,2555.0
55779.826722177684,2555.0
55779.826722177684,2429.0
57277.29609373492,2429.0
57277.29609373492,2555.0
58316.87307057437,2555.0
58316.87307057437,2429.0
58616.87307057437,2429.0
58616.87307057437,2555.0
60116.87307057437,2555.0
60116.87307057437,2429.0
70316.87307057438,2429.0
70316.87307057438,2234.0
86400.000002,2234.0
# temp #2905
0.0,2234.0
77325.53860251793,2234.0
77325.53860251793,2555.0
83946.16077113898,2555.0
83946.16077113898,2234.0
86400.0,2234.0
# temp #2906
0.0,2234.0
3411.2519459333275,2234.0
3411.2519459333275,2017.0
36683.27020760626,2017.0
36683.27020760626,2234.0
53282.98254981638,2234.0
53282.98254981638,2017.0
86400.0,2017.0
# temp #2907
0.0,2234.0
65464.90806243384,2234.0
65464.90806243384,2555.0
66987.94493400493,2555.0
66987.94493400493,2667.0
67496.27358249856,2667.0
67496.27358249856,2555.0
73496.27358249856,2555.0
73496.27358249856,2429.0
75896.27358249856,2429.0
75896.27358249856,2234.0
79496.27358249856,2234.0
79496.27358249856,2429.0
80696.27358249856,2429.0
80696.27358249856,2234.0
86396.27358249856,2234.0
86400.0,2429.0
# temp #2908
0.0,2234.0
1291.7245974764228,2234.0
1291.7245974764228,2667.0
35566.06058303733,2667.0
35566.06058303733,2555.0
35963.67103478406,2555.0
35963.67103478406,2667.0
73908.67664285471,2667.0
73908.67664285471,2555.0
76908.67664285471,2555.0
76908.67664285471,2667.0
86400.000002,2667.0
# temp #2909
0.0,2234.0
71472.3091321299,2234.0
71472.3091321299,2555.0
74842.2392680077,2555.0
74842.2392680077,2667.0
75302.92014819571,2667.0
75302.92014819571,2555.0
75602.92014819571,2555.0
75602.92014819571,2667.0
86400.0,2667.0
# temp #2910
0.0,2234.0
6337.115187034943,2234.0
6337.115187034943,2667.0
34702.749776188284,2667.0
34702.749776188284,2555.0
35679.447249602534,2555.0
35679.447249602534,2667.0
43074.61441203487,2667.0
43074.61441203487,2555.0
43374.61441203487,2555.0
43374.61441203487,2667.0
44212.26020345931,2667.0
44212.26020345931,2555.0
44812.26020345931,2555.0
44812.26020345931,2667.0
65600.4522204632,2667.0
65600.4522204632,2883.0
83322.34488953838,2883.0
83322.34488953838,2429.0
86400.000002,2429.0
# temp #2911
0.0,2234.0
24766.648548189554,2234.0
24766.648548189554,2017.0
42864.2365445383,2017.0
42864.2365445383,2234.0
61299.633675254896,2234.0
61299.633675254896,2017.0
86400.000002,2017.0
# temp #2912
0.0,2234.0
5878.620082279668,2234.0
5878.620082279668,2667.0
14891.243496607061,2667.0
14891.243496607061,2555.0
15953.286860114898,2555.0
15953.286860114898,2667.0
33384.036294207915,2667.0
33384.036294207915,2555.0
33684.036294207915,2555.0
33684.036294207915,2667.0
34420.198874780916,2667.0
34420.198874780916,2555.0
35020.198874780916,2555.0
35020.198874780916,2667.0
63600.82642512863,2667.0
63600.82642512863,2555.0
79934.14500004148,2555.0
79934.14500004148,2667.0
86400.0,2667.0
# temp #2913
0.0,2234.0
18302.72196005099,2234.0
18302.72196005099,2429.0
18707.99230928533,2429.0
18707.99230928533,2555.0
22852.716208202768,2555.0
22852.716208202768,2429.0
46356.77666016855,2429.0
46356.77666016855,2883.0
82218.37860234083,2883.0
82218.37860234083,2429.0
86400.0,2429.0
# temp #2914
0.0,2234.0
57941.289574024275,2234.0
57941.289574024275,2555.0
59100.911540421665,2555.0
59100.911540421665,2667.0
59476.1591335293,2667.0
59476.1591335293,2555.0
59776.1591335293,2555.0
59776.1591335293,2667.0
86400.000002,2667.0
# temp #2915
0.0,2234.0
38301.919527584694,2234.0
38301.919527584694,2555.0
62149.386536981925,2555.0
62149.386536981925,2429.0
86400.0,2429.0
# temp #2916
0.0,2234.0
12358.765641599894,2234.0
12358.765641599894,2017.0
34510.068302135915,2017.0
34510.068302135915,2234.0
48231.124787125744,2234.0
48231.124787125744,2017.0
73361.2073962111,2017.0
73361.2073962111,2234.0
78338.01452661866,2234.0
78338.01452661866,2017.0
86400.000002,2017.0
# temp #2917
0.0,2234.0
25912.751913769174,2234.0
25912.751913769174,2429.0
26243.817897001285,2429.0
26243.817897001285,2555.0
26743.339907610793,2555.0
26743.339907610793,2429.0
27659.528624382805,2429.0
27659.528624382805,2555.0
41623.4910307685,2555.0
41623.4910307685,2667.0
61144.24474057742,2667.0
61144.24474057742,2555.0
81533.91809239985,2555.0
81533.91809239985,2429.0
86400.0,2429.0
# temp #2918
0.0,2234.0
7272.767751943322,2234.0
7272.767751943322,2667.0
15153.588302456777,2667.0
15153.588302456777,2555.0
16580.77518262435,2555.0
16580.77518262435,2667.0
18719.403467746455,2667.0
18719.403467746455,2555.0
19019.403467746455,2555.0
19019.403467746455,2429.0
27917.484892043292,2429.0
27917.484892043292,2555.0
36607.455176278025,2555.0
36607.455176278025,2667.0
61678.09004927987,2667.0
61678.09004927987,2555.0
61795.202347543105,2555.0
61795.202347543105,2429.0
75088.67557961495,2429.0
75088.67557961495,2883.0
83526.9933665637,2883.0
83526.9933665637,2555.0
84726.9933665637,2555.0
84726.9933665637,2883.0
86400.000002,2883.0
# temp #2919
0.0,2234.0
82633.60608068762,2234.0
82633.60608068762,2555.0
83217.53438820598,2555.0
83217.53438820598,2667.0
83531.56949656551,2667.0
83531.56949656551,2555.0
83831.56949656551,2555.0
83831.56949656551,2667.0
86400.000002,2667.0
# temp #2920
0.0,2234.0
3155.5710157379513,2234.0
3155.5710157379513,2429.0
3616.231757914648,2429.0
3616.231757914648,2555.0
7298.18242317997,2555.0
7298.18242317997,2429.0
20021.554353483956,2429.0
20021.554353483956,2555.0
50864.621809450924,2555.0
50864.621809450924,2429.0
74631.16883221084,2429.0
74631.16883221084,2555.0
81392.9050498875,2555.0
81392.9050498875,2429.0
86400.000002,2429.0
# temp #2921
0.0,2234.0
40477.49668308534,2234.0
40477.49668308534,2883.0
42877.49668308534,2883.0
42877.49668308534,2667.0
84875.60064601712,2667.0
84875.60064601712,2883.0
86400.0,2883.0
# temp #2922
0.0,2234.0
77113.79153877498,2234.0
77113.79153877498,2555.0
77891.96081114934,2555.0
77891.96081114934,2667.0
78234.5309299417,2667.0
78234.5309299417,2555.0
78534.5309299417,2555.0
78534.5309299417,2667.0
86400.000002,2667.0
# temp #2923
0.0,2234.0
11281.439754716122,2234.0
11281.439754716122,2883.0
12716.42414366361,2883.0
12716.42414366361,2667.0
23901.994031248618,2667.0
23901.994031248618,2883.0
55095.538703561775,2883.0
55095.538703561775,2429.0
86297.20320187045,2429.0
86297.20320187045,2555.0
86400.000002,2555.0
# temp #2924
0.0,2234.0
18257.86199262366,2234.0
18257.86199262366,2429.0
18689.47251099162,2429.0
18689.47251099162,2555.0
19767.12974715047,2555.0
19767.12974715047,2429.0
20432.117508491505,2429.0
20432.117508491505,2883.0
34366.872150404386,2883.0
34366.872150404386,2667.0
53783.64649764263,2667.0
53783.64649764263,2234.0
57917.54609509372,2234.0
57917.54609509372,2667.0
77503.7050870713,2667.0
77503.7050870713,2555.0
82116.9949786272,2555.0
82116.9949786272,2667.0
86400.000002,2667.0
# temp #2925
0.0,2234.0
40162.67485914287,2234.0
40162.67485914287,2555.0
55785.52445273382,2555.0
55785.52445273382,2429.0
85583.0133202253,2429.0
85583.0133202253,2234.0
86183.0133202253,2234.0
86183.0133202253,2429.0
86400.000002,2429.0
# temp #2926
0.0,2234.0
1868.5544991865754,2234.0
1868.5544991865754,2883.0
3310.724489414133,2883.0
3310.724489414133,2667.0
14270.614911778832,2667.0
14270.614911778832,2883.0
23136.271513346583,2883.0
23136.271513346583,2555.0
24336.271513346583,2555.0
24336.271513346583,2883.0
41952.333021210514,2883.0
41952.333021210514,2429.0
67544.12055336872,2429.0
67544.12055336872,2883.0
86400.000002,2883.0
# temp #2927
0.0,2234.0
60594.59261954763,2234.0
60594.59261954763,2883.0
62994.59261954763,2883.0
62994.59261954763,2667.0
82981.65919531604,2667.0
82981.65919531604,2555.0
86400.0,2555.0
# temp #2928
0.0,2234.0
1871.73704628367,2234.0
1871.73704628367,2667.0
6971.419019484893,2667.0
6971.419019484893,2555.0
7964.398776786403,2555.0
7964.398776786403,2667.0
45079.57755576354,2667.0
45079.57755576354,2555.0
45679.57755576354,2555.0
45679.57755576354,2667.0
62182.59842104745,2667.0
62182.59842104745,2555.0
64809.595998446464,2555.0
64809.595998446464,2429.0
74272.15399628041,2429.0
74272.15399628041,2555.0
81221.39283323196,2555.0
81221.39283323196,2667.0
83627.6518814033,2667.0
83627.6518814033,2555.0
86400.000002,2555.0
# temp #2929
0.0,2234.0
7496.327226958239,2234.0
7496.327226958239,2667.0
49550.86159079802,2667.0
49550.86159079802,2555.0
50019.57109866199,2555.0
50019.57109866199,2667.0
61601.36259526481,2667.0
61601.36259526481,2555.0
61901.36259526481,2555.0
61901.36259526481,2667.0
62636.912135873,2667.0
62636.912135873,2555.0
63236.912135873,2555.0
63236.912135873,2667.0
86400.000002,2667.0
# temp #2930
0.0,2234.0
3784.5741110388194,2234.0
3784.5741110388194,2017.0
7463.272528722883,2017.0
7463.272528722883,2234.0
52493.867610488094,2234.0
52493.867610488094,2017.0
86400.000002,2017.0
# temp #2931
0.0,2234.0
22901.41891096719,2234.0
22901.41891096719,2429.0
23336.347194202248,2429.0
23336.347194202248,2234.0
24019.56248378847,2234.0
24019.56248378847,2429.0
25298.753589321863,2429.0
25298.753589321863,2234.0
31975.952155748386,2234.0
31975.952155748386,2429.0
32703.350902302194,2429.0
32703.350902302194,2555.0
33995.15212238766,2555.0
33995.15212238766,2429.0
86400.0,2429.0
# temp #2932
0.0,2234.0
46263.58269690537,2234.0
46263.58269690537,2429.0
46711.72869626899,2429.0
46711.72869626899,2555.0
49589.12928525825,2555.0
49589.12928525825,2429.0
52554.857801436454,2429.0
52554.857801436454,2555.0
64411.52597407346,2555.0
64411.52597407346,2429.0
86400.0,2429.0
# temp #2933
0.0,2234.0
925.5983225768432,2234.0
925.5983225768432,2667.0
15111.089992825875,2667.0
15111.089992825875,2555.0
15812.640785356054,2555.0
15812.640785356054,2667.0
25106.71702162363,2667.0
25106.71702162363,2555.0
25406.71702162363,2555.0
25406.71702162363,2667.0
26237.851173221137,2667.0
26237.851173221137,2555.0
26837.851173221137,2555.0
26837.851173221137,2667.0
42425.639710435644,2667.0
42425.639710435644,2555.0
53625.955863995485,2555.0
53625.955863995485,2667.0
78811.14510954358,2667.0
78811.14510954358,2555.0
82926.27123012207,2555.0
82926.27123012207,2667.0
86400.0,2667.0
# temp #2934
0.0,2234.0
76706.62230108866,2234.0
76706.62230108866,2883.0
79106.62230108866,2883.0
79106.62230108866,2667.0
86400.000002,2667.0
# temp #2935
0.0,2234.0
17726.658620405946,2234.0
17726.658620405946,2555.0
21324.36792799272,2555.0
21324.36792799272,2667.0
21800.831218971874,2667.0
21800.831218971874,2555.0
22100.831218971874,2555.0
22100.831218971874,2667.0
48800.83121897187,2667.0
48800.83121897187,2555.0
64700.83121897187,2555.0
64700.83121897187,2234.0
68300.83121897187,2234.0
68300.83121897187,2429.0
78200.83121897187,2429.0
78200.83121897187,2555.0
78800.83121897187,2555.0
78800.83121897187,2667.0
86400.0,2667.0
# temp #2936
0.0,2234.0
43333.165331790224,2234.0
43333.165331790224,2883.0
45733.165331790224,2883.0
45733.165331790224,2667.0
86400.000002,2667.0
# temp #2937
0.0,2234.0
2645.3953574644406,2234.0
2645.3953574644406,2667.0
43602.613358362585,2667.0
43602.613358362585,2555.0
44003.158824867576,2555.0
44003.158824867576,2667.0
58497.65701910947,2667.0
58497.65701910947,2555.0
58797.65701910947,2555.0
58797.65701910947,2667.0
59097.65701910947,2667.0
59097.65701910947,2555.0
62397.65701910947,2555.0
62397.65701910947,2667.0
86400.000002,2667.0
# temp #2938
0.0,2234.0
7055.691508529709,2234.0
7055.691508529709,2555.0
39144.037423096604,2555.0
39144.037423096604,2429.0
39502.63942745515,2429.0
39502.63942745515,2555.0
40402.034575142905,2555.0
40402.034575142905,2429.0
41045.502721751116,2429.0
41045.502721751116,2234.0
54387.14687149041,2234.0
54387.14687149041,2667.0
71964.4635254983,2667.0
71964.4635254983,2883.0
73659.82137839311,2883.0
73659.82137839311,2667.0
83811.87997637318,2667.0
83811.87997637318,2234.0
86400.0,2234.0
# temp #2939
0.0,2234.0
57765.712473238826,2234.0
57765.712473238826,2883.0
60165.712473238826,2883.0
60165.712473238826,2667.0
86400.000002,2667.0
# temp #2940
0.0,2234.0
10456.022072187627,2234.0
10456.022072187627,2883.0
11944.4343614392,2883.0
11944.4343614392,2667.0
20084.290910605345,2667.0
20084.290910605345,2883.0
23189.415937196467,2883.0
23189.415937196467,2667.0
48360.46232844238,2667.0
48360.46232844238,2555.0
57778.04942827207,2555.0
57778.04942827207,2429.0
86400.0,2429.0
# temp #2941
0.0,2234.0
62628.34749659524,2234.0
62628.34749659524,2555.0
63202.885045018054,2555.0
63202.885045018054,2667.0
63730.23649554235,2667.0
63730.23649554235,2555.0
64030.23649554235,2555.0
64030.23649554235,2667.0
86400.000002,2667.0
# temp #2942
0.0,2234.0
60977.45023530443,2234.0
60977.45023530443,2555.0
86400.0,2555.0
# temp #2943
0.0,2234.0
14246.399934310468,2234.0
14246.399934310468,2555.0
24912.659299420196,2555.0
24912.659299420196,2429.0
25356.347171519887,2429.0
25356.347171519887,2555.0
44148.860457236886,2555.0
44148.860457236886,2429.0
44825.53199320101,2429.0
44825.53199320101,2234.0
52547.09230489098,2234.0
52547.09230489098,2429.0
77543.57820306906,2429.0
77543.57820306906,2883.0
78720.19346400631,2883.0
78720.19346400631,2429.0
86400.0,2429.0
# temp #2944
0.0,2234.0
3780.6639469927186,2234.0
3780.6639469927186,2667.0
43670.3627962852,2667.0
43670.3627962852,2555.0
44443.79423812498,2555.0
44443.79423812498,2667.0
68088.30453359989,2667.0
68088.30453359989,2555.0
68388.30453359989,2555.0
68388.30453359989,2667.0
69051.57679645346,2667.0
69051.57679645346,2555.0
69651.57679645346,2555.0
69651.57679645346,2667.0
86400.0,2667.0
# temp #2945
0.0,2234.0
32290.349411149517,2234.0
32290.349411149517,2555.0
37472.53564526328,2555.0
37472.53564526328,2667.0
37813.87143472676,2667.0
37813.87143472676,2555.0
38113.87143472676,2555.0
38113.87143472676,2667.0
64813.87143472676,2667.0
64813.87143472676,2555.0
80713.87143472675,2555.0
80713.87143472675,2234.0
84313.87143472675,2234.0
84313.87143472675,2429.0
86400.000002,2429.0
# temp #2946
0.0,2234.0
9370.197074906902,2234.0
9370.197074906902,2883.0
10223.55879507959,2883.0
10223.55879507959,2667.0
15400.618514022792,2667.0
15400.618514022792,2883.0
34225.03524783534,2883.0
34225.03524783534,2667.0
69350.86871876848,2667.0
69350.86871876848,2883.0
86400.000002,2883.0
# temp #2947
0.0,2234.0
38647.70658658818,2234.0
38647.70658658818,2017.0
85693.53106585333,2017.0
85693.53106585333,2234.0
86400.000002,2234.0
# temp #2948
0.0,2234.0
41054.484596243135,2234.0
41054.484596243135,2429.0
47954.484596243135,2429.0
47954.484596243135,2555.0
49754.484596243135,2555.0
49754.484596243135,2429.0
62654.484596243135,2429.0
62654.484596243135,2234.0
62954.484596243135,2234.0
62954.484596243135,2017.0
63254.484596243135,2017.0
63254.484596243135,2234.0
63554.484596243135,2234.0
63554.484596243135,2017.0
82291.5174261667,2017.0
82291.5174261667,2234.0
86400.0,2234.0
# temp #2949
0.0,2234.0
13358.82473671809,2234.0
13358.82473671809,2555.0
37722.96193242074,2555.0
37722.96193242074,2429.0
38048.47350523342,2429.0
38048.47350523342,2555.0
48939.63777855971,2555.0
48939.63777855971,2429.0
50111.84516837821,2429.0
50111.84516837821,2234.0
73770.46180085746,2234.0
73770.46180085746,2429.0
86400.000002,2429.0
# temp #2950
0.0,2234.0
2487.09152424708,2234.0
2487.09152424708,2883.0
3515.24319013115,2883.0
3515.24319013115,2667.0
10225.814263662323,2667.0
10225.814263662323,2883.0
40700.3185476875,2883.0
40700.3185476875,2429.0
85939.31578395424,2429.0
85939.31578395424,2883.0
86400.0,2883.0
# temp #2951
0.0,2234.0
39154.12814025768,2234.0
39154.12814025768,2555.0
63055.77340875754,2555.0
63055.77340875754,2429.0
63642.00121164323,2429.0
63642.00121164323,2555.0
69831.070459052,2555.0
69831.070459052,2429.0
70336.46161404905,2429.0
70336.46161404905,2555.0
70957.5384189142,2555.0
70957.5384189142,2429.0
71257.5384189142,2429.0
71257.5384189142,2555.0
72757.5384189142,2555.0
72757.5384189142,2429.0
82957.5384189142,2429.0
82957.5384189142,2234.0
86400.0,2234.0
# temp #2952
0.0,2234.0
44203.62913655118,2234.0
44203.62913655118,2555.0
76681.45249290393,2555.0
76681.45249290393,2429.0
86400.000002,2429.0
# temp #2953
0.0,2234.0
37950.16417026055,2234.0
37950.16417026055,2555.0
72647.56231193898,2555.0
72647.56231193898,2429.0
86400.0,2429.0
# temp #2954
0.0,2234.0
11441.058868146503,2234.0
11441.058868146503,2555.0
49694.3895833334,2555.0
49694.3895833334,2429.0
52531.10339955893,2429.0
52531.10339955893,2234.0
53131.10339955893,2234.0
53131.10339955893,2429.0
71431.10339955892,2429.0
71431.10339955892,2555.0
72931.10339955892,2555.0
72931.10339955892,2429.0
79052.89568086156,2429.0
79052.89568086156,2234.0
86400.000002,2234.0
# temp #2955
0.0,2234.0
75943.13641504852,2234.0
75943.13641504852,2555.0
86400.000002,2555.0
# temp #2956
0.0,2234.0
42636.05955687818,2234.0
42636.05955687818,2555.0
47587.48617558741,2555.0
47587.48617558741,2667.0
47951.46615912673,2667.0
47951.46615912673,2555.0
48251.46615912673,2555.0
48251.46615912673,2667.0
51851.46615912673,2667.0
51851.46615912673,2555.0
53351.46615912673,2555.0
53351.46615912673,2429.0
70503.979113861,2429.0
70503.979113861,2234.0
79687.40116262344,2234.0
79687.40116262344,2555.0
80887.40116262344,2555.0
80887.40116262344,2883.0
86400.0,2883.0
# temp #2957
0.0,2234.0
42955.784736899666,2234.0
42955.784736899666,2555.0
45920.47984509264,2555.0
45920.47984509264,2667.0
46416.16579208058,2667.0
46416.16579208058,2555.0
52416.16579208058,2555.0
52416.16579208058,2429.0
54816.16579208058,2429.0
54816.16579208058,2234.0
58416.16579208058,2234.0
58416.16579208058,2429.0
59616.16579208058,2429.0
59616.16579208058,2234.0
65316.16579208058,2234.0
65316.16579208058,2429.0
65850.34256656656,2429.0
65850.34256656656,2555.0
71182.62130524965,2555.0
71182.62130524965,2429.0
77314.25232505427,2429.0
77314.25232505427,2883.0
86400.000002,2883.0
# temp #2958
0.0,2234.0
43185.390460328206,2234.0
43185.390460328206,2555.0
58323.89876197559,2555.0
58323.89876197559,2429.0
77284.19295202476,2429.0
77284.19295202476,2234.0
80393.23369769847,2234.0
80393.23369769847,2429.0
86400.000002,2429.0
# temp #2959
0.0,2234.0
6076.990780653433,2234.0
6076.990780653433,2017.0
14911.753690056506,2017.0
14911.753690056506,2234.0
18435.399382095788,2234.0
18435.399382095788,2017.0
69158.46568197013,2017.0
69158.46568197013,2234.0
75055.8304063976,2234.0
75055.8304063976,2017.0
86400.0,2017.0
# temp #2960
0.0,2234.0
13450.093833566645,2234.0
13450.093833566645,2883.0
13912.698500929402,2883.0
13912.698500929402,2667.0
16017.134166648613,2667.0
16017.134166648613,2883.0
45721.4718572097,2883.0
45721.4718572097,2429.0
79153.37326093578,2429.0
79153.37326093578,2555.0
79753.51970619523,2555.0
79753.51970619523,2667.0
86400.0,2667.0
# temp #2961
0.0,2234.0
5450.534663256259,2234.0
5450.534663256259,2555.0
9563.888364192098,2555.0
9563.888364192098,2667.0
19463.8883641921,2667.0
19463.8883641921,2555.0
22342.89865521714,2555.0
22342.89865521714,2429.0
22883.26567565091,2429.0
22883.26567565091,2555.0
38437.13185242377,2555.0
38437.13185242377,2667.0
66180.11958743446,2667.0
66180.11958743446,2883.0
74491.12166720444,2883.0
74491.12166720444,2667.0
86400.000002,2667.0
# temp #2962
0.0,2234.0
10779.608855908738,2234.0
10779.608855908738,2883.0
21879.608855908737,2883.0
21879.608855908737,2555.0
24208.626924594868,2555.0
24208.626924594868,2667.0
52071.24780141749,2667.0
52071.24780141749,2555.0
76097.73595668377,2555.0
76097.73595668377,2429.0
86400.000002,2429.0
# temp #2963
0.0,2234.0
68509.06340314541,2234.0
68509.06340314541,2555.0
71615.62177289743,2555.0
71615.62177289743,2234.0
86400.0,2234.0
# temp #2964
0.0,2234.0
2232.233067322523,2234.0
2232.233067322523,2667.0
7167.3186073545385,2667.0
7167.3186073545385,2555.0
7473.379326565193,2555.0
7473.379326565193,2667.0
33743.693319917664,2667.0
33743.693319917664,2555.0
34043.693319917664,2555.0
34043.693319917664,2667.0
34824.62022886612,2667.0
34824.62022886612,2555.0
35424.62022886612,2555.0
35424.62022886612,2667.0
60390.591630851864,2667.0
60390.591630851864,2883.0
70535.77135400848,2883.0
70535.77135400848,2555.0
71735.77135400848,2555.0
71735.77135400848,2883.0
86400.000002,2883.0
# temp #2965
0.0,2234.0
40386.99312054087,2234.0
40386.99312054087,2555.0
70486.57365522815,2555.0
70486.57365522815,2429.0
86400.0,2429.0
# temp #2966
0.0,2234.0
3241.8316349387173,2234.0
3241.8316349387173,2555.0
30224.127059569586,2555.0
30224.127059569586,2429.0
30821.04306116235,2429.0
30821.04306116235,2555.0
39747.126415791,2555.0
39747.126415791,2429.0
40491.39337451198,2429.0
40491.39337451198,2555.0
41877.96186846682,2555.0
41877.96186846682,2429.0
42177.96186846682,2429.0
42177.96186846682,2555.0
62577.96186846682,2555.0
62577.96186846682,2429.0
62877.96186846682,2429.0
62877.96186846682,2555.0
63477.96186846682,2555.0
63477.96186846682,2667.0
68808.50644768217,2667.0
68808.50644768217,2555.0
74999.82098280454,2555.0
74999.82098280454,2667.0
86400.000002,2667.0
# temp #2967
0.0,2234.0
2469.6116561070085,2234.0
2469.6116561070085,2883.0
4168.252255674452,2883.0
4168.252255674452,2667.0
13979.303730279209,2667.0
13979.303730279209,2883.0
26540.04188817926,2883.0
26540.04188817926,2429.0
40244.25760984887,2429.0
40244.25760984887,2555.0
73562.55782477093,2555.0
73562.55782477093,2429.0
80951.82180942503,2429.0
80951.82180942503,2883.0
83306.13387669438,2883.0
83306.13387669438,2429.0
86400.0,2429.0
# temp #2968
0.0,2234.0
14386.749692796733,2234.0
14386.749692796733,2883.0
25486.749692796733,2883.0
25486.749692796733,2555.0
36269.02639197652,2555.0
36269.02639197652,2883.0
67752.63502795716,2883.0
67752.63502795716,2429.0
72276.7008487601,2429.0
72276.7008487601,2555.0
77227.71974515637,2555.0
77227.71974515637,2429.0
86400.000002,2429.0
# temp #2969
0.0,2234.0
17196.655515069146,2234.0
17196.655515069146,2883.0
17747.929628728893,2883.0
17747.929628728893,2667.0
24170.181994303133,2667.0
24170.181994303133,2883.0
43126.85564251152,2883.0
43126.85564251152,2667.0
51999.73389788066,2667.0
51999.73389788066,2555.0
67059.31316222997,2555.0
67059.31316222997,2429.0
86400.0,2429.0
# temp #2970
0.0,2234.0
7274.394051753917,2234.0
7274.394051753917,2555.0
45275.735221873045,2555.0
45275.735221873045,2429.0
45663.38964079042,2429.0
45663.38964079042,2555.0
57805.780104920275,2555.0
57805.780104920275,2429.0
58320.46268535779,2429.0
58320.46268535779,2234.0
64784.704505559064,2234.0
64784.704505559064,2667.0
65388.66197469179,2667.0
65388.66197469179,2555.0
73179.70389747061,2555.0
73179.70389747061,2429.0
86400.0,2429.0
# temp #2971
0.0,2234.0
7378.542527114043,2234.0
7378.542527114043,2667.0
41741.43738301937,2667.0
41741.43738301937,2555.0
42319.135681190535,2555.0
42319.135681190535,2429.0
66193.07490501089,2429.0
66193.07490501089,2555.0
75763.12677247917,2555.0
75763.12677247917,2883.0
86400.000002,2883.0
# temp #2972
0.0,2234.0
26985.374051565308,2234.0
26985.374051565308,2429.0
33885.374051565304,2429.0
33885.374051565304,2555.0
35685.374051565304,2555.0
35685.374051565304,2429.0
48585.374051565304,2429.0
48585.374051565304,2234.0
48885.374051565304,2234.0
48885.374051565304,2017.0
49185.374051565304,2017.0
49185.374051565304,2234.0
49485.374051565304,2234.0
49485.374051565304,2017.0
68236.09707411379,2017.0
68236.09707411379,2234.0
78114.83985967936,2234.0
78114.83985967936,2429.0
85219.61243790576,2429.0
85219.61243790576,2555.0
86400.0,2555.0
# temp #2973
0.0,2234.0
10398.865710734392,2234.0
10398.865710734392,2429.0
10943.877405649984,2429.0
10943.877405649984,2555.0
12856.754123023713,2555.0
12856.754123023713,2429.0
45958.517666137785,2429.0
45958.517666137785,2555.0
76643.79436222372,2555.0
76643.79436222372,2429.0
86400.0,2429.0
# temp #2974
0.0,2234.0
12686.737468536014,2234.0
12686.737468536014,2883.0
14397.314680181446,2883.0
14397.314680181446,2667.0
18965.0950265117,2667.0
18965.0950265117,2883.0
47943.08791870718,2883.0
47943.08791870718,2429.0
72585.8516547829,2429.0
72585.8516547829,2555.0
86400.0,2555.0
# temp #2975
0.0,2234.0
2345.531313680113,2234.0
2345.531313680113,2667.0
42059.93568319828,2667.0
42059.93568319828,2555.0
42482.62453610078,2555.0
42482.62453610078,2667.0
54321.72424402089,2667.0
54321.72424402089,2555.0
54621.72424402089,2555.0
54621.72424402089,2429.0
58962.352487747565,2429.0
58962.352487747565,2234.0
61149.249074771076,2234.0
61149.249074771076,2429.0
86400.0,2429.0
# temp #2976
0.0,2234.0
15796.360859717244,2234.0
15796.360859717244,2429.0
22696.360859717242,2429.0
22696.360859717242,2555.0
24496.360859717242,2555.0
24496.360859717242,2429.0
37396.36085971724,2429.0
37396.36085971724,2234.0
37696.36085971724,2234.0
37696.36085971724,2017.0
37996.36085971724,2017.0
37996.36085971724,2234.0
38296.36085971724,2234.0
38296.36085971724,2017.0
57975.356391188696,2017.0
57975.356391188696,2234.0
73440.2770832414,2234.0
73440.2770832414,2667.0
86400.000002,2667.0
# temp #2977
0.0,2234.0
44403.79129601643,2234.0
44403.79129601643,2555.0
48627.24305244629,2555.0
48627.24305244629,2667.0
49127.35317202751,2667.0
49127.35317202751,2555.0
55127.35317202751,2555.0
55127.35317202751,2429.0
57527.35317202751,2429.0
57527.35317202751,2234.0
61127.35317202751,2234.0
61127.35317202751,2429.0
62327.35317202751,2429.0
62327.35317202751,2234.0
68027.35317202752,2234.0
68027.35317202752,2429.0
86400.0,2429.0
# temp #2978
0.0,2234.0
5431.1468148836875,2234.0
5431.1468148836875,2555.0
44645.945585682064,2555.0
44645.945585682064,2429.0
45085.72300504894,2429.0
45085.72300504894,2555.0
64479.05614217745,2555.0
64479.05614217745,2429.0
65446.682056412115,2429.0
65446.682056412115,2555.0
65944.74560441451,2555.0
65944.74560441451,2429.0
66244.74560441451,2429.0
66244.74560441451,2555.0
66544.74560441451,2555.0
66544.74560441451,2429.0
67144.74560441451,2429.0
67144.74560441451,2555.0
72042.81886601822,2555.0
72042.81886601822,2429.0
86400.000002,2429.0
# temp #2979
0.0,2234.0
39189.73819194362,2234.0
39189.73819194362,2429.0
39506.25241657254,2429.0
39506.25241657254,2555.0
42386.826715967625,2555.0
42386.826715967625,2429.0
43513.9544377802,2429.0
43513.9544377802,2555.0
64200.246129487656,2555.0
64200.246129487656,2429.0
70942.59498948233,2429.0
70942.59498948233,2555.0
79085.10954547675,2555.0
79085.10954547675,2667.0
86400.0,2667.0
# temp #2980
0.0,2234.0
22541.17892130744,2234.0
22541.17892130744,2555.0
49354.740927717656,2555.0
49354.740927717656,2429.0
49835.96077461262,2429.0
49835.96077461262,2555.0
73533.81942654961,2555.0
73533.81942654961,2429.0
73974.5287591126,2429.0
73974.5287591126,2555.0
75139.26131087357,2555.0
75139.26131087357,2429.0
75439.26131087357,2429.0
75439.26131087357,2555.0
86400.000002,2555.0
# temp #2981
0.0,2234.0
17782.35269081779,2234.0
17782.35269081779,2429.0
18133.17616553977,2429.0
18133.17616553977,2234.0
18945.812959084287,2234.0
18945.812959084287,2429.0
23570.505803776905,2429.0
23570.505803776905,2234.0
36235.50147302449,2234.0
36235.50147302449,2429.0
37070.3195525799,2429.0
37070.3195525799,2234.0
51565.1547595393,2234.0
51565.1547595393,2667.0
61739.32156276424,2667.0
61739.32156276424,2555.0
68610.61815060677,2555.0
68610.61815060677,2429.0
70180.92944053934,2429.0
70180.92944053934,2555.0
86400.0,2555.0
# temp #2982
0.0,2234.0
18548.88135585934,2234.0
18548.88135585934,2429.0
19021.16089956835,2429.0
19021.16089956835,2234.0
19635.504075489007,2234.0
19635.504075489007,2429.0
24663.641291926615,2429.0
24663.641291926615,2234.0
38109.63840165641,2234.0
38109.63840165641,2429.0
38535.447936016135,2429.0
38535.447936016135,2555.0
38845.23463721853,2555.0
38845.23463721853,2429.0
39145.23463721853,2429.0
39145.23463721853,2555.0
39445.23463721853,2555.0
39445.23463721853,2429.0
40045.23463721853,2429.0
40045.23463721853,2555.0
42521.43449995202,2555.0
42521.43449995202,2429.0
63479.1434013052,2429.0
63479.1434013052,2555.0
64157.9028476961,2555.0
64157.9028476961,2429.0
86400.0,2429.0
# temp #2983
0.0,2234.0
38996.06997098309,2234.0
38996.06997098309,2429.0
39406.263095978655,2429.0
39406.263095978655,2234.0
40205.65702677705,2234.0
40205.65702677705,2429.0
43080.83913484589,2429.0
43080.83913484589,2234.0
62603.44758164139,2234.0
62603.44758164139,2429.0
63737.03677207233,2429.0
63737.03677207233,2555.0
64297.8176652454,2555.0
64297.8176652454,2429.0
86400.000002,2429.0
# temp #2984
0.0,2234.0
5621.800877060742,2234.0
5621.800877060742,2667.0
23052.14276716579,2667.0
23052.14276716579,2555.0
24252.754486002963,2555.0
24252.754486002963,2429.0
59335.02608179116,2429.0
59335.02608179116,2555.0
72147.19483761584,2555.0
72147.19483761584,2429.0
86400.000002,2429.0
# temp #2985
0.0,2234.0
85292.90797195864,2234.0
85292.90797195864,2555.0
86400.0,2555.0
# temp #2986
0.0,2234.0
4334.525551297703,2234.0
4334.525551297703,2667.0
41644.98911902775,2667.0
41644.98911902775,2555.0
41974.50507490431,2555.0
41974.50507490431,2667.0
62592.79322724325,2667.0
62592.79322724325,2555.0
63192.79322724325,2555.0
63192.79322724325,2667.0
82510.18969214057,2667.0
82510.18969214057,2555.0
86400.0,2555.0
# temp #2987
0.0,2234.0
17981.32175076753,2234.0
17981.32175076753,2017.0
46510.95400080085,2017.0
46510.95400080085,2234.0
56894.26065422595,2234.0
56894.26065422595,2017.0
86400.000002,2017.0
# temp #2988
0.0,2234.0
8585.197054501625,2234.0
8585.197054501625,2667.0
49289.30654595607,2667.0
49289.30654595607,2555.0
50762.211203528575,2555.0
50762.211203528575,2667.0
69854.74141859451,2667.0
69854.74141859451,2555.0
70154.74141859451,2555.0
70154.74141859451,2667.0
70920.29728847557,2667.0
70920.29728847557,2555.0
71520.29728847557,2555.0
71520.29728847557,2667.0
75525.93806809747,2667.0
75525.93806809747,2555.0
76162.0043326635,2555.0
76162.0043326635,2667.0
86400.000002,2667.0
# temp #2989
0.0,2234.0
15873.584850272166,2234.0
15873.584850272166,2555.0
22822.947800159458,2555.0
22822.947800159458,2429.0
23376.593668875288,2429.0
23376.593668875288,2555.0
45807.53425299191,2555.0
45807.53425299191,2429.0
46438.244306878194,2429.0
46438.244306878194,2234.0
66673.15905794968,2234.0
66673.15905794968,2429.0
86400.0,2429.0
# temp #2990
0.0,2234.0
13950.116715626793,2234.0
13950.116715626793,2017.0
60204.72988877446,2017.0
60204.72988877446,2234.0
69950.64795305954,2234.0
69950.64795305954,2017.0
81426.6523295548,2017.0
81426.6523295548,2234.0
86400.0,2234.0
# temp #2991
0.0,2234.0
3303.403955837712,2234.0
3303.403955837712,2555.0
6000.308293453419,2555.0
6000.308293453419,2667.0
6548.090757708997,2667.0
6548.090757708997,2555.0
6848.090757708997,2555.0
6848.090757708997,2667.0
10448.090757708997,2667.0
10448.090757708997,2555.0
11948.090757708997,2555.0
11948.090757708997,2429.0
13584.096415992828,2429.0
13584.096415992828,2234.0
40117.50274698716,2234.0
40117.50274698716,2429.0
69123.70480732062,2429.0
69123.70480732062,2555.0
84193.43719559257,2555.0
84193.43719559257,2429.0
86400.000002,2429.0
# temp #2992
0.0,2234.0
78935.17030631193,2234.0
78935.17030631193,2555.0
86400.000002,2555.0
# temp #2993
0.0,2234.0
22682.12419955526,2234.0
22682.12419955526,2429.0
23226.686811447147,2429.0
23226.686811447147,2234.0
23919.173825089823,2234.0
23919.173825089823,2429.0
28227.034934260886,2429.0
28227.034934260886,2234.0
29328.528378484774,2234.0
29328.528378484774,2429.0
29969.422669569034,2429.0
29969.422669569034,2555.0
31245.21870114841,2555.0
31245.21870114841,2429.0
86400.000002,2429.0
# temp #2994
0.0,2234.0
34283.04195504171,2234.0
34283.04195504171,2429.0
34583.04195504171,2429.0
34583.04195504171,2234.0
38152.66231836286,2234.0
38152.66231836286,2429.0
45105.3932623705,2429.0
45105.3932623705,2234.0
64815.84991954734,2234.0
64815.84991954734,2429.0
79142.77876988055,2429.0
79142.77876988055,2555.0
80360.75771749021,2555.0
80360.75771749021,2667.0
86400.0,2667.0
# temp #2995
0.0,2234.0
6515.080544818194,2234.0
6515.080544818194,2017.0
31971.628687251363,2017.0
31971.628687251363,2234.0
62280.70920836181,2234.0
62280.70920836181,2017.0
86400.0,2017.0
# temp #2996
0.0,2234.0
70802.58730875794,2234.0
70802.58730875794,2555.0
84605.4408660857,2555.0
84605.4408660857,2234.0
86400.0,2234.0
# temp #2997
0.0,2234.0
63066.70281796251,2234.0
63066.70281796251,2555.0
86400.0,2555.0
# temp #2998
0.0,2234.0
6716.457886551509,2234.0
6716.457886551509,2667.0
38667.36480658875,2667.0
38667.36480658875,2555.0
39179.574837069966,2555.0
39179.574837069966,2667.0
70582.1004555328,2667.0
70582.1004555328,2555.0
70882.1004555328,2555.0
70882.1004555328,2429.0
86400.0,2429.0
# temp #2999
0.0,2234.0
7012.744939606638,2234.0
7012.744939606638,2883.0
18112.744939606637,2883.0
18112.744939606637,2555.0
52910.93183113263,2555.0
52910.93183113263,2429.0
70936.5865655942,2429.0
70936.5865655942,2555.0
81466.2553345319,2555.0
81466.2553345319,2429.0
82061.71224305873,2429.0
82061.71224305873,2555.0
86400.0,2555.0
# temp #3000
0.0,2234.0
29886.553807184104,2234.0
29886.553807184104,2429.0
61986.5538071841,2429.0
61986.5538071841,2555.0
62286.5538071841,2555.0
62286.5538071841,2667.0
86400.000002,2667.0
# temp #3001
0.0,2234.0
57002.47158806306,2234.0
57002.47158806306,2555.0
82704.52411395965,2555.0
82704.52411395965,2429.0
83099.20064758045,2429.0
83099.20064758045,2555.0
86400.000002,2555.0
# temp #3002
0.0,2234.0
7214.340702001939,2234.0
7214.340702001939,2667.0
37755.00593560283,2667.0
37755.00593560283,2555.0
38540.481720515534,2555.0
38540.481720515534,2667.0
54780.06473130082,2667.0
54780.06473130082,2555.0
57780.06473130082,2555.0
57780.06473130082,2667.0
83880.06473130082,2667.0
83880.06473130082,2883.0
86400.000002,2883.0
# temp #3003
0.0,2234.0
46071.1208020337,2234.0
46071.1208020337,2555.0
62443.471401371076,2555.0
62443.471401371076,2429.0
82473.22169223336,2429.0
82473.22169223336,2555.0
83134.17759833393,2555.0
83134.17759833393,2429.0
86400.000002,2429.0
# temp #3004
0.0,2234.0
6029.5896070310855,2234.0
6029.5896070310855,2667.0
44636.00245169365,2667.0
44636.00245169365,2555.0
45208.44440278598,2555.0
45208.44440278598,2667.0
81336.96707803757,2667.0
81336.96707803757,2555.0
84336.96707803757,2555.0
84336.96707803757,2667.0
86400.000002,2667.0
# temp #3005
0.0,2234.0
13677.171036670918,2234.0
13677.171036670918,2883.0
14662.92722176295,2883.0
14662.92722176295,2667.0
23923.720414959826,2667.0
23923.720414959826,2883.0
31156.23697398696,2883.0
31156.23697398696,2555.0
32356.23697398696,2555.0
32356.23697398696,2883.0
48818.22159423028,2883.0
48818.22159423028,2667.0
78483.75438214281,2667.0
78483.75438214281,2555.0
86400.0,2555.0
# temp #3006
0.0,2234.0
48187.70294592251,2234.0
48187.70294592251,2555.0
80228.4638853511,2555.0
80228.4638853511,2429.0
86400.0,2429.0
# temp #3007
0.0,2234.0
31609.56995515153,2234.0
31609.56995515153,2555.0
42997.999662277296,2555.0
42997.999662277296,2429.0
57305.68446577527,2429.0
57305.68446577527,2234.0
73768.0438528536,2234.0
73768.0438528536,2429.0
86400.0,2429.0
# temp #3008
0.0,2234.0
39976.69303184376,2234.0
39976.69303184376,2429.0
40576.69303184376,2429.0
40576.69303184376,2555.0
41567.24526425824,2555.0
41567.24526425824,2429.0
47855.93934562058,2429.0
47855.93934562058,2555.0
76684.24355594908,2555.0
76684.24355594908,2429.0
83708.68368123194,2429.0
83708.68368123194,2883.0
86400.0,2883.0
# temp #3009
0.0,2234.0
18537.38906029612,2234.0
18537.38906029612,2429.0
19137.38906029612,2429.0
19137.38906029612,2555.0
24228.487655706707,2555.0
24228.487655706707,2429.0
37249.07524762675,2429.0
37249.07524762675,2555.0
49355.52770134528,2555.0
49355.52770134528,2429.0
63681.3567706151,2429.0
63681.3567706151,2555.0
84361.87986123843,2555.0
84361.87986123843,2667.0
86400.0,2667.0
# temp #3010
0.0,2234.0
22200.771232182164,2234.0
22200.771232182164,2555.0
51425.5387117155,2555.0
51425.5387117155,2429.0
68503.93113093452,2429.0
68503.93113093452,2234.0
74739.66406218243,2234.0
74739.66406218243,2429.0
76710.46524031555,2429.0
76710.46524031555,2234.0
77167.02781913338,2234.0
77167.02781913338,2555.0
79133.54455602822,2555.0
79133.54455602822,2429.0
86400.0,2429.0
# temp #3011
0.0,2234.0
23144.630774692636,2234.0
23144.630774692636,2555.0
46877.19466423151,2555.0
46877.19466423151,2429.0
47392.81814256684,2429.0
47392.81814256684,2555.0
66658.41591150967,2555.0
66658.41591150967,2429.0
67126.97178327946,2429.0
67126.97178327946,2234.0
86400.0,2234.0
# temp #3012
0.0,2234.0
3948.6784343607733,2234.0
3948.6784343607733,2667.0
11984.41917859018,2667.0
11984.41917859018,2555.0
12344.54069864005,2555.0
12344.54069864005,2667.0
43405.7638029568,2667.0
43405.7638029568,2555.0
44005.7638029568,2555.0
44005.7638029568,2667.0
58983.29041334801,2667.0
58983.29041334801,2555.0
60553.715969575576,2555.0
60553.715969575576,2429.0
86400.000002,2429.0
# temp #3013
0.0,2234.0
14005.95803379547,2234.0
14005.95803379547,2883.0
25105.95803379547,2883.0
25105.95803379547,2555.0
55171.541926916696,2555.0
55171.541926916696,2429.0
86400.000002,2429.0
# temp #3014
0.0,2234.0
45201.07399025001,2234.0
45201.07399025001,2429.0
45535.17633921002,2429.0
45535.17633921002,2555.0
48939.852147758946,2555.0
48939.852147758946,2429.0
61261.85117396527,2429.0
61261.85117396527,2555.0
66563.73010883109,2555.0
66563.73010883109,2429.0
68487.87257065998,2429.0
68487.87257065998,2667.0
86400.000002,2667.0
# temp #3015
0.0,2234.0
65855.07435011679,2234.0
65855.07435011679,2555.0
71003.9573021466,2555.0
71003.9573021466,2667.0
71569.17328136043,2667.0
71569.17328136043,2555.0
77569.17328136043,2555.0
77569.17328136043,2429.0
79969.17328136043,2429.0
79969.17328136043,2234.0
83569.17328136043,2234.0
83569.17328136043,2429.0
84769.17328136043,2429.0
84769.17328136043,2234.0
86400.000002,2234.0
# temp #3016
0.0,2234.0
39053.61204457004,2234.0
39053.61204457004,2429.0
39650.42225376238,2429.0
39650.42225376238,2555.0
42028.78033176531,2555.0
42028.78033176531,2429.0
69512.03447319569,2429.0
69512.03447319569,2555.0
85475.0452344306,2555.0
85475.0452344306,2667.0
86400.0,2667.0
# temp #3017
0.0,2234.0
41343.97081118078,2234.0
41343.97081118078,2555.0
63499.64463771322,2555.0
63499.64463771322,2429.0
63891.025898954846,2429.0
63891.025898954846,2555.0
72352.26509040223,2555.0
72352.26509040223,2429.0
73341.77308687942,2429.0
73341.77308687942,2555.0
74410.81007290633,2555.0
74410.81007290633,2429.0
74710.81007290633,2429.0
74710.81007290633,2555.0
75010.81007290633,2555.0
75010.81007290633,2429.0
75610.81007290633,2429.0
75610.81007290633,2555.0
79822.1020543948,2555.0
79822.1020543948,2429.0
86400.000002,2429.0
# temp #3018
0.0,2234.0
37546.00874672179,2234.0
37546.00874672179,2555.0
58010.31327231323,2555.0
58010.31327231323,2429.0
59509.78430269753,2429.0
59509.78430269753,2234.0
60109.78430269753,2234.0
60109.78430269753,2429.0
78409.78430269753,2429.0
78409.78430269753,2555.0
79909.78430269753,2555.0
79909.78430269753,2429.0
80651.19968340734,2429.0
80651.19968340734,2234.0
81664.35441230425,2234.0
81664.35441230425,2667.0
86400.0,2667.0
# temp #3019
0.0,2234.0
3989.70891146455,2234.0
3989.70891146455,2883.0
4993.352957325988,2883.0
4993.352957325988,2667.0
12040.322890947575,2667.0
12040.322890947575,2883.0
29125.98325924483,2883.0
29125.98325924483,2667.0
31612.652583816096,2667.0
31612.652583816096,2555.0
52229.90183439107,2555.0
52229.90183439107,2429.0
56602.87133948879,2429.0
56602.87133948879,2883.0
82633.4736169316,2883.0
82633.4736169316,2429.0
86400.000002,2429.0
# temp #3020
0.0,2234.0
29010.31509228051,2234.0
29010.31509228051,2555.0
62951.16032073276,2555.0
62951.16032073276,2429.0
63375.46541362537,2429.0
63375.46541362537,2555.0
72392.55560904277,2555.0
72392.55560904277,2429.0
72919.15962591303,2429.0
72919.15962591303,2555.0
74094.12882977632,2555.0
74094.12882977632,2429.0
74394.12882977632,2429.0
74394.12882977632,2555.0
75894.12882977632,2555.0
75894.12882977632,2429.0
86094.12882977632,2429.0
86094.12882977632,2234.0
86400.000002,2234.0
# temp #3021
0.0,2234.0
7679.034991865046,2234.0
7679.034991865046,2429.0
8166.792434826493,2429.0
8166.792434826493,2234.0
8947.008601622656,2234.0
8947.008601622656,2429.0
11670.450151478872,2429.0
11670.450151478872,2234.0
30311.20628092904,2234.0
30311.20628092904,2429.0
31262.867203680802,2429.0
31262.867203680802,2234.0
50201.68208568358,2234.0
50201.68208568358,2667.0
54131.718494743116,2667.0
54131.718494743116,2555.0
75276.33796655574,2555.0
75276.33796655574,2429.0
86400.0,2429.0
# temp #3022
0.0,2234.0
15489.359359326776,2234.0
15489.359359326776,2883.0
16564.740482624624,2883.0
16564.740482624624,2667.0
21622.741520963613,2667.0
21622.741520963613,2883.0
42322.27832106874,2883.0
42322.27832106874,2667.0
53204.94027547539,2667.0
53204.94027547539,2883.0
66334.62594682352,2883.0
66334.62594682352,2667.0
86400.000002,2667.0
# temp #3023
0.0,2234.0
25355.132074048746,2234.0
25355.132074048746,2017.0
33631.30774386227,2017.0
33631.30774386227,2234.0
70447.41750899704,2234.0
70447.41750899704,2017.0
86400.000002,2017.0
# temp #3024
0.0,2234.0
11847.984841628933,2234.0
11847.984841628933,2883.0
12821.33375471458,2883.0
12821.33375471458,2667.0
19915.09117672686,2667.0
19915.09117672686,2883.0
42840.12784596999,2883.0
42840.12784596999,2429.0
68861.14178448917,2429.0
68861.14178448917,2555.0
71111.88166646754,2555.0
71111.88166646754,2429.0
86400.000002,2429.0
# temp #3025
0.0,2234.0
2363.8528233859693,2234.0
2363.8528233859693,2667.0
30146.757614845414,2667.0
30146.757614845414,2555.0
31384.659569012005,2555.0
31384.659569012005,2429.0
43210.39708801546,2429.0
43210.39708801546,2883.0
56496.75113135018,2883.0
56496.75113135018,2429.0
59942.25995633752,2429.0
59942.25995633752,2234.0
66889.4559136592,2234.0
66889.4559136592,2667.0
78848.35131552537,2667.0
78848.35131552537,2555.0
86400.000002,2555.0
# temp #3026
0.0,2234.0
4482.167110545562,2234.0
4482.167110545562,2667.0
15501.545629254546,2667.0
15501.545629254546,2555.0
16590.84422446322,2555.0
16590.84422446322,2429.0
40388.08338611853,2429.0
40388.08338611853,2555.0
53776.27635381651,2555.0
53776.27635381651,2667.0
76267.0702684438,2667.0
76267.0702684438,2883.0
86400.000002,2883.0
# temp #3027
0.0,2234.0
11252.373042376714,2234.0
11252.373042376714,2555.0
35252.0149699878,2555.0
35252.0149699878,2429.0
41533.92752702349,2429.0
41533.92752702349,2234.0
42133.92752702349,2234.0
42133.92752702349,2429.0
44533.92752702349,2429.0
44533.92752702349,2555.0
54733.92752702349,2555.0
54733.92752702349,2667.0
76399.94456882124,2667.0
76399.94456882124,2555.0
82240.58296058794,2555.0
82240.58296058794,2667.0
86400.0,2667.0
# temp #3028
0.0,2234.0
83284.58745083773,2234.0
83284.58745083773,2555.0
84918.79481573125,2555.0
84918.79481573125,2667.0
85474.84367620201,2667.0
85474.84367620201,2555.0
85774.84367620201,2555.0
85774.84367620201,2667.0
86400.000002,2667.0
# temp #3029
0.0,2234.0
1333.954448089935,2234.0
1333.954448089935,2555.0
16069.126264122317,2555.0
16069.126264122317,2429.0
36450.21975052078,2429.0
36450.21975052078,2234.0
45363.187602139085,2234.0
45363.187602139085,2429.0
45730.342446221046,2429.0
45730.342446221046,2234.0
49498.24564964511,2234.0
49498.24564964511,2667.0
50564.25912226551,2667.0
50564.25912226551,2555.0
54867.53884409556,2555.0
54867.53884409556,2667.0
66411.46594178864,2667.0
66411.46594178864,2883.0
86400.000002,2883.0
# temp #3030
0.0,2234.0
39092.36840230879,2234.0
39092.36840230879,2429.0
39478.838080982685,2429.0
39478.838080982685,2555.0
42489.84890885186,2555.0
42489.84890885186,2429.0
55975.685583567254,2429.0
55975.685583567254,2555.0
57359.16750740726,2555.0
57359.16750740726,2429.0
86400.000002,2429.0
# temp #3031
0.0,2234.0
61690.60725099407,2234.0
61690.60725099407,2555.0
63276.26495452132,2555.0
63276.26495452132,2234.0
86400.0,2234.0
# temp #3032
0.0,2234.0
39938.5676945094,2234.0
39938.5676945094,2883.0
42338.5676945094,2883.0
42338.5676945094,2667.0
68540.1647841325,2667.0
68540.1647841325,2555.0
86400.000002,2555.0
# temp #3033
0.0,2234.0
12306.039133714514,2234.0
12306.039133714514,2017.0
49704.66693523341,2017.0
49704.66693523341,2234.0
83305.24668046275,2234.0
83305.24668046275,2017.0
86400.000002,2017.0
# temp #3034
0.0,2234.0
31500.005915458318,2234.0
31500.005915458318,2429.0
31928.242100682113,2429.0
31928.242100682113,2555.0
33174.33260595427,2555.0
33174.33260595427,2429.0
49729.26946368535,2429.0
49729.26946368535,2555.0
70954.65104975739,2555.0
70954.65104975739,2429.0
86400.000002,2429.0
# temp #3035
0.0,2234.0
20690.14895714354,2234.0
20690.14895714354,2429.0
21251.486570038836,2429.0
21251.486570038836,2555.0
23356.700992234986,2555.0
23356.700992234986,2429.0
49796.67805130594,2429.0
49796.67805130594,2555.0
76269.16138753296,2555.0
76269.16138753296,2429.0
86400.0,2429.0
# temp #3036
0.0,2234.0
73435.44926662,2234.0
73435.44926662,2555.0
73968.63865214401,2555.0
73968.63865214401,2667.0
74395.11050507428,2667.0
74395.11050507428,2555.0
74695.11050507428,2555.0
74695.11050507428,2667.0
78295.11050507428,2667.0
78295.11050507428,2555.0
79795.11050507428,2555.0
79795.11050507428,2429.0
82763.5673322715,2429.0
82763.5673322715,2234.0
84972.26044773126,2234.0
84972.26044773126,2429.0
86400.0,2429.0
# temp #3037
0.0,2234.0
28132.82696125098,2234.0
28132.82696125098,2555.0
59009.642425552025,2555.0
59009.642425552025,2429.0
64640.1251692325,2429.0
64640.1251692325,2234.0
72200.50349913073,2234.0
72200.50349913073,2429.0
72583.5968669504,2429.0
72583.5968669504,2234.0
86400.000002,2234.0
# temp #3038
0.0,2234.0
17584.258492570374,2234.0
17584.258492570374,2017.0
43445.52726130933,2017.0
43445.52726130933,2234.0
44847.235643025495,2234.0
44847.235643025495,2017.0
85259.69384252095,2017.0
85259.69384252095,2234.0
86400.0,2234.0
# temp #3039
0.0,2234.0
5095.84640110843,2234.0
5095.84640110843,2667.0
53383.39609124233,2667.0
53383.39609124233,2555.0
54487.67855598126,2555.0
54487.67855598126,2667.0
58765.68615767174,2667.0
58765.68615767174,2555.0
59065.68615767174,2555.0
59065.68615767174,2429.0
64413.41473062058,2429.0
64413.41473062058,2555.0
72339.4257533597,2555.0
72339.4257533597,2667.0
86400.000002,2667.0
# temp #3040
0.0,2234.0
24145.42834768072,2234.0
24145.42834768072,2555.0
27261.931549035948,2555.0
27261.931549035948,2667.0
27581.855781306516,2667.0
27581.855781306516,2555.0
33581.85578130651,2555.0
33581.85578130651,2429.0
35981.85578130651,2429.0
35981.85578130651,2234.0
39581.85578130651,2234.0
39581.85578130651,2429.0
40781.85578130651,2429.0
40781.85578130651,2234.0
46481.85578130651,2234.0
46481.85578130651,2429.0
79334.14753109684,2429.0
79334.14753109684,2555.0
86400.0,2555.0
# temp #3041
0.0,2234.0
18140.45725408942,2234.0
18140.45725408942,2883.0
19672.05592026003,2883.0
19672.05592026003,2667.0
22364.35969427694,2667.0
22364.35969427694,2883.0
38736.40940277838,2883.0
38736.40940277838,2429.0
56659.88099542448,2429.0
56659.88099542448,2555.0
59666.869894182324,2555.0
59666.869894182324,2429.0
60754.00736520534,2429.0
60754.00736520534,2555.0
71777.34542386608,2555.0
71777.34542386608,2429.0
85610.61963262038,2429.0
85610.61963262038,2883.0
86400.000002,2883.0
# temp #3042
0.0,2234.0
27315.562287066135,2234.0
27315.562287066135,2429.0
34215.56228706613,2429.0
34215.56228706613,2555.0
36015.56228706613,2555.0
36015.56228706613,2429.0
48915.56228706613,2429.0
48915.56228706613,2234.0
49215.56228706613,2234.0
49215.56228706613,2017.0
49515.56228706613,2017.0
49515.56228706613,2234.0
49815.56228706613,2234.0
49815.56228706613,2017.0
66271.89041802194,2017.0
66271.89041802194,2234.0
86400.0,2234.0
# temp #3043
0.0,2234.0
74022.32027084102,2234.0
74022.32027084102,2555.0
86400.0,2555.0
# temp #3044
0.0,2234.0
37980.30664371327,2234.0
37980.30664371327,2429.0
38580.30664371327,2429.0
38580.30664371327,2555.0
42720.64122268931,2555.0
42720.64122268931,2429.0
78183.35951745977,2429.0
78183.35951745977,2555.0
86400.000002,2555.0
# temp #3045
0.0,2234.0
66492.27424012499,2234.0
66492.27424012499,2555.0
86400.000002,2555.0
# temp #3046
0.0,2234.0
73876.90934236163,2234.0
73876.90934236163,2555.0
86400.000002,2555.0
# temp #3047
0.0,2234.0
77475.87008583361,2234.0
77475.87008583361,2883.0
79875.87008583361,2883.0
79875.87008583361,2667.0
86400.0,2667.0
# temp #3048
0.0,2234.0
41276.22754757759,2234.0
41276.22754757759,2555.0
75104.01458360722,2555.0
75104.01458360722,2429.0
75534.28949215451,2429.0
75534.28949215451,2555.0
86400.0,2555.0
# temp #3049
0.0,2234.0
27467.11377720349,2234.0
27467.11377720349,2555.0
29704.462831187997,2555.0
29704.462831187997,2667.0
36004.46283118799,2667.0
36004.46283118799,2555.0
37204.46283118799,2555.0
37204.46283118799,2429.0
80404.462831188,2429.0
80404.462831188,2234.0
86400.000002,2234.0
# temp #3050
0.0,2234.0
33121.72038077843,2234.0
33121.72038077843,2555.0
57737.21076746007,2555.0
57737.21076746007,2429.0
58123.571018152885,2429.0
58123.571018152885,2555.0
62548.93083872741,2555.0
62548.93083872741,2429.0
63304.93288133295,2429.0
63304.93288133295,2234.0
64386.72759728508,2234.0
64386.72759728508,2667.0
64500.19679018298,2667.0
64500.19679018298,2555.0
69701.03349345738,2555.0
69701.03349345738,2667.0
78812.1800609166,2667.0
78812.1800609166,2555.0
86400.000002,2555.0
# temp #3051
0.0,2234.0
1592.7060989197346,2234.0
1592.7060989197346,2555.0
5075.316732656212,2555.0
5075.316732656212,2667.0
5621.2291626725355,2667.0
5621.2291626725355,2555.0
11621.229162672535,2555.0
11621.229162672535,2429.0
14021.229162672535,2429.0
14021.229162672535,2234.0
17621.229162672535,2234.0
17621.229162672535,2429.0
18821.229162672535,2429.0
18821.229162672535,2234.0
24521.229162672535,2234.0
24521.229162672535,2429.0
56569.010754791096,2429.0
56569.010754791096,2555.0
68337.94166645968,2555.0
68337.94166645968,2429.0
86400.0,2429.0
# temp #3052
0.0,2234.0
2101.690053753555,2234.0
2101.690053753555,2017.0
28384.916857816283,2017.0
28384.916857816283,2234.0
41003.09244599194,2234.0
41003.09244599194,2017.0
54916.81965328754,2017.0
54916.81965328754,2234.0
69284.11440784113,2234.0
69284.11440784113,2017.0
86400.000002,2017.0
# temp #3053
0.0,2234.0
65448.770554759554,2234.0
65448.770554759554,2555.0
75034.94827703109,2555.0
75034.94827703109,2429.0
75352.38721130883,2429.0
75352.38721130883,2555.0
86400.0,2555.0
# temp #3054
0.0,2234.0
1993.8155560987072,2234.0
1993.8155560987072,2555.0
2460.31466438435,2555.0
2460.31466438435,2667.0
3048.1611891416837,2667.0
3048.1611891416837,2555.0
9048.161189141683,2555.0
9048.161189141683,2429.0
11448.161189141683,2429.0
11448.161189141683,2234.0
15048.161189141683,2234.0
15048.161189141683,2429.0
16248.161189141683,2429.0
16248.161189141683,2234.0
21948.161189141683,2234.0
21948.161189141683,2429.0
46066.10960047692,2429.0
46066.10960047692,2555.0
65259.579512290664,2555.0
65259.579512290664,2667.0
80509.15116209073,2667.0
80509.15116209073,2555.0
86400.0,2555.0
# temp #3055
0.0,2234.0
8171.086646011101,2234.0
8171.086646011101,2667.0
14640.740649774674,2667.0
14640.740649774674,2555.0
15372.155567072336,2555.0
15372.155567072336,2667.0
45847.94685845265,2667.0
45847.94685845265,2555.0
46147.94685845265,2555.0
46147.94685845265,2667.0
46447.94685845265,2667.0
46447.94685845265,2555.0
49747.94685845265,2555.0
49747.94685845265,2667.0
75247.94685845265,2667.0
75247.94685845265,2883.0
86400.000002,2883.0
# temp #3056
0.0,2234.0
71527.9387757415,2234.0
71527.9387757415,2555.0
72875.72468330618,2555.0
72875.72468330618,2234.0
85637.8043315839,2234.0
85637.8043315839,2429.0
86400.000002,2429.0
# temp #3057
0.0,2234.0
61624.202762567445,2234.0
61624.202762567445,2555.0
86400.0,2555.0
# temp #3058
0.0,2234.0
6663.984211930075,2234.0
6663.984211930075,2883.0
7517.189465719276,2883.0
7517.189465719276,2667.0
15585.773608856836,2667.0
15585.773608856836,2883.0
50485.55973395706,2883.0
50485.55973395706,2429.0
78485.03957621289,2429.0
78485.03957621289,2555.0
86400.0,2555.0
# temp #3059
0.0,2234.0
73324.07323813533,2234.0
73324.07323813533,2555.0
86400.0,2555.0
# temp #3060
0.0,2234.0
51729.55120978878,2234.0
51729.55120978878,2555.0
53348.917306121446,2555.0
53348.917306121446,2667.0
53872.73245635443,2667.0
53872.73245635443,2555.0
54172.73245635443,2555.0
54172.73245635443,2667.0
57772.73245635443,2667.0
57772.73245635443,2555.0
59272.73245635443,2555.0
59272.73245635443,2429.0
74115.68743956742,2429.0
74115.68743956742,2234.0
86400.0,2234.0
# temp #3061
0.0,2234.0
19600.39382767864,2234.0
19600.39382767864,2555.0
40678.38675887325,2555.0
40678.38675887325,2429.0
41038.34315787536,2429.0
41038.34315787536,2555.0
50056.28674523906,2555.0
50056.28674523906,2429.0
50839.9296759395,2429.0
50839.9296759395,2234.0
56836.978832515895,2234.0
56836.978832515895,2667.0
80025.84563728889,2667.0
80025.84563728889,2555.0
84482.68038856333,2555.0
84482.68038856333,2429.0
86400.000002,2429.0
# temp #3062
0.0,2234.0
2403.1919735250995,2234.0
2403.1919735250995,2883.0
3357.0901850704104,2883.0
3357.0901850704104,2667.0
6291.595342895016,2667.0
6291.595342895016,2883.0
19879.562568082474,2883.0
19879.562568082474,2429.0
35668.87373230421,2429.0
35668.87373230421,2555.0
38227.27062734776,2555.0
38227.27062734776,2429.0
62995.12654880529,2429.0
62995.12654880529,2555.0
86400.000002,2555.0
# temp #3063
0.0,2234.0
5905.316461692565,2234.0
5905.316461692565,2667.0
49600.92143111397,2667.0
49600.92143111397,2555.0
50497.78084487189,2555.0
50497.78084487189,2429.0
56302.5873500621,2429.0
56302.5873500621,2555.0
74202.21688079184,2555.0
74202.21688079184,2429.0
86400.000002,2429.0
# temp #3064
0.0,2234.0
20885.653675859798,2234.0
20885.653675859798,2429.0
27785.653675859798,2429.0
27785.653675859798,2555.0
29585.653675859798,2555.0
29585.653675859798,2429.0
42485.653675859794,2429.0
42485.653675859794,2234.0
42785.653675859794,2234.0
42785.653675859794,2017.0
43085.653675859794,2017.0
43085.653675859794,2234.0
43385.653675859794,2234.0
43385.653675859794,2017.0
47676.91161513795,2017.0
47676.91161513795,2234.0
50751.108240173206,2234.0
50751.108240173206,2429.0
57245.038178865805,2429.0
57245.038178865805,2555.0
81229.45089081768,2555.0
81229.45089081768,2429.0
86400.000002,2429.0
# temp #3065
0.0,2234.0
52579.0556923952,2234.0
52579.0556923952,2555.0
53832.27225223091,2555.0
53832.27225223091,2667.0
60132.27225223091,2667.0
60132.27225223091,2555.0
61332.27225223091,2555.0
61332.27225223091,2429.0
86400.0,2429.0
# temp #3066
0.0,2234.0
75269.20990690125,2234.0
75269.20990690125,2555.0
83331.49567593356,2555.0
83331.49567593356,2234.0
86400.000002,2234.0
# temp #3067
0.0,2234.0
76064.04470067938,2234.0
76064.04470067938,2555.0
86400.0,2555.0
# temp #3068
0.0,2234.0
3979.7899508848795,2234.0
3979.7899508848795,2667.0
44903.72733750847,2667.0
44903.72733750847,2555.0
45647.59348619264,2555.0
45647.59348619264,2667.0
54208.09196156916,2667.0
54208.09196156916,2555.0
54808.09196156916,2555.0
54808.09196156916,2667.0
68964.8576324573,2667.0
68964.8576324573,2555.0
72042.59395056871,2555.0
72042.59395056871,2429.0
81017.50323290472,2429.0
81017.50323290472,2234.0
86400.000002,2234.0
# temp #3069
0.0,2234.0
6523.049694509246,2234.0
6523.049694509246,2667.0
43240.05936810282,2667.0
43240.05936810282,2555.0
44714.80344047305,2555.0
44714.80344047305,2667.0
57035.60072521214,2667.0
57035.60072521214,2555.0
57335.60072521214,2555.0
57335.60072521214,2429.0
64719.39814786894,2429.0
64719.39814786894,2555.0
76135.56796840859,2555.0
76135.56796840859,2429.0
86400.0,2429.0
# temp #3070
0.0,2234.0
37057.80558935367,2234.0
37057.80558935367,2017.0
54081.077195378035,2017.0
54081.077195378035,2234.0
56817.26272827947,2234.0
56817.26272827947,2017.0
86400.000002,2017.0
# temp #3071
0.0,2234.0
27554.63068163954,2234.0
27554.63068163954,2017.0
72005.325412564,2017.0
72005.325412564,2234.0
77705.325412564,2234.0
77705.325412564,2429.0
86400.0,2429.0
# temp #3072
0.0,2234.0
3184.36459384393,2234.0
3184.36459384393,2667.0
38159.38901659102,2667.0
38159.38901659102,2555.0
38556.76661627368,2555.0
38556.76661627368,2667.0
46549.54407659826,2667.0
46549.54407659826,2555.0
49549.54407659826,2555.0
49549.54407659826,2667.0
75649.54407659825,2667.0
75649.54407659825,2883.0
86400.0,2883.0
# temp #3073
0.0,2234.0
5642.924065142871,2234.0
5642.924065142871,2667.0
23767.670347332027,2667.0
23767.670347332027,2555.0
24244.699843204584,2555.0
24244.699843204584,2667.0
44680.152917699896,2667.0
44680.152917699896,2555.0
44980.152917699896,2555.0
44980.152917699896,2667.0
45280.152917699896,2667.0
45280.152917699896,2555.0
48580.152917699896,2555.0
48580.152917699896,2667.0
74080.15291769989,2667.0
74080.15291769989,2883.0
86400.0,2883.0
# temp #3074
0.0,2234.0
19117.67429793254,2234.0
19117.67429793254,2017.0
49111.13056680188,2017.0
49111.13056680188,2234.0
65193.5691070743,2234.0
65193.5691070743,2017.0
67464.08367999831,2017.0
67464.08367999831,2234.0
81779.93604945952,2234.0
81779.93604945952,2017.0
86400.0,2017.0
# temp #3075
0.0,2234.0
73367.56731548814,2234.0
73367.56731548814,2555.0
86400.0,2555.0
# temp #3076
0.0,2234.0
80156.69072186576,2234.0
80156.69072186576,2555.0
84281.66812732817,2555.0
84281.66812732817,2667.0
84691.8584635947,2667.0
84691.8584635947,2555.0
84991.8584635947,2555.0
84991.8584635947,2667.0
86400.0,2667.0
# temp #3077
0.0,2234.0
9098.423071391882,2234.0
9098.423071391882,2883.0
10787.286985921675,2883.0
10787.286985921675,2667.0
16620.40468908381,2667.0
16620.40468908381,2883.0
36463.13272321132,2883.0
36463.13272321132,2667.0
45125.08109277115,2667.0
45125.08109277115,2555.0
54008.17402862014,2555.0
54008.17402862014,2667.0
61431.466522486895,2667.0
61431.466522486895,2555.0
75332.8053032281,2555.0
75332.8053032281,2429.0
86400.0,2429.0
# temp #3078
0.0,2234.0
19088.27795907855,2234.0
19088.27795907855,2017.0
33779.11090222187,2017.0
33779.11090222187,2234.0
60831.98931128719,2234.0
60831.98931128719,2017.0
75053.79493287766,2017.0
75053.79493287766,2234.0
86400.0,2234.0
# temp #3079
0.0,2234.0
31322.180115175437,2234.0
31322.180115175437,2429.0
38222.18011517543,2429.0
38222.18011517543,2555.0
40022.18011517543,2555.0
40022.18011517543,2429.0
52922.18011517543,2429.0
52922.18011517543,2234.0
53222.18011517543,2234.0
53222.18011517543,2017.0
53522.18011517543,2017.0
53522.18011517543,2234.0
53822.18011517543,2234.0
53822.18011517543,2017.0
65275.785392266705,2017.0
65275.785392266705,2234.0
73347.20797652844,2234.0
73347.20797652844,2667.0
86400.000002,2667.0
# temp #3080
0.0,2234.0
79541.34615592194,2234.0
79541.34615592194,2555.0
86400.000002,2555.0
# temp #3081
0.0,2234.0
4517.579403379933,2234.0
4517.579403379933,2667.0
13327.510592155162,2667.0
13327.510592155162,2555.0
14358.816743362699,2555.0
14358.816743362699,2667.0
21141.47891378962,2667.0
21141.47891378962,2555.0
21441.47891378962,2555.0
21441.47891378962,2667.0
22233.164111967202,2667.0
22233.164111967202,2555.0
22833.164111967202,2555.0
22833.164111967202,2667.0
60756.80033513346,2667.0
60756.80033513346,2555.0
82716.84583013413,2555.0
82716.84583013413,2429.0
86400.000002,2429.0
# temp #3082
0.0,2234.0
8264.38827761449,2234.0
8264.38827761449,2017.0
15823.765082191676,2017.0
15823.765082191676,2234.0
54221.58444263042,2234.0
54221.58444263042,2017.0
80412.71505486222,2017.0
80412.71505486222,2234.0
86400.0,2234.0
# temp #3083
0.0,2234.0
2952.338581695222,2234.0
2952.338581695222,2667.0
35733.43788231723,2667.0
35733.43788231723,2555.0
36046.05490663089,2555.0
36046.05490663089,2429.0
49046.07342488598,2429.0
49046.07342488598,2555.0
77280.62844118103,2555.0
77280.62844118103,2429.0
86400.0,2429.0
# temp #3084
0.0,2234.0
41530.24322488346,2234.0
41530.24322488346,2555.0
45803.56508824044,2555.0
45803.56508824044,2667.0
55703.56508824044,2667.0
55703.56508824044,2555.0
57748.35205371492,2555.0
57748.35205371492,2429.0
86400.0,2429.0
# temp #3085
0.0,2234.0
29269.0553175984,2234.0
29269.0553175984,2555.0
32140.972270094793,2555.0
32140.972270094793,2429.0
78727.46093349998,2429.0
78727.46093349998,2234.0
79327.46093349998,2234.0
79327.46093349998,2429.0
86400.0,2429.0
# temp #3086
0.0,2234.0
5603.504640678876,2234.0
5603.504640678876,2667.0
28312.005485873673,2667.0
28312.005485873673,2555.0
28721.451920829717,2555.0
28721.451920829717,2667.0
49809.98615759891,2667.0
49809.98615759891,2555.0
50409.98615759891,2555.0
50409.98615759891,2667.0
68283.56143932324,2667.0
68283.56143932324,2555.0
72773.97626366002,2555.0
72773.97626366002,2429.0
81321.3766831672,2429.0
81321.3766831672,2555.0
86400.000002,2555.0
# temp #3087
0.0,2234.0
20667.014733469117,2234.0
20667.014733469117,2429.0
21060.458873491738,2429.0
21060.458873491738,2234.0
21875.543701811697,2234.0
21875.543701811697,2429.0
27486.768114636656,2429.0
27486.768114636656,2234.0
40181.70679437463,2234.0
40181.70679437463,2429.0
40777.5531271007,2429.0
40777.5531271007,2234.0
41149.265050096445,2234.0
41149.265050096445,2429.0
58027.683644788354,2429.0
58027.683644788354,2234.0
65332.99588398078,2234.0
65332.99588398078,2667.0
86400.000002,2667.0
# temp #3088
0.0,2234.0
54586.84556116351,2234.0
54586.84556116351,2555.0
55759.75531102159,2555.0
55759.75531102159,2429.0
71251.8535448704,2429.0
71251.8535448704,2234.0
71551.8535448704,2234.0
71551.8535448704,2017.0
79417.86292323378,2017.0
79417.86292323378,2234.0
86400.0,2234.0
# temp #3089
0.0,2234.0
33714.76445524023,2234.0
33714.76445524023,2017.0
60409.18371090667,2017.0
60409.18371090667,2234.0
75473.86967707427,2234.0
75473.86967707427,2017.0
86400.000002,2017.0
# temp #3090
0.0,2234.0
1222.8726568864658,2234.0
1222.8726568864658,2667.0
14079.129733750598,2667.0
14079.129733750598,2555.0
14514.294756436722,2555.0
14514.294756436722,2667.0
28818.961586197842,2667.0
28818.961586197842,2555.0
31818.961586197842,2555.0
31818.961586197842,2667.0
57918.96158619784,2667.0
57918.96158619784,2883.0
86400.0,2883.0
# temp #3091
0.0,2234.0
69030.56391058491,2234.0
69030.56391058491,2555.0
82078.11322370546,2555.0
82078.11322370546,2429.0
82407.11880368182,2429.0
82407.11880368182,2555.0
86400.000002,2555.0
# temp #3092
0.0,2234.0
84752.63617644088,2234.0
84752.63617644088,2555.0
86400.0,2555.0
# temp #3093
0.0,2234.0
14648.378301132474,2234.0
14648.378301132474,2883.0
15056.382467877123,2883.0
15056.382467877123,2667.0
22496.244796528485,2667.0
22496.244796528485,2883.0
34002.376904874116,2883.0
34002.376904874116,2667.0
41974.02923908085,2667.0
41974.02923908085,2555.0
43017.03848624603,2555.0
43017.03848624603,2667.0
81193.12944961713,2667.0
81193.12944961713,2883.0
82422.01844779776,2883.0
82422.01844779776,2667.0
86400.0,2667.0
# temp #3094
0.0,2234.0
23157.75062819012,2234.0
23157.75062819012,2017.0
63920.017385808766,2017.0
63920.017385808766,2234.0
84923.25709029102,2234.0
84923.25709029102,2017.0
86400.000002,2017.0
# temp #3095
0.0,2234.0
73747.88362586407,2234.0
73747.88362586407,2555.0
86400.0,2555.0
# temp #3096
0.0,2234.0
30149.416025471877,2234.0
30149.416025471877,2429.0
30496.36938082986,2429.0
30496.36938082986,2555.0
32449.855427769948,2555.0
32449.855427769948,2429.0
47511.20853773319,2429.0
47511.20853773319,2883.0
68110.71737729944,2883.0
68110.71737729944,2667.0
86400.0,2667.0
# temp #3097
0.0,2234.0
3412.8978035878395,2234.0
3412.8978035878395,2429.0
3890.203939424828,2429.0
3890.203939424828,2555.0
8809.509566472845,2555.0
8809.509566472845,2429.0
57475.326000759385,2429.0
57475.326000759385,2883.0
85406.4461698523,2883.0
85406.4461698523,2429.0
86400.000002,2429.0
# temp #3098
0.0,2234.0
3273.3293741941457,2234.0
3273.3293741941457,2667.0
13474.689063616099,2667.0
13474.689063616099,2555.0
14933.669799473138,2555.0
14933.669799473138,2429.0
45624.801348033376,2429.0
45624.801348033376,2555.0
49253.45926384909,2555.0
49253.45926384909,2429.0
51487.33868685087,2429.0
51487.33868685087,2667.0
52150.771436258234,2667.0
52150.771436258234,2555.0
70816.43456057647,2555.0
70816.43456057647,2429.0
84492.78685259634,2429.0
84492.78685259634,2555.0
86400.000002,2555.0
# temp #3099
0.0,2234.0
5511.442264309154,2234.0
5511.442264309154,2017.0
14398.674570908774,2017.0
14398.674570908774,2234.0
36564.85550240614,2234.0
36564.85550240614,2017.0
54554.94208694437,2017.0
54554.94208694437,2234.0
61469.897551042974,2234.0
61469.897551042974,2017.0
86400.0,2017.0
# temp #3100
0.0,2234.0
9689.246562053451,2234.0
9689.246562053451,2429.0
41789.24656205345,2429.0
41789.24656205345,2555.0
42089.24656205345,2555.0
42089.24656205345,2667.0
42396.32712062448,2667.0
42396.32712062448,2555.0
59208.40619348455,2555.0
59208.40619348455,2429.0
77117.53091120627,2429.0
77117.53091120627,2555.0
80011.91185999197,2555.0
80011.91185999197,2667.0
86400.000002,2667.0
# temp #3101
0.0,2234.0
33784.08705596813,2234.0
33784.08705596813,2429.0
34106.155929830864,2429.0
34106.155929830864,2555.0
34655.78739841004,2555.0
34655.78739841004,2429.0
65120.59128354305,2429.0
65120.59128354305,2555.0
70662.03268817627,2555.0
70662.03268817627,2429.0
74567.2418278875,2429.0
74567.2418278875,2234.0
86400.000002,2234.0
# temp #3102
0.0,2234.0
32849.28041528911,2234.0
32849.28041528911,2017.0
49002.13739778847,2017.0
49002.13739778847,2234.0
74550.64365332948,2234.0
74550.64365332948,2017.0
86400.0,2017.0
# temp #3103
0.0,2234.0
33509.11750390661,2234.0
33509.11750390661,2555.0
38471.30705786404,2555.0
38471.30705786404,2429.0
38888.52360548918,2429.0
38888.52360548918,2555.0
40734.61232073606,2555.0
40734.61232073606,2429.0
41034.92445044686,2429.0
41034.92445044686,2234.0
41681.583720096394,2234.0
41681.583720096394,2667.0
50194.109108322315,2667.0
50194.109108322315,2883.0
53153.604576364174,2883.0
53153.604576364174,2429.0
86400.0,2429.0
# temp #3104
0.0,2234.0
5139.761088229717,2234.0
5139.761088229717,2667.0
46909.00183331688,2667.0
46909.00183331688,2555.0
47487.6835935982,2555.0
47487.6835935982,2667.0
81337.24461004605,2667.0
81337.24461004605,2555.0
81637.24461004605,2555.0
81637.24461004605,2429.0
86400.000002,2429.0
# temp #3105
0.0,2234.0
36592.47258547694,2234.0
36592.47258547694,2017.0
79927.25389385597,2017.0
79927.25389385597,2234.0
86400.0,2234.0
# temp #3106
0.0,2234.0
7744.941610679963,2234.0
7744.941610679963,2883.0
18844.94161067996,2883.0
18844.94161067996,2555.0
26417.161288973875,2555.0
26417.161288973875,2667.0
37176.47240983788,2667.0
37176.47240983788,2555.0
39054.948193696335,2555.0
39054.948193696335,2667.0
48768.27995369677,2667.0
48768.27995369677,2883.0
62814.859008905485,2883.0
62814.859008905485,2667.0
86400.0,2667.0
# temp #3107
0.0,2234.0
6198.12499692198,2234.0
6198.12499692198,2883.0
6518.416380649433,2883.0
6518.416380649433,2667.0
17828.356720483866,2667.0
17828.356720483866,2883.0
49025.422553415425,2883.0
49025.422553415425,2429.0
85648.13695109916,2429.0
85648.13695109916,2883.0
86400.0,2883.0
# temp #3108
0.0,2234.0
6702.526996890085,2234.0
6702.526996890085,2667.0
30885.254111629918,2667.0
30885.254111629918,2555.0
31743.410332524225,2555.0
31743.410332524225,2667.0
42859.42063741387,2667.0
42859.42063741387,2555.0
43459.42063741387,2555.0
43459.42063741387,2667.0
65000.71897809395,2667.0
65000.71897809395,2555.0
68429.70116031358,2555.0
68429.70116031358,2429.0
86400.0,2429.0
# temp #3109
0.0,2234.0
7278.609371208588,2234.0
7278.609371208588,2667.0
36738.72892912478,2667.0
36738.72892912478,2555.0
37632.9486725852,2555.0
37632.9486725852,2667.0
53540.33871351277,2667.0
53540.33871351277,2555.0
54140.33871351277,2555.0
54140.33871351277,2667.0
67590.207718662,2667.0
67590.207718662,2555.0
69347.9791786289,2555.0
69347.9791786289,2429.0
86400.000002,2429.0
# temp #3110
0.0,2234.0
22573.930540122095,2234.0
22573.930540122095,2017.0
44010.0494184997,2017.0
44010.0494184997,2234.0
48155.28851947748,2234.0
48155.28851947748,2017.0
67717.81930918807,2017.0
67717.81930918807,2234.0
70712.56710221061,2234.0
70712.56710221061,2017.0
86400.000002,2017.0
# temp #3111
0.0,2234.0
64053.04731696379,2234.0
64053.04731696379,2883.0
66453.04731696378,2883.0
66453.04731696378,2667.0
86400.0,2667.0
# temp #3112
0.0,2234.0
17077.278466033753,2234.0
17077.278466033753,2883.0
18619.07999196556,2883.0
18619.07999196556,2667.0
30176.497393380858,2667.0
30176.497393380858,2883.0
31331.940897367902,2883.0
31331.940897367902,2667.0
46092.82223205083,2667.0
46092.82223205083,2555.0
58960.17133807765,2555.0
58960.17133807765,2429.0
63625.903059169665,2429.0
63625.903059169665,2555.0
86400.000002,2555.0
# temp #3113
0.0,2234.0
62212.45125259739,2234.0
62212.45125259739,2555.0
86400.000002,2555.0
# temp #3114
0.0,2234.0
7348.764009028674,2234.0
7348.764009028674,2883.0
7859.338723146358,2883.0
7859.338723146358,2667.0
14464.594642608428,2667.0
14464.594642608428,2883.0
25562.8329589963,2883.0
25562.8329589963,2429.0
60051.67852034794,2429.0
60051.67852034794,2555.0
64721.598319779165,2555.0
64721.598319779165,2429.0
84895.11764694472,2429.0
84895.11764694472,2555.0
86400.000002,2555.0
# temp #3115
0.0,2234.0
55031.83442009614,2234.0
55031.83442009614,2555.0
83358.78591542134,2555.0
83358.78591542134,2429.0
83725.20856659395,2429.0
83725.20856659395,2555.0
86400.000002,2555.0
# temp #3116
0.0,2234.0
84770.16852269882,2234.0
84770.16852269882,2555.0
86400.0,2555.0
# temp #3117
0.0,2234.0
6602.3130618967125,2234.0
6602.3130618967125,2883.0
7845.5515440087775,2883.0
7845.5515440087775,2667.0
16221.348679019138,2667.0
16221.348679019138,2883.0
29786.166942073036,2883.0
29786.166942073036,2667.0
32962.6901523443,2667.0
32962.6901523443,2555.0
41890.08571368177,2555.0
41890.08571368177,2667.0
86400.000002,2667.0
# temp #3118
0.0,2234.0
59916.33920352907,2234.0
59916.33920352907,2555.0
79563.5706363246,2555.0
79563.5706363246,2429.0
79905.68889279386,2429.0
79905.68889279386,2555.0
86400.000002,2555.0
# temp #3119
0.0,2234.0
5350.519029633143,2234.0
5350.519029633143,2667.0
26043.948724167425,2667.0
26043.948724167425,2555.0
26715.10164155625,2555.0
26715.10164155625,2667.0
43162.08481905051,2667.0
43162.08481905051,2555.0
43762.08481905051,2555.0
43762.08481905051,2667.0
63863.39942137712,2667.0
63863.39942137712,2555.0
66241.38087588364,2555.0
66241.38087588364,2429.0
74187.26581977682,2429.0
74187.26581977682,2555.0
86400.0,2555.0
# temp #3120
0.0,2234.0
10539.22500726767,2234.0
10539.22500726767,2555.0
43255.344427702956,2555.0
43255.344427702956,2429.0
83254.60347044283,2429.0
83254.60347044283,2234.0
83854.60347044283,2234.0
83854.60347044283,2429.0
86400.0,2429.0
# temp #3121
0.0,2234.0
27760.079696704637,2234.0
27760.079696704637,2555.0
41263.12569121365,2555.0
41263.12569121365,2429.0
63278.79670152907,2429.0
63278.79670152907,2234.0
67275.749004283,2234.0
67275.749004283,2429.0
73516.77210659256,2429.0
73516.77210659256,2234.0
86400.0,2234.0
# temp #3122
0.0,2234.0
14664.83544961084,2234.0
14664.83544961084,2883.0
15868.166375812147,2883.0
15868.166375812147,2667.0
28079.1609262582,2667.0
28079.1609262582,2883.0
35796.62506529131,2883.0
35796.62506529131,2667.0
48199.430564814254,2667.0
48199.430564814254,2234.0
54281.728408229545,2234.0
54281.728408229545,2667.0
71511.23847265264,2667.0
71511.23847265264,2234.0
86400.000002,2234.0
# temp #3123
0.0,2234.0
11326.028276653962,2234.0
11326.028276653962,2883.0
12650.01833138522,2883.0
12650.01833138522,2667.0
20712.352132634263,2667.0
20712.352132634263,2883.0
35066.92804244813,2883.0
35066.92804244813,2429.0
47653.2686023973,2429.0
47653.2686023973,2555.0
55290.2814627858,2555.0
55290.2814627858,2429.0
86400.0,2429.0
# temp #3124
0.0,2234.0
15953.266238747168,2234.0
15953.266238747168,2883.0
27053.26623874717,2883.0
27053.26623874717,2555.0
30631.380511773754,2555.0
30631.380511773754,2429.0
63826.55210997911,2429.0
63826.55210997911,2555.0
79307.99695635216,2555.0
79307.99695635216,2667.0
83420.31392657665,2667.0
83420.31392657665,2555.0
86400.000002,2555.0
# temp #3125
0.0,2234.0
83763.09231757188,2234.0
83763.09231757188,2555.0
86400.000002,2555.0
# temp #3126
0.0,2234.0
59022.49084641226,2234.0
59022.49084641226,2555.0
61681.53042364866,2555.0
61681.53042364866,2667.0
62007.98264534679,2667.0
62007.98264534679,2555.0
68007.98264534678,2555.0
68007.98264534678,2429.0
70407.98264534678,2429.0
70407.98264534678,2234.0
74007.98264534678,2234.0
74007.98264534678,2429.0
75207.98264534678,2429.0
75207.98264534678,2234.0
80907.98264534678,2234.0
80907.98264534678,2429.0
86400.0,2429.0
# temp #3127
0.0,2234.0
2985.0965192075823,2234.0
2985.0965192075823,2667.0
30474.086038232785,2667.0
30474.086038232785,2555.0
31098.43974814285,2555.0
31098.43974814285,2667.0
33444.32570755017,2667.0
33444.32570755017,2555.0
34044.32570755017,2555.0
34044.32570755017,2667.0
53431.03247552645,2667.0
53431.03247552645,2555.0
54236.32202229929,2555.0
54236.32202229929,2429.0
86400.0,2429.0
# temp #3128
0.0,2234.0
6415.157442516648,2234.0
6415.157442516648,2667.0
55157.4284616625,2667.0
55157.4284616625,2555.0
55995.18596080598,2555.0
55995.18596080598,2667.0
86400.000002,2667.0
# temp #3129
0.0,2234.0
40024.88176224288,2234.0
40024.88176224288,2555.0
41510.25621851441,2555.0
41510.25621851441,2667.0
41826.68321651873,2667.0
41826.68321651873,2555.0
47826.68321651873,2555.0
47826.68321651873,2429.0
50226.68321651873,2429.0
50226.68321651873,2234.0
53826.68321651873,2234.0
53826.68321651873,2429.0
55026.68321651873,2429.0
55026.68321651873,2234.0
60726.68321651873,2234.0
60726.68321651873,2429.0
73994.57925294993,2429.0
73994.57925294993,2883.0
86400.000002,2883.0
# temp #3130
0.0,2234.0
52230.85275997874,2234.0
52230.85275997874,2555.0
62862.15475599748,2555.0
62862.15475599748,2429.0
63211.11431519967,2429.0
63211.11431519967,2555.0
77484.35574977194,2555.0
77484.35574977194,2429.0
77825.23226339837,2429.0
77825.23226339837,2555.0
78677.36379664858,2555.0
78677.36379664858,2429.0
78977.36379664858,2429.0
78977.36379664858,2555.0
79277.36379664858,2555.0
79277.36379664858,2429.0
79877.36379664858,2429.0
79877.36379664858,2555.0
84000.20104099532,2555.0
84000.20104099532,2429.0
86400.0,2429.0
# temp #3131
0.0,2234.0
35009.52221062035,2234.0
35009.52221062035,2429.0
35609.52221062035,2429.0
35609.52221062035,2555.0
38992.46491324157,2555.0
38992.46491324157,2429.0
44723.867195891224,2429.0
44723.867195891224,2234.0
48251.838253252216,2234.0
48251.838253252216,2429.0
66801.43119853457,2429.0
66801.43119853457,2555.0
86400.000002,2555.0
# temp #3132
0.0,2234.0
12810.497796116399,2234.0
12810.497796116399,2883.0
14281.238660006786,2883.0
14281.238660006786,2667.0
21860.34404507373,2667.0
21860.34404507373,2883.0
56137.26747832262,2883.0
56137.26747832262,2429.0
78532.60051296094,2429.0
78532.60051296094,2555.0
86400.000002,2555.0
# temp #3133
0.0,2234.0
15396.05940745678,2234.0
15396.05940745678,2429.0
15766.68840791099,2429.0
15766.68840791099,2234.0
16451.857609651055,2234.0
16451.857609651055,2429.0
20138.109237165194,2429.0
20138.109237165194,2234.0
42248.50744404831,2234.0
42248.50744404831,2429.0
42854.68438630924,2429.0
42854.68438630924,2234.0
48767.21834493802,2234.0
48767.21834493802,2667.0
81286.87400668861,2667.0
81286.87400668861,2883.0
81975.6823626347,2883.0
81975.6823626347,2667.0
86400.0,2667.0
# temp #3134
0.0,2234.0
47959.93981095963,2234.0
47959.93981095963,2429.0
48259.93981095963,2429.0
48259.93981095963,2234.0
65434.29390974344,2234.0
65434.29390974344,2429.0
79377.0502607804,2429.0
79377.0502607804,2555.0
86400.0,2555.0
# temp #3135
0.0,2234.0
7632.1547736413795,2234.0
7632.1547736413795,2667.0
50762.47057341971,2667.0
50762.47057341971,2555.0
51979.800551617525,2555.0
51979.800551617525,2667.0
60228.56558470522,2667.0
60228.56558470522,2555.0
63228.56558470522,2555.0
63228.56558470522,2667.0
86400.0,2667.0
# temp #3136
0.0,2234.0
11615.989302587697,2234.0
11615.989302587697,2883.0
12099.951648758726,2883.0
12099.951648758726,2667.0
17252.16705640778,2667.0
17252.16705640778,2883.0
19595.997276529673,2883.0
19595.997276529673,2667.0
20129.447439895015,2667.0
20129.447439895015,2555.0
33121.74830934964,2555.0
33121.74830934964,2429.0
36324.04465824366,2429.0
36324.04465824366,2555.0
41157.82014587895,2555.0
41157.82014587895,2667.0
70359.07567902468,2667.0
70359.07567902468,2234.0
81980.92233322097,2234.0
81980.92233322097,2429.0
86400.0,2429.0
# temp #3137
0.0,2234.0
39232.024751021534,2234.0
39232.024751021534,2429.0
39781.92871059292,2429.0
39781.92871059292,2555.0
40414.35409854167,2555.0
40414.35409854167,2429.0
63422.78662277387,2429.0
63422.78662277387,2555.0
71817.61871650816,2555.0
71817.61871650816,2667.0
86400.0,2667.0
# temp #3138
0.0,2234.0
35908.54316304904,2234.0
35908.54316304904,2555.0
56088.81053260995,2555.0
56088.81053260995,2429.0
63438.23147050572,2429.0
63438.23147050572,2234.0
64038.23147050572,2234.0
64038.23147050572,2429.0
66438.23147050572,2429.0
66438.23147050572,2555.0
76638.23147050572,2555.0
76638.23147050572,2667.0
84314.23108312303,2667.0
84314.23108312303,2234.0
86400.0,2234.0
# temp #3139
0.0,2234.0
7899.496239982547,2234.0
7899.496239982547,2667.0
29750.590742239736,2667.0
29750.590742239736,2555.0
31167.907844530426,2555.0
31167.907844530426,2667.0
35849.55189786852,2667.0
35849.55189786852,2555.0
36149.55189786852,2555.0
36149.55189786852,2667.0
37040.827955701396,2667.0
37040.827955701396,2555.0
37640.827955701396,2555.0
37640.827955701396,2667.0
66270.11989331806,2667.0
66270.11989331806,2555.0
72545.05414268935,2555.0
72545.05414268935,2667.0
86400.0,2667.0
# temp #3140
0.0,2234.0
3092.7379695698623,2234.0
3092.7379695698623,2429.0
3592.69287949428,2429.0
3592.69287949428,2555.0
6177.7885808609435,2555.0
6177.7885808609435,2429.0
37719.311595428735,2429.0
37719.311595428735,2883.0
57964.68315878884,2883.0
57964.68315878884,2429.0
75411.65492353031,2429.0
75411.65492353031,2555.0
86400.0,2555.0
# temp #3141
0.0,2234.0
44573.17275081296,2234.0
44573.17275081296,2555.0
45529.96217231267,2555.0
45529.96217231267,2667.0
45845.25482431055,2667.0
45845.25482431055,2555.0
51845.25482431055,2555.0
51845.25482431055,2429.0
54245.25482431055,2429.0
54245.25482431055,2234.0
57845.25482431055,2234.0
57845.25482431055,2429.0
59045.25482431055,2429.0
59045.25482431055,2234.0
64745.25482431055,2234.0
64745.25482431055,2429.0
69806.0715569649,2429.0
69806.0715569649,2234.0
86400.000002,2234.0
# temp #3142
0.0,2234.0
66476.31708125118,2234.0
66476.31708125118,2555.0
68860.9705777606,2555.0
68860.9705777606,2234.0
73659.42256492563,2234.0
73659.42256492563,2429.0
79196.28021509852,2429.0
79196.28021509852,2555.0
79583.88962228782,2555.0
79583.88962228782,2429.0
86400.000002,2429.0
# temp #3143
0.0,2234.0
7661.887162202039,2234.0
7661.887162202039,2883.0
9242.400287557395,2883.0
9242.400287557395,2667.0
12304.995788703673,2667.0
12304.995788703673,2883.0
16120.555156236516,2883.0
16120.555156236516,2429.0
23321.24942285009,2429.0
23321.24942285009,2234.0
31117.978225322444,2234.0
31117.978225322444,2667.0
66203.12167815866,2667.0
66203.12167815866,2555.0
70375.10994728656,2555.0
70375.10994728656,2667.0
86400.0,2667.0
# temp #3144
0.0,2234.0
6814.080101111905,2234.0
6814.080101111905,2017.0
12566.814851341771,2017.0
12566.814851341771,2234.0
38333.474097820006,2234.0
38333.474097820006,2017.0
84662.05187025481,2017.0
84662.05187025481,2234.0
86400.0,2234.0
# temp #3145
0.0,2234.0
17379.895879724067,2234.0
17379.895879724067,2883.0
28479.895879724067,2883.0
28479.895879724067,2555.0
50700.521890469834,2555.0
50700.521890469834,2429.0
82122.45508593043,2429.0
82122.45508593043,2555.0
86400.000002,2555.0
# temp #3146
0.0,2234.0
8077.098828577438,2234.0
8077.098828577438,2883.0
8995.737209357323,2883.0
8995.737209357323,2667.0
15381.466551544148,2667.0
15381.466551544148,2883.0
26577.67235641368,2883.0
26577.67235641368,2667.0
41323.144904756926,2667.0
41323.144904756926,2555.0
44520.41238402017,2555.0
44520.41238402017,2667.0
70209.83509216459,2667.0
70209.83509216459,2234.0
73471.44862264396,2234.0
73471.44862264396,2667.0
82184.36972480269,2667.0
82184.36972480269,2555.0
86400.000002,2555.0
# temp #3147
0.0,2234.0
31230.522029707212,2234.0
31230.522029707212,2555.0
32766.252077976245,2555.0
32766.252077976245,2429.0
33127.94217355549,2429.0
33127.94217355549,2555.0
38605.73691444006,2555.0
38605.73691444006,2429.0
39025.216969731264,2429.0
39025.216969731264,2555.0
39819.86209906172,2555.0
39819.86209906172,2429.0
40119.86209906172,2429.0
40119.86209906172,2555.0
40419.86209906172,2555.0
40419.86209906172,2429.0
41019.86209906172,2429.0
41019.86209906172,2555.0
42177.84883871209,2555.0
42177.84883871209,2429.0
54086.12268709112,2429.0
54086.12268709112,2555.0
70503.80834389945,2555.0
70503.80834389945,2667.0
73203.12939465513,2667.0
73203.12939465513,2555.0
82848.92976342236,2555.0
82848.92976342236,2667.0
86400.0,2667.0
# temp #3148
0.0,2234.0
64088.8001346728,2234.0
64088.8001346728,2555.0
65580.56425445249,2555.0
65580.56425445249,2667.0
71880.56425445249,2667.0
71880.56425445249,2555.0
73080.56425445249,2555.0
73080.56425445249,2429.0
86400.000002,2429.0
# temp #3149
0.0,2234.0
17509.128117654476,2234.0
17509.128117654476,2883.0
18830.152425239798,2883.0
18830.152425239798,2667.0
24255.207521002743,2667.0
24255.207521002743,2883.0
29212.8202802036,2883.0
29212.8202802036,2429.0
49061.60626625643,2429.0
49061.60626625643,2555.0
60751.41303269193,2555.0
60751.41303269193,2667.0
86400.0,2667.0
# temp #3150
0.0,2234.0
67683.25279955754,2234.0
67683.25279955754,2555.0
86400.0,2555.0
# temp #3151
0.0,2234.0
21617.80463859905,2234.0
21617.80463859905,2429.0
21917.80463859905,2429.0
21917.80463859905,2234.0
31827.866347599782,2234.0
31827.866347599782,2429.0
41979.68512626831,2429.0
41979.68512626831,2555.0
50125.97351318692,2555.0
50125.97351318692,2429.0
64630.74043972885,2429.0
64630.74043972885,2555.0
78724.33390191292,2555.0
78724.33390191292,2667.0
85901.65308786092,2667.0
85901.65308786092,2234.0
86400.000002,2234.0
# temp #3152
0.0,2234.0
7542.483171285131,2234.0
7542.483171285131,2883.0
8365.40130923968,2883.0
8365.40130923968,2667.0
18245.741403289143,2667.0
18245.741403289143,2883.0
36845.002557593405,2883.0
36845.002557593405,2429.0
57470.96436365975,2429.0
57470.96436365975,2883.0
77206.57698155848,2883.0
77206.57698155848,2667.0
82224.34909294827,2667.0
82224.34909294827,2883.0
86400.0,2883.0
# temp #3153
0.0,2234.0
10948.06808915455,2234.0
10948.06808915455,2883.0
11807.397483405659,2883.0
11807.397483405659,2667.0
23255.8846693486,2667.0
23255.8846693486,2883.0
34120.904093049474,2883.0
34120.904093049474,2667.0
79898.59950738029,2667.0
79898.59950738029,2883.0
86400.0,2883.0
# temp #3154
0.0,2234.0
80445.15728051776,2234.0
80445.15728051776,2555.0
82251.94750959055,2555.0
82251.94750959055,2234.0
84205.76684237459,2234.0
84205.76684237459,2429.0
86400.000002,2429.0
# temp #3155
0.0,2234.0
7613.581007835457,2234.0
7613.581007835457,2667.0
37733.5236391984,2667.0
37733.5236391984,2555.0
38966.81311000139,2555.0
38966.81311000139,2667.0
44510.15475648456,2667.0
44510.15475648456,2555.0
45110.15475648456,2555.0
45110.15475648456,2667.0
65165.850090142354,2667.0
65165.850090142354,2555.0
65516.99604308234,2555.0
65516.99604308234,2429.0
86400.000002,2429.0
# temp #3156
0.0,2234.0
4284.846587874927,2234.0
4284.846587874927,2429.0
4817.147567588836,2429.0
4817.147567588836,2555.0
7850.983307976276,2555.0
7850.983307976276,2429.0
14274.38857178204,2429.0
14274.38857178204,2555.0
34333.27535991558,2555.0
34333.27535991558,2667.0
44572.21021684819,2667.0
44572.21021684819,2555.0
52195.76475187206,2555.0
52195.76475187206,2429.0
55035.74998907281,2429.0
55035.74998907281,2555.0
83855.17690975686,2555.0
83855.17690975686,2429.0
86400.0,2429.0
# temp #3157
0.0,2234.0
22442.350753722716,2234.0
22442.350753722716,2555.0
39578.43482480385,2555.0
39578.43482480385,2429.0
40086.375356465585,2429.0
40086.375356465585,2555.0
43298.13834610396,2555.0
43298.13834610396,2429.0
44286.901648412466,2429.0
44286.901648412466,2234.0
64445.99957456814,2234.0
64445.99957456814,2429.0
71238.38025061415,2429.0
71238.38025061415,2883.0
86400.0,2883.0
# temp #3158
0.0,2234.0
78195.15441285913,2234.0
78195.15441285913,2555.0
86400.0,2555.0
# temp #3159
0.0,2234.0
17460.025086114187,2234.0
17460.025086114187,2555.0
52276.64334001021,2555.0
52276.64334001021,2429.0
52634.8812201759,2429.0
52634.8812201759,2555.0
60739.30423446001,2555.0
60739.30423446001,2429.0
61971.26937657596,2429.0
61971.26937657596,2555.0
63383.1692967564,2555.0
63383.1692967564,2429.0
63683.1692967564,2429.0
63683.1692967564,2555.0
63983.1692967564,2555.0
63983.1692967564,2429.0
64583.1692967564,2429.0
64583.1692967564,2555.0
67831.91926628353,2555.0
67831.91926628353,2429.0
74718.12449607534,2429.0
74718.12449607534,2555.0
85276.77958316637,2555.0
85276.77958316637,2667.0
86400.000002,2667.0
# temp #3160
0.0,2234.0
2687.872806983069,2234.0
2687.872806983069,2667.0
48071.57873350662,2667.0
48071.57873350662,2555.0
49212.16027855408,2555.0
49212.16027855408,2429.0
57875.97141964362,2429.0
57875.97141964362,2555.0
76960.56218761952,2555.0
76960.56218761952,2667.0
86400.0,2667.0
# temp #3161
0.0,2234.0
83272.49143102673,2234.0
83272.49143102673,2883.0
85672.49143102673,2883.0
85672.49143102673,2667.0
86400.000002,2667.0
# temp #3162
0.0,2234.0
41724.348597927026,2234.0
41724.348597927026,2555.0
42696.16682336201,2555.0
42696.16682336201,2667.0
52596.16682336201,2667.0
52596.16682336201,2555.0
56655.418982659474,2555.0
56655.418982659474,2429.0
81632.99784902485,2429.0
81632.99784902485,2555.0
86400.0,2555.0
# temp #3163
0.0,2234.0
1443.0265830829742,2234.0
1443.0265830829742,2667.0
6009.754612692633,2667.0
6009.754612692633,2555.0
6585.5301964329565,2555.0
6585.5301964329565,2667.0
8221.446798392573,2667.0
8221.446798392573,2555.0
11221.446798392572,2555.0
11221.446798392572,2667.0
37321.44679839257,2667.0
37321.44679839257,2883.0
86400.0,2883.0
# temp #3164
0.0,2234.0
6117.713589663618,2234.0
6117.713589663618,2667.0
11755.611232062804,2667.0
11755.611232062804,2555.0
12890.654306067156,2555.0
12890.654306067156,2429.0
35901.630626432605,2429.0
35901.630626432605,2234.0
57644.27974142601,2234.0
57644.27974142601,2429.0
86400.0,2429.0
# temp #3165
0.0,2234.0
18694.607382500544,2234.0
18694.607382500544,2429.0
18994.938367791474,2429.0
18994.938367791474,2234.0
19682.23704036791,2234.0
19682.23704036791,2429.0
20052.04047888983,2429.0
20052.04047888983,2234.0
27681.858157832175,2234.0
27681.858157832175,2429.0
28216.67146102991,2429.0
28216.67146102991,2234.0
40871.53107163031,2234.0
40871.53107163031,2429.0
61077.91628823616,2429.0
61077.91628823616,2234.0
86400.000002,2234.0
# temp #3166
0.0,2234.0
85075.21570071114,2234.0
85075.21570071114,2555.0
86400.0,2555.0
# temp #3167
0.0,2234.0
31461.332209082324,2234.0
31461.332209082324,2429.0
31947.348240762953,2429.0
31947.348240762953,2555.0
33411.06658168138,2555.0
33411.06658168138,2429.0
48249.18949054555,2429.0
48249.18949054555,2555.0
71657.74304398803,2555.0
71657.74304398803,2429.0
86400.0,2429.0
# temp #3168
0.0,2234.0
45161.24568725937,2234.0
45161.24568725937,2555.0
70829.96111344548,2555.0
70829.96111344548,2429.0
86400.0,2429.0
# temp #3169
0.0,2234.0
82700.82701258363,2234.0
82700.82701258363,2555.0
86400.0,2555.0
# temp #3170
0.0,2234.0
13905.990466126243,2234.0
13905.990466126243,2555.0
38130.641578766525,2555.0
38130.641578766525,2429.0
63532.71503958387,2429.0
63532.71503958387,2234.0
64132.71503958387,2234.0
64132.71503958387,2429.0
82432.71503958387,2429.0
82432.71503958387,2555.0
83932.71503958387,2555.0
83932.71503958387,2429.0
86400.000002,2429.0
# temp #3171
0.0,2234.0
73425.18565405626,2234.0
73425.18565405626,2555.0
78124.72000736743,2555.0
78124.72000736743,2234.0
79274.75416436791,2234.0
79274.75416436791,2667.0
86400.000002,2667.0
# temp #3172
0.0,2234.0
47127.95285945759,2234.0
47127.95285945759,2429.0
79227.95285945758,2429.0
79227.95285945758,2555.0
79527.95285945758,2555.0
79527.95285945758,2667.0
86400.000002,2667.0
# temp #3173
0.0,2234.0
62033.22171815672,2234.0
62033.22171815672,2555.0
70627.10020174274,2555.0
70627.10020174274,2429.0
71206.87448044775,2429.0
71206.87448044775,2555.0
83298.57283495368,2555.0
83298.57283495368,2429.0
83901.24689878432,2429.0
83901.24689878432,2234.0
86400.0,2234.0
# temp #3174
0.0,2234.0
8918.197493394839,2234.0
8918.197493394839,2555.0
42342.88303535432,2555.0
42342.88303535432,2429.0
42881.254670466304,2429.0
42881.254670466304,2555.0
48438.81098083221,2555.0
48438.81098083221,2429.0
48781.332748336725,2429.0
48781.332748336725,2555.0
49585.8725570608,2555.0
49585.8725570608,2429.0
49885.8725570608,2429.0
49885.8725570608,2555.0
51385.8725570608,2555.0
51385.8725570608,2429.0
61585.8725570608,2429.0
61585.8725570608,2234.0
86400.000002,2234.0
# temp #3175
0.0,2234.0
11249.900141288528,2234.0
11249.900141288528,2429.0
43349.900141288526,2429.0
43349.900141288526,2555.0
43649.900141288526,2555.0
43649.900141288526,2667.0
51985.57105511427,2667.0
51985.57105511427,2234.0
79885.31215810217,2234.0
79885.31215810217,2429.0
86400.000002,2429.0
# temp #3176
0.0,2234.0
23693.835825403225,2234.0
23693.835825403225,2429.0
24136.700171814304,2429.0
24136.700171814304,2555.0
26026.03026351426,2555.0
26026.03026351426,2429.0
33779.81749218889,2429.0
33779.81749218889,2555.0
38324.69670013525,2555.0
38324.69670013525,2667.0
42486.42707651016,2667.0
42486.42707651016,2555.0
74234.73496155349,2555.0
74234.73496155349,2429.0
86400.0,2429.0
# temp #3177
0.0,2234.0
8072.094769170509,2234.0
8072.094769170509,2555.0
9891.88639749773,2555.0
9891.88639749773,2667.0
19791.88639749773,2667.0
19791.88639749773,2555.0
20724.772368790585,2555.0
20724.772368790585,2429.0
32408.928445796486,2429.0
32408.928445796486,2234.0
34040.18160102424,2234.0
34040.18160102424,2667.0
36892.466135253206,2667.0
36892.466135253206,2555.0
37964.037718554035,2555.0
37964.037718554035,2429.0
55486.057687201544,2429.0
55486.057687201544,2555.0
72402.28565912695,2555.0
72402.28565912695,2429.0
86400.000002,2429.0
# temp #3178
0.0,2234.0
9281.805098941551,2234.0
9281.805098941551,2883.0
9748.781587835403,2883.0
9748.781587835403,2667.0
19966.83822500054,2667.0
19966.83822500054,2883.0
48868.82147400176,2883.0
48868.82147400176,2429.0
68470.3180371551,2429.0
68470.3180371551,2555.0
74820.42129936164,2555.0
74820.42129936164,2429.0
86400.000002,2429.0
# temp #3179
0.0,2234.0
36507.267187046826,2234.0
36507.267187046826,2555.0
63838.21911003908,2555.0
63838.21911003908,2429.0
86400.000002,2429.0
# temp #3180
0.0,2234.0
9524.051621323453,2234.0
9524.051621323453,2017.0
45524.828316830106,2017.0
45524.828316830106,2234.0
81633.52222312243,2234.0
81633.52222312243,2017.0
86400.0,2017.0
# temp #3181
0.0,2234.0
8777.656244602987,2234.0
8777.656244602987,2555.0
13501.64158267435,2555.0
13501.64158267435,2429.0
55053.74531743583,2429.0
55053.74531743583,2234.0
55653.74531743583,2234.0
55653.74531743583,2429.0
73953.74531743582,2429.0
73953.74531743582,2555.0
75453.74531743582,2555.0
75453.74531743582,2429.0
80256.17066449487,2429.0
80256.17066449487,2234.0
86400.000002,2234.0
# temp #3182
0.0,2234.0
2895.8642595447604,2234.0
2895.8642595447604,2667.0
50109.081718116075,2667.0
50109.081718116075,2555.0
51309.58729328123,2555.0
51309.58729328123,2667.0
79328.90490652063,2667.0
79328.90490652063,2555.0
82328.90490652063,2555.0
82328.90490652063,2667.0
86400.000002,2667.0
# temp #3183
0.0,2234.0
14410.863912035713,2234.0
14410.863912035713,2555.0
46172.29098596145,2555.0
46172.29098596145,2429.0
56419.52704705764,2429.0
56419.52704705764,2234.0
56719.52704705764,2234.0
56719.52704705764,2017.0
86400.000002,2017.0
# temp #3184
0.0,2234.0
13941.183354123497,2234.0
13941.183354123497,2429.0
14420.677666598933,2429.0
14420.677666598933,2555.0
14852.593419933693,2555.0
14852.593419933693,2429.0
52361.23073576019,2429.0
52361.23073576019,2555.0
71184.72225561274,2555.0
71184.72225561274,2429.0
86400.0,2429.0
# temp #3185
0.0,2234.0
38291.4696865948,2234.0
38291.4696865948,2429.0
38825.43921321631,2429.0
38825.43921321631,2234.0
39686.76763863769,2234.0
39686.76763863769,2429.0
44814.48654436973,2429.0
44814.48654436973,2234.0
62569.65190172197,2234.0
62569.65190172197,2429.0
64008.18471377717,2429.0
64008.18471377717,2555.0
65331.433818396195,2555.0
65331.433818396195,2429.0
86400.0,2429.0
# temp #3186
0.0,2234.0
1639.6078172838318,2234.0
1639.6078172838318,2667.0
21478.36953280494,2667.0
21478.36953280494,2555.0
22557.244460005317,2555.0
22557.244460005317,2667.0
44190.86512341165,2667.0
44190.86512341165,2555.0
44790.86512341165,2555.0
44790.86512341165,2667.0
61468.76486605034,2667.0
61468.76486605034,2555.0
63758.60945200548,2555.0
63758.60945200548,2429.0
83211.42396912911,2429.0
83211.42396912911,2234.0
86400.000002,2234.0
# temp #3187
0.0,2234.0
32405.24652684108,2234.0
32405.24652684108,2017.0
47810.09824024514,2017.0
47810.09824024514,2234.0
86400.0,2234.0
# temp #3188
0.0,2234.0
19481.951673422012,2234.0
19481.951673422012,2429.0
20041.85918848962,2429.0
20041.85918848962,2555.0
22153.923707641665,2555.0
22153.923707641665,2429.0
27226.60445887596,2429.0
27226.60445887596,2555.0
36878.17667482887,2555.0
36878.17667482887,2429.0
52338.50718105678,2429.0
52338.50718105678,2883.0
53398.73143297155,2883.0
53398.73143297155,2667.0
61364.10994010513,2667.0
61364.10994010513,2555.0
86400.000002,2555.0
# temp #3189
0.0,2234.0
9367.422350985,2234.0
9367.422350985,2555.0
19455.021842638966,2555.0
19455.021842638966,2429.0
53447.24622226787,2429.0
53447.24622226787,2234.0
53747.24622226787,2234.0
53747.24622226787,2017.0
67421.68854984922,2017.0
67421.68854984922,2555.0
75615.22696546746,2555.0
75615.22696546746,2429.0
86400.0,2429.0
# temp #3190
0.0,2234.0
49888.01773830783,2234.0
49888.01773830783,2429.0
50224.323368584744,2429.0
50224.323368584744,2555.0
51127.446564054124,2555.0
51127.446564054124,2429.0
58160.99215352443,2429.0
58160.99215352443,2555.0
86400.0,2555.0
# temp #3191
0.0,2234.0
3346.1041567381476,2234.0
3346.1041567381476,2667.0
22413.60726405401,2667.0
22413.60726405401,2555.0
22988.63475315739,2555.0
22988.63475315739,2667.0
57272.11710840931,2667.0
57272.11710840931,2555.0
57572.11710840931,2555.0
57572.11710840931,2429.0
84985.04721089268,2429.0
84985.04721089268,2234.0
86400.000002,2234.0
# temp #3192
0.0,2234.0
47178.61640125048,2234.0
47178.61640125048,2555.0
73955.42053242681,2555.0
73955.42053242681,2429.0
86400.0,2429.0
# temp #3193
0.0,2234.0
44747.32975331136,2234.0
44747.32975331136,2555.0
78905.26420078242,2555.0
78905.26420078242,2429.0
86400.0,2429.0
# temp #3194
0.0,2234.0
40925.13026415837,2234.0
40925.13026415837,2555.0
42760.69475894329,2555.0
42760.69475894329,2429.0
51357.658562413424,2429.0
51357.658562413424,2234.0
51957.658562413424,2234.0
51957.658562413424,2429.0
70257.65856241342,2429.0
70257.65856241342,2555.0
71757.65856241342,2555.0
71757.65856241342,2429.0
79636.33110907396,2429.0
79636.33110907396,2234.0
86400.0,2234.0
# temp #3195
0.0,2234.0
28652.011048793793,2234.0
28652.011048793793,2555.0
29833.31124857068,2555.0
29833.31124857068,2667.0
73699.769161921,2667.0
73699.769161921,2883.0
86400.0,2883.0
# temp #3196
0.0,2234.0
2012.8208974376323,2234.0
2012.8208974376323,2667.0
11544.832301535645,2667.0
11544.832301535645,2555.0
12030.407336284408,2555.0
12030.407336284408,2667.0
13685.101881343873,2667.0
13685.101881343873,2555.0
13985.101881343873,2555.0
13985.101881343873,2429.0
41350.36617731676,2429.0
41350.36617731676,2234.0
57743.868041317925,2234.0
57743.868041317925,2667.0
59628.22112850846,2667.0
59628.22112850846,2883.0
86400.0,2883.0
# temp #3197
0.0,2234.0
34183.88893967495,2234.0
34183.88893967495,2429.0
34601.86988753267,2429.0
34601.86988753267,2555.0
36304.00848467835,2555.0
36304.00848467835,2429.0
56908.01185690799,2429.0
56908.01185690799,2555.0
60390.45628239402,2555.0
60390.45628239402,2429.0
77123.59560043552,2429.0
77123.59560043552,2883.0
86400.0,2883.0
# temp #3198
0.0,2234.0
20457.597473915666,2234.0
20457.597473915666,2429.0
21057.597473915666,2429.0
21057.597473915666,2555.0
24902.228274475783,2555.0
24902.228274475783,2429.0
41794.78445844725,2429.0
41794.78445844725,2883.0
47406.96356515401,2883.0
47406.96356515401,2429.0
49474.67736129184,2429.0
49474.67736129184,2667.0
64709.83324034606,2667.0
64709.83324034606,2883.0
75695.5324847717,2883.0
75695.5324847717,2429.0
86400.000002,2429.0
# temp #3199
0.0,2234.0
75893.12904474793,2234.0
75893.12904474793,2555.0
86400.0,2555.0
# temp #3200
0.0,2234.0
5204.911036603154,2234.0
5204.911036603154,2883.0
5533.966033277103,2883.0
5533.966033277103,2667.0
8958.301879093051,2667.0
8958.301879093051,2883.0
14269.95701508131,2883.0
14269.95701508131,2429.0
34915.45302257874,2429.0
34915.45302257874,2555.0
46294.84006462154,2555.0
46294.84006462154,2429.0
70641.35284374935,2429.0
70641.35284374935,2555.0
86400.0,2555.0
# temp #3201
0.0,2234.0
44765.360318077735,2234.0
44765.360318077735,2555.0
84052.64102728108,2555.0
84052.64102728108,2429.0
86400.000002,2429.0
# temp #3202
0.0,2234.0
12901.30037146155,2234.0
12901.30037146155,2555.0
13479.52214162797,2555.0
13479.52214162797,2667.0
13955.760424747134,2667.0
13955.760424747134,2555.0
14255.760424747134,2555.0
14255.760424747134,2667.0
17855.76042474713,2667.0
17855.76042474713,2555.0
19355.76042474713,2555.0
19355.76042474713,2429.0
36933.41962192208,2429.0
36933.41962192208,2234.0
57965.72551452556,2234.0
57965.72551452556,2429.0
64540.11192990003,2429.0
64540.11192990003,2234.0
73465.44811308851,2234.0
73465.44811308851,2429.0
86400.000002,2429.0
# temp #3203
0.0,2234.0
9883.354962291198,2234.0
9883.354962291198,2883.0
10342.85341682844,2883.0
10342.85341682844,2667.0
17289.839819166813,2667.0
17289.839819166813,2883.0
32465.885000210263,2883.0
32465.885000210263,2429.0
35769.77067638655,2429.0
35769.77067638655,2555.0
40517.953500640586,2555.0
40517.953500640586,2667.0
43147.83432092518,2667.0
43147.83432092518,2234.0
68743.05897708984,2234.0
68743.05897708984,2429.0
86400.0,2429.0
# temp #3204
0.0,2234.0
17141.69658939354,2234.0
17141.69658939354,2429.0
17625.997968460433,2429.0
17625.997968460433,2234.0
18356.335821538232,2234.0
18356.335821538232,2429.0
21939.114470011555,2429.0
21939.114470011555,2234.0
37237.32418147847,2234.0
37237.32418147847,2429.0
38020.63560015522,2429.0
38020.63560015522,2234.0
72836.31112813018,2234.0
72836.31112813018,2429.0
86400.0,2429.0
# temp #3205
0.0,2234.0
22368.52119667456,2234.0
22368.52119667456,2429.0
22742.491506552327,2429.0
22742.491506552327,2555.0
23929.366459837187,2555.0
23929.366459837187,2429.0
71431.3192909118,2429.0
71431.3192909118,2883.0
86400.0,2883.0
# temp #3206
0.0,2234.0
62526.29935091828,2234.0
62526.29935091828,2555.0
86400.0,2555.0
# temp #3207
0.0,2234.0
6717.907616542654,2234.0
6717.907616542654,2667.0
40977.9739155667,2667.0
40977.9739155667,2555.0
41661.022632219836,2555.0
41661.022632219836,2667.0
68320.64550525976,2667.0
68320.64550525976,2555.0
68920.64550525976,2555.0
68920.64550525976,2667.0
82290.5582180014,2667.0
82290.5582180014,2555.0
84568.57992836741,2555.0
84568.57992836741,2429.0
86400.000002,2429.0
# temp #3208
0.0,2234.0
2285.0676574045797,2234.0
2285.0676574045797,2667.0
15070.637874095703,2667.0
15070.637874095703,2555.0
15560.76625955757,2555.0
15560.76625955757,2667.0
20877.70878793672,2667.0
20877.70878793672,2555.0
23877.70878793672,2555.0
23877.70878793672,2667.0
49977.70878793672,2667.0
49977.70878793672,2883.0
86400.000002,2883.0
# temp #3209
0.0,2234.0
18806.517245457508,2234.0
18806.517245457508,2429.0
19162.77508463245,2429.0
19162.77508463245,2234.0
19789.81119033415,2234.0
19789.81119033415,2429.0
24735.800295718946,2429.0
24735.800295718946,2234.0
43617.095820908435,2234.0
43617.095820908435,2429.0
44154.85802090261,2429.0
44154.85802090261,2555.0
44827.61029929388,2555.0
44827.61029929388,2429.0
86400.000002,2429.0
# temp #3210
0.0,2234.0
82659.25900375006,2234.0
82659.25900375006,2555.0
86400.000002,2555.0
# temp #3211
0.0,2234.0
24794.153218762953,2234.0
24794.153218762953,2555.0
26271.057984139774,2555.0
26271.057984139774,2667.0
32571.057984139774,2667.0
32571.057984139774,2555.0
33771.05798413977,2555.0
33771.05798413977,2429.0
76971.05798413977,2429.0
76971.05798413977,2234.0
86400.000002,2234.0
# temp #3212
0.0,2234.0
10347.10176936351,2234.0
10347.10176936351,2883.0
11980.469000665473,2883.0
11980.469000665473,2667.0
18529.1764669586,2667.0
18529.1764669586,2883.0
34357.21983374097,2883.0
34357.21983374097,2667.0
63510.377551708385,2667.0
63510.377551708385,2555.0
81215.19116470592,2555.0
81215.19116470592,2429.0
86400.000002,2429.0
# temp #3213
0.0,2234.0
62049.907294590965,2234.0
62049.907294590965,2555.0
86400.000002,2555.0
# temp #3214
0.0,2234.0
62989.89348972683,2234.0
62989.89348972683,2555.0
86400.0,2555.0
# temp #3215
0.0,2234.0
53301.30421549548,2234.0
53301.30421549548,2429.0
53610.24973117747,2429.0
53610.24973117747,2555.0
55265.35746292212,2555.0
55265.35746292212,2429.0
86400.000002,2429.0
# temp #3216
0.0,2234.0
11298.707837308759,2234.0
11298.707837308759,2883.0
12419.25460661296,2883.0
12419.25460661296,2667.0
18706.94652849343,2667.0
18706.94652849343,2883.0
50965.13521231247,2883.0
50965.13521231247,2429.0
84503.63500930836,2429.0
84503.63500930836,2555.0
86400.000002,2555.0
# temp #3217
0.0,2234.0
23813.718465808783,2234.0
23813.718465808783,2429.0
24295.422543981116,2429.0
24295.422543981116,2555.0
29092.630210169595,2555.0
29092.630210169595,2429.0
48251.00758094341,2429.0
48251.00758094341,2555.0
60947.556144674316,2555.0
60947.556144674316,2429.0
86400.000002,2429.0
# temp #3218
0.0,2234.0
23106.41864575446,2234.0
23106.41864575446,2017.0
77315.17194374466,2017.0
77315.17194374466,2234.0
79549.07751730645,2234.0
79549.07751730645,2017.0
86400.0,2017.0
# temp #3219
0.0,2234.0
4767.698435601779,2234.0
4767.698435601779,2667.0
31560.020596766848,2667.0
31560.020596766848,2555.0
32743.44680705108,2555.0
32743.44680705108,2667.0
34243.32046397031,2667.0
34243.32046397031,2555.0
34543.32046397031,2555.0
34543.32046397031,2667.0
35439.749837270945,2667.0
35439.749837270945,2555.0
36039.749837270945,2555.0
36039.749837270945,2667.0
69908.97487804761,2667.0
69908.97487804761,2555.0
86400.0,2555.0
# temp #3220
0.0,2234.0
73018.53413579521,2234.0
73018.53413579521,2555.0
73787.91472795421,2555.0
73787.91472795421,2667.0
74120.20393344575,2667.0
74120.20393344575,2555.0
74420.20393344575,2555.0
74420.20393344575,2667.0
86400.0,2667.0
# temp #3221
0.0,2234.0
39806.36507137679,2234.0
39806.36507137679,2555.0
45042.72028917913,2555.0
45042.72028917913,2667.0
45510.06039173809,2667.0
45510.06039173809,2555.0
45810.06039173809,2555.0
45810.06039173809,2667.0
72510.06039173808,2667.0
72510.06039173808,2555.0
86400.000002,2555.0
# temp #3222
0.0,2234.0
7186.119926813992,2234.0
7186.119926813992,2667.0
55329.14687201847,2667.0
55329.14687201847,2555.0
56204.21226548497,2555.0
56204.21226548497,2429.0
75810.8502831543,2429.0
75810.8502831543,2555.0
84456.87042572537,2555.0
84456.87042572537,2883.0
86400.000002,2883.0
# temp #3223
0.0,2234.0
9143.022071337327,2234.0
9143.022071337327,2429.0
9689.249775465578,2429.0
9689.249775465578,2234.0
10350.62084372621,2234.0
10350.62084372621,2429.0
11242.034688522108,2429.0
11242.034688522108,2234.0
29163.313389359977,2234.0
29163.313389359977,2429.0
29604.58133274224,2429.0
29604.58133274224,2555.0
30451.581710181203,2555.0
30451.581710181203,2429.0
86400.0,2429.0
# temp #3224
0.0,2234.0
21002.880831062797,2234.0
21002.880831062797,2555.0
46591.79384051823,2555.0
46591.79384051823,2429.0
46913.86938043871,2429.0
46913.86938043871,2555.0
61199.52160126996,2555.0
61199.52160126996,2429.0
62053.5913014086,2429.0
62053.5913014086,2234.0
63189.996505295865,2234.0
63189.996505295865,2429.0
86400.0,2429.0
# temp #3225
0.0,2234.0
68955.84746729584,2234.0
68955.84746729584,2555.0
86400.000002,2555.0
# temp #3226
0.0,2234.0
61788.82141958457,2234.0
61788.82141958457,2555.0
69021.76404611675,2555.0
69021.76404611675,2429.0
72075.12835578529,2429.0
72075.12835578529,2234.0
72675.12835578529,2234.0
72675.12835578529,2429.0
86400.000002,2429.0
# temp #3227
0.0,2234.0
7351.474674255588,2234.0
7351.474674255588,2883.0
8035.046443948523,2883.0
8035.046443948523,2667.0
12078.591811680237,2667.0
12078.591811680237,2883.0
26361.207126919187,2883.0
26361.207126919187,2429.0
60376.56337763184,2429.0
60376.56337763184,2555.0
76579.10575491843,2555.0
76579.10575491843,2429.0
86400.0,2429.0
# temp #3228
0.0,2234.0
66481.08769822866,2234.0
66481.08769822866,2555.0
70291.17622340564,2555.0
70291.17622340564,2234.0
86400.0,2234.0
# temp #3229
0.0,2234.0
5313.319840561599,2234.0
5313.319840561599,2667.0
40020.12765649707,2667.0
40020.12765649707,2555.0
41270.82130042837,2555.0
41270.82130042837,2667.0
51864.10846109503,2667.0
51864.10846109503,2555.0
54864.10846109503,2555.0
54864.10846109503,2667.0
80964.10846109502,2667.0
80964.10846109502,2883.0
86400.0,2883.0
# temp #3230
0.0,2234.0
74804.47934672704,2234.0
74804.47934672704,2555.0
86400.0,2555.0
# temp #3231
0.0,2234.0
8004.061109223405,2234.0
8004.061109223405,2667.0
18838.54407523759,2667.0
18838.54407523759,2555.0
19589.632055209953,2555.0
19589.632055209953,2667.0
33337.14881537017,2667.0
33337.14881537017,2555.0
36337.14881537017,2555.0
36337.14881537017,2667.0
62437.14881537017,2667.0
62437.14881537017,2883.0
86400.0,2883.0
# temp #3232
0.0,2234.0
2743.0567055242136,2234.0
2743.0567055242136,2883.0
4082.499379548244,2883.0
4082.499379548244,2667.0
9755.143849854358,2667.0
9755.143849854358,2883.0
37438.08175907471,2883.0
37438.08175907471,2429.0
51518.39068990667,2429.0
51518.39068990667,2234.0
66225.37914058195,2234.0
66225.37914058195,2429.0
86400.000002,2429.0
# temp #3233
0.0,2234.0
68366.53393374292,2234.0
68366.53393374292,2555.0
86400.0,2555.0
# temp #3234
0.0,2234.0
82998.22368992028,2234.0
82998.22368992028,2555.0
86400.0,2555.0
# temp #3235
0.0,2234.0
4635.785006498919,2234.0
4635.785006498919,2555.0
42901.8513027113,2555.0
42901.8513027113,2429.0
43249.22399127391,2429.0
43249.22399127391,2555.0
59817.15976868291,2555.0
59817.15976868291,2429.0
61188.27662060504,2429.0
61188.27662060504,2555.0
62211.19703000878,2555.0
62211.19703000878,2429.0
62511.19703000878,2429.0
62511.19703000878,2555.0
82911.19703000877,2555.0
82911.19703000877,2429.0
83211.19703000877,2429.0
83211.19703000877,2555.0
83811.19703000877,2555.0
83811.19703000877,2667.0
86400.0,2667.0
# temp #3236
0.0,2234.0
70626.56966743525,2234.0
70626.56966743525,2883.0
73026.56966743525,2883.0
73026.56966743525,2667.0
78158.15712930635,2667.0
78158.15712930635,2234.0
86277.60453382507,2234.0
86277.60453382507,2667.0
86400.0,2667.0
# temp #3237
0.0,2234.0
1395.0137079460549,2234.0
1395.0137079460549,2667.0
31825.26548719034,2667.0
31825.26548719034,2555.0
32713.28691300005,2555.0
32713.28691300005,2429.0
43097.72963428405,2429.0
43097.72963428405,2555.0
56061.24682591763,2555.0
56061.24682591763,2667.0
86400.000002,2667.0
# temp #3238
0.0,2234.0
25340.861947461966,2234.0
25340.861947461966,2555.0
26148.110015667047,2555.0
26148.110015667047,2667.0
26656.088140932847,2667.0
26656.088140932847,2555.0
26956.088140932847,2555.0
26956.088140932847,2667.0
30556.088140932847,2667.0
30556.088140932847,2555.0
32056.088140932847,2555.0
32056.088140932847,2429.0
50974.52932039742,2429.0
50974.52932039742,2234.0
68708.9563453803,2234.0
68708.9563453803,2667.0
77373.69462309872,2667.0
77373.69462309872,2555.0
86400.000002,2555.0
# temp #3239
0.0,2234.0
52464.48127173354,2234.0
52464.48127173354,2555.0
72035.7185873436,2555.0
72035.7185873436,2429.0
86400.0,2429.0
# temp #3240
0.0,2234.0
16261.390775861222,2234.0
16261.390775861222,2883.0
18017.54039085936,2883.0
18017.54039085936,2667.0
28962.30318546296,2667.0
28962.30318546296,2883.0
59873.05072769524,2883.0
59873.05072769524,2429.0
86400.000002,2429.0
# temp #3241
0.0,2234.0
8171.287376387046,2234.0
8171.287376387046,2017.0
32054.005002044145,2017.0
32054.005002044145,2234.0
62536.1271548085,2234.0
62536.1271548085,2017.0
86400.0,2017.0
# temp #3242
0.0,2234.0
17812.17663539574,2234.0
17812.17663539574,2017.0
64095.800521178186,2017.0
64095.800521178186,2234.0
76376.75390238875,2234.0
76376.75390238875,2017.0
86400.000002,2017.0
# temp #3243
0.0,2234.0
7262.065961421467,2234.0
7262.065961421467,2429.0
7838.677877490409,2429.0
7838.677877490409,2234.0
8728.24969785288,2234.0
8728.24969785288,2429.0
9693.158507114276,2429.0
9693.158507114276,2234.0
28821.67867769022,2234.0
28821.67867769022,2429.0
29494.154122774493,2429.0
29494.154122774493,2555.0
30897.91974902619,2555.0
30897.91974902619,2429.0
31197.91974902619,2429.0
31197.91974902619,2555.0
51597.91974902619,2555.0
51597.91974902619,2429.0
51897.91974902619,2429.0
51897.91974902619,2555.0
52497.91974902619,2555.0
52497.91974902619,2667.0
67020.18444892019,2667.0
67020.18444892019,2555.0
86400.000002,2555.0
# temp #3244
0.0,2234.0
21368.872336694043,2234.0
21368.872336694043,2555.0
25298.968832264658,2555.0
25298.968832264658,2667.0
35198.968832264654,2667.0
35198.968832264654,2555.0
38193.80109615159,2555.0
38193.80109615159,2429.0
43039.676994807094,2429.0
43039.676994807094,2234.0
45219.72555813846,2234.0
45219.72555813846,2667.0
53985.801838967025,2667.0
53985.801838967025,2234.0
85207.30018357282,2234.0
85207.30018357282,2429.0
86400.000002,2429.0
# temp #3245
0.0,2234.0
9788.167281844655,2234.0
9788.167281844655,2883.0
10830.07625481114,2883.0
10830.07625481114,2667.0
18976.48006465752,2667.0
18976.48006465752,2883.0
32747.834705770954,2883.0
32747.834705770954,2429.0
36214.34378272389,2429.0
36214.34378272389,2883.0
70484.95548956563,2883.0
70484.95548956563,2429.0
86400.000002,2429.0
# temp #3246
0.0,2234.0
897.8162161773071,2234.0
897.8162161773071,2667.0
17535.880341916345,2667.0
17535.880341916345,2555.0
18943.204027949832,2555.0
18943.204027949832,2429.0
51450.918049109176,2429.0
51450.918049109176,2555.0
70262.75959743654,2555.0
70262.75959743654,2429.0
76524.39169606661,2429.0
76524.39169606661,2883.0
85345.19337269013,2883.0
85345.19337269013,2667.0
86400.0,2667.0
# temp #3247
0.0,2234.0
42809.76274309215,2234.0
42809.76274309215,2429.0
74909.76274309214,2429.0
74909.76274309214,2555.0
75209.76274309214,2555.0
75209.76274309214,2667.0
86400.000002,2667.0
# temp #3248
0.0,2234.0
46269.62851400022,2234.0
46269.62851400022,2429.0
46696.864770096734,2429.0
46696.864770096734,2555.0
51397.7320303442,2555.0
51397.7320303442,2429.0
72896.60615650938,2429.0
72896.60615650938,2234.0
86400.000002,2234.0
# temp #3249
0.0,2234.0
4146.759070130066,2234.0
4146.759070130066,2667.0
41732.76282402222,2667.0
41732.76282402222,2555.0
42344.9156616116,2555.0
42344.9156616116,2429.0
73648.10643321836,2429.0
73648.10643321836,2555.0
86400.000002,2555.0
# temp #3250
0.0,2234.0
5809.714245633223,2234.0
5809.714245633223,2667.0
42114.18957333081,2667.0
42114.18957333081,2555.0
42688.12690093183,2555.0
42688.12690093183,2667.0
47138.53540574201,2667.0
47138.53540574201,2555.0
47438.53540574201,2555.0
47438.53540574201,2667.0
47738.53540574201,2667.0
47738.53540574201,2555.0
51038.53540574201,2555.0
51038.53540574201,2667.0
76538.535405742,2667.0
76538.535405742,2883.0
86400.0,2883.0
# temp #3251
0.0,2234.0
56740.6742413994,2234.0
56740.6742413994,2429.0
57329.36547473074,2429.0
57329.36547473074,2555.0
58128.51077131928,2555.0
58128.51077131928,2429.0
86400.0,2429.0
# temp #3252
0.0,2234.0
26434.208784531806,2234.0
26434.208784531806,2429.0
26833.11118895654,2429.0
26833.11118895654,2555.0
27878.749505826276,2555.0
27878.749505826276,2429.0
58540.030315378695,2429.0
58540.030315378695,2555.0
68029.21445961112,2555.0
68029.21445961112,2667.0
86400.000002,2667.0
# temp #3253
0.0,2234.0
81114.70979454463,2234.0
81114.70979454463,2555.0
86400.000002,2555.0
# temp #3254
0.0,2234.0
45934.696566103965,2234.0
45934.696566103965,2555.0
48129.08354960383,2555.0
48129.08354960383,2667.0
48659.270736272454,2667.0
48659.270736272454,2555.0
54659.270736272454,2555.0
54659.270736272454,2429.0
57059.270736272454,2429.0
57059.270736272454,2234.0
60659.270736272454,2234.0
60659.270736272454,2429.0
61859.270736272454,2429.0
61859.270736272454,2234.0
67559.27073627245,2234.0
67559.27073627245,2429.0
86400.000002,2429.0
# temp #3255
0.0,2234.0
58011.43004049082,2234.0
58011.43004049082,2555.0
86400.0,2555.0
# temp #3256
0.0,2234.0
1590.9758051158863,2234.0
1590.9758051158863,2667.0
22541.820691642355,2667.0
22541.820691642355,2555.0
23177.86780970637,2555.0
23177.86780970637,2667.0
36697.80156619382,2667.0
36697.80156619382,2555.0
36997.80156619382,2555.0
36997.80156619382,2667.0
37297.80156619382,2667.0
37297.80156619382,2555.0
40597.80156619382,2555.0
40597.80156619382,2667.0
66097.80156619381,2667.0
66097.80156619381,2883.0
86400.0,2883.0
# temp #3257
0.0,2234.0
8594.411860057155,2234.0
8594.411860057155,2667.0
31416.37156549842,2667.0
31416.37156549842,2555.0
32776.23177152128,2555.0
32776.23177152128,2667.0
39054.00639069267,2667.0
39054.00639069267,2555.0
39354.00639069267,2555.0
39354.00639069267,2667.0
39654.00639069267,2667.0
39654.00639069267,2555.0
42954.00639069267,2555.0
42954.00639069267,2667.0
68454.00639069267,2667.0
68454.00639069267,2883.0
86400.0,2883.0
# temp #3258
0.0,2234.0
27432.316266512502,2234.0
27432.316266512502,2429.0
27979.427815019157,2429.0
27979.427815019157,2555.0
30285.028070001867,2555.0
30285.028070001867,2429.0
45559.083205740906,2429.0
45559.083205740906,2555.0
53797.58419173305,2555.0
53797.58419173305,2429.0
66513.94953634591,2429.0
66513.94953634591,2555.0
69060.98384479994,2555.0
69060.98384479994,2429.0
86400.0,2429.0
# temp #3259
0.0,2234.0
67985.25548914913,2234.0
67985.25548914913,2883.0
70385.25548914913,2883.0
70385.25548914913,2667.0
80357.7081416035,2667.0
80357.7081416035,2883.0
83263.20893887896,2883.0
83263.20893887896,2429.0
86400.0,2429.0
# temp #3260
0.0,2234.0
36806.9201912731,2234.0
36806.9201912731,2429.0
37383.371097059,2429.0
37383.371097059,2555.0
42376.13216622268,2555.0
42376.13216622268,2429.0
54777.79110157864,2429.0
54777.79110157864,2555.0
56137.790144188344,2555.0
56137.790144188344,2429.0
86400.0,2429.0
# temp #3261
0.0,2234.0
5058.517569489778,2234.0
5058.517569489778,2017.0
10183.274888433518,2017.0
10183.274888433518,2234.0
38721.5217168443,2234.0
38721.5217168443,2017.0
86400.000002,2017.0
# temp #3262
0.0,2234.0
1265.4504660749808,2234.0
1265.4504660749808,2667.0
29398.996020737108,2667.0
29398.996020737108,2555.0
30208.153792913075,2555.0
30208.153792913075,2667.0
61934.60988756271,2667.0
61934.60988756271,2555.0
62234.60988756271,2555.0
62234.60988756271,2667.0
62993.76698539128,2667.0
62993.76698539128,2555.0
63593.76698539128,2555.0
63593.76698539128,2667.0
67244.02865292506,2667.0
67244.02865292506,2555.0
75490.37783369423,2555.0
75490.37783369423,2667.0
86400.0,2667.0
# temp #3263
0.0,2234.0
1846.9894643872979,2234.0
1846.9894643872979,2667.0
46517.926523764625,2667.0
46517.926523764625,2555.0
47140.5380623648,2555.0
47140.5380623648,2429.0
48974.62823479437,2429.0
48974.62823479437,2555.0
56167.145735258244,2555.0
56167.145735258244,2667.0
67744.43694795483,2667.0
67744.43694795483,2234.0
86400.0,2234.0
# temp #3264
0.0,2234.0
6607.88902763743,2234.0
6607.88902763743,2667.0
48565.09388925043,2667.0
48565.09388925043,2555.0
49572.88041680586,2555.0
49572.88041680586,2667.0
51966.360717499636,2667.0
51966.360717499636,2555.0
52266.360717499636,2555.0
52266.360717499636,2667.0
53140.2212320827,2667.0
53140.2212320827,2555.0
53740.2212320827,2555.0
53740.2212320827,2667.0
54729.57827823703,2667.0
54729.57827823703,2555.0
65176.81468070951,2555.0
65176.81468070951,2429.0
86400.000002,2429.0
# temp #3265
0.0,2234.0
5549.238051823341,2234.0
5549.238051823341,2883.0
16649.23805182334,2883.0
16649.23805182334,2555.0
19125.69329633843,2555.0
19125.69329633843,2667.0
48698.017995804556,2667.0
48698.017995804556,2555.0
57801.515069813475,2555.0
57801.515069813475,2883.0
70908.41925032438,2883.0
70908.41925032438,2429.0
86400.0,2429.0
# temp #3266
0.0,2234.0
55217.070057545796,2234.0
55217.070057545796,2555.0
56692.80844107271,2555.0
56692.80844107271,2667.0
66592.8084410727,2667.0
66592.8084410727,2555.0
67647.99562096596,2555.0
67647.99562096596,2429.0
69040.85565330462,2429.0
69040.85565330462,2234.0
86175.99450855052,2234.0
86175.99450855052,2429.0
86400.000002,2429.0
# temp #3267
0.0,2234.0
12835.666798660533,2234.0
12835.666798660533,2017.0
26589.221366308633,2017.0
26589.221366308633,2234.0
60242.8485363722,2234.0
60242.8485363722,2017.0
86400.0,2017.0
# temp #3268
0.0,2234.0
52695.00956966077,2234.0
52695.00956966077,2429.0
53280.183073715314,2429.0
53280.183073715314,2555.0
55506.72044365202,2555.0
55506.72044365202,2429.0
86400.000002,2429.0
# temp #3269
0.0,2234.0
63659.643406863324,2234.0
63659.643406863324,2555.0
72496.14994064905,2555.0
72496.14994064905,2234.0
86400.0,2234.0
# temp #3270
0.0,2234.0
2831.252513593063,2234.0
2831.252513593063,2667.0
25918.847910873596,2667.0
25918.847910873596,2555.0
26965.449757967148,2555.0
26965.449757967148,2667.0
34746.605131379336,2667.0
34746.605131379336,2555.0
35346.605131379336,2555.0
35346.605131379336,2667.0
53255.17877109815,2667.0
53255.17877109815,2555.0
54469.43892308046,2555.0
54469.43892308046,2429.0
63455.3170970874,2429.0
63455.3170970874,2234.0
69597.11383895484,2234.0
69597.11383895484,2429.0
86400.0,2429.0
# temp #3271
0.0,2234.0
12515.973581839355,2234.0
12515.973581839355,2017.0
56534.31743276306,2017.0
56534.31743276306,2234.0
86400.0,2234.0
# temp #3272
0.0,2234.0
1891.4213409181687,2234.0
1891.4213409181687,2667.0
45279.02543081437,2667.0
45279.02543081437,2555.0
46621.0145025747,2555.0
46621.0145025747,2667.0
50653.16988285632,2667.0
50653.16988285632,2555.0
51253.16988285632,2555.0
51253.16988285632,2667.0
66829.48470250705,2667.0
66829.48470250705,2555.0
71341.58194349149,2555.0
71341.58194349149,2429.0
85021.29162952771,2429.0
85021.29162952771,2555.0
86400.000002,2555.0
# temp #3273
0.0,2234.0
3374.0999768022452,2234.0
3374.0999768022452,2883.0
3749.4199717417364,2883.0
3749.4199717417364,2667.0
7337.093548011035,2667.0
7337.093548011035,2883.0
25099.65422060341,2883.0
25099.65422060341,2667.0
35926.25520857983,2667.0
35926.25520857983,2555.0
44303.387744631626,2555.0
44303.387744631626,2429.0
59372.81516399236,2429.0
59372.81516399236,2555.0
84479.45096329787,2555.0
84479.45096329787,2429.0
86400.0,2429.0
# temp #3274
0.0,2234.0
68082.30209529866,2234.0
68082.30209529866,2883.0
70482.30209529866,2883.0
70482.30209529866,2667.0
81789.38862732612,2667.0
81789.38862732612,2555.0
86400.0,2555.0
# temp #3275
0.0,2234.0
15883.677682396958,2234.0
15883.677682396958,2429.0
16183.677682396958,2429.0
16183.677682396958,2234.0
23466.613716655414,2234.0
23466.613716655414,2429.0
30366.690709814433,2429.0
30366.690709814433,2234.0
50070.53752192297,2234.0
50070.53752192297,2429.0
66298.72328443454,2429.0
66298.72328443454,2555.0
67132.29021169247,2555.0
67132.29021169247,2667.0
86400.000002,2667.0
# temp #3276
0.0,2234.0
10666.576352552513,2234.0
10666.576352552513,2555.0
21421.518951491456,2555.0
21421.518951491456,2429.0
22006.45804968663,2429.0
22006.45804968663,2555.0
32408.761112974033,2555.0
32408.761112974033,2429.0
32792.55654104055,2429.0
32792.55654104055,2234.0
36447.43226598949,2234.0
36447.43226598949,2429.0
61225.42555499823,2429.0
61225.42555499823,2883.0
74204.9722957425,2883.0
74204.9722957425,2667.0
86400.0,2667.0
# temp #3277
0.0,2234.0
14631.613433919849,2234.0
14631.613433919849,2429.0
15100.715482304806,2429.0
15100.715482304806,2555.0
17560.013912315484,2555.0
17560.013912315484,2429.0
29227.77932896279,2429.0
29227.77932896279,2555.0
59934.506919072024,2555.0
59934.506919072024,2429.0
86400.000002,2429.0
# temp #3278
0.0,2234.0
7683.5833998397,2234.0
7683.5833998397,2017.0
11095.644258242102,2017.0
11095.644258242102,2234.0
19042.54847355187,2234.0
19042.54847355187,2017.0
27842.278849845756,2017.0
27842.278849845756,2234.0
50627.05513439142,2234.0
50627.05513439142,2017.0
70300.92079094613,2017.0
70300.92079094613,2234.0
86400.000002,2234.0
# temp #3279
0.0,2234.0
16526.577580114827,2234.0
16526.577580114827,2429.0
16985.02945555374,2429.0
16985.02945555374,2555.0
21819.87438937649,2555.0
21819.87438937649,2429.0
34055.53556315135,2429.0
34055.53556315135,2234.0
34448.17730428185,2234.0
34448.17730428185,2555.0
36124.68795531896,2555.0
36124.68795531896,2429.0
47937.34572229442,2429.0
47937.34572229442,2234.0
58337.704856484204,2234.0
58337.704856484204,2667.0
86400.0,2667.0
# temp #3280
0.0,2234.0
22217.681906162765,2234.0
22217.681906162765,2429.0
22686.0375760356,2429.0
22686.0375760356,2234.0
23352.134327776734,2234.0
23352.134327776734,2429.0
27482.906595384706,2429.0
27482.906595384706,2234.0
44281.02351338603,2234.0
44281.02351338603,2429.0
44623.17111343146,2429.0
44623.17111343146,2234.0
80689.3886449747,2234.0
80689.3886449747,2429.0
86288.42538027094,2429.0
86288.42538027094,2883.0
86400.0,2883.0
# temp #3281
0.0,2234.0
1167.5512988353148,2234.0
1167.5512988353148,2667.0
10890.244336682374,2667.0
10890.244336682374,2555.0
12253.246658365244,2555.0
12253.246658365244,2667.0
23375.520500144925,2667.0
23375.520500144925,2555.0
23975.520500144925,2555.0
23975.520500144925,2667.0
40471.942517277785,2667.0
40471.942517277785,2555.0
42427.212674659684,2555.0
42427.212674659684,2429.0
74192.32880878264,2429.0
74192.32880878264,2555.0
86400.000002,2555.0
# temp #3282
0.0,2234.0
7417.14848096017,2234.0
7417.14848096017,2667.0
34461.264670849785,2667.0
34461.264670849785,2555.0
35344.93480066304,2555.0
35344.93480066304,2667.0
41867.065173620365,2667.0
41867.065173620365,2555.0
42467.065173620365,2555.0
42467.065173620365,2667.0
55640.369448903955,2667.0
55640.369448903955,2555.0
57957.87175269798,2555.0
57957.87175269798,2429.0
70757.45692192578,2429.0
70757.45692192578,2555.0
73954.2195080314,2555.0
73954.2195080314,2667.0
81878.06441432332,2667.0
81878.06441432332,2555.0
86400.000002,2555.0
# temp #3283
0.0,2234.0
66895.33127266915,2234.0
66895.33127266915,2555.0
68744.80184849819,2555.0
68744.80184849819,2667.0
69182.12519525552,2667.0
69182.12519525552,2555.0
75182.12519525552,2555.0
75182.12519525552,2429.0
77582.12519525552,2429.0
77582.12519525552,2234.0
81182.12519525552,2234.0
81182.12519525552,2429.0
82382.12519525552,2429.0
82382.12519525552,2234.0
86400.0,2234.0
# temp #3284
0.0,2234.0
9722.099792864175,2234.0
9722.099792864175,2555.0
12670.762440352702,2555.0
12670.762440352702,2667.0
18970.7624403527,2667.0
18970.7624403527,2555.0
20170.7624403527,2555.0
20170.7624403527,2429.0
63370.7624403527,2429.0
63370.7624403527,2234.0
86400.0,2234.0
# temp #3285
0.0,2234.0
14890.51379549783,2234.0
14890.51379549783,2883.0
16518.127065757293,2883.0
16518.127065757293,2667.0
25696.468005864885,2667.0
25696.468005864885,2883.0
42677.61513905135,2883.0
42677.61513905135,2667.0
65032.1943558287,2667.0
65032.1943558287,2555.0
76476.18876895869,2555.0
76476.18876895869,2667.0
77428.6409509834,2667.0
77428.6409509834,2883.0
82007.44342238178,2883.0
82007.44342238178,2429.0
86400.0,2429.0
# temp #3286
0.0,2234.0
12159.143118560316,2234.0
12159.143118560316,2429.0
12659.692134079525,2429.0
12659.692134079525,2555.0
14868.466650811026,2555.0
14868.466650811026,2429.0
32554.067096952356,2429.0
32554.067096952356,2555.0
34996.175570553176,2555.0
34996.175570553176,2429.0
61982.18058140484,2429.0
61982.18058140484,2555.0
64979.408247093685,2555.0
64979.408247093685,2429.0
86400.000002,2429.0
# temp #3287
0.0,2234.0
6179.267093678937,2234.0
6179.267093678937,2667.0
43016.251456970356,2667.0
43016.251456970356,2555.0
43447.685782285414,2555.0
43447.685782285414,2667.0
56807.752380310565,2667.0
56807.752380310565,2555.0
59807.752380310565,2555.0
59807.752380310565,2667.0
85907.75238031056,2667.0
85907.75238031056,2883.0
86400.000002,2883.0
# temp #3288
0.0,2234.0
8765.000138687901,2234.0
8765.000138687901,2429.0
9308.308610483073,2429.0
9308.308610483073,2234.0
9976.214291411452,2234.0
9976.214291411452,2429.0
11784.963627741672,2429.0
11784.963627741672,2234.0
15624.345618090592,2234.0
15624.345618090592,2429.0
17073.99081203621,2429.0
17073.99081203621,2555.0
17672.98172644805,2555.0
17672.98172644805,2429.0
17972.98172644805,2429.0
17972.98172644805,2555.0
18272.98172644805,2555.0
18272.98172644805,2429.0
18872.98172644805,2429.0
18872.98172644805,2555.0
21383.342783222906,2555.0
21383.342783222906,2429.0
34409.45635687094,2429.0
34409.45635687094,2883.0
56911.17701050826,2883.0
56911.17701050826,2429.0
81652.83134914936,2429.0
81652.83134914936,2555.0
84125.38934822661,2555.0
84125.38934822661,2429.0
86400.0,2429.0
# temp #3289
0.0,2234.0
3332.265765708871,2234.0
3332.265765708871,2883.0
5027.328648744151,2883.0
5027.328648744151,2667.0
16016.27426161431,2667.0
16016.27426161431,2883.0
16758.64648141433,2883.0
16758.64648141433,2429.0
17282.020382140767,2429.0
17282.020382140767,2555.0
20327.334554912526,2555.0
20327.334554912526,2429.0
66079.32785390876,2429.0
66079.32785390876,2883.0
86400.0,2883.0
# temp #3290
0.0,2234.0
65321.3563691592,2234.0
65321.3563691592,2555.0
86400.0,2555.0
# temp #3291
0.0,2234.0
18915.350654628128,2234.0
18915.350654628128,2555.0
20516.46423835773,2555.0
20516.46423835773,2429.0
22514.2291148426,2429.0
22514.2291148426,2883.0
55664.22054155265,2883.0
55664.22054155265,2429.0
76816.46802504548,2429.0
76816.46802504548,2555.0
86400.000002,2555.0
# temp #3292
0.0,2234.0
17153.03567920346,2234.0
17153.03567920346,2883.0
18585.146072460342,2883.0
18585.146072460342,2667.0
30621.219683415264,2667.0
30621.219683415264,2883.0
50207.279012119405,2883.0
50207.279012119405,2429.0
57231.439191685065,2429.0
57231.439191685065,2555.0
80484.8371909233,2555.0
80484.8371909233,2429.0
86400.000002,2429.0
# temp #3293
0.0,2234.0
30259.04670862947,2234.0
30259.04670862947,2555.0
30799.834142555486,2555.0
30799.834142555486,2429.0
31116.191357304346,2429.0
31116.191357304346,2555.0
51194.33540354949,2555.0
51194.33540354949,2429.0
52496.12171191257,2429.0
52496.12171191257,2555.0
53036.89741117415,2555.0
53036.89741117415,2429.0
53336.89741117415,2429.0
53336.89741117415,2555.0
73736.89741117414,2555.0
73736.89741117414,2429.0
74036.89741117414,2429.0
74036.89741117414,2555.0
74636.89741117414,2555.0
74636.89741117414,2667.0
82375.84616916721,2667.0
82375.84616916721,2555.0
86400.000002,2555.0
# temp #3294
0.0,2234.0
72046.19183975739,2234.0
72046.19183975739,2555.0
74433.29928664026,2555.0
74433.29928664026,2667.0
80733.29928664026,2667.0
80733.29928664026,2555.0
81933.29928664026,2555.0
81933.29928664026,2429.0
86400.000002,2429.0
# temp #3295
0.0,2234.0
2253.9413702907045,2234.0
2253.9413702907045,2667.0
33721.02077656891,2667.0
33721.02077656891,2555.0
34536.34663370904,2555.0
34536.34663370904,2667.0
59980.22098029033,2667.0
59980.22098029033,2555.0
60280.22098029033,2555.0
60280.22098029033,2667.0
61082.29791296181,2667.0
61082.29791296181,2555.0
61682.29791296181,2555.0
61682.29791296181,2667.0
67955.844747182,2667.0
67955.844747182,2555.0
86400.0,2555.0
# temp #3296
0.0,2234.0
5654.679546039552,2234.0
5654.679546039552,2667.0
36980.776104773395,2667.0
36980.776104773395,2555.0
38324.19202679303,2555.0
38324.19202679303,2429.0
42331.38225737494,2429.0
42331.38225737494,2883.0
66283.0249391729,2883.0
66283.0249391729,2429.0
80556.0052246554,2429.0
80556.0052246554,2555.0
85123.80573728589,2555.0
85123.80573728589,2429.0
86400.0,2429.0
# temp #3297
0.0,2234.0
12281.649729888888,2234.0
12281.649729888888,2883.0
12671.504020364957,2883.0
12671.504020364957,2667.0
22230.85226244293,2667.0
22230.85226244293,2883.0
36114.03080415912,2883.0
36114.03080415912,2667.0
60281.41817576253,2667.0
60281.41817576253,2883.0
62957.87681867369,2883.0
62957.87681867369,2667.0
70350.64952883405,2667.0
70350.64952883405,2234.0
71042.47753049714,2234.0
71042.47753049714,2667.0
86400.000002,2667.0
# temp #3298
0.0,2234.0
41969.34493468144,2234.0
41969.34493468144,2429.0
42459.98497540132,2429.0
42459.98497540132,2555.0
42998.815925885,2555.0
42998.815925885,2429.0
54410.473769484095,2429.0
54410.473769484095,2234.0
70839.05020079111,2234.0
70839.05020079111,2429.0
80342.16943744106,2429.0
80342.16943744106,2234.0
86400.0,2234.0
# temp #3299
0.0,2234.0
46791.42440361903,2234.0
46791.42440361903,2555.0
49391.2566646468,2555.0
49391.2566646468,2667.0
49917.02860377264,2667.0
49917.02860377264,2555.0
50217.02860377264,2555.0
50217.02860377264,2667.0
76917.02860377263,2667.0
76917.02860377263,2555.0
86400.000002,2555.0
# temp #3300
0.0,2234.0
11941.285115573557,2234.0
11941.285115573557,2555.0
36502.60791261681,2555.0
36502.60791261681,2429.0
37025.141938473105,2429.0
37025.141938473105,2555.0
38538.231107709005,2555.0
38538.231107709005,2429.0
39327.21266490408,2429.0
39327.21266490408,2234.0
58850.65382109025,2234.0
58850.65382109025,2667.0
61834.36535708608,2667.0
61834.36535708608,2234.0
79672.36358548982,2234.0
79672.36358548982,2429.0
86400.0,2429.0
# temp #3301
0.0,2234.0
16085.370741086082,2234.0
16085.370741086082,2017.0
38129.03709984385,2017.0
38129.03709984385,2234.0
68765.50821173006,2234.0
68765.50821173006,2017.0
86400.0,2017.0
# temp #3302
0.0,2234.0
5481.2619384611035,2234.0
5481.2619384611035,2667.0
40145.445628138266,2667.0
40145.445628138266,2555.0
41629.0147909429,2555.0
41629.0147909429,2667.0
58575.1126559917,2667.0
58575.1126559917,2555.0
58875.1126559917,2555.0
58875.1126559917,2667.0
59175.1126559917,2667.0
59175.1126559917,2555.0
62475.1126559917,2555.0
62475.1126559917,2667.0
86400.000002,2667.0
# temp #3303
0.0,2234.0
72529.12197725383,2234.0
72529.12197725383,2555.0
86400.000002,2555.0
# temp #3304
0.0,2234.0
82366.39913592955,2234.0
82366.39913592955,2555.0
86400.000002,2555.0
# temp #3305
0.0,2234.0
3465.120393969119,2234.0
3465.120393969119,2883.0
4357.278383709491,2883.0
4357.278383709491,2667.0
8577.62983054854,2667.0
8577.62983054854,2883.0
19416.688876273114,2883.0
19416.688876273114,2667.0
60134.4904380385,2667.0
60134.4904380385,2883.0
79258.2638535183,2883.0
79258.2638535183,2429.0
86400.0,2429.0
# temp #3306
0.0,2234.0
35922.38041413949,2234.0
35922.38041413949,2017.0
59684.047843795284,2017.0
59684.047843795284,2234.0
74759.2532769777,2234.0
74759.2532769777,2017.0
86400.000002,2017.0
# temp #3307
0.0,2234.0
25520.003546867523,2234.0
25520.003546867523,2429.0
32420.003546867523,2429.0
32420.003546867523,2555.0
34220.00354686752,2555.0
34220.00354686752,2429.0
47120.00354686752,2429.0
47120.00354686752,2234.0
47420.00354686752,2234.0
47420.00354686752,2017.0
47720.00354686752,2017.0
47720.00354686752,2234.0
48020.00354686752,2234.0
48020.00354686752,2017.0
52449.32674197481,2017.0
52449.32674197481,2234.0
57740.06439093501,2234.0
57740.06439093501,2429.0
86400.0,2429.0
# temp #3308
0.0,2234.0
16506.00081123412,2234.0
16506.00081123412,2555.0
39227.51781502739,2555.0
39227.51781502739,2429.0
39749.88147409168,2429.0
39749.88147409168,2555.0
64107.225150335595,2555.0
64107.225150335595,2429.0
64816.989120561644,2429.0
64816.989120561644,2555.0
66160.69544199856,2555.0
66160.69544199856,2429.0
66460.69544199856,2429.0
66460.69544199856,2555.0
86400.000002,2555.0
# temp #3309
0.0,2234.0
6913.237257418224,2234.0
6913.237257418224,2555.0
9397.919175680729,2555.0
9397.919175680729,2667.0
15697.919175680729,2667.0
15697.919175680729,2555.0
16897.919175680727,2555.0
16897.919175680727,2429.0
60097.91917568073,2429.0
60097.91917568073,2234.0
62439.88159310538,2234.0
62439.88159310538,2429.0
86400.0,2429.0
# temp #3310
0.0,2234.0
17151.540905353617,2234.0
17151.540905353617,2429.0
49251.54090535361,2429.0
49251.54090535361,2555.0
49551.54090535361,2555.0
49551.54090535361,2667.0
71849.33529007249,2667.0
71849.33529007249,2555.0
86400.0,2555.0
# temp #3311
0.0,2234.0
3373.7004011403774,2234.0
3373.7004011403774,2667.0
27357.194077991884,2667.0
27357.194077991884,2555.0
27986.7300252663,2555.0
27986.7300252663,2667.0
40265.95800400247,2667.0
40265.95800400247,2555.0
43265.95800400247,2555.0
43265.95800400247,2667.0
69365.95800400246,2667.0
69365.95800400246,2883.0
86400.0,2883.0
# temp #3312
0.0,2234.0
27794.069131859582,2234.0
27794.069131859582,2555.0
47227.30511797127,2555.0
47227.30511797127,2429.0
47592.07031400875,2429.0
47592.07031400875,2555.0
65380.85127999076,2555.0
65380.85127999076,2429.0
66175.04616596272,2429.0
66175.04616596272,2234.0
86400.0,2234.0
# temp #3313
0.0,2234.0
6330.106521444396,2234.0
6330.106521444396,2667.0
14650.505783013068,2667.0
14650.505783013068,2555.0
15124.949311441742,2555.0
15124.949311441742,2667.0
29682.955003087412,2667.0
29682.955003087412,2555.0
30282.955003087412,2555.0
30282.955003087412,2667.0
44141.193951736204,2667.0
44141.193951736204,2555.0
46539.86597105396,2555.0
46539.86597105396,2429.0
57510.00753426925,2429.0
57510.00753426925,2234.0
74867.60307876393,2234.0
74867.60307876393,2429.0
86400.000002,2429.0
# temp #3314
0.0,2234.0
78852.28240806611,2234.0
78852.28240806611,2555.0
86400.000002,2555.0
# temp #3315
0.0,2234.0
4649.792934511789,2234.0
4649.792934511789,2667.0
51418.242367682986,2667.0
51418.242367682986,2555.0
52868.493404472254,2555.0
52868.493404472254,2667.0
57951.164327887825,2667.0
57951.164327887825,2555.0
58551.164327887825,2555.0
58551.164327887825,2667.0
72289.02281695046,2667.0
72289.02281695046,2555.0
75591.47892021576,2555.0
75591.47892021576,2429.0
86400.0,2429.0
# temp #3316
0.0,2234.0
1585.5154984630647,2234.0
1585.5154984630647,2555.0
2315.509880008176,2555.0
2315.509880008176,2667.0
2706.6600176040083,2667.0
2706.6600176040083,2555.0
3006.6600176040083,2555.0
3006.6600176040083,2667.0
6606.660017604008,2667.0
6606.660017604008,2555.0
8106.660017604008,2555.0
8106.660017604008,2429.0
21222.50826617237,2429.0
21222.50826617237,2234.0
28431.956305168573,2234.0
28431.956305168573,2429.0
72660.45530699195,2429.0
72660.45530699195,2883.0
85015.0286360644,2883.0
85015.0286360644,2667.0
86400.0,2667.0
# temp #3317
0.0,2234.0
5201.982060866431,2234.0
5201.982060866431,2555.0
38261.17686918006,2555.0
38261.17686918006,2429.0
67520.19326677547,2429.0
67520.19326677547,2234.0
77047.58533278947,2234.0
77047.58533278947,2429.0
79327.5768900756,2429.0
79327.5768900756,2234.0
86400.000002,2234.0
# temp #3318
0.0,2234.0
2505.960314883851,2234.0
2505.960314883851,2667.0
30773.452209681276,2667.0
30773.452209681276,2555.0
31757.83809497953,2555.0
31757.83809497953,2667.0
65971.15178906826,2667.0
65971.15178906826,2555.0
66571.15178906826,2555.0
66571.15178906826,2667.0
81518.03636800034,2667.0
81518.03636800034,2555.0
86281.47851626856,2555.0
86281.47851626856,2429.0
86400.0,2429.0
# temp #3319
0.0,2234.0
31156.501410319474,2234.0
31156.501410319474,2429.0
31641.557225701403,2429.0
31641.557225701403,2234.0
32318.812663131397,2234.0
32318.812663131397,2429.0
34517.80514025595,2429.0
34517.80514025595,2234.0
57887.70910603926,2234.0
57887.70910603926,2429.0
58794.20769328718,2429.0
58794.20769328718,2234.0
66904.22889241019,2234.0
66904.22889241019,2429.0
72196.17122460624,2429.0
72196.17122460624,2555.0
86400.000002,2555.0
# temp #3320
0.0,2234.0
17445.941185718406,2234.0
17445.941185718406,2555.0
19258.18763491698,2555.0
19258.18763491698,2667.0
25558.18763491698,2667.0
25558.18763491698,2555.0
26758.18763491698,2555.0
26758.18763491698,2429.0
69958.18763491698,2429.0
69958.18763491698,2234.0
86400.000002,2234.0
# temp #3321
0.0,2234.0
82116.33766049055,2234.0
82116.33766049055,2883.0
84516.33766049055,2883.0
84516.33766049055,2667.0
86400.000002,2667.0
# temp #3322
0.0,2234.0
1883.0679142149168,2234.0
1883.0679142149168,2667.0
18857.696987525564,2667.0
18857.696987525564,2555.0
20325.947712664496,2555.0
20325.947712664496,2667.0
47976.05083195959,2667.0
47976.05083195959,2555.0
48276.05083195959,2555.0
48276.05083195959,2667.0
49086.74186160789,2667.0
49086.74186160789,2555.0
49686.74186160789,2555.0
49686.74186160789,2667.0
86400.000002,2667.0
# temp #3323
0.0,2234.0
8050.095692323522,2234.0
8050.095692323522,2017.0
47044.81415986084,2017.0
47044.81415986084,2234.0
70856.65807644838,2234.0
70856.65807644838,2017.0
85517.68307061867,2017.0
85517.68307061867,2234.0
86400.0,2234.0
# temp #3324
0.0,2234.0
2855.7900049025193,2234.0
2855.7900049025193,2883.0
13955.79000490252,2883.0
13955.79000490252,2555.0
24968.395395437256,2555.0
24968.395395437256,2883.0
40876.26679292881,2883.0
40876.26679292881,2667.0
49576.99314986822,2667.0
49576.99314986822,2555.0
59174.59766005632,2555.0
59174.59766005632,2667.0
67019.09836975393,2667.0
67019.09836975393,2234.0
86400.0,2234.0
# temp #3325
0.0,2234.0
8110.451283585282,2234.0
8110.451283585282,2883.0
9274.046732950957,2883.0
9274.046732950957,2667.0
12577.741287974643,2667.0
12577.741287974643,2883.0
33151.68700874784,2883.0
33151.68700874784,2667.0
72055.37756918931,2667.0
72055.37756918931,2883.0
73804.84988582322,2883.0
73804.84988582322,2667.0
86400.0,2667.0
# temp #3326
0.0,2234.0
16116.025590989742,2234.0
16116.025590989742,2883.0
17487.604086776268,2883.0
17487.604086776268,2667.0
28689.172866730958,2667.0
28689.172866730958,2883.0
49902.3903020192,2883.0
49902.3903020192,2429.0
57089.6405608859,2429.0
57089.6405608859,2555.0
70893.56867889875,2555.0
70893.56867889875,2667.0
86400.000002,2667.0
# temp #3327
0.0,2234.0
22824.21613025945,2234.0
22824.21613025945,2555.0
36470.411211973995,2555.0
36470.411211973995,2429.0
36958.2555953879,2429.0
36958.2555953879,2555.0
43390.08489071858,2555.0
43390.08489071858,2429.0
43705.5073341122,2429.0
43705.5073341122,2555.0
44897.82073467505,2555.0
44897.82073467505,2429.0
45197.82073467505,2429.0
45197.82073467505,2555.0
65597.82073467504,2555.0
65597.82073467504,2429.0
65897.82073467504,2429.0
65897.82073467504,2555.0
66497.82073467504,2555.0
66497.82073467504,2667.0
86400.000002,2667.0
# temp #3328
0.0,2234.0
18581.45405058749,2234.0
18581.45405058749,2429.0
18934.691749094054,2429.0
18934.691749094054,2234.0
19613.06358296424,2234.0
19613.06358296424,2429.0
21897.76729303412,2429.0
21897.76729303412,2234.0
24925.13267090544,2234.0
24925.13267090544,2429.0
25648.805624758825,2429.0
25648.805624758825,2234.0
36273.988525243476,2234.0
36273.988525243476,2667.0
41652.94587013777,2667.0
41652.94587013777,2555.0
47415.76708329376,2555.0
47415.76708329376,2667.0
51056.12609863748,2667.0
51056.12609863748,2234.0
73300.70426571183,2234.0
73300.70426571183,2429.0
86400.0,2429.0
# temp #3329
0.0,2234.0
34557.862059725456,2234.0
34557.862059725456,2555.0
72317.38203833812,2555.0
72317.38203833812,2429.0
72657.99702841324,2429.0
72657.99702841324,2555.0
86400.000002,2555.0
# temp #3330
0.0,2234.0
20746.664615976628,2234.0
20746.664615976628,2555.0
33191.38100871351,2555.0
33191.38100871351,2429.0
33546.158181759536,2429.0
33546.158181759536,2555.0
34676.58550268971,2555.0
34676.58550268971,2429.0
36060.17529903912,2429.0
36060.17529903912,2555.0
36939.97615710833,2555.0
36939.97615710833,2429.0
37239.97615710833,2429.0
37239.97615710833,2555.0
57639.97615710833,2555.0
57639.97615710833,2429.0
57939.97615710833,2429.0
57939.97615710833,2555.0
58539.97615710833,2555.0
58539.97615710833,2667.0
86400.0,2667.0
# temp #3331
0.0,2234.0
40943.079051515095,2234.0
40943.079051515095,2555.0
57858.531096624225,2555.0
57858.531096624225,2429.0
58159.829877829194,2429.0
58159.829877829194,2555.0
70503.70722999798,2555.0
70503.70722999798,2429.0
70988.93091771753,2429.0
70988.93091771753,2555.0
72176.55490664767,2555.0
72176.55490664767,2429.0
86400.000002,2429.0
# temp #3332
0.0,2234.0
53947.99689862412,2234.0
53947.99689862412,2555.0
77322.92966314127,2555.0
77322.92966314127,2429.0
86400.0,2429.0
# temp #3333
0.0,2234.0
4436.318994336762,2234.0
4436.318994336762,2667.0
52500.70184455254,2667.0
52500.70184455254,2555.0
53640.5767641496,2555.0
53640.5767641496,2667.0
85335.73445957155,2667.0
85335.73445957155,2555.0
85935.73445957155,2555.0
85935.73445957155,2667.0
86400.0,2667.0
# temp #3334
0.0,2234.0
49739.41585225985,2234.0
49739.41585225985,2555.0
76758.4498926066,2555.0
76758.4498926066,2429.0
84813.8115017675,2429.0
84813.8115017675,2234.0
85413.8115017675,2234.0
85413.8115017675,2429.0
86400.0,2429.0
# temp #3335
0.0,2234.0
65123.97778169253,2234.0
65123.97778169253,2883.0
67523.97778169252,2883.0
67523.97778169252,2667.0
82670.27612461244,2667.0
82670.27612461244,2555.0
86400.000002,2555.0
# temp #3336
0.0,2234.0
6778.587882989088,2234.0
6778.587882989088,2667.0
38374.438182497404,2667.0
38374.438182497404,2555.0
39564.61317264476,2555.0
39564.61317264476,2667.0
77318.8985573128,2667.0
77318.8985573128,2555.0
77618.8985573128,2555.0
77618.8985573128,2429.0
86400.0,2429.0
# temp #3337
0.0,2234.0
50920.8088305546,2234.0
50920.8088305546,2883.0
53320.8088305546,2883.0
53320.8088305546,2667.0
64863.61751079094,2667.0
64863.61751079094,2555.0
73985.34535579383,2555.0
73985.34535579383,2883.0
83864.24935581163,2883.0
83864.24935581163,2667.0
86400.000002,2667.0
# temp #3338
0.0,2234.0
1881.2427977565678,2234.0
1881.2427977565678,2667.0
17439.03233462479,2667.0
17439.03233462479,2555.0
18651.17021359038,2555.0
18651.17021359038,2667.0
43325.582375912934,2667.0
43325.582375912934,2555.0
43625.582375912934,2555.0
43625.582375912934,2429.0
46288.23403087445,2429.0
46288.23403087445,2555.0
65021.23546474615,2555.0
65021.23546474615,2667.0
71522.1859751735,2667.0
71522.1859751735,2883.0
72537.0342874434,2883.0
72537.0342874434,2667.0
83278.96006407683,2667.0
83278.96006407683,2555.0
86400.0,2555.0
# temp #3339
0.0,2234.0
40604.18091730681,2234.0
40604.18091730681,2429.0
40942.03608899844,2429.0
40942.03608899844,2555.0
44729.36106144917,2555.0
44729.36106144917,2429.0
69539.95945591015,2429.0
69539.95945591015,2883.0
86400.0,2883.0
# temp #3340
0.0,2234.0
53578.46924469341,2234.0
53578.46924469341,2429.0
85678.4692446934,2429.0
85678.4692446934,2555.0
85978.4692446934,2555.0
85978.4692446934,2667.0
86400.000002,2667.0
# temp #3341
0.0,2234.0
17257.24347699434,2234.0
17257.24347699434,2883.0
18164.483468304392,2883.0
18164.483468304392,2667.0
24066.09763260931,2667.0
24066.09763260931,2883.0
32805.94869051129,2883.0
32805.94869051129,2667.0
64959.64942267166,2667.0
64959.64942267166,2883.0
84102.37437319012,2883.0
84102.37437319012,2667.0
86400.0,2667.0
# temp #3342
0.0,2234.0
68517.63533097692,2234.0
68517.63533097692,2555.0
68827.87277586758,2555.0
68827.87277586758,2234.0
86400.000002,2234.0
# temp #3343
0.0,2234.0
66068.34758317564,2234.0
66068.34758317564,2555.0
77857.10855803918,2555.0
77857.10855803918,2234.0
86400.0,2234.0
# temp #3344
0.0,2234.0
21241.589813120667,2234.0
21241.589813120667,2017.0
29705.89432055131,2017.0
29705.89432055131,2234.0
62329.0892017074,2234.0
62329.0892017074,2017.0
86400.0,2017.0
# temp #3345
0.0,2234.0
30591.981664951894,2234.0
30591.981664951894,2429.0
31112.29392983951,2429.0
31112.29392983951,2555.0
34170.84616706707,2555.0
34170.84616706707,2429.0
73989.9823239539,2429.0
73989.9823239539,2883.0
85929.81609483251,2883.0
85929.81609483251,2429.0
86400.000002,2429.0
# temp #3346
0.0,2234.0
69941.4387044264,2234.0
69941.4387044264,2555.0
86400.0,2555.0
# temp #3347
0.0,2234.0
6693.667791970075,2234.0
6693.667791970075,2883.0
17793.667791970074,2883.0
17793.667791970074,2555.0
47020.66136947834,2555.0
47020.66136947834,2429.0
77543.94031525591,2429.0
77543.94031525591,2883.0
79194.81078505052,2883.0
79194.81078505052,2429.0
86400.000002,2429.0
# temp #3348
0.0,2234.0
69314.98910179363,2234.0
69314.98910179363,2555.0
70900.18980544993,2555.0
70900.18980544993,2429.0
84186.84240323493,2429.0
84186.84240323493,2234.0
84486.84240323493,2234.0
84486.84240323493,2017.0
86400.000002,2017.0
# temp #3349
0.0,2234.0
42446.85128401034,2234.0
42446.85128401034,2017.0
73410.16724375078,2017.0
73410.16724375078,2234.0
86400.0,2234.0
# temp #3350
0.0,2234.0
9912.159526557663,2234.0
9912.159526557663,2555.0
11363.145000441002,2555.0
11363.145000441002,2667.0
11932.91379294824,2667.0
11932.91379294824,2555.0
17932.91379294824,2555.0
17932.91379294824,2429.0
20332.91379294824,2429.0
20332.91379294824,2234.0
23932.91379294824,2234.0
23932.91379294824,2429.0
25132.91379294824,2429.0
25132.91379294824,2234.0
30832.91379294824,2234.0
30832.91379294824,2429.0
61426.45877127071,2429.0
61426.45877127071,2555.0
86400.0,2555.0
# temp #3351
0.0,2234.0
34081.91502022092,2234.0
34081.91502022092,2429.0
34498.66203276907,2429.0
34498.66203276907,2555.0
38495.07077804302,2555.0
38495.07077804302,2429.0
70058.59727477656,2429.0
70058.59727477656,2555.0
74273.26588095167,2555.0
74273.26588095167,2429.0
86400.000002,2429.0
# temp #3352
0.0,2234.0
43274.73155278713,2234.0
43274.73155278713,2429.0
43602.9052392114,2429.0
43602.9052392114,2555.0
47108.91962503084,2555.0
47108.91962503084,2429.0
66651.87793553343,2429.0
66651.87793553343,2555.0
74299.16516023224,2555.0
74299.16516023224,2429.0
86400.000002,2429.0
# temp #3353
0.0,2234.0
45226.66322153528,2234.0
45226.66322153528,2429.0
45794.64103742503,2429.0
45794.64103742503,2555.0
46104.33332039975,2555.0
46104.33332039975,2429.0
63476.936299446985,2429.0
63476.936299446985,2555.0
66372.8381964611,2555.0
66372.8381964611,2429.0
81722.26494059434,2429.0
81722.26494059434,2555.0
84980.19120118117,2555.0
84980.19120118117,2667.0
86400.000002,2667.0
# temp #3354
0.0,2234.0
80145.41090482382,2234.0
80145.41090482382,2555.0
86400.0,2555.0
# temp #3355
0.0,2234.0
5074.912174791099,2234.0
5074.912174791099,2883.0
6708.350686146879,2883.0
6708.350686146879,2667.0
12407.55886011757,2667.0
12407.55886011757,2883.0
28008.44157650136,2883.0
28008.44157650136,2667.0
41472.707234043635,2667.0
41472.707234043635,2234.0
53804.03451633175,2234.0
53804.03451633175,2429.0
71522.7925544372,2429.0
71522.7925544372,2234.0
86400.000002,2234.0
# temp #3356
0.0,2234.0
2138.601372786798,2234.0
2138.601372786798,2667.0
3257.9903347184886,2667.0
3257.9903347184886,2555.0
4738.138202740812,2555.0
4738.138202740812,2667.0
30375.661554001275,2667.0
30375.661554001275,2555.0
30675.661554001275,2555.0
30675.661554001275,2429.0
47487.8709622426,2429.0
47487.8709622426,2555.0
55341.245818021715,2555.0
55341.245818021715,2429.0
61189.521152665846,2429.0
61189.521152665846,2555.0
77632.2452904191,2555.0
77632.2452904191,2667.0
77668.01202425269,2667.0
77668.01202425269,2555.0
86400.000002,2555.0
# temp #3357
0.0,2234.0
8783.333625714296,2234.0
8783.333625714296,2883.0
9267.968720896171,2883.0
9267.968720896171,2667.0
13528.619525930846,2667.0
13528.619525930846,2883.0
31902.522934111774,2883.0
31902.522934111774,2667.0
36688.54509517551,2667.0
36688.54509517551,2555.0
54313.70841348545,2555.0
54313.70841348545,2429.0
75382.12794000284,2429.0
75382.12794000284,2883.0
86400.000002,2883.0
# temp #3358
0.0,2234.0
14778.34943183698,2234.0
14778.34943183698,2555.0
16132.341247424485,2555.0
16132.341247424485,2667.0
26032.341247424483,2667.0
26032.341247424483,2555.0
27266.191736608747,2555.0
27266.191736608747,2429.0
29959.800088964406,2429.0
29959.800088964406,2883.0
57952.65812007712,2883.0
57952.65812007712,2429.0
86400.000002,2429.0
# temp #3359
0.0,2234.0
36700.58549910319,2234.0
36700.58549910319,2429.0
37273.92882860732,2429.0
37273.92882860732,2555.0
39595.78505947721,2555.0
39595.78505947721,2429.0
76107.85303737504,2429.0
76107.85303737504,2555.0
86400.0,2555.0
# temp #3360
0.0,2234.0
15517.609703494238,2234.0
15517.609703494238,2555.0
15984.494140790777,2555.0
15984.494140790777,2667.0
16391.939498833384,2667.0
16391.939498833384,2555.0
16691.939498833384,2555.0
16691.939498833384,2667.0
20291.93949883338,2667.0
20291.93949883338,2555.0
21791.93949883338,2555.0
21791.93949883338,2429.0
38092.78739641887,2429.0
38092.78739641887,2234.0
56962.80317015481,2234.0
56962.80317015481,2667.0
78732.37503517886,2667.0
78732.37503517886,2555.0
83111.53841412162,2555.0
83111.53841412162,2667.0
86400.000002,2667.0
# temp #3361
0.0,2234.0
7004.982942435891,2234.0
7004.982942435891,2883.0
18104.98294243589,2883.0
18104.98294243589,2555.0
31193.868626095355,2555.0
31193.868626095355,2667.0
45943.53140797467,2667.0
45943.53140797467,2555.0
48641.31604554132,2555.0
48641.31604554132,2667.0
63049.60340510589,2667.0
63049.60340510589,2234.0
76058.88444331942,2234.0
76058.88444331942,2667.0
86400.000002,2667.0
# temp #3362
0.0,2234.0
62108.01860655192,2234.0
62108.01860655192,2555.0
77699.51575838495,2555.0
77699.51575838495,2234.0
86400.0,2234.0
# temp #3363
0.0,2234.0
8472.633504238913,2234.0
8472.633504238913,2555.0
22766.10436511692,2555.0
22766.10436511692,2429.0
67684.93694958744,2429.0
67684.93694958744,2234.0
75237.59003437591,2234.0
75237.59003437591,2429.0
86400.000002,2429.0
# temp #3364
0.0,2234.0
16270.157608296726,2234.0
16270.157608296726,2555.0
28382.987712090842,2555.0
28382.987712090842,2429.0
28829.275996238,2429.0
28829.275996238,2555.0
37664.10439924803,2555.0
37664.10439924803,2429.0
38024.438485130675,2429.0
38024.438485130675,2234.0
54607.615376450136,2234.0
54607.615376450136,2429.0
64814.77099873593,2429.0
64814.77099873593,2555.0
79672.66902888661,2555.0
79672.66902888661,2667.0
86400.000002,2667.0
# temp #3365
0.0,2234.0
18107.413944974545,2234.0
18107.413944974545,2883.0
19863.834631419744,2883.0
19863.834631419744,2667.0
22259.349741367627,2667.0
22259.349741367627,2883.0
26411.062658764426,2883.0
26411.062658764426,2429.0
42431.32941643708,2429.0
42431.32941643708,2555.0
61653.078309050776,2555.0
61653.078309050776,2429.0
74928.70844656137,2429.0
74928.70844656137,2234.0
86400.000002,2234.0
# temp #3366
0.0,2234.0
56549.61098630448,2234.0
56549.61098630448,2555.0
61643.7215197133,2555.0
61643.7215197133,2667.0
71543.72151971329,2667.0
71543.72151971329,2555.0
73428.5291600274,2555.0
73428.5291600274,2429.0
86400.0,2429.0
# temp #3367
0.0,2234.0
39164.95536253788,2234.0
39164.95536253788,2017.0
73637.90525780061,2017.0
73637.90525780061,2234.0
79337.90525780061,2234.0
79337.90525780061,2429.0
86400.000002,2429.0
# temp #3368
0.0,2234.0
22581.8590215873,2234.0
22581.8590215873,2555.0
23755.935002909977,2555.0
23755.935002909977,2429.0
35586.54061337002,2429.0
35586.54061337002,2234.0
36186.54061337002,2234.0
36186.54061337002,2429.0
54486.54061337002,2429.0
54486.54061337002,2555.0
55986.54061337002,2555.0
55986.54061337002,2429.0
65605.03455321306,2429.0
65605.03455321306,2234.0
71986.40295336956,2234.0
71986.40295336956,2667.0
86400.000002,2667.0
# temp #3369
0.0,2234.0
15305.566129926594,2234.0
15305.566129926594,2017.0
15979.586189752446,2017.0
15979.586189752446,2234.0
51935.145941236995,2234.0
51935.145941236995,2017.0
65617.94928750025,2017.0
65617.94928750025,2234.0
86400.0,2234.0
# temp #3370
0.0,2234.0
4208.527375780977,2234.0
4208.527375780977,2555.0
19447.110566566702,2555.0
19447.110566566702,2429.0
19868.119578994814,2429.0
19868.119578994814,2555.0
31349.281091569,2555.0
31349.281091569,2429.0
31770.86677914486,2429.0
31770.86677914486,2234.0
50668.83503941354,2234.0
50668.83503941354,2429.0
57303.0926844338,2429.0
57303.0926844338,2555.0
72210.79182077666,2555.0
72210.79182077666,2667.0
73595.97759777681,2667.0
73595.97759777681,2555.0
78097.236419376,2555.0
78097.236419376,2667.0
86400.0,2667.0
# temp #3371
0.0,2234.0
26446.84967079666,2234.0
26446.84967079666,2429.0
26999.734547431584,2429.0
26999.734547431584,2555.0
29820.004920358773,2555.0
29820.004920358773,2429.0
31606.47554942407,2429.0
31606.47554942407,2555.0
46115.49657792785,2555.0
46115.49657792785,2667.0
68502.49200055843,2667.0
68502.49200055843,2555.0
79515.85907398259,2555.0
79515.85907398259,2667.0
83463.29573937693,2667.0
83463.29573937693,2234.0
86400.0,2234.0
# temp #3372
0.0,2234.0
27845.95286403783,2234.0
27845.95286403783,2429.0
28205.80739937723,2429.0
28205.80739937723,2555.0
30714.665492624048,2555.0
30714.665492624048,2429.0
50119.05705146492,2429.0
50119.05705146492,2883.0
51889.27065110766,2883.0
51889.27065110766,2429.0
67957.15342112818,2429.0
67957.15342112818,2883.0
75519.03335074896,2883.0
75519.03335074896,2667.0
86400.0,2667.0
# temp #3373
0.0,2234.0
18103.273934754547,2234.0
18103.273934754547,2883.0
18733.244704920802,2883.0
18733.244704920802,2667.0
27859.279938018884,2667.0
27859.279938018884,2883.0
40747.26392982994,2883.0
40747.26392982994,2429.0
53903.638285584755,2429.0
53903.638285584755,2555.0
65014.42401856185,2555.0
65014.42401856185,2667.0
81663.96690336987,2667.0
81663.96690336987,2234.0
86400.000002,2234.0
# temp #3374
0.0,2234.0
30134.866261202842,2234.0
30134.866261202842,2555.0
65165.069264103666,2555.0
65165.069264103666,2429.0
86400.0,2429.0
# temp #3375
0.0,2234.0
2014.596329117194,2234.0
2014.596329117194,2667.0
14197.554232436234,2667.0
14197.554232436234,2555.0
15664.063144731337,2555.0
15664.063144731337,2429.0
21138.240140327256,2429.0
21138.240140327256,2555.0
25990.307385683995,2555.0
25990.307385683995,2667.0
31592.528279079128,2667.0
31592.528279079128,2555.0
65026.11857755111,2555.0
65026.11857755111,2429.0
79759.64448053857,2429.0
79759.64448053857,2555.0
86400.0,2555.0
# temp #3376
0.0,2234.0
9476.972142071463,2234.0
9476.972142071463,2429.0
9975.078054936603,2429.0
9975.078054936603,2234.0
10794.190554111265,2234.0
10794.190554111265,2429.0
13847.657359507866,2429.0
13847.657359507866,2234.0
33401.45666382741,2234.0
33401.45666382741,2429.0
34891.62752700505,2429.0
34891.62752700505,2555.0
36238.807607512,2555.0
36238.807607512,2429.0
36538.807607512,2429.0
36538.807607512,2555.0
38038.807607512,2555.0
38038.807607512,2429.0
48238.80760751199,2429.0
48238.80760751199,2234.0
86400.000002,2234.0
# temp #3377
0.0,2234.0
4973.071652138607,2234.0
4973.071652138607,2667.0
25766.223221342083,2667.0
25766.223221342083,2555.0
26814.089744235393,2555.0
26814.089744235393,2667.0
33615.02908954863,2667.0
33615.02908954863,2555.0
34215.02908954863,2555.0
34215.02908954863,2667.0
52306.95100429002,2667.0
52306.95100429002,2555.0
54238.34568487947,2555.0
54238.34568487947,2429.0
68724.1513966117,2429.0
68724.1513966117,2555.0
73499.14070419037,2555.0
73499.14070419037,2667.0
74004.22551648227,2667.0
74004.22551648227,2555.0
86400.0,2555.0
# temp #3378
0.0,2234.0
2369.3480873946105,2234.0
2369.3480873946105,2429.0
2733.156107109972,2429.0
2733.156107109972,2555.0
6285.551320505329,2555.0
6285.551320505329,2429.0
22676.58653848339,2429.0
22676.58653848339,2883.0
40979.95460622478,2883.0
40979.95460622478,2429.0
63102.32673925348,2429.0
63102.32673925348,2555.0
86400.000002,2555.0
# temp #3379
0.0,2234.0
22636.643889080737,2234.0
22636.643889080737,2429.0
23206.11460679211,2429.0
23206.11460679211,2555.0
24172.089581424374,2555.0
24172.089581424374,2429.0
43274.57098381129,2429.0
43274.57098381129,2234.0
51766.77375643049,2234.0
51766.77375643049,2429.0
86400.0,2429.0
# temp #3380
0.0,2234.0
30949.10876678769,2234.0
30949.10876678769,2429.0
31249.10876678769,2429.0
31249.10876678769,2234.0
39700.59477549513,2234.0
39700.59477549513,2667.0
67098.46584743354,2667.0
67098.46584743354,2555.0
86400.000002,2555.0
# temp #3381
0.0,2234.0
4570.621151360684,2234.0
4570.621151360684,2667.0
35923.743391782045,2667.0
35923.743391782045,2555.0
37159.85257197172,2555.0
37159.85257197172,2667.0
72751.07409814374,2667.0
72751.07409814374,2555.0
73351.07409814374,2555.0
73351.07409814374,2667.0
86400.0,2667.0
# temp #3382
0.0,2234.0
2605.305896443315,2234.0
2605.305896443315,2883.0
4129.643853544258,2883.0
4129.643853544258,2667.0
9876.224396028556,2667.0
9876.224396028556,2883.0
21136.027592536997,2883.0
21136.027592536997,2667.0
37458.72013166082,2667.0
37458.72013166082,2234.0
43035.68211318926,2234.0
43035.68211318926,2429.0
71109.61712545251,2429.0
71109.61712545251,2555.0
86400.0,2555.0
# temp #3383
0.0,2234.0
76767.49915864786,2234.0
76767.49915864786,2555.0
77508.12014490367,2555.0
77508.12014490367,2234.0
86400.0,2234.0
# temp #3384
0.0,2234.0
4059.8444257630044,2234.0
4059.8444257630044,2667.0
8225.908774486743,2667.0
8225.908774486743,2555.0
9655.612309626305,2555.0
9655.612309626305,2429.0
34412.57224890869,2429.0
34412.57224890869,2555.0
43166.9390219031,2555.0
43166.9390219031,2667.0
65687.23094856832,2667.0
65687.23094856832,2555.0
85314.3085923046,2555.0
85314.3085923046,2429.0
86400.000002,2429.0
# temp #3385
0.0,2234.0
16523.85560825933,2234.0
16523.85560825933,2883.0
17492.502791248266,2883.0
17492.502791248266,2667.0
29621.870776265867,2667.0
29621.870776265867,2883.0
61040.13157014271,2883.0
61040.13157014271,2429.0
86400.0,2429.0
# temp #3386
0.0,2234.0
18166.444166796286,2234.0
18166.444166796286,2555.0
25608.536532567818,2555.0
25608.536532567818,2429.0
26113.35223973729,2429.0
26113.35223973729,2555.0
42368.17477508449,2555.0
42368.17477508449,2429.0
43812.37549851649,2429.0
43812.37549851649,2555.0
44136.111220764,2555.0
44136.111220764,2429.0
86400.000002,2429.0
# temp #3387
0.0,2234.0
37003.86350189802,2234.0
37003.86350189802,2555.0
44771.189886401415,2555.0
44771.189886401415,2429.0
45176.06751322747,2429.0
45176.06751322747,2555.0
64608.97831928452,2555.0
64608.97831928452,2429.0
65243.603934813305,2429.0
65243.603934813305,2234.0
77480.03371367232,2234.0
77480.03371367232,2667.0
86400.000002,2667.0
# temp #3388
0.0,2234.0
57811.31816895214,2234.0
57811.31816895214,2429.0
58201.25719439239,2429.0
58201.25719439239,2555.0
59712.43076417596,2555.0
59712.43076417596,2429.0
63699.01042550337,2429.0
63699.01042550337,2555.0
77038.40197061656,2555.0
77038.40197061656,2667.0
86400.000002,2667.0
# temp #3389
0.0,2234.0
2146.548873768188,2234.0
2146.548873768188,2555.0
30693.04859542754,2555.0
30693.04859542754,2429.0
56216.46048703697,2429.0
56216.46048703697,2234.0
64026.06710353867,2234.0
64026.06710353867,2429.0
73177.05863483717,2429.0
73177.05863483717,2234.0
86400.000002,2234.0
# temp #3390
0.0,2234.0
9808.311960613357,2234.0
9808.311960613357,2883.0
10489.907591510566,2883.0
10489.907591510566,2667.0
20699.452010658573,2667.0
20699.452010658573,2883.0
50306.625254242696,2883.0
50306.625254242696,2429.0
64537.80839487446,2429.0
64537.80839487446,2555.0
86400.000002,2555.0
# temp #3391
0.0,2234.0
2448.042841698043,2234.0
2448.042841698043,2883.0
13548.042841698043,2883.0
13548.042841698043,2555.0
35607.97007277142,2555.0
35607.97007277142,2429.0
44286.662486381836,2429.0
44286.662486381836,2555.0
55523.07892581449,2555.0
55523.07892581449,2667.0
86400.000002,2667.0
# temp #3392
0.0,2234.0
37795.74180466589,2234.0
37795.74180466589,2429.0
38310.37161306013,2429.0
38310.37161306013,2234.0
39042.75759165176,2234.0
39042.75759165176,2429.0
42448.495387891315,2429.0
42448.495387891315,2234.0
64140.793759748354,2234.0
64140.793759748354,2429.0
65311.17984876038,2429.0
65311.17984876038,2555.0
66240.0167182088,2555.0
66240.0167182088,2429.0
86400.000002,2429.0
# temp #3393
0.0,2234.0
64458.22733917741,2234.0
64458.22733917741,2555.0
68342.6268060459,2555.0
68342.6268060459,2429.0
68762.5758503331,2429.0
68762.5758503331,2555.0
86400.0,2555.0
# temp #3394
0.0,2234.0
42423.08500874788,2234.0
42423.08500874788,2429.0
42735.70750246291,2429.0
42735.70750246291,2555.0
47185.8744919533,2555.0
47185.8744919533,2429.0
56393.68029786275,2429.0
56393.68029786275,2555.0
86400.0,2555.0
# temp #3395
0.0,2234.0
34684.25520015881,2234.0
34684.25520015881,2429.0
35150.99551810418,2429.0
35150.99551810418,2234.0
35933.785789716065,2234.0
35933.785789716065,2429.0
38636.78891442251,2429.0
38636.78891442251,2234.0
60822.10680961145,2234.0
60822.10680961145,2429.0
61512.00053819922,2429.0
61512.00053819922,2555.0
62735.29639157934,2555.0
62735.29639157934,2429.0
86400.000002,2429.0
# temp #3396
0.0,2234.0
2613.749357569032,2234.0
2613.749357569032,2667.0
10834.498495375738,2667.0
10834.498495375738,2555.0
11664.474887447432,2555.0
11664.474887447432,2667.0
39392.74111117702,2667.0
39392.74111117702,2555.0
42392.74111117702,2555.0
42392.74111117702,2667.0
68492.74111117702,2667.0
68492.74111117702,2883.0
86400.0,2883.0
# temp #3397
0.0,2234.0
1907.4689982924613,2234.0
1907.4689982924613,2667.0
12809.706350555645,2667.0
12809.706350555645,2555.0
14128.230647603052,2555.0
14128.230647603052,2667.0
42086.82686600369,2667.0
42086.82686600369,2555.0
42386.82686600369,2555.0
42386.82686600369,2429.0
43426.68366003782,2429.0
43426.68366003782,2555.0
79703.08090760374,2555.0
79703.08090760374,2429.0
86400.0,2429.0
# temp #3398
0.0,2234.0
4510.295533714817,2234.0
4510.295533714817,2667.0
46848.110357997946,2667.0
46848.110357997946,2555.0
48262.34918874689,2555.0
48262.34918874689,2667.0
52415.49927445595,2667.0
52415.49927445595,2555.0
52715.49927445595,2555.0
52715.49927445595,2429.0
86400.000002,2429.0
# temp #3399
0.0,2234.0
34648.225375427864,2234.0
34648.225375427864,2883.0
37048.225375427864,2883.0
37048.225375427864,2667.0
83680.94610383268,2667.0
83680.94610383268,2883.0
86400.000002,2883.0
# temp #3400
0.0,2234.0
32560.922908689834,2234.0
32560.922908689834,2555.0
33345.542393135845,2555.0
33345.542393135845,2667.0
33916.671077697545,2667.0
33916.671077697545,2555.0
39916.671077697545,2555.0
39916.671077697545,2429.0
42316.671077697545,2429.0
42316.671077697545,2234.0
45916.671077697545,2234.0
45916.671077697545,2429.0
47116.671077697545,2429.0
47116.671077697545,2234.0
52816.671077697545,2234.0
52816.671077697545,2429.0
72035.73203575799,2429.0
72035.73203575799,2555.0
86400.0,2555.0
# temp #3401
0.0,2234.0
4565.147961792536,2234.0
4565.147961792536,2883.0
15665.147961792536,2883.0
15665.147961792536,2555.0
33811.7278033169,2555.0
33811.7278033169,2667.0
65048.809577291846,2667.0
65048.809577291846,2555.0
75327.3465786595,2555.0
75327.3465786595,2667.0
83815.34413103947,2667.0
83815.34413103947,2883.0
86400.0,2883.0
# temp #3402
0.0,2234.0
24947.88407455199,2234.0
24947.88407455199,2555.0
53127.24037617446,2555.0
53127.24037617446,2429.0
53671.894646063454,2429.0
53671.894646063454,2555.0
74727.5520572439,2555.0
74727.5520572439,2429.0
76120.74356758968,2429.0
76120.74356758968,2555.0
77008.94900020213,2555.0
77008.94900020213,2429.0
77308.94900020213,2429.0
77308.94900020213,2555.0
77608.94900020213,2555.0
77608.94900020213,2429.0
78208.94900020213,2429.0
78208.94900020213,2555.0
82234.97470524164,2555.0
82234.97470524164,2429.0
86400.0,2429.0
# temp #3403
0.0,2234.0
81764.7853581235,2234.0
81764.7853581235,2883.0
84164.7853581235,2883.0
84164.7853581235,2667.0
86400.0,2667.0
# temp #3404
0.0,2234.0
54704.90664085374,2234.0
54704.90664085374,2555.0
58072.64946210199,2555.0
58072.64946210199,2667.0
58442.20804183279,2667.0
58442.20804183279,2555.0
58742.20804183279,2555.0
58742.20804183279,2667.0
62342.20804183279,2667.0
62342.20804183279,2555.0
63842.20804183279,2555.0
63842.20804183279,2429.0
80650.43987408282,2429.0
80650.43987408282,2234.0
86400.0,2234.0
# temp #3405
0.0,2234.0
7628.0699683818975,2234.0
7628.0699683818975,2883.0
18728.069968381897,2883.0
18728.069968381897,2555.0
34630.558398971334,2555.0
34630.558398971334,2667.0
65533.60315791798,2667.0
65533.60315791798,2555.0
86400.0,2555.0
# temp #3406
0.0,2234.0
67321.4031210635,2234.0
67321.4031210635,2555.0
86400.000002,2555.0
# temp #3407
0.0,2234.0
7200.488016125748,2234.0
7200.488016125748,2667.0
31478.16648103763,2667.0
31478.16648103763,2555.0
32887.39971073811,2555.0
32887.39971073811,2667.0
33669.26160226577,2667.0
33669.26160226577,2555.0
34269.26160226577,2555.0
34269.26160226577,2667.0
53542.595217330396,2667.0
53542.595217330396,2555.0
57817.39375214094,2555.0
57817.39375214094,2429.0
68029.62037667168,2429.0
68029.62037667168,2555.0
86400.000002,2555.0
# temp #3408
0.0,2234.0
1796.4608289068567,2234.0
1796.4608289068567,2667.0
13356.390735413881,2667.0
13356.390735413881,2555.0
14576.784315146508,2555.0
14576.784315146508,2667.0
23119.169699703347,2667.0
23119.169699703347,2555.0
23719.169699703347,2555.0
23719.169699703347,2667.0
43068.54112402071,2667.0
43068.54112402071,2555.0
46833.329712529674,2555.0
46833.329712529674,2429.0
82406.00609213581,2429.0
82406.00609213581,2555.0
86400.000002,2555.0
# temp #3409
0.0,2234.0
2916.0600631730636,2234.0
2916.0600631730636,2667.0
27163.794342381883,2667.0
27163.794342381883,2555.0
27463.876605173577,2555.0
27463.876605173577,2667.0
38313.57333369088,2667.0
38313.57333369088,2555.0
41313.57333369088,2555.0
41313.57333369088,2667.0
67413.57333369087,2667.0
67413.57333369087,2883.0
86400.000002,2883.0
# temp #3410
0.0,2234.0
6644.936112337747,2234.0
6644.936112337747,2555.0
26015.000398107808,2555.0
26015.000398107808,2429.0
26391.208796761934,2429.0
26391.208796761934,2555.0
40719.908713339835,2555.0
40719.908713339835,2429.0
41434.82740873006,2429.0
41434.82740873006,2555.0
42903.94826342818,2555.0
42903.94826342818,2429.0
86400.0,2429.0
# temp #3411
0.0,2234.0
28658.74641153496,2234.0
28658.74641153496,2429.0
35558.74641153496,2429.0
35558.74641153496,2555.0
37358.74641153496,2555.0
37358.74641153496,2429.0
50258.74641153496,2429.0
50258.74641153496,2234.0
50558.74641153496,2234.0
50558.74641153496,2017.0
50858.74641153496,2017.0
50858.74641153496,2234.0
51158.74641153496,2234.0
51158.74641153496,2017.0
58421.93090112415,2017.0
58421.93090112415,2234.0
83003.86304087006,2234.0
83003.86304087006,2429.0
86400.0,2429.0
# temp #3412
0.0,2234.0
38261.34279062972,2234.0
38261.34279062972,2555.0
38601.292318641215,2555.0
38601.292318641215,2667.0
39101.04063916952,2667.0
39101.04063916952,2555.0
45101.04063916952,2555.0
45101.04063916952,2429.0
47501.04063916952,2429.0
47501.04063916952,2234.0
51101.04063916952,2234.0
51101.04063916952,2429.0
52301.04063916952,2429.0
52301.04063916952,2234.0
58001.04063916952,2234.0
58001.04063916952,2429.0
79827.77049732396,2429.0
79827.77049732396,2555.0
86400.0,2555.0
# temp #3413
0.0,2234.0
4265.336340735667,2234.0
4265.336340735667,2667.0
22007.439133431766,2667.0
22007.439133431766,2555.0
22860.76842444018,2555.0
22860.76842444018,2429.0
54082.450016797535,2429.0
54082.450016797535,2555.0
73190.05589769223,2555.0
73190.05589769223,2429.0
86400.0,2429.0
# temp #3414
0.0,2234.0
4808.3833787357435,2234.0
4808.3833787357435,2883.0
15908.383378735743,2883.0
15908.383378735743,2555.0
20841.843227134086,2555.0
20841.843227134086,2429.0
49460.752130462795,2429.0
49460.752130462795,2555.0
58993.91081635841,2555.0
58993.91081635841,2429.0
61417.81934711617,2429.0
61417.81934711617,2555.0
86400.000002,2555.0
# temp #3415
0.0,2234.0
5182.60261360556,2234.0
5182.60261360556,2555.0
26334.57402312197,2555.0
26334.57402312197,2429.0
62694.40332152882,2429.0
62694.40332152882,2234.0
64533.734780154206,2234.0
64533.734780154206,2429.0
81457.74707137608,2429.0
81457.74707137608,2234.0
86400.0,2234.0
# temp #3416
0.0,2234.0
65646.87786286231,2234.0
65646.87786286231,2555.0
72299.12977593485,2555.0
72299.12977593485,2234.0
86400.0,2234.0
# temp #3417
0.0,2234.0
56104.474168969326,2234.0
56104.474168969326,2555.0
86400.0,2555.0
# temp #3418
0.0,2234.0
36469.39813827631,2234.0
36469.39813827631,2429.0
36799.059611815035,2429.0
36799.059611815035,2555.0
40193.23183845264,2555.0
40193.23183845264,2429.0
86400.0,2429.0
# temp #3419
0.0,2234.0
71071.92571882624,2234.0
71071.92571882624,2883.0
73471.92571882624,2883.0
73471.92571882624,2667.0
86400.000002,2667.0
# temp #3420
0.0,2234.0
17150.007797218863,2234.0
17150.007797218863,2429.0
17570.592191093605,2429.0
17570.592191093605,2234.0
18257.77228928637,2234.0
18257.77228928637,2429.0
20505.629469431005,2429.0
20505.629469431005,2234.0
26887.572216172706,2234.0
26887.572216172706,2429.0
27622.734742797915,2429.0
27622.734742797915,2234.0
36663.89568429441,2234.0
36663.89568429441,2429.0
67055.45545583591,2429.0
67055.45545583591,2883.0
86400.000002,2883.0
# temp #3421
0.0,2234.0
7459.124002000319,2234.0
7459.124002000319,2667.0
34162.88132686169,2667.0
34162.88132686169,2555.0
35531.34694620968,2555.0
35531.34694620968,2429.0
62480.69120147267,2429.0
62480.69120147267,2555.0
66420.82196131816,2555.0
66420.82196131816,2429.0
73998.07566578967,2429.0
73998.07566578967,2234.0
86400.000002,2234.0
# temp #3422
0.0,2234.0
60231.74130984117,2234.0
60231.74130984117,2555.0
68028.6453561159,2555.0
68028.6453561159,2429.0
68375.71789948271,2429.0
68375.71789948271,2555.0
86400.0,2555.0
# temp #3423
0.0,2234.0
62669.953438919045,2234.0
62669.953438919045,2555.0
84765.43105621824,2555.0
84765.43105621824,2429.0
85157.44938778227,2429.0
85157.44938778227,2555.0
86400.0,2555.0
# temp #3424
0.0,2234.0
17625.364919286225,2234.0
17625.364919286225,2017.0
74235.13579443099,2017.0
74235.13579443099,2234.0
77497.73316308857,2234.0
77497.73316308857,2017.0
86400.0,2017.0
# temp #3425
0.0,2234.0
74333.55115600863,2234.0
74333.55115600863,2555.0
76317.27145167535,2555.0
76317.27145167535,2667.0
76733.99428487757,2667.0
76733.99428487757,2555.0
77033.99428487757,2555.0
77033.99428487757,2667.0
80633.99428487757,2667.0
80633.99428487757,2555.0
82133.99428487757,2555.0
82133.99428487757,2429.0
86400.000002,2429.0
# temp #3426
0.0,2234.0
6252.172850165517,2234.0
6252.172850165517,2667.0
10561.004187050276,2667.0
10561.004187050276,2555.0
11649.41304686945,2555.0
11649.41304686945,2667.0
38860.53937571123,2667.0
38860.53937571123,2555.0
39160.53937571123,2555.0
39160.53937571123,2667.0
39460.53937571123,2667.0
39460.53937571123,2555.0
42760.53937571123,2555.0
42760.53937571123,2667.0
68260.53937571123,2667.0
68260.53937571123,2883.0
86400.000002,2883.0
# temp #3427
0.0,2234.0
38263.73272994534,2234.0
38263.73272994534,2017.0
73716.75743088128,2017.0
73716.75743088128,2234.0
83183.22923798116,2234.0
83183.22923798116,2017.0
86400.0,2017.0
# temp #3428
0.0,2234.0
53912.429578020245,2234.0
53912.429578020245,2429.0
54377.39523940255,2429.0
54377.39523940255,2555.0
56538.995747943416,2555.0
56538.995747943416,2429.0
72700.60102727731,2429.0
72700.60102727731,2555.0
80966.34956700729,2555.0
80966.34956700729,2429.0
86400.000002,2429.0
# temp #3429
0.0,2234.0
48253.53906797246,2234.0
48253.53906797246,2555.0
56388.19360085764,2555.0
56388.19360085764,2429.0
57893.88917649631,2429.0
57893.88917649631,2234.0
82430.68409885747,2234.0
82430.68409885747,2429.0
86400.000002,2429.0
# temp #3430
0.0,2234.0
76195.11053015014,2234.0
76195.11053015014,2883.0
78595.11053015014,2883.0
78595.11053015014,2667.0
86400.000002,2667.0
# temp #3431
0.0,2234.0
35611.071391403675,2234.0
35611.071391403675,2555.0
66129.79211665226,2555.0
66129.79211665226,2429.0
82528.2564142719,2429.0
82528.2564142719,2555.0
86400.000002,2555.0
# temp #3432
0.0,2234.0
18101.50135941804,2234.0
18101.50135941804,2555.0
27138.82681285032,2555.0
27138.82681285032,2429.0
70955.41979600677,2429.0
70955.41979600677,2234.0
71555.41979600677,2234.0
71555.41979600677,2429.0
73955.41979600677,2429.0
73955.41979600677,2555.0
84155.41979600677,2555.0
84155.41979600677,2667.0
86400.000002,2667.0
# temp #3433
0.0,2234.0
8676.556552760305,2234.0
8676.556552760305,2017.0
26969.673755066477,2017.0
26969.673755066477,2234.0
35658.14160299488,2234.0
35658.14160299488,2017.0
41699.49000184425,2017.0
41699.49000184425,2234.0
84127.93051530608,2234.0
84127.93051530608,2017.0
86400.000002,2017.0
# temp #3434
0.0,2234.0
1290.9117001807317,2234.0
1290.9117001807317,2667.0
19590.119732636962,2667.0
19590.119732636962,2555.0
20303.910699952397,2555.0
20303.910699952397,2667.0
44990.610086079694,2667.0
44990.610086079694,2555.0
47990.610086079694,2555.0
47990.610086079694,2667.0
74090.61008607969,2667.0
74090.61008607969,2883.0
86400.0,2883.0
# temp #3435
0.0,2234.0
57540.38591443096,2234.0
57540.38591443096,2555.0
80554.81812183281,2555.0
80554.81812183281,2429.0
81056.76615284757,2429.0
81056.76615284757,2555.0
86400.0,2555.0
# temp #3436
0.0,2234.0
2737.3276967089623,2234.0
2737.3276967089623,2883.0
4177.021116041578,2883.0
4177.021116041578,2667.0
9978.727227402851,2667.0
9978.727227402851,2883.0
22273.072041640993,2883.0
22273.072041640993,2429.0
62292.824633396245,2429.0
62292.824633396245,2883.0
65431.22174337042,2883.0
65431.22174337042,2667.0
69033.46584148241,2667.0
69033.46584148241,2555.0
86400.000002,2555.0
# temp #3437
0.0,2234.0
4230.449730833061,2234.0
4230.449730833061,2555.0
36767.239338741645,2555.0
36767.239338741645,2429.0
37186.91207533703,2429.0
37186.91207533703,2555.0
52696.32447157056,2555.0
52696.32447157056,2429.0
53320.340558420874,2429.0
53320.340558420874,2555.0
54418.76723561437,2555.0
54418.76723561437,2429.0
86400.000002,2429.0
# temp #3438
0.0,2234.0
28777.474980382252,2234.0
28777.474980382252,2555.0
60626.15194777028,2555.0
60626.15194777028,2429.0
76187.26654881613,2429.0
76187.26654881613,2234.0
76787.26654881613,2234.0
76787.26654881613,2429.0
86400.000002,2429.0
# temp #3439
0.0,2234.0
65182.87554737182,2234.0
65182.87554737182,2555.0
86400.000002,2555.0
# temp #3440
0.0,2234.0
39531.8919162266,2234.0
39531.8919162266,2429.0
40006.119531369775,2429.0
40006.119531369775,2555.0
43507.77421777603,2555.0
43507.77421777603,2429.0
72919.57332012245,2429.0
72919.57332012245,2555.0
86057.41286664271,2555.0
86057.41286664271,2429.0
86400.000002,2429.0
# temp #3441
0.0,2234.0
69321.76093154123,2234.0
69321.76093154123,2555.0
83212.38767306787,2555.0
83212.38767306787,2429.0
83692.33173520771,2429.0
83692.33173520771,2555.0
86400.0,2555.0
# temp #3442
0.0,2234.0
20191.800612537194,2234.0
20191.800612537194,2017.0
68401.96668030696,2017.0
68401.96668030696,2234.0
86400.000002,2234.0
# temp #3443
0.0,2234.0
4804.541803733446,2234.0
4804.541803733446,2883.0
5781.380240013823,2883.0
5781.380240013823,2667.0
17957.0175742032,2667.0
17957.0175742032,2883.0
19567.41562765092,2883.0
19567.41562765092,2429.0
26025.34764935263,2429.0
26025.34764935263,2555.0
34985.49409029074,2555.0
34985.49409029074,2667.0
64584.26753715613,2667.0
64584.26753715613,2883.0
70108.94628551324,2883.0
70108.94628551324,2429.0
86400.000002,2429.0
# temp #3444
0.0,2234.0
18129.239068343308,2234.0
18129.239068343308,2429.0
18483.66102059372,2429.0
18483.66102059372,2555.0
22510.82689133473,2555.0
22510.82689133473,2429.0
46037.06556160469,2429.0
46037.06556160469,2234.0
47361.6322050104,2234.0
47361.6322050104,2667.0
75489.14228039795,2667.0
75489.14228039795,2234.0
86400.000002,2234.0
# temp #3445
0.0,2234.0
70528.87454750018,2234.0
70528.87454750018,2555.0
86400.000002,2555.0
# temp #3446
0.0,2234.0
3348.467051284388,2234.0
3348.467051284388,2667.0
46970.689230063006,2667.0
46970.689230063006,2555.0
48185.425547906205,2555.0
48185.425547906205,2667.0
57039.90983592813,2667.0
57039.90983592813,2555.0
57339.90983592813,2555.0
57339.90983592813,2667.0
57966.035951930106,2667.0
57966.035951930106,2555.0
58566.035951930106,2555.0
58566.035951930106,2667.0
86400.000002,2667.0
# temp #3447
0.0,2234.0
22142.609287239615,2234.0
22142.609287239615,2429.0
22442.609287239615,2429.0
22442.609287239615,2234.0
40109.5032485202,2234.0
40109.5032485202,2667.0
48657.78549592943,2667.0
48657.78549592943,2234.0
56637.86079960411,2234.0
56637.86079960411,2429.0
59692.20443156084,2429.0
59692.20443156084,2883.0
72446.21793658008,2883.0
72446.21793658008,2667.0
83298.46795115156,2667.0
83298.46795115156,2555.0
86400.0,2555.0
# temp #3448
0.0,2234.0
57329.96628291439,2234.0
57329.96628291439,2555.0
71073.91455599573,2555.0
71073.91455599573,2234.0
81199.81363476254,2234.0
81199.81363476254,2429.0
86400.0,2429.0
# temp #3449
0.0,2234.0
46171.50570857339,2234.0
46171.50570857339,2429.0
46620.7759866491,2429.0
46620.7759866491,2555.0
49884.18129701168,2555.0
49884.18129701168,2429.0
81202.32492000797,2429.0
81202.32492000797,2555.0
86400.0,2555.0
# temp #3450
0.0,2234.0
7178.230642131532,2234.0
7178.230642131532,2667.0
34171.638660156175,2667.0
34171.638660156175,2555.0
35543.00219288562,2555.0
35543.00219288562,2667.0
67833.55834682008,2667.0
67833.55834682008,2555.0
68133.55834682008,2555.0
68133.55834682008,2667.0
68859.80584344362,2667.0
68859.80584344362,2555.0
69459.80584344362,2555.0
69459.80584344362,2667.0
76439.58890747746,2667.0
76439.58890747746,2555.0
86400.000002,2555.0
# temp #3451
0.0,2234.0
7819.060245598668,2234.0
7819.060245598668,2667.0
39204.51155256015,2667.0
39204.51155256015,2555.0
40292.25890168455,2555.0
40292.25890168455,2429.0
73964.70734921751,2429.0
73964.70734921751,2883.0
74316.03563181126,2883.0
74316.03563181126,2555.0
76607.33532398009,2555.0
76607.33532398009,2429.0
86400.0,2429.0
# temp #3452
0.0,2234.0
34762.60874024593,2234.0
34762.60874024593,2017.0
73347.7264551446,2017.0
73347.7264551446,2234.0
86400.000002,2234.0
# temp #3453
0.0,2234.0
33277.97803399154,2234.0
33277.97803399154,2555.0
57310.553428670406,2555.0
57310.553428670406,2429.0
77237.23639561796,2429.0
77237.23639561796,2234.0
77837.23639561796,2234.0
77837.23639561796,2429.0
86400.000002,2429.0
# temp #3454
0.0,2234.0
80815.31026416925,2234.0
80815.31026416925,2555.0
86400.0,2555.0
# temp #3455
0.0,2234.0
34127.332177595235,2234.0
34127.332177595235,2883.0
36527.332177595235,2883.0
36527.332177595235,2667.0
58167.81490717549,2667.0
58167.81490717549,2883.0
70430.69735483732,2883.0
70430.69735483732,2429.0
86400.0,2429.0
# temp #3456
0.0,2234.0
56328.87551242021,2234.0
56328.87551242021,2555.0
60461.811458948076,2555.0
60461.811458948076,2429.0
60799.77596697864,2429.0
60799.77596697864,2555.0
81920.9726688685,2555.0
81920.9726688685,2429.0
83021.08445505147,2429.0
83021.08445505147,2234.0
86400.000002,2234.0
# temp #3457
0.0,2234.0
6107.491045771168,2234.0
6107.491045771168,2017.0
52882.41222314537,2017.0
52882.41222314537,2234.0
54036.81298596785,2234.0
54036.81298596785,2017.0
86400.0,2017.0
# temp #3458
0.0,2234.0
27742.076493822973,2234.0
27742.076493822973,2429.0
28042.076493822973,2429.0
28042.076493822973,2234.0
35999.58914669697,2234.0
35999.58914669697,2667.0
76567.64256956523,2667.0
76567.64256956523,2883.0
85233.50189358463,2883.0
85233.50189358463,2667.0
86400.0,2667.0
# temp #3459
0.0,2234.0
33664.224480930716,2234.0
33664.224480930716,2555.0
57559.9072651472,2555.0
57559.9072651472,2429.0
85475.86215252524,2429.0
85475.86215252524,2234.0
86400.000002,2234.0
# temp #3460
0.0,2234.0
64994.20725521633,2234.0
64994.20725521633,2555.0
84472.98731594348,2555.0
84472.98731594348,2429.0
86400.000002,2429.0
# temp #3461
0.0,2234.0
22935.08441532031,2234.0
22935.08441532031,2555.0
28527.861008327458,2555.0
28527.861008327458,2429.0
29024.207446700897,2429.0
29024.207446700897,2555.0
52921.88450032846,2555.0
52921.88450032846,2429.0
53871.46421894432,2429.0
53871.46421894432,2234.0
57200.881667342044,2234.0
57200.881667342044,2667.0
65441.91215706524,2667.0
65441.91215706524,2234.0
86327.35038525426,2234.0
86327.35038525426,2429.0
86400.0,2429.0
# temp #3462
0.0,2234.0
22840.707211056728,2234.0
22840.707211056728,2017.0
74690.55968332106,2017.0
74690.55968332106,2234.0
86400.0,2234.0
# temp #3463
0.0,2234.0
5150.938848964871,2234.0
5150.938848964871,2667.0
12653.0462019844,2667.0
12653.0462019844,2555.0
13973.99205628317,2555.0
13973.99205628317,2667.0
43169.37060076745,2667.0
43169.37060076745,2555.0
43769.37060076745,2555.0
43769.37060076745,2667.0
60604.20540589841,2667.0
60604.20540589841,2555.0
64112.30211462827,2555.0
64112.30211462827,2429.0
86400.000002,2429.0
# temp #3464
0.0,2234.0
22375.709554553036,2234.0
22375.709554553036,2017.0
64924.779362138375,2017.0
64924.779362138375,2234.0
86400.0,2234.0
# temp #3465
0.0,2234.0
39137.88747112267,2234.0
39137.88747112267,2883.0
41537.88747112267,2883.0
41537.88747112267,2667.0
58574.6793996077,2667.0
58574.6793996077,2234.0
86400.000002,2234.0
# temp #3466
0.0,2234.0
34279.520585713915,2234.0
34279.520585713915,2017.0
73364.41523954274,2017.0
73364.41523954274,2234.0
86400.000002,2234.0
# temp #3467
0.0,2234.0
61300.24715827313,2234.0
61300.24715827313,2555.0
86400.0,2555.0
# temp #3468
0.0,2234.0
54723.55381522794,2234.0
54723.55381522794,2883.0
57123.55381522794,2883.0
57123.55381522794,2667.0
58671.56198483427,2667.0
58671.56198483427,2555.0
86400.000002,2555.0
# temp #3469
0.0,2234.0
10497.623179201037,2234.0
10497.623179201037,2429.0
10938.640949106775,2429.0
10938.640949106775,2234.0
11702.933662198484,2234.0
11702.933662198484,2429.0
16048.471520841122,2429.0
16048.471520841122,2234.0
22586.306410096586,2234.0
22586.306410096586,2429.0
23683.38476687204,2429.0
23683.38476687204,2234.0
37387.41177103948,2234.0
37387.41177103948,2667.0
47416.17502220907,2667.0
47416.17502220907,2555.0
71071.22084002476,2555.0
71071.22084002476,2429.0
86400.0,2429.0
# temp #3470
0.0,2234.0
22279.10651857965,2234.0
22279.10651857965,2555.0
41475.95389564522,2555.0
41475.95389564522,2429.0
86395.52934025416,2429.0
86400.0,2234.0
# temp #3471
0.0,2234.0
79217.40379573313,2234.0
79217.40379573313,2555.0
86400.0,2555.0
# temp #3472
0.0,2234.0
13814.273622329349,2234.0
13814.273622329349,2429.0
14292.01601338573,2429.0
14292.01601338573,2555.0
18273.210923792798,2555.0
18273.210923792798,2429.0
37216.560320137076,2429.0
37216.560320137076,2883.0
62461.080881115064,2883.0
62461.080881115064,2429.0
86400.0,2429.0
# temp #3473
0.0,2234.0
20413.159570517022,2234.0
20413.159570517022,2429.0
20911.339890235107,2429.0
20911.339890235107,2555.0
22499.20706825797,2555.0
22499.20706825797,2429.0
40941.79753542413,2429.0
40941.79753542413,2555.0
67677.52334286926,2555.0
67677.52334286926,2429.0
78021.0030184826,2429.0
78021.0030184826,2555.0
86400.0,2555.0
# temp #3474
0.0,2234.0
63280.023600999266,2234.0
63280.023600999266,2555.0
82519.06284056604,2555.0
82519.06284056604,2234.0
86400.0,2234.0
# temp #3475
0.0,2234.0
27758.365533873442,2234.0
27758.365533873442,2555.0
29198.520954977725,2555.0
29198.520954977725,2429.0
29636.49834513199,2429.0
29636.49834513199,2555.0
40360.26212896687,2555.0
40360.26212896687,2429.0
41439.055154914975,2429.0
41439.055154914975,2555.0
42694.2444697721,2555.0
42694.2444697721,2429.0
86400.0,2429.0
# temp #3476
0.0,2234.0
14808.310211263599,2234.0
14808.310211263599,2429.0
15108.310211263599,2429.0
15108.310211263599,2234.0
20011.01025268436,2234.0
20011.01025268436,2667.0
27002.173052821312,2667.0
27002.173052821312,2555.0
39331.953885499395,2555.0
39331.953885499395,2667.0
52671.426283288754,2667.0
52671.426283288754,2883.0
67680.53387934343,2883.0
67680.53387934343,2667.0
86400.000002,2667.0
# temp #3477
0.0,2234.0
64703.21298767814,2234.0
64703.21298767814,2555.0
66580.50765122754,2555.0
66580.50765122754,2667.0
72880.50765122754,2667.0
72880.50765122754,2555.0
74080.50765122754,2555.0
74080.50765122754,2429.0
86400.0,2429.0
# temp #3478
0.0,2234.0
6987.481593783015,2234.0
6987.481593783015,2667.0
30543.46353197471,2667.0
30543.46353197471,2555.0
31307.419595215477,2555.0
31307.419595215477,2667.0
55172.42394285278,2667.0
55172.42394285278,2555.0
55472.42394285278,2555.0
55472.42394285278,2667.0
56250.7879324956,2667.0
56250.7879324956,2555.0
56850.7879324956,2555.0
56850.7879324956,2667.0
74323.8498021383,2667.0
74323.8498021383,2234.0
82823.85945841671,2234.0
82823.85945841671,2429.0
86400.000002,2429.0
# temp #3479
0.0,2234.0
50559.71706246492,2234.0
50559.71706246492,2555.0
54804.39358160366,2555.0
54804.39358160366,2429.0
55152.86465969403,2429.0
55152.86465969403,2555.0
63902.61542180089,2555.0
63902.61542180089,2429.0
65005.357109312914,2429.0
65005.357109312914,2234.0
86400.0,2234.0
# temp #3480
0.0,2234.0
21070.83299153019,2234.0
21070.83299153019,2429.0
21370.83299153019,2429.0
21370.83299153019,2234.0
55175.79711754808,2234.0
55175.79711754808,2429.0
71159.08710455989,2429.0
71159.08710455989,2555.0
85093.3441631729,2555.0
85093.3441631729,2667.0
86400.0,2667.0
# temp #3481
0.0,2234.0
21589.029545732777,2234.0
21589.029545732777,2429.0
21894.835430290554,2429.0
21894.835430290554,2234.0
22564.08235507552,2234.0
22564.08235507552,2429.0
27804.789695679214,2429.0
27804.789695679214,2234.0
32752.12136066985,2234.0
32752.12136066985,2429.0
33917.367333895534,2429.0
33917.367333895534,2234.0
67948.15097465181,2234.0
67948.15097465181,2429.0
86400.000002,2429.0
# temp #3482
0.0,2234.0
1993.6756614362823,2234.0
1993.6756614362823,2667.0
15522.902429220268,2667.0
15522.902429220268,2555.0
16665.6384536298,2555.0
16665.6384536298,2667.0
41974.62310083211,2667.0
41974.62310083211,2555.0
42574.62310083211,2555.0
42574.62310083211,2667.0
62302.56505734289,2667.0
62302.56505734289,2555.0
62734.951163968086,2555.0
62734.951163968086,2429.0
86400.000002,2429.0
# temp #3483
0.0,2234.0
31250.151799432937,2234.0
31250.151799432937,2017.0
85625.2947392408,2017.0
85625.2947392408,2234.0
86400.0,2234.0
# temp #3484
0.0,2234.0
1442.1533662592994,2234.0
1442.1533662592994,2667.0
24841.029599960897,2667.0
24841.029599960897,2555.0
25195.426444709305,2555.0
25195.426444709305,2667.0
50414.94522371796,2667.0
50414.94522371796,2555.0
50714.94522371796,2555.0
50714.94522371796,2667.0
51014.94522371796,2667.0
51014.94522371796,2555.0
54314.94522371796,2555.0
54314.94522371796,2667.0
79814.94522371795,2667.0
79814.94522371795,2883.0
86400.0,2883.0
# temp #3485
0.0,2234.0
42573.197260103196,2234.0
42573.197260103196,2555.0
47911.12657666673,2555.0
47911.12657666673,2667.0
48498.79326552619,2667.0
48498.79326552619,2555.0
54498.79326552619,2555.0
54498.79326552619,2429.0
56898.79326552619,2429.0
56898.79326552619,2234.0
60498.79326552619,2234.0
60498.79326552619,2429.0
61698.79326552619,2429.0
61698.79326552619,2234.0
67398.7932655262,2234.0
67398.7932655262,2429.0
69400.09303141852,2429.0
69400.09303141852,2883.0
84161.79063564634,2883.0
84161.79063564634,2667.0
86400.0,2667.0
# temp #3486
0.0,2234.0
32529.959361674268,2234.0
32529.959361674268,2429.0
32896.844368544414,2429.0
32896.844368544414,2234.0
33707.617054064765,2234.0
33707.617054064765,2429.0
35911.8811871158,2429.0
35911.8811871158,2234.0
45146.216253144674,2234.0
45146.216253144674,2429.0
45500.21553004627,2429.0
45500.21553004627,2234.0
71895.62160617206,2234.0
71895.62160617206,2429.0
73402.69374183846,2429.0
73402.69374183846,2555.0
79590.01782608686,2555.0
79590.01782608686,2667.0
86400.000002,2667.0
# temp #3487
0.0,2234.0
3868.051512376406,2234.0
3868.051512376406,2667.0
9598.64600992296,2667.0
9598.64600992296,2555.0
10224.928442412058,2555.0
10224.928442412058,2667.0
44152.05169643742,2667.0
44152.05169643742,2555.0
44452.05169643742,2555.0
44452.05169643742,2667.0
44752.05169643742,2667.0
44752.05169643742,2555.0
48052.05169643742,2555.0
48052.05169643742,2667.0
73552.05169643741,2667.0
73552.05169643741,2883.0
86400.0,2883.0
# temp #3488
0.0,2234.0
11075.10029487312,2234.0
11075.10029487312,2555.0
27236.339907674126,2555.0
27236.339907674126,2429.0
27713.040749542422,2429.0
27713.040749542422,2555.0
42540.76397025493,2555.0
42540.76397025493,2429.0
43770.02581169364,2429.0
43770.02581169364,2555.0
44127.337988256484,2555.0
44127.337988256484,2429.0
44427.337988256484,2429.0
44427.337988256484,2555.0
64827.337988256484,2555.0
64827.337988256484,2429.0
65127.337988256484,2429.0
65127.337988256484,2555.0
65727.33798825648,2555.0
65727.33798825648,2667.0
86400.000002,2667.0
# temp #3489
0.0,2234.0
31725.74785575271,2234.0
31725.74785575271,2017.0
77891.47233576515,2017.0
77891.47233576515,2234.0
78380.36779244432,2234.0
78380.36779244432,2017.0
80489.07691212372,2017.0
80489.07691212372,2234.0
86400.0,2234.0
# temp #3490
0.0,2234.0
39746.93869720214,2234.0
39746.93869720214,2017.0
44028.89221706428,2017.0
44028.89221706428,2234.0
49981.873504305266,2234.0
49981.873504305266,2017.0
63709.2501813546,2017.0
63709.2501813546,2234.0
86400.000002,2234.0
# temp #3491
0.0,2234.0
55148.320676316514,2234.0
55148.320676316514,2429.0
86400.0,2429.0
# temp #3492
0.0,2234.0
72155.5079156533,2234.0
72155.5079156533,2555.0
80638.66310329178,2555.0
80638.66310329178,2429.0
81163.6849153787,2429.0
81163.6849153787,2555.0
83242.91420560332,2555.0
83242.91420560332,2429.0
84244.20950487258,2429.0
84244.20950487258,2234.0
86400.000002,2234.0
# temp #3493
0.0,2234.0
17400.162259885114,2234.0
17400.162259885114,2883.0
18370.666664466266,2883.0
18370.666664466266,2667.0
27598.241609148685,2667.0
27598.241609148685,2883.0
35518.6838454567,2883.0
35518.6838454567,2667.0
50315.81392034423,2667.0
50315.81392034423,2555.0
73216.62514584606,2555.0
73216.62514584606,2429.0
86400.0,2429.0
# temp #3494
0.0,2234.0
23710.45409222134,2234.0
23710.45409222134,2429.0
24100.409895926718,2429.0
24100.409895926718,2234.0
24913.340031146075,2234.0
24913.340031146075,2429.0
26852.960301912393,2429.0
26852.960301912393,2234.0
38272.61983968784,2234.0
38272.61983968784,2429.0
39727.55528746639,2429.0
39727.55528746639,2555.0
41152.59039646481,2555.0
41152.59039646481,2429.0
41452.59039646481,2429.0
41452.59039646481,2555.0
41752.59039646481,2555.0
41752.59039646481,2429.0
42352.59039646481,2429.0
42352.59039646481,2555.0
47046.068141818985,2555.0
47046.068141818985,2429.0
52103.68181162049,2429.0
52103.68181162049,2883.0
73582.19965221362,2883.0
73582.19965221362,2429.0
86400.000002,2429.0
# temp #3495
0.0,2234.0
1869.0363367320972,2234.0
1869.0363367320972,2667.0
30655.769986985255,2667.0
30655.769986985255,2555.0
31909.649781184275,2555.0
31909.649781184275,2429.0
45050.05559118,2429.0
45050.05559118,2234.0
64238.657936523676,2234.0
64238.657936523676,2429.0
86400.000002,2429.0
# temp #3496
0.0,2234.0
8152.56050701719,2234.0
8152.56050701719,2883.0
9086.899311770687,2883.0
9086.899311770687,2667.0
12790.370004228318,2667.0
12790.370004228318,2883.0
32936.545418738395,2883.0
32936.545418738395,2667.0
41508.08627963998,2667.0
41508.08627963998,2555.0
63231.63038589993,2555.0
63231.63038589993,2429.0
67205.09591849988,2429.0
67205.09591849988,2555.0
86337.62645660901,2555.0
86337.62645660901,2429.0
86400.000002,2429.0
# temp #3497
0.0,2234.0
5194.8669845704,2234.0
5194.8669845704,2017.0
14408.834750438113,2017.0
14408.834750438113,2234.0
32013.175986008726,2234.0
32013.175986008726,2017.0
33806.85742939823,2017.0
33806.85742939823,2234.0
44818.03432940506,2234.0
44818.03432940506,2017.0
65735.99321083167,2017.0
65735.99321083167,2234.0
86400.000002,2234.0
# temp #3498
0.0,2234.0
34791.81265141816,2234.0
34791.81265141816,2017.0
74002.90974327365,2017.0
74002.90974327365,2234.0
86400.0,2234.0
# temp #3499
0.0,2234.0
57481.952031422414,2234.0
57481.952031422414,2555.0
63263.446203432984,2555.0
63263.446203432984,2429.0
63591.48257416674,2429.0
63591.48257416674,2555.0
74050.5105862627,2555.0
74050.5105862627,2429.0
75141.07888836881,2429.0
75141.07888836881,2555.0
76078.94253388514,2555.0
76078.94253388514,2429.0
76378.94253388514,2429.0
76378.94253388514,2555.0
86400.000002,2555.0
# temp #3500
0.0,2234.0
586.3392807310447,2234.0
586.3392807310447,2555.0
7011.3333493703985,2555.0
7011.3333493703985,2429.0
54126.911702030346,2429.0
54126.911702030346,2234.0
54726.911702030346,2234.0
54726.911702030346,2429.0
57126.911702030346,2429.0
57126.911702030346,2555.0
67326.91170203034,2555.0
67326.91170203034,2667.0
83189.64574460407,2667.0
83189.64574460407,2555.0
86400.000002,2555.0
# temp #3501
0.0,2234.0
39161.73889513594,2234.0
39161.73889513594,2555.0
72319.9237941066,2555.0
72319.9237941066,2429.0
72633.11548847707,2429.0
72633.11548847707,2555.0
86400.0,2555.0
# temp #3502
0.0,2234.0
46729.174900450744,2234.0
46729.174900450744,2883.0
49129.174900450744,2883.0
49129.174900450744,2667.0
52942.170145665295,2667.0
52942.170145665295,2555.0
58966.22253342066,2555.0
58966.22253342066,2429.0
63758.79724358674,2429.0
63758.79724358674,2555.0
86400.000002,2555.0
# temp #3503
0.0,2234.0
67593.47183858046,2234.0
67593.47183858046,2555.0
86400.0,2555.0
# temp #3504
0.0,2234.0
74162.84349183553,2234.0
74162.84349183553,2555.0
75055.90813471937,2555.0
75055.90813471937,2667.0
84955.90813471937,2667.0
84955.90813471937,2555.0
85592.04953326845,2555.0
85592.04953326845,2429.0
86400.0,2429.0
# temp #3505
0.0,2234.0
78319.67370011845,2234.0
78319.67370011845,2555.0
86400.000002,2555.0
# temp #3506
0.0,2234.0
19769.428094825707,2234.0
19769.428094825707,2429.0
26669.428094825707,2429.0
26669.428094825707,2555.0
28469.428094825707,2555.0
28469.428094825707,2429.0
41369.42809482571,2429.0
41369.42809482571,2234.0
41669.42809482571,2234.0
41669.42809482571,2017.0
41969.42809482571,2017.0
41969.42809482571,2234.0
42269.42809482571,2234.0
42269.42809482571,2017.0
46169.82031299267,2017.0
46169.82031299267,2234.0
52672.68807794899,2234.0
52672.68807794899,2429.0
77005.69235309958,2429.0
77005.69235309958,2883.0
86400.0,2883.0
# temp #3507
0.0,2234.0
19362.138283811513,2234.0
19362.138283811513,2017.0
55468.8392375596,2017.0
55468.8392375596,2234.0
86400.000002,2234.0
# temp #3508
0.0,2234.0
61056.545930122964,2234.0
61056.545930122964,2883.0
63456.545930122964,2883.0
63456.545930122964,2667.0
86400.000002,2667.0
# temp #3509
0.0,2234.0
5773.751184437425,2234.0
5773.751184437425,2667.0
22534.66173259076,2667.0
22534.66173259076,2555.0
23106.17130759638,2555.0
23106.17130759638,2667.0
55298.52910442279,2667.0
55298.52910442279,2555.0
55898.52910442279,2555.0
55898.52910442279,2667.0
72296.96656242014,2667.0
72296.96656242014,2555.0
76685.44957078995,2555.0
76685.44957078995,2429.0
82310.90067678598,2429.0
82310.90067678598,2555.0
86400.0,2555.0
# temp #3510
0.0,2234.0
2062.8931398969144,2234.0
2062.8931398969144,2017.0
39081.69349953533,2017.0
39081.69349953533,2234.0
44781.69349953533,2234.0
44781.69349953533,2429.0
64265.73714958505,2429.0
64265.73714958505,2555.0
76103.33617427388,2555.0
76103.33617427388,2429.0
86400.000002,2429.0
# temp #3511
0.0,2234.0
30978.590390598405,2234.0
30978.590390598405,2429.0
31480.312270321887,2429.0
31480.312270321887,2555.0
35894.278429099366,2555.0
35894.278429099366,2429.0
39358.29785952811,2429.0
39358.29785952811,2234.0
39771.679922193296,2234.0
39771.679922193296,2555.0
41671.57536372543,2555.0
41671.57536372543,2429.0
48119.47527299636,2429.0
48119.47527299636,2555.0
56228.5732111428,2555.0
56228.5732111428,2429.0
86400.000002,2429.0
# temp #3512
0.0,2234.0
34022.568739810966,2234.0
34022.568739810966,2017.0
44885.89226575569,2017.0
44885.89226575569,2234.0
64432.80007196592,2234.0
64432.80007196592,2017.0
86400.0,2017.0
# temp #3513
0.0,2234.0
84105.77710331419,2234.0
84105.77710331419,2555.0
85159.42215789111,2555.0
85159.42215789111,2667.0
85713.90270798003,2667.0
85713.90270798003,2555.0
86013.90270798003,2555.0
86013.90270798003,2667.0
86400.000002,2667.0
# temp #3514
0.0,2234.0
61351.067973626785,2234.0
61351.067973626785,2555.0
82538.53670884857,2555.0
82538.53670884857,2429.0
82947.5178344641,2429.0
82947.5178344641,2555.0
86400.000002,2555.0
# temp #3515
0.0,2234.0
41337.31284700335,2234.0
41337.31284700335,2429.0
48237.31284700335,2429.0
48237.31284700335,2555.0
50037.31284700335,2555.0
50037.31284700335,2429.0
62937.31284700335,2429.0
62937.31284700335,2234.0
63237.31284700335,2234.0
63237.31284700335,2017.0
63537.31284700335,2017.0
63537.31284700335,2234.0
63837.31284700335,2234.0
63837.31284700335,2017.0
67512.0370748453,2017.0
67512.0370748453,2234.0
75752.20892156941,2234.0
75752.20892156941,2429.0
86400.000002,2429.0
# temp #3516
0.0,2234.0
7103.869388485329,2234.0
7103.869388485329,2667.0
43779.17088135146,2667.0
43779.17088135146,2555.0
44123.63122520038,2555.0
44123.63122520038,2667.0
61650.151092046886,2667.0
61650.151092046886,2555.0
62250.151092046886,2555.0
62250.151092046886,2667.0
79758.27268394643,2667.0
79758.27268394643,2555.0
80757.98106598669,2555.0
80757.98106598669,2429.0
86400.0,2429.0
# temp #3517
0.0,2234.0
11333.943150239067,2234.0
11333.943150239067,2429.0
11806.7272241693,2429.0
11806.7272241693,2555.0
13461.525645805525,2555.0
13461.525645805525,2429.0
17408.370505669158,2429.0
17408.370505669158,2234.0
31966.886743647054,2234.0
31966.886743647054,2429.0
36708.1833689008,2429.0
36708.1833689008,2555.0
47592.55570513198,2555.0
47592.55570513198,2667.0
77004.44993055427,2667.0
77004.44993055427,2234.0
86400.000002,2234.0
# temp #3518
0.0,2234.0
56314.47881099303,2234.0
56314.47881099303,2883.0
58714.47881099303,2883.0
58714.47881099303,2667.0
73959.94619464038,2667.0
73959.94619464038,2555.0
86400.000002,2555.0
# temp #3519
0.0,2234.0
2878.16100048367,2234.0
2878.16100048367,2667.0
15820.123875676656,2667.0
15820.123875676656,2555.0
16296.028216718698,2555.0
16296.028216718698,2667.0
37493.50149084349,2667.0
37493.50149084349,2555.0
37793.50149084349,2555.0
37793.50149084349,2667.0
38093.50149084349,2667.0
38093.50149084349,2555.0
41393.50149084349,2555.0
41393.50149084349,2667.0
66893.50149084348,2667.0
66893.50149084348,2883.0
86400.000002,2883.0
# temp #3520
0.0,2234.0
41770.66754316912,2234.0
41770.66754316912,2017.0
62878.00689619036,2017.0
62878.00689619036,2234.0
78856.88114035876,2234.0
78856.88114035876,2017.0
86400.000002,2017.0
# temp #3521
0.0,2234.0
4396.063822670841,2234.0
4396.063822670841,2667.0
40739.4581654342,2667.0
40739.4581654342,2555.0
41235.62261026819,2555.0
41235.62261026819,2667.0
75900.29085448479,2667.0
75900.29085448479,2555.0
76200.29085448479,2555.0
76200.29085448479,2667.0
77041.17833334023,2667.0
77041.17833334023,2555.0
77641.17833334023,2555.0
77641.17833334023,2667.0
86400.0,2667.0
# temp #3522
0.0,2234.0
7035.386816365646,2234.0
7035.386816365646,2667.0
7611.9534890865925,2667.0
7611.9534890865925,2555.0
8098.896294529552,2555.0
8098.896294529552,2667.0
10695.943544525655,2667.0
10695.943544525655,2555.0
10995.943544525655,2555.0
10995.943544525655,2667.0
11295.943544525655,2667.0
11295.943544525655,2555.0
14595.943544525655,2555.0
14595.943544525655,2667.0
40095.94354452565,2667.0
40095.94354452565,2883.0
86400.0,2883.0
# temp #3523
0.0,2234.0
38037.28211643175,2234.0
38037.28211643175,2017.0
73351.42877013424,2017.0
73351.42877013424,2234.0
75303.83166032845,2234.0
75303.83166032845,2017.0
86400.0,2017.0
# temp #3524
0.0,2234.0
5056.947345728987,2234.0
5056.947345728987,2667.0
49359.0924498858,2667.0
49359.0924498858,2555.0
50570.28612422292,2555.0
50570.28612422292,2429.0
70610.37106050646,2429.0
70610.37106050646,2883.0
86400.0,2883.0
# temp #3525
0.0,2234.0
8340.623318636792,2234.0
8340.623318636792,2883.0
9666.832742420958,2883.0
9666.832742420958,2667.0
19211.642092186958,2667.0
19211.642092186958,2883.0
19587.39190748893,2883.0
19587.39190748893,2429.0
39200.26546565351,2429.0
39200.26546565351,2555.0
55114.1699434491,2555.0
55114.1699434491,2429.0
86400.000002,2429.0
# temp #3526
0.0,2234.0
26967.5298627466,2234.0
26967.5298627466,2017.0
32609.876829246063,2017.0
32609.876829246063,2234.0
37716.834671935074,2234.0
37716.834671935074,2017.0
49543.89902818949,2017.0
49543.89902818949,2234.0
71846.20533948766,2234.0
71846.20533948766,2017.0
86400.0,2017.0
# temp #3527
0.0,2234.0
8521.899315482007,2234.0
8521.899315482007,2883.0
19621.899315482005,2883.0
19621.899315482005,2555.0
21124.361573578793,2555.0
21124.361573578793,2667.0
35763.97200899665,2667.0
35763.97200899665,2555.0
44869.51741988306,2555.0
44869.51741988306,2667.0
52751.65911745281,2667.0
52751.65911745281,2234.0
72929.29640673102,2234.0
72929.29640673102,2667.0
79419.56971997862,2667.0
79419.56971997862,2555.0
86400.000002,2555.0
# temp #3528
0.0,2234.0
2852.7443083701655,2234.0
2852.7443083701655,2883.0
13952.744308370166,2883.0
13952.744308370166,2555.0
26164.330002944916,2555.0
26164.330002944916,2429.0
33519.5307494374,2429.0
33519.5307494374,2555.0
51211.9955478469,2555.0
51211.9955478469,2667.0
53967.731693736285,2667.0
53967.731693736285,2555.0
62874.36415746343,2555.0
62874.36415746343,2667.0
86400.0,2667.0
# temp #3529
0.0,2234.0
70045.17870303245,2234.0
70045.17870303245,2555.0
86400.000002,2555.0
# temp #3530
0.0,2234.0
2820.290889311582,2234.0
2820.290889311582,2883.0
4277.033661631867,2883.0
4277.033661631867,2667.0
12090.722963539883,2667.0
12090.722963539883,2883.0
47239.39990117215,2883.0
47239.39990117215,2429.0
84566.3778546732,2429.0
84566.3778546732,2555.0
86400.000002,2555.0
# temp #3531
0.0,2234.0
4812.777409935371,2234.0
4812.777409935371,2667.0
10921.839658124374,2667.0
10921.839658124374,2555.0
11440.986755350606,2555.0
11440.986755350606,2667.0
21702.910255081955,2667.0
21702.910255081955,2555.0
22302.910255081955,2555.0
22302.910255081955,2667.0
43332.65768825077,2667.0
43332.65768825077,2555.0
48432.55362748169,2555.0
48432.55362748169,2429.0
68982.02510364355,2429.0
68982.02510364355,2234.0
86400.0,2234.0
# temp #3532
0.0,2234.0
56622.296203603044,2234.0
56622.296203603044,2429.0
56946.02719007526,2429.0
56946.02719007526,2555.0
59227.22424028908,2555.0
59227.22424028908,2429.0
84213.78230061384,2429.0
84213.78230061384,2234.0
86400.000002,2234.0
# temp #3533
0.0,2234.0
32212.40512237419,2234.0
32212.40512237419,2555.0
35479.64884385002,2555.0
35479.64884385002,2429.0
35807.72075881251,2429.0
35807.72075881251,2555.0
37122.55676379428,2555.0
37122.55676379428,2429.0
38187.08746125922,2429.0
38187.08746125922,2555.0
38949.13796614856,2555.0
38949.13796614856,2429.0
39249.13796614856,2429.0
39249.13796614856,2555.0
59649.13796614856,2555.0
59649.13796614856,2429.0
59949.13796614856,2429.0
59949.13796614856,2555.0
60549.13796614856,2555.0
60549.13796614856,2667.0
86400.000002,2667.0
# temp #3534
0.0,2234.0
23340.244284993973,2234.0
23340.244284993973,2429.0
23755.635281349536,2429.0
23755.635281349536,2234.0
24629.272957309153,2234.0
24629.272957309153,2429.0
26382.854393566962,2429.0
26382.854393566962,2234.0
44272.034032316886,2234.0
44272.034032316886,2429.0
45285.143608809456,2429.0
45285.143608809456,2234.0
58466.34705138859,2234.0
58466.34705138859,2429.0
68013.83994575591,2429.0
68013.83994575591,2555.0
86400.0,2555.0
# temp #3535
0.0,2234.0
5861.338720447385,2234.0
5861.338720447385,2667.0
19806.855098088276,2667.0
19806.855098088276,2555.0
20183.67638702039,2555.0
20183.67638702039,2667.0
48001.64331689012,2667.0
48001.64331689012,2555.0
48301.64331689012,2555.0
48301.64331689012,2429.0
58207.70640671254,2429.0
58207.70640671254,2555.0
59860.77263331973,2555.0
59860.77263331973,2429.0
86400.0,2429.0
# temp #3536
0.0,2234.0
75692.54696806894,2234.0
75692.54696806894,2555.0
76972.87824475208,2555.0
76972.87824475208,2667.0
77571.63986081725,2667.0
77571.63986081725,2555.0
83571.63986081725,2555.0
83571.63986081725,2429.0
85971.63986081725,2429.0
85971.63986081725,2234.0
86400.0,2234.0
# temp #3537
0.0,2234.0
19030.84958223626,2234.0
19030.84958223626,2429.0
19630.84958223626,2429.0
19630.84958223626,2555.0
23052.381334360693,2555.0
23052.381334360693,2429.0
47242.23006726243,2429.0
47242.23006726243,2555.0
55644.851499516524,2555.0
55644.851499516524,2429.0
57922.26637615823,2429.0
57922.26637615823,2234.0
86400.000002,2234.0
# temp #3538
0.0,2234.0
50983.139904029675,2234.0
50983.139904029675,2555.0
66984.60514806212,2555.0
66984.60514806212,2667.0
81374.82110594866,2667.0
81374.82110594866,2234.0
86400.0,2234.0
# temp #3539
0.0,2234.0
13008.680989360439,2234.0
13008.680989360439,2555.0
49405.36208711565,2555.0
49405.36208711565,2429.0
49939.30317896885,2429.0
49939.30317896885,2555.0
53420.453448384076,2555.0
53420.453448384076,2429.0
54054.940180457204,2429.0
54054.940180457204,2555.0
55018.35597173777,2555.0
55018.35597173777,2429.0
55318.35597173777,2429.0
55318.35597173777,2555.0
75718.35597173776,2555.0
75718.35597173776,2429.0
76018.35597173776,2429.0
76018.35597173776,2555.0
76618.35597173776,2555.0
76618.35597173776,2667.0
86400.000002,2667.0
# temp #3540
0.0,2234.0
48483.25304863975,2234.0
48483.25304863975,2555.0
65542.28699253873,2555.0
65542.28699253873,2429.0
71893.6069155112,2429.0
71893.6069155112,2555.0
86400.000002,2555.0
# temp #3541
0.0,2234.0
38743.412871519104,2234.0
38743.412871519104,2883.0
41143.412871519104,2883.0
41143.412871519104,2667.0
70983.26442204416,2667.0
70983.26442204416,2555.0
84097.79864866288,2555.0
84097.79864866288,2667.0
86400.0,2667.0
# temp #3542
0.0,2234.0
5558.126490237192,2234.0
5558.126490237192,2667.0
27305.898957420144,2667.0
27305.898957420144,2555.0
28434.880768507723,2555.0
28434.880768507723,2667.0
54849.68100618572,2667.0
54849.68100618572,2555.0
55449.68100618572,2555.0
55449.68100618572,2667.0
75875.07409737447,2667.0
75875.07409737447,2555.0
80658.37160185912,2555.0
80658.37160185912,2429.0
86400.000002,2429.0
# temp #3543
0.0,2234.0
6799.590416438878,2234.0
6799.590416438878,2017.0
53396.52337892913,2017.0
53396.52337892913,2234.0
86400.0,2234.0
# temp #3544
0.0,2234.0
46113.7897257926,2234.0
46113.7897257926,2555.0
50380.63674252481,2555.0
50380.63674252481,2667.0
50922.96122750268,2667.0
50922.96122750268,2555.0
51222.96122750268,2555.0
51222.96122750268,2667.0
54822.96122750268,2667.0
54822.96122750268,2555.0
56322.96122750268,2555.0
56322.96122750268,2429.0
76209.26942552907,2429.0
76209.26942552907,2234.0
80105.58341906873,2234.0
80105.58341906873,2429.0
86400.0,2429.0
# temp #3545
0.0,2234.0
5880.146499769763,2234.0
5880.146499769763,2667.0
21779.648832860406,2667.0
21779.648832860406,2555.0
22130.148355267014,2555.0
22130.148355267014,2667.0
38922.80857230072,2667.0
38922.80857230072,2555.0
39522.80857230072,2555.0
39522.80857230072,2667.0
58706.34311197793,2667.0
58706.34311197793,2555.0
60864.7487854818,2555.0
60864.7487854818,2429.0
86400.0,2429.0
# temp #3546
0.0,2234.0
70099.86853434239,2234.0
70099.86853434239,2555.0
86400.000002,2555.0
# temp #3547
0.0,2234.0
5056.576055986808,2234.0
5056.576055986808,2017.0
5546.749450732023,2017.0
5546.749450732023,2234.0
12638.570598699154,2234.0
12638.570598699154,2017.0
23806.936134444553,2017.0
23806.936134444553,2234.0
29506.936134444553,2234.0
29506.936134444553,2429.0
30986.56287027989,2429.0
30986.56287027989,2555.0
35958.3179029869,2555.0
35958.3179029869,2667.0
38120.85126705934,2667.0
38120.85126705934,2555.0
56532.84463884775,2555.0
56532.84463884775,2667.0
86400.0,2667.0
# temp #3548
0.0,2234.0
2437.265410437249,2234.0
2437.265410437249,2555.0
8551.25748140272,2555.0
8551.25748140272,2429.0
8919.514117576184,2429.0
8919.514117576184,2555.0
11193.577363458464,2555.0
11193.577363458464,2429.0
12594.234934193084,2429.0
12594.234934193084,2555.0
13026.354135316798,2555.0
13026.354135316798,2429.0
13326.354135316798,2429.0
13326.354135316798,2555.0
13626.354135316798,2555.0
13626.354135316798,2429.0
14226.354135316798,2429.0
14226.354135316798,2555.0
16978.12530670781,2555.0
16978.12530670781,2429.0
21563.04013836198,2429.0
21563.04013836198,2555.0
32430.7055215817,2555.0
32430.7055215817,2667.0
52135.28206036427,2667.0
52135.28206036427,2555.0
59992.511422326796,2555.0
59992.511422326796,2429.0
86400.000002,2429.0
# temp #3549
0.0,2234.0
840.9619183279575,2234.0
840.9619183279575,2429.0
1324.9962149653586,2429.0
1324.9962149653586,2555.0
3155.1946474704896,2555.0
3155.1946474704896,2429.0
16657.81585278455,2429.0
16657.81585278455,2555.0
48827.61523984373,2555.0
48827.61523984373,2429.0
73130.74068306015,2429.0
73130.74068306015,2883.0
84147.06112495625,2883.0
84147.06112495625,2429.0
86400.000002,2429.0
# temp #3550
0.0,2234.0
21941.33811942302,2234.0
21941.33811942302,2429.0
28841.33811942302,2429.0
28841.33811942302,2555.0
30641.33811942302,2555.0
30641.33811942302,2429.0
43541.33811942302,2429.0
43541.33811942302,2234.0
43841.33811942302,2234.0
43841.33811942302,2017.0
44141.33811942302,2017.0
44141.33811942302,2234.0
44441.33811942302,2234.0
44441.33811942302,2017.0
57366.8589205714,2017.0
57366.8589205714,2234.0
59776.987702888444,2234.0
59776.987702888444,2667.0
85392.93843812776,2667.0
85392.93843812776,2555.0
86309.48391426356,2555.0
86309.48391426356,2429.0
86400.0,2429.0
# temp #3551
0.0,2234.0
19977.867215825245,2234.0
19977.867215825245,2429.0
20575.16824977938,2429.0
20575.16824977938,2234.0
21333.44201487489,2234.0
21333.44201487489,2429.0
26149.138454161584,2429.0
26149.138454161584,2234.0
26511.548011167906,2234.0
26511.548011167906,2429.0
26816.348131606355,2429.0
26816.348131606355,2234.0
56724.72163822968,2234.0
56724.72163822968,2429.0
76229.05151916204,2429.0
76229.05151916204,2234.0
86400.0,2234.0
# temp #3552
0.0,2234.0
1973.6620600568133,2234.0
1973.6620600568133,2555.0
32952.282555657446,2555.0
32952.282555657446,2429.0
33344.93214036339,2429.0
33344.93214036339,2555.0
47934.40211203416,2555.0
47934.40211203416,2429.0
48605.724022141665,2429.0
48605.724022141665,2234.0
59403.87879707852,2234.0
59403.87879707852,2429.0
71327.76667659638,2429.0
71327.76667659638,2555.0
86400.000002,2555.0
# temp #3553
0.0,2234.0
60561.113961157396,2234.0
60561.113961157396,2883.0
62961.113961157396,2883.0
62961.113961157396,2667.0
86400.0,2667.0
# temp #3554
0.0,2234.0
20055.219826893885,2234.0
20055.219826893885,2429.0
20456.5226955805,2429.0
20456.5226955805,2555.0
20787.01612860896,2555.0
20787.01612860896,2429.0
48074.85847715289,2429.0
48074.85847715289,2555.0
55421.67864879594,2555.0
55421.67864879594,2667.0
86400.000002,2667.0
# temp #3555
0.0,2234.0
2301.5462456038226,2234.0
2301.5462456038226,2667.0
6698.021475062707,2667.0
6698.021475062707,2555.0
7763.057338097135,2555.0
7763.057338097135,2429.0
32432.825779169805,2429.0
32432.825779169805,2555.0
36305.8777273167,2555.0
36305.8777273167,2429.0
56836.968357022866,2429.0
56836.968357022866,2555.0
62169.91148795934,2555.0
62169.91148795934,2429.0
86400.0,2429.0
# temp #3556
0.0,2234.0
7830.2042639348665,2234.0
7830.2042639348665,2017.0
36814.0348972287,2017.0
36814.0348972287,2234.0
50625.68986569532,2234.0
50625.68986569532,2017.0
86400.0,2017.0
# temp #3557
0.0,2234.0
36915.28569459916,2234.0
36915.28569459916,2429.0
37307.47734289617,2429.0
37307.47734289617,2234.0
37929.74728723057,2234.0
37929.74728723057,2429.0
40621.02277865634,2429.0
40621.02277865634,2234.0
41343.128064950004,2234.0
41343.128064950004,2429.0
42234.925336414024,2429.0
42234.925336414024,2555.0
42919.72755671014,2555.0
42919.72755671014,2429.0
43219.72755671014,2429.0
43219.72755671014,2555.0
44719.72755671014,2555.0
44719.72755671014,2429.0
54919.72755671014,2429.0
54919.72755671014,2234.0
86400.0,2234.0
# temp #3558
0.0,2234.0
7677.89593753405,2234.0
7677.89593753405,2883.0
18777.89593753405,2883.0
18777.89593753405,2555.0
22507.32877906412,2555.0
22507.32877906412,2429.0
62750.124481972314,2429.0
62750.124481972314,2883.0
86400.000002,2883.0
# temp #3559
0.0,2234.0
4315.555003168994,2234.0
4315.555003168994,2667.0
44231.53153492604,2667.0
44231.53153492604,2555.0
44809.797985036865,2555.0
44809.797985036865,2667.0
67504.99049657957,2667.0
67504.99049657957,2555.0
68104.99049657957,2555.0
68104.99049657957,2667.0
85791.64408212529,2667.0
85791.64408212529,2555.0
86400.0,2555.0
# temp #3560
0.0,2234.0
6759.473389503548,2234.0
6759.473389503548,2667.0
44117.8790758364,2667.0
44117.8790758364,2555.0
44711.73470187933,2555.0
44711.73470187933,2667.0
47385.3071164107,2667.0
47385.3071164107,2555.0
47685.3071164107,2555.0
47685.3071164107,2667.0
48316.48026094773,2667.0
48316.48026094773,2555.0
48916.48026094773,2555.0
48916.48026094773,2667.0
68103.7168880459,2667.0
68103.7168880459,2883.0
86400.0,2883.0
# temp #3561
0.0,2234.0
12594.283670210281,2234.0
12594.283670210281,2429.0
44694.28367021028,2429.0
44694.28367021028,2555.0
44994.28367021028,2555.0
44994.28367021028,2667.0
59550.505530880764,2667.0
59550.505530880764,2555.0
86400.000002,2555.0
# temp #3562
0.0,2234.0
55034.2315100832,2234.0
55034.2315100832,2883.0
57434.2315100832,2883.0
57434.2315100832,2667.0
83273.36640532596,2667.0
83273.36640532596,2883.0
86400.0,2883.0
# temp #3563
0.0,2234.0
53402.65780810733,2234.0
53402.65780810733,2555.0
65579.16249360425,2555.0
65579.16249360425,2429.0
66164.49242590462,2429.0
66164.49242590462,2555.0
86400.0,2555.0
# temp #3564
0.0,2234.0
3823.0480562662715,2234.0
3823.0480562662715,2667.0
42915.63625875861,2667.0
42915.63625875861,2555.0
44056.23907791451,2555.0
44056.23907791451,2667.0
78264.91433889607,2667.0
78264.91433889607,2555.0
78564.91433889607,2555.0
78564.91433889607,2667.0
78864.91433889607,2667.0
78864.91433889607,2555.0
82164.91433889607,2555.0
82164.91433889607,2667.0
86400.0,2667.0
# temp #3565
0.0,2234.0
33881.02073622868,2234.0
33881.02073622868,2017.0
86400.000002,2017.0
# temp #3566
0.0,2234.0
15196.378779318184,2234.0
15196.378779318184,2429.0
15796.378779318184,2429.0
15796.378779318184,2555.0
19838.834233861417,2555.0
19838.834233861417,2429.0
46095.298162987456,2429.0
46095.298162987456,2555.0
48603.895103791736,2555.0
48603.895103791736,2667.0
71085.51953835413,2667.0
71085.51953835413,2555.0
83880.53407352419,2555.0
83880.53407352419,2667.0
86400.0,2667.0
# temp #3567
0.0,2234.0
64366.277250694126,2234.0
64366.277250694126,2555.0
86400.0,2555.0
# temp #3568
0.0,2234.0
34235.924659436576,2234.0
34235.924659436576,2555.0
38845.25724027772,2555.0
38845.25724027772,2667.0
39159.57659168635,2667.0
39159.57659168635,2555.0
39459.57659168635,2555.0
39459.57659168635,2667.0
66159.57659168635,2667.0
66159.57659168635,2555.0
82059.57659168635,2555.0
82059.57659168635,2234.0
85659.57659168635,2234.0
85659.57659168635,2429.0
86400.0,2429.0
# temp #3569
0.0,2234.0
35737.84054806457,2234.0
35737.84054806457,2017.0
37351.58775919118,2017.0
37351.58775919118,2234.0
65385.76365108603,2234.0
65385.76365108603,2017.0
76516.3824111689,2017.0
76516.3824111689,2234.0
86400.0,2234.0
# temp #3570
0.0,2234.0
20476.214861869816,2234.0
20476.214861869816,2555.0
41094.260337855674,2555.0
41094.260337855674,2429.0
41599.70885845833,2429.0
41599.70885845833,2555.0
65467.27631378455,2555.0
65467.27631378455,2429.0
66365.16928737985,2429.0
66365.16928737985,2234.0
84823.41444098858,2234.0
84823.41444098858,2429.0
86400.0,2429.0
# temp #3571
0.0,2234.0
69500.88131083177,2234.0
69500.88131083177,2555.0
74180.45341945255,2555.0
74180.45341945255,2429.0
85421.1441603955,2429.0
85421.1441603955,2234.0
86021.1441603955,2234.0
86021.1441603955,2429.0
86400.000002,2429.0
# temp #3572
0.0,2234.0
34504.51812366956,2234.0
34504.51812366956,2555.0
68034.85645987095,2555.0
68034.85645987095,2429.0
68400.01202502755,2429.0
68400.01202502755,2555.0
86400.000002,2555.0
# temp #3573
0.0,2234.0
10972.135478979908,2234.0
10972.135478979908,2429.0
11481.131301471032,2429.0
11481.131301471032,2234.0
12380.428325710818,2234.0
12380.428325710818,2429.0
14295.887792855501,2429.0
14295.887792855501,2234.0
23629.964544042014,2234.0
23629.964544042014,2429.0
24439.598014089283,2429.0
24439.598014089283,2234.0
32833.61006034538,2234.0
32833.61006034538,2429.0
70124.38798346558,2429.0
70124.38798346558,2555.0
78343.00031424502,2555.0
78343.00031424502,2429.0
86400.000002,2429.0
# temp #3574
0.0,2234.0
40625.9253430646,2234.0
40625.9253430646,2555.0
68187.45238822886,2555.0
68187.45238822886,2429.0
68751.80448282046,2429.0
68751.80448282046,2555.0
72175.95477851575,2555.0
72175.95477851575,2429.0
73112.41617549678,2429.0
73112.41617549678,2555.0
73971.57828763594,2555.0
73971.57828763594,2429.0
74271.57828763594,2429.0
74271.57828763594,2555.0
74571.57828763594,2555.0
74571.57828763594,2429.0
75171.57828763594,2429.0
75171.57828763594,2555.0
78314.80130881538,2555.0
78314.80130881538,2429.0
86400.000002,2429.0
# temp #3575
0.0,2234.0
4716.447404748761,2234.0
4716.447404748761,2667.0
7681.324703525754,2667.0
7681.324703525754,2555.0
8200.480325147511,2555.0
8200.480325147511,2667.0
13226.527741737666,2667.0
13226.527741737666,2555.0
13526.527741737666,2555.0
13526.527741737666,2667.0
13826.527741737666,2667.0
13826.527741737666,2555.0
17126.527741737664,2555.0
17126.527741737664,2667.0
42626.527741737664,2667.0
42626.527741737664,2883.0
86400.0,2883.0
# temp #3576
0.0,2234.0
19225.641504395757,2234.0
19225.641504395757,2555.0
53685.51977416502,2555.0
53685.51977416502,2429.0
54236.83730231134,2429.0
54236.83730231134,2555.0
74809.85746260268,2555.0
74809.85746260268,2429.0
76250.81169416664,2429.0
76250.81169416664,2555.0
77631.6658242373,2555.0
77631.6658242373,2429.0
86400.0,2429.0
# temp #3577
0.0,2234.0
4245.903447875754,2234.0
4245.903447875754,2667.0
13052.579169790264,2667.0
13052.579169790264,2555.0
14234.70403819811,2555.0
14234.70403819811,2667.0
43188.02307439038,2667.0
43188.02307439038,2555.0
46188.02307439038,2555.0
46188.02307439038,2667.0
72288.02307439038,2667.0
72288.02307439038,2883.0
86400.0,2883.0
# temp #3578
0.0,2234.0
77127.29825314601,2234.0
77127.29825314601,2555.0
86400.000002,2555.0
# temp #3579
0.0,2234.0
7344.138814439067,2234.0
7344.138814439067,2883.0
7750.880925008097,2883.0
7750.880925008097,2667.0
15565.586011251437,2667.0
15565.586011251437,2883.0
24761.040373658765,2883.0
24761.040373658765,2667.0
55956.433803727865,2667.0
55956.433803727865,2555.0
60280.04594002852,2555.0
60280.04594002852,2667.0
78125.45285916423,2667.0
78125.45285916423,2555.0
86400.0,2555.0
# temp #3580
0.0,2234.0
52068.814331456095,2234.0
52068.814331456095,2555.0
66521.15215288942,2555.0
66521.15215288942,2429.0
86400.000002,2429.0
# temp #3581
0.0,2234.0
50792.0146255754,2234.0
50792.0146255754,2429.0
51162.33753506095,2429.0
51162.33753506095,2555.0
54034.59208812565,2555.0
54034.59208812565,2429.0
68383.53275789415,2429.0
68383.53275789415,2555.0
86400.0,2555.0
# temp #3582
0.0,2234.0
59770.65303835553,2234.0
59770.65303835553,2883.0
62170.65303835553,2883.0
62170.65303835553,2667.0
70535.55828428363,2667.0
70535.55828428363,2555.0
86400.0,2555.0
# temp #3583
0.0,2234.0
36556.33244679776,2234.0
36556.33244679776,2555.0
39960.966327111244,2555.0
39960.966327111244,2667.0
40466.45351531916,2667.0
40466.45351531916,2555.0
40766.45351531916,2555.0
40766.45351531916,2667.0
44366.45351531916,2667.0
44366.45351531916,2555.0
45866.45351531916,2555.0
45866.45351531916,2429.0
49278.45859613736,2429.0
49278.45859613736,2234.0
56796.75665530377,2234.0
56796.75665530377,2429.0
80298.64082406276,2429.0
80298.64082406276,2883.0
86400.000002,2883.0
# temp #3584
0.0,2234.0
8035.115970368499,2234.0
8035.115970368499,2883.0
19135.115970368497,2883.0
19135.115970368497,2555.0
42732.62328919955,2555.0
42732.62328919955,2429.0
82587.68042768353,2429.0
82587.68042768353,2883.0
86400.000002,2883.0
# temp #3585
0.0,2234.0
6161.912584234961,2234.0
6161.912584234961,2667.0
45672.365728626035,2667.0
45672.365728626035,2555.0
46929.50739492663,2555.0
46929.50739492663,2667.0
53937.8311079694,2667.0
53937.8311079694,2555.0
54537.8311079694,2555.0
54537.8311079694,2667.0
70613.91068904196,2667.0
70613.91068904196,2555.0
70939.51670585667,2555.0
70939.51670585667,2429.0
85396.87596035657,2429.0
85396.87596035657,2555.0
86400.000002,2555.0
# temp #3586
0.0,2234.0
5304.633009200917,2234.0
5304.633009200917,2883.0
6055.161934252829,2883.0
6055.161934252829,2667.0
18284.283514693383,2667.0
18284.283514693383,2883.0
31797.860274952844,2883.0
31797.860274952844,2429.0
71817.61209920516,2429.0
71817.61209920516,2883.0
74972.76397794487,2883.0
74972.76397794487,2429.0
86400.0,2429.0
# temp #3587
0.0,2234.0
15884.260844648818,2234.0
15884.260844648818,2555.0
19663.99181708694,2555.0
19663.99181708694,2667.0
25963.991817086935,2667.0
25963.991817086935,2555.0
27163.991817086935,2555.0
27163.991817086935,2429.0
70363.99181708694,2429.0
70363.99181708694,2234.0
86085.15873912256,2234.0
86085.15873912256,2429.0
86400.0,2429.0
# temp #3588
0.0,2234.0
55762.65864183661,2234.0
55762.65864183661,2883.0
58162.65864183661,2883.0
58162.65864183661,2667.0
79247.03635317275,2667.0
79247.03635317275,2555.0
86400.0,2555.0
# temp #3589
0.0,2234.0
46695.82665127237,2234.0
46695.82665127237,2555.0
49029.17200969533,2555.0
49029.17200969533,2667.0
49581.84134701733,2667.0
49581.84134701733,2555.0
49881.84134701733,2555.0
49881.84134701733,2667.0
53481.84134701733,2667.0
53481.84134701733,2555.0
54981.84134701733,2555.0
54981.84134701733,2429.0
56145.3834605869,2429.0
56145.3834605869,2234.0
84436.77243778949,2234.0
84436.77243778949,2429.0
86400.0,2429.0
# temp #3590
0.0,2234.0
9492.703456012534,2234.0
9492.703456012534,2017.0
26276.766894618057,2017.0
26276.766894618057,2234.0
48102.691005589455,2234.0
48102.691005589455,2017.0
86400.000002,2017.0
# temp #3591
0.0,2234.0
29259.51711048838,2234.0
29259.51711048838,2555.0
32395.18863265403,2555.0
32395.18863265403,2667.0
32978.038916783415,2667.0
32978.038916783415,2555.0
33278.038916783415,2555.0
33278.038916783415,2667.0
59978.03891678341,2667.0
59978.03891678341,2555.0
75878.03891678341,2555.0
75878.03891678341,2234.0
79478.03891678341,2234.0
79478.03891678341,2429.0
86400.0,2429.0
# temp #3592
0.0,2234.0
9918.739395844752,2234.0
9918.739395844752,2555.0
39966.64203086403,2555.0
39966.64203086403,2429.0
49160.19638681319,2429.0
49160.19638681319,2234.0
53923.973318142824,2234.0
53923.973318142824,2429.0
62813.730431464515,2429.0
62813.730431464515,2234.0
83040.82177570091,2234.0
83040.82177570091,2429.0
86210.83346041852,2429.0
86210.83346041852,2234.0
86400.0,2234.0
# temp #3593
0.0,2234.0
60435.42088628747,2234.0
60435.42088628747,2555.0
86400.0,2555.0
# temp #3594
0.0,2234.0
72711.05826676359,2234.0
72711.05826676359,2883.0
75111.05826676359,2883.0
75111.05826676359,2667.0
86043.97894798314,2667.0
86043.97894798314,2883.0
86400.000002,2883.0
# temp #3595
0.0,2234.0
17045.910991611894,2234.0
17045.910991611894,2429.0
17533.27575651929,2429.0
17533.27575651929,2234.0
18392.238283390183,2234.0
18392.238283390183,2429.0
18718.94225114957,2429.0
18718.94225114957,2234.0
25838.192923483442,2234.0
25838.192923483442,2429.0
26820.092625659894,2429.0
26820.092625659894,2555.0
27483.420944795947,2555.0
27483.420944795947,2429.0
27783.420944795947,2429.0
27783.420944795947,2555.0
29283.420944795947,2555.0
29283.420944795947,2429.0
39483.420944795944,2429.0
39483.420944795944,2234.0
86400.000002,2234.0
# temp #3596
0.0,2234.0
64882.64472205193,2234.0
64882.64472205193,2555.0
86400.0,2555.0
# temp #3597
0.0,2234.0
37265.99449343049,2234.0
37265.99449343049,2429.0
37565.99449343049,2429.0
37565.99449343049,2234.0
37845.823528664194,2234.0
37845.823528664194,2429.0
74535.0517258281,2429.0
74535.0517258281,2555.0
81149.0509825526,2555.0
81149.0509825526,2429.0
85867.29303456379,2429.0
85867.29303456379,2883.0
86400.0,2883.0
# temp #3598
0.0,2234.0
58680.85220663343,2234.0
58680.85220663343,2555.0
86400.0,2555.0
# temp #3599
0.0,2234.0
32307.056814339016,2234.0
32307.056814339016,2429.0
32907.05681433901,2429.0
32907.05681433901,2555.0
34756.988611724235,2555.0
34756.988611724235,2429.0
69278.19564579987,2429.0
69278.19564579987,2555.0
82645.50948143007,2555.0
82645.50948143007,2429.0
86400.0,2429.0
# temp #3600
0.0,2234.0
37465.28519564309,2234.0
37465.28519564309,2429.0
37872.74535717443,2429.0
37872.74535717443,2555.0
42821.19320193306,2555.0
42821.19320193306,2429.0
59220.370467309855,2429.0
59220.370467309855,2555.0
78377.74630913047,2555.0
78377.74630913047,2429.0
86400.0,2429.0
# temp #3601
0.0,2234.0
81598.6118714791,2234.0
81598.6118714791,2555.0
86400.0,2555.0
# temp #3602
0.0,2234.0
3456.880447897129,2234.0
3456.880447897129,2429.0
3897.811465733685,2429.0
3897.811465733685,2555.0
6919.581611850299,2555.0
6919.581611850299,2429.0
35389.63459781371,2429.0
35389.63459781371,2555.0
66013.34476580379,2555.0
66013.34476580379,2429.0
86400.0,2429.0
# temp #3603
0.0,2234.0
33724.2371804081,2234.0
33724.2371804081,2017.0
74698.31654224546,2017.0
74698.31654224546,2234.0
85831.47446857767,2234.0
85831.47446857767,2017.0
86400.000002,2017.0
# temp #3604
0.0,2234.0
15406.541256420318,2234.0
15406.541256420318,2883.0
15805.63424227294,2883.0
15805.63424227294,2667.0
19117.302719363946,2667.0
19117.302719363946,2883.0
26266.222024289895,2883.0
26266.222024289895,2667.0
32289.222291042104,2667.0
32289.222291042104,2555.0
48146.2271885248,2555.0
48146.2271885248,2429.0
65430.946956155836,2429.0
65430.946956155836,2555.0
73627.2982820403,2555.0
73627.2982820403,2667.0
86400.000002,2667.0
# temp #3605
0.0,2234.0
18767.91738336906,2234.0
18767.91738336906,2555.0
19618.398342607543,2555.0
19618.398342607543,2429.0
49009.49939084239,2429.0
49009.49939084239,2883.0
58844.86736068503,2883.0
58844.86736068503,2429.0
81939.51450765599,2429.0
81939.51450765599,2555.0
86400.000002,2555.0
# temp #3606
0.0,2234.0
52698.43288036064,2234.0
52698.43288036064,2555.0
56769.00843994227,2555.0
56769.00843994227,2667.0
66669.00843994226,2667.0
66669.00843994226,2555.0
71474.65099857656,2555.0
71474.65099857656,2429.0
86400.000002,2429.0
# temp #3607
0.0,2234.0
50002.779903681956,2234.0
50002.779903681956,2429.0
50549.970134510666,2429.0
50549.970134510666,2555.0
51873.34884123412,2555.0
51873.34884123412,2429.0
78956.78565264681,2429.0
78956.78565264681,2555.0
86400.0,2555.0
# temp #3608
0.0,2234.0
60338.03873781581,2234.0
60338.03873781581,2555.0
61070.061940932654,2555.0
61070.061940932654,2667.0
70970.06194093265,2667.0
70970.06194093265,2555.0
75455.18995360473,2555.0
75455.18995360473,2429.0
79731.37535888237,2429.0
79731.37535888237,2234.0
86400.0,2234.0
# temp #3609
0.0,2234.0
7791.867484222168,2234.0
7791.867484222168,2667.0
26695.95908441116,2667.0
26695.95908441116,2555.0
27319.12176890765,2555.0
27319.12176890765,2667.0
49503.08564335575,2667.0
49503.08564335575,2555.0
49803.08564335575,2555.0
49803.08564335575,2429.0
74154.86843332184,2429.0
74154.86843332184,2555.0
84204.5378731331,2555.0
84204.5378731331,2667.0
86400.0,2667.0
# temp #3610
0.0,2234.0
6297.001316654497,2234.0
6297.001316654497,2667.0
22576.345802564178,2667.0
22576.345802564178,2555.0
23758.9034521021,2555.0
23758.9034521021,2667.0
50465.94389704988,2667.0
50465.94389704988,2555.0
53465.94389704988,2555.0
53465.94389704988,2667.0
79565.94389704987,2667.0
79565.94389704987,2883.0
86400.0,2883.0
# temp #3611
0.0,2234.0
60328.530181688264,2234.0
60328.530181688264,2555.0
84602.94522831684,2555.0
84602.94522831684,2429.0
85175.28974837625,2429.0
85175.28974837625,2555.0
86400.000002,2555.0
# temp #3612
0.0,2234.0
17594.68905553222,2234.0
17594.68905553222,2017.0
42914.75105881692,2017.0
42914.75105881692,2234.0
70778.29869193958,2234.0
70778.29869193958,2017.0
86400.0,2017.0
# temp #3613
0.0,2234.0
48218.93866031896,2234.0
48218.93866031896,2883.0
50618.93866031896,2883.0
50618.93866031896,2667.0
82487.63726809993,2667.0
82487.63726809993,2555.0
86400.000002,2555.0
# temp #3614
0.0,2234.0
45540.765987359926,2234.0
45540.765987359926,2555.0
46204.290260165006,2555.0
46204.290260165006,2667.0
46554.57763960586,2667.0
46554.57763960586,2555.0
46854.57763960586,2555.0
46854.57763960586,2667.0
73554.57763960585,2667.0
73554.57763960585,2555.0
86400.000002,2555.0
# temp #3615
0.0,2234.0
23237.16775970534,2234.0
23237.16775970534,2017.0
54540.29353880324,2017.0
54540.29353880324,2234.0
84632.49215357938,2234.0
84632.49215357938,2017.0
86400.000002,2017.0
# temp #3616
0.0,2234.0
17030.955559853468,2234.0
17030.955559853468,2429.0
17330.955559853468,2429.0
17330.955559853468,2234.0
18082.52543304116,2234.0
18082.52543304116,2667.0
44254.420716315515,2667.0
44254.420716315515,2555.0
55517.35832663254,2555.0
55517.35832663254,2667.0
72423.2890018495,2667.0
72423.2890018495,2555.0
80446.9248146983,2555.0
80446.9248146983,2429.0
86400.000002,2429.0
# temp #3617
0.0,2234.0
38856.918147951365,2234.0
38856.918147951365,2555.0
73647.28776016274,2555.0
73647.28776016274,2429.0
86400.0,2429.0
# temp #3618
0.0,2234.0
41908.12967678067,2234.0
41908.12967678067,2555.0
46928.12764991541,2555.0
46928.12764991541,2667.0
47232.9276200384,2667.0
47232.9276200384,2555.0
53232.9276200384,2555.0
53232.9276200384,2429.0
55632.9276200384,2429.0
55632.9276200384,2234.0
59232.9276200384,2234.0
59232.9276200384,2429.0
60432.9276200384,2429.0
60432.9276200384,2234.0
66132.9276200384,2234.0
66132.9276200384,2429.0
86400.000002,2429.0
# temp #3619
0.0,2234.0
7917.365588969553,2234.0
7917.365588969553,2667.0
44840.18654627726,2667.0
44840.18654627726,2555.0
45699.12531645969,2555.0
45699.12531645969,2429.0
73024.41653790885,2429.0
73024.41653790885,2234.0
86400.0,2234.0
# temp #3620
0.0,2234.0
16832.052219612528,2234.0
16832.052219612528,2883.0
18215.68077129778,2883.0
18215.68077129778,2667.0
22951.489653065804,2667.0
22951.489653065804,2883.0
46848.511879448786,2883.0
46848.511879448786,2429.0
49387.453808519065,2429.0
49387.453808519065,2555.0
50523.04647944403,2555.0
50523.04647944403,2667.0
58191.12648353913,2667.0
58191.12648353913,2234.0
64842.822106042884,2234.0
64842.822106042884,2667.0
84583.39287154378,2667.0
84583.39287154378,2555.0
86400.0,2555.0
# temp #3621
0.0,2234.0
33669.858998456046,2234.0
33669.858998456046,2555.0
37491.77300480661,2555.0
37491.77300480661,2667.0
47391.77300480661,2667.0
47391.77300480661,2555.0
52052.97689249274,2555.0
52052.97689249274,2429.0
53473.25319636148,2429.0
53473.25319636148,2555.0
86400.000002,2555.0
# temp #3622
0.0,2234.0
2201.793446671218,2234.0
2201.793446671218,2667.0
17900.449551804923,2667.0
17900.449551804923,2555.0
19371.1814703187,2555.0
19371.1814703187,2667.0
44047.16059688945,2667.0
44047.16059688945,2555.0
44347.16059688945,2555.0
44347.16059688945,2429.0
81439.57551147325,2429.0
81439.57551147325,2555.0
86400.0,2555.0
# temp #3623
0.0,2234.0
41800.31980415807,2234.0
41800.31980415807,2429.0
42400.31980415807,2429.0
42400.31980415807,2555.0
46147.822298761464,2555.0
46147.822298761464,2429.0
63686.35814439041,2429.0
63686.35814439041,2555.0
86400.000002,2555.0
# temp #3624
0.0,2234.0
17630.163688631732,2234.0
17630.163688631732,2555.0
22190.20069765393,2555.0
22190.20069765393,2667.0
22523.032174073163,2667.0
22523.032174073163,2555.0
22823.032174073163,2555.0
22823.032174073163,2667.0
26423.032174073163,2667.0
26423.032174073163,2555.0
27923.032174073163,2555.0
27923.032174073163,2429.0
30188.980363681916,2429.0
30188.980363681916,2234.0
43073.46477443353,2234.0
43073.46477443353,2667.0
73165.9352732124,2667.0
73165.9352732124,2555.0
83793.50985994098,2555.0
83793.50985994098,2429.0
86400.000002,2429.0
# temp #3625
0.0,2234.0
64334.635965619236,2234.0
64334.635965619236,2555.0
80596.34098329116,2555.0
80596.34098329116,2234.0
86400.0,2234.0
# temp #3626
0.0,2234.0
80166.85986185913,2234.0
80166.85986185913,2555.0
86400.0,2555.0
# temp #3627
0.0,2234.0
4127.740691090004,2234.0
4127.740691090004,2667.0
51369.15018777364,2667.0
51369.15018777364,2555.0
52692.759123304866,2555.0
52692.759123304866,2667.0
79877.50329435804,2667.0
79877.50329435804,2555.0
80177.50329435804,2555.0
80177.50329435804,2667.0
80971.61598983222,2667.0
80971.61598983222,2555.0
81571.61598983222,2555.0
81571.61598983222,2667.0
86400.0,2667.0
# temp #3628
0.0,2234.0
18232.867483911105,2234.0
18232.867483911105,2429.0
25132.867483911105,2429.0
25132.867483911105,2555.0
26932.867483911105,2555.0
26932.867483911105,2429.0
39832.867483911105,2429.0
39832.867483911105,2234.0
40132.867483911105,2234.0
40132.867483911105,2017.0
40432.867483911105,2017.0
40432.867483911105,2234.0
40732.867483911105,2234.0
40732.867483911105,2017.0
41786.175889126025,2017.0
41786.175889126025,2234.0
43671.10497148242,2234.0
43671.10497148242,2429.0
61641.90882509574,2429.0
61641.90882509574,2555.0
77028.32654658705,2555.0
77028.32654658705,2667.0
86400.000002,2667.0
# temp #3629
0.0,2234.0
3369.007338560187,2234.0
3369.007338560187,2667.0
8280.61118165497,2667.0
8280.61118165497,2555.0
9752.424150262961,2555.0
9752.424150262961,2667.0
25972.914773016244,2667.0
25972.914773016244,2555.0
26272.914773016244,2555.0
26272.914773016244,2667.0
27043.249577446848,2667.0
27043.249577446848,2555.0
27643.249577446848,2555.0
27643.249577446848,2667.0
76775.73743022514,2667.0
76775.73743022514,2883.0
86400.0,2883.0
# temp #3630
0.0,2234.0
26808.13308991492,2234.0
26808.13308991492,2017.0
40070.84932895378,2017.0
40070.84932895378,2234.0
58859.40702650697,2234.0
58859.40702650697,2017.0
86400.0,2017.0
# temp #3631
0.0,2234.0
3963.294121529908,2234.0
3963.294121529908,2667.0
7407.611745223405,2667.0
7407.611745223405,2555.0
7981.0010463930685,2555.0
7981.0010463930685,2667.0
18947.391334595162,2667.0
18947.391334595162,2555.0
19247.391334595162,2555.0
19247.391334595162,2429.0
48910.62530237251,2429.0
48910.62530237251,2883.0
49628.734631789855,2883.0
49628.734631789855,2667.0
86400.0,2667.0
# temp #3632
0.0,2234.0
54072.51797451173,2234.0
54072.51797451173,2429.0
54372.51797451173,2429.0
54372.51797451173,2234.0
62316.915916115984,2234.0
62316.915916115984,2667.0
86400.0,2667.0
# temp #3633
0.0,2234.0
52895.51503413823,2234.0
52895.51503413823,2555.0
53557.549374829985,2555.0
53557.549374829985,2667.0
53876.763364579536,2667.0
53876.763364579536,2555.0
54176.763364579536,2555.0
54176.763364579536,2667.0
80876.76336457953,2667.0
80876.76336457953,2555.0
86400.000002,2555.0
# temp #3634
0.0,2234.0
29101.52260155883,2234.0
29101.52260155883,2555.0
32581.252197828147,2555.0
32581.252197828147,2667.0
38881.252197828144,2667.0
38881.252197828144,2555.0
40081.252197828144,2555.0
40081.252197828144,2429.0
83281.25219782814,2429.0
83281.25219782814,2234.0
86400.000002,2234.0
# temp #3635
0.0,2234.0
78122.99383061474,2234.0
78122.99383061474,2555.0
86400.000002,2555.0
# temp #3636
0.0,2234.0
30834.099326888103,2234.0
30834.099326888103,2017.0
45690.793433552615,2017.0
45690.793433552615,2234.0
82652.25164839068,2234.0
82652.25164839068,2017.0
86400.000002,2017.0
# temp #3637
0.0,2234.0
19661.78502060939,2234.0
19661.78502060939,2555.0
24652.795795560818,2555.0
24652.795795560818,2667.0
25057.792373048145,2667.0
25057.792373048145,2555.0
25357.792373048145,2555.0
25357.792373048145,2667.0
28957.792373048145,2667.0
28957.792373048145,2555.0
30457.792373048145,2555.0
30457.792373048145,2429.0
44514.06165543013,2429.0
44514.06165543013,2234.0
50787.66276547686,2234.0
50787.66276547686,2429.0
57476.7968032742,2429.0
57476.7968032742,2234.0
65254.05862808694,2234.0
65254.05862808694,2667.0
86400.0,2667.0
# temp #3638
0.0,2234.0
8209.677092218773,2234.0
8209.677092218773,2883.0
8898.943575122395,2883.0
8898.943575122395,2667.0
21056.37739130762,2667.0
21056.37739130762,2883.0
38876.466231211096,2883.0
38876.466231211096,2667.0
70779.11855787972,2667.0
70779.11855787972,2555.0
86400.000002,2555.0
# temp #3639
0.0,2234.0
15685.238243965436,2234.0
15685.238243965436,2883.0
17064.226335170682,2883.0
17064.226335170682,2667.0
29273.86431195774,2667.0
29273.86431195774,2883.0
36039.30089366623,2883.0
36039.30089366623,2667.0
41408.304709475495,2667.0
41408.304709475495,2234.0
55091.37907298283,2234.0
55091.37907298283,2429.0
82282.44589513635,2429.0
82282.44589513635,2555.0
86400.0,2555.0
# temp #3640
0.0,2234.0
6225.592379900628,2234.0
6225.592379900628,2667.0
23770.594906713817,2667.0
23770.594906713817,2555.0
24372.5549094379,2555.0
24372.5549094379,2667.0
56032.24188233727,2667.0
56032.24188233727,2555.0
56632.24188233727,2555.0
56632.24188233727,2667.0
76767.29587661104,2667.0
76767.29587661104,2555.0
81475.71188891308,2555.0
81475.71188891308,2429.0
82039.57180269064,2429.0
82039.57180269064,2883.0
86400.0,2883.0
# temp #3641
0.0,2234.0
70088.40714711697,2234.0
70088.40714711697,2555.0
86400.000002,2555.0
# temp #3642
0.0,2234.0
35269.067066721625,2234.0
35269.067066721625,2017.0
74320.34372719938,2017.0
74320.34372719938,2234.0
86400.0,2234.0
# temp #3643
0.0,2234.0
65237.63956781478,2234.0
65237.63956781478,2555.0
66289.2637061421,2555.0
66289.2637061421,2429.0
86400.000002,2429.0
# temp #3644
0.0,2234.0
40844.973162096,2234.0
40844.973162096,2555.0
44935.05842210726,2555.0
44935.05842210726,2667.0
54835.05842210726,2667.0
54835.05842210726,2555.0
59242.821227107204,2555.0
59242.821227107204,2429.0
64868.381338077605,2429.0
64868.381338077605,2555.0
67235.80101539848,2555.0
67235.80101539848,2667.0
86400.000002,2667.0
# temp #3645
0.0,2234.0
23671.42007220537,2234.0
23671.42007220537,2555.0
28088.17648929544,2555.0
28088.17648929544,2667.0
28534.46725260001,2667.0
28534.46725260001,2555.0
28834.46725260001,2555.0
28834.46725260001,2667.0
55534.46725260001,2667.0
55534.46725260001,2555.0
71434.4672526,2555.0
71434.4672526,2234.0
75034.4672526,2234.0
75034.4672526,2429.0
84934.4672526,2429.0
84934.4672526,2555.0
85534.4672526,2555.0
85534.4672526,2667.0
86400.000002,2667.0
# temp #3646
0.0,2234.0
40193.452460342094,2234.0
40193.452460342094,2555.0
45378.01684790757,2555.0
45378.01684790757,2667.0
45880.637119570754,2667.0
45880.637119570754,2555.0
46180.637119570754,2555.0
46180.637119570754,2667.0
49780.637119570754,2667.0
49780.637119570754,2555.0
51280.637119570754,2555.0
51280.637119570754,2429.0
68136.86036593282,2429.0
68136.86036593282,2234.0
68828.7302650977,2234.0
68828.7302650977,2667.0
86400.0,2667.0
# temp #3647
0.0,2234.0
21247.421438083988,2234.0
21247.421438083988,2555.0
56315.06901250688,2555.0
56315.06901250688,2429.0
86400.0,2429.0
# temp #3648
0.0,2234.0
31361.573106190193,2234.0
31361.573106190193,2429.0
31661.573106190193,2429.0
31661.573106190193,2234.0
42177.38006310538,2234.0
42177.38006310538,2429.0
64720.07375392132,2429.0
64720.07375392132,2555.0
73301.58041627148,2555.0
73301.58041627148,2667.0
86400.0,2667.0
# temp #3649
0.0,2234.0
20097.506736475047,2234.0
20097.506736475047,2429.0
20397.506736475047,2429.0
20397.506736475047,2234.0
39797.64012980741,2234.0
39797.64012980741,2667.0
60755.7745124912,2667.0
60755.7745124912,2555.0
76142.56208238659,2555.0
76142.56208238659,2667.0
77602.97344475986,2667.0
77602.97344475986,2555.0
86400.000002,2555.0
# temp #3650
0.0,2234.0
34834.4200459309,2234.0
34834.4200459309,2017.0
85545.30334244484,2017.0
85545.30334244484,2234.0
86400.0,2234.0
# temp #3651
0.0,2234.0
63614.58339302336,2234.0
63614.58339302336,2555.0
86400.000002,2555.0
# temp #3652
0.0,2234.0
41912.122418778024,2234.0
41912.122418778024,2555.0
59038.12468154357,2555.0
59038.12468154357,2429.0
59373.06252785494,2429.0
59373.06252785494,2555.0
68698.18514459768,2555.0
68698.18514459768,2429.0
69387.89151418024,2429.0
69387.89151418024,2234.0
86400.000002,2234.0
# temp #3653
0.0,2234.0
7666.57328051515,2234.0
7666.57328051515,2429.0
39766.57328051515,2429.0
39766.57328051515,2555.0
40066.57328051515,2555.0
40066.57328051515,2667.0
73381.55290426221,2667.0
73381.55290426221,2555.0
86400.0,2555.0
# temp #3654
0.0,2234.0
66952.45139971377,2234.0
66952.45139971377,2555.0
86400.0,2555.0
# temp #3655
0.0,2234.0
69417.9027794162,2234.0
69417.9027794162,2555.0
86400.0,2555.0
# temp #3656
0.0,2234.0
72752.57753343323,2234.0
72752.57753343323,2555.0
86400.0,2555.0
# temp #3657
0.0,2234.0
83421.26857659315,2234.0
83421.26857659315,2555.0
84342.73129252253,2555.0
84342.73129252253,2667.0
86400.000002,2667.0
# temp #3658
0.0,2234.0
51274.164727167234,2234.0
51274.164727167234,2429.0
83374.16472716723,2429.0
83374.16472716723,2555.0
83674.16472716723,2555.0
83674.16472716723,2667.0
86400.0,2667.0
# temp #3659
0.0,2234.0
9414.126503630543,2234.0
9414.126503630543,2429.0
9714.126503630543,2429.0
9714.126503630543,2234.0
43148.036244534895,2234.0
43148.036244534895,2429.0
57298.2658419991,2429.0
57298.2658419991,2883.0
83409.20716433322,2883.0
83409.20716433322,2429.0
86400.000002,2429.0
# temp #3660
0.0,2234.0
54936.375414580114,2234.0
54936.375414580114,2555.0
86400.000002,2555.0
# temp #3661
0.0,2234.0
38813.91247089487,2234.0
38813.91247089487,2555.0
63968.34407493008,2555.0
63968.34407493008,2429.0
86400.0,2429.0
# temp #3662
0.0,2234.0
7683.542438037694,2234.0
7683.542438037694,2883.0
18783.542438037694,2883.0
18783.542438037694,2555.0
34007.85606522113,2555.0
34007.85606522113,2667.0
45971.61919386126,2667.0
45971.61919386126,2555.0
50825.49527976663,2555.0
50825.49527976663,2429.0
86400.0,2429.0
# temp #3663
0.0,2234.0
6082.951142359526,2234.0
6082.951142359526,2429.0
6524.17458894197,2429.0
6524.17458894197,2555.0
8046.272382535973,2555.0
8046.272382535973,2429.0
19400.597951794047,2429.0
19400.597951794047,2555.0
34238.2094523171,2555.0
34238.2094523171,2429.0
44168.400227255195,2429.0
44168.400227255195,2555.0
50894.66286823154,2555.0
50894.66286823154,2429.0
70560.4749654187,2429.0
70560.4749654187,2555.0
86400.0,2555.0
# temp #3664
0.0,2234.0
83123.24732781855,2234.0
83123.24732781855,2555.0
86400.000002,2555.0
# temp #3665
0.0,2234.0
60328.19372636732,2234.0
60328.19372636732,2555.0
73009.94926895946,2555.0
73009.94926895946,2234.0
77150.62915608287,2234.0
77150.62915608287,2667.0
86400.000002,2667.0
# temp #3666
0.0,2234.0
33397.51396032517,2234.0
33397.51396032517,2429.0
33697.51396032517,2429.0
33697.51396032517,2234.0
54708.987880731016,2234.0
54708.987880731016,2429.0
58273.03850934842,2429.0
58273.03850934842,2555.0
83382.020117878,2555.0
83382.020117878,2429.0
86400.0,2429.0
# temp #3667
0.0,2234.0
7793.382273078898,2234.0
7793.382273078898,2667.0
12558.160362951461,2667.0
12558.160362951461,2555.0
13446.971745695922,2555.0
13446.971745695922,2667.0
25368.36395531428,2667.0
25368.36395531428,2555.0
25668.36395531428,2555.0
25668.36395531428,2667.0
26475.87466423866,2667.0
26475.87466423866,2555.0
27075.87466423866,2555.0
27075.87466423866,2667.0
53549.03776904104,2667.0
53549.03776904104,2234.0
73774.38482372092,2234.0
73774.38482372092,2429.0
78949.11356053782,2429.0
78949.11356053782,2555.0
86400.0,2555.0
# temp #3668
0.0,2234.0
17135.65693222918,2234.0
17135.65693222918,2017.0
33751.576655125245,2017.0
33751.576655125245,2234.0
35597.28090022691,2234.0
35597.28090022691,2017.0
85163.1429153029,2017.0
85163.1429153029,2234.0
86400.000002,2234.0
# temp #3669
0.0,2234.0
70811.73373195344,2234.0
70811.73373195344,2555.0
86400.000002,2555.0
# temp #3670
0.0,2234.0
67757.39312425723,2234.0
67757.39312425723,2555.0
86400.000002,2555.0
# temp #3671
0.0,2234.0
44212.3546505347,2234.0
44212.3546505347,2555.0
49051.63482211065,2555.0
49051.63482211065,2429.0
50513.99704352953,2429.0
50513.99704352953,2555.0
61852.570286043934,2555.0
61852.570286043934,2429.0
70368.09186015745,2429.0
70368.09186015745,2555.0
86351.25301138034,2555.0
86351.25301138034,2667.0
86400.0,2667.0
# temp #3672
0.0,2234.0
30577.887597517114,2234.0
30577.887597517114,2555.0
31314.408266614195,2555.0
31314.408266614195,2667.0
31772.071624011736,2667.0
31772.071624011736,2555.0
37772.07162401173,2555.0
37772.07162401173,2429.0
40172.07162401173,2429.0
40172.07162401173,2234.0
43772.07162401173,2234.0
43772.07162401173,2429.0
44972.07162401173,2429.0
44972.07162401173,2234.0
50672.07162401173,2234.0
50672.07162401173,2429.0
77816.74776950385,2429.0
77816.74776950385,2234.0
86400.000002,2234.0
# temp #3673
0.0,2234.0
26190.84991521668,2234.0
26190.84991521668,2429.0
58290.84991521668,2429.0
58290.84991521668,2555.0
58590.84991521668,2555.0
58590.84991521668,2667.0
62369.63221791667,2667.0
62369.63221791667,2234.0
86400.000002,2234.0
# temp #3674
0.0,2234.0
6394.016294740141,2234.0
6394.016294740141,2017.0
44397.17460139655,2017.0
44397.17460139655,2234.0
58227.611462725334,2234.0
58227.611462725334,2017.0
85143.58799471521,2017.0
85143.58799471521,2234.0
86400.000002,2234.0
# temp #3675
0.0,2234.0
8462.676108093003,2234.0
8462.676108093003,2667.0
10369.981137500146,2667.0
10369.981137500146,2555.0
11384.99099223409,2555.0
11384.99099223409,2429.0
16518.916136864576,2429.0
16518.916136864576,2555.0
22774.776345491413,2555.0
22774.776345491413,2667.0
53564.592621847994,2667.0
53564.592621847994,2883.0
69186.20531111957,2883.0
69186.20531111957,2667.0
81306.87225612348,2667.0
81306.87225612348,2555.0
86400.000002,2555.0
# temp #3676
0.0,2234.0
15970.886509283448,2234.0
15970.886509283448,2429.0
16501.122910575945,2429.0
16501.122910575945,2234.0
17352.060252078812,2234.0
17352.060252078812,2429.0
20478.269481263127,2429.0
20478.269481263127,2234.0
29685.948647442277,2234.0
29685.948647442277,2429.0
30601.63090168499,2429.0
30601.63090168499,2234.0
48391.60559701268,2234.0
48391.60559701268,2429.0
58219.673809153035,2429.0
58219.673809153035,2555.0
63638.201025989845,2555.0
63638.201025989845,2667.0
86400.0,2667.0
# temp #3677
0.0,2234.0
1045.7940458552912,2234.0
1045.7940458552912,2667.0
7666.716085723602,2667.0
7666.716085723602,2555.0
9068.562733079309,2555.0
9068.562733079309,2667.0
34570.728412270546,2667.0
34570.728412270546,2555.0
34870.728412270546,2555.0
34870.728412270546,2429.0
35737.72675374058,2429.0
35737.72675374058,2555.0
39466.35372913443,2555.0
39466.35372913443,2429.0
71181.19808728808,2429.0
71181.19808728808,2555.0
71332.29217724876,2555.0
71332.29217724876,2429.0
85949.7073529754,2429.0
85949.7073529754,2555.0
86400.000002,2555.0
# temp #3678
0.0,2234.0
13053.312196698973,2234.0
13053.312196698973,2883.0
24153.31219669897,2883.0
24153.31219669897,2555.0
29187.34532045201,2555.0
29187.34532045201,2429.0
42381.69806313235,2429.0
42381.69806313235,2555.0
65616.5716467658,2555.0
65616.5716467658,2429.0
68118.68984734175,2429.0
68118.68984734175,2667.0
69721.96993483232,2667.0
69721.96993483232,2555.0
85611.44725084306,2555.0
85611.44725084306,2667.0
86400.0,2667.0
# temp #3679
0.0,2234.0
24932.54968815018,2234.0
24932.54968815018,2429.0
25253.921535587873,2429.0
25253.921535587873,2555.0
28648.959844163623,2555.0
28648.959844163623,2429.0
45003.05466405117,2429.0
45003.05466405117,2555.0
45601.037662150346,2555.0
45601.037662150346,2667.0
86400.0,2667.0
# temp #3680
0.0,2234.0
23420.295795192946,2234.0
23420.295795192946,2429.0
55520.29579519294,2429.0
55520.29579519294,2555.0
55820.29579519294,2555.0
55820.29579519294,2667.0
62949.388564797126,2667.0
62949.388564797126,2555.0
68837.91607185267,2555.0
68837.91607185267,2667.0
75556.21902707499,2667.0
75556.21902707499,2555.0
82771.93793670741,2555.0
82771.93793670741,2429.0
86400.000002,2429.0
# temp #3681
0.0,2234.0
79776.35418595748,2234.0
79776.35418595748,2883.0
82176.35418595748,2883.0
82176.35418595748,2667.0
86400.0,2667.0
# temp #3682
0.0,2234.0
13768.753957701849,2234.0
13768.753957701849,2555.0
14459.913759282792,2555.0
14459.913759282792,2667.0
14848.211148334669,2667.0
14848.211148334669,2555.0
15148.211148334669,2555.0
15148.211148334669,2667.0
18748.211148334667,2667.0
18748.211148334667,2555.0
20248.211148334667,2555.0
20248.211148334667,2429.0
23023.817166849043,2429.0
23023.817166849043,2234.0
33299.46456577163,2234.0
33299.46456577163,2667.0
63229.13340311499,2667.0
63229.13340311499,2555.0
81107.56633614657,2555.0
81107.56633614657,2429.0
86400.0,2429.0
# temp #3683
0.0,2234.0
5924.916391214357,2234.0
5924.916391214357,2667.0
6716.537428856828,2667.0
6716.537428856828,2555.0
7823.348019202241,2555.0
7823.348019202241,2667.0
10202.470285445454,2667.0
10202.470285445454,2555.0
10502.470285445454,2555.0
10502.470285445454,2429.0
34159.70489687752,2429.0
34159.70489687752,2555.0
39841.456454107545,2555.0
39841.456454107545,2429.0
41456.43409355544,2429.0
41456.43409355544,2555.0
57220.87117717602,2555.0
57220.87117717602,2667.0
71595.28861069122,2667.0
71595.28861069122,2883.0
73859.28405204324,2883.0
73859.28405204324,2429.0
86400.0,2429.0
# temp #3684
0.0,2234.0
81515.6875618268,2234.0
81515.6875618268,2555.0
83420.73998528068,2555.0
83420.73998528068,2667.0
83836.7741685128,2667.0
83836.7741685128,2555.0
84136.7741685128,2555.0
84136.7741685128,2667.0
86400.000002,2667.0
# temp #3685
0.0,2234.0
4198.720469791443,2234.0
4198.720469791443,2667.0
33198.48962256219,2667.0
33198.48962256219,2555.0
33643.66626588162,2555.0
33643.66626588162,2667.0
51279.203783534474,2667.0
51279.203783534474,2555.0
54279.203783534474,2555.0
54279.203783534474,2667.0
80379.20378353447,2667.0
80379.20378353447,2883.0
86400.0,2883.0
# temp #3686
0.0,2234.0
56635.13066621964,2234.0
56635.13066621964,2555.0
86400.0,2555.0
# temp #3687
0.0,2234.0
7346.456168638544,2234.0
7346.456168638544,2667.0
31282.587779802278,2667.0
31282.587779802278,2555.0
31633.332979702398,2555.0
31633.332979702398,2667.0
61602.06062996296,2667.0
61602.06062996296,2555.0
62202.06062996296,2555.0
62202.06062996296,2667.0
79884.39731535038,2667.0
79884.39731535038,2555.0
83970.72118234356,2555.0
83970.72118234356,2429.0
84763.71093001218,2429.0
84763.71093001218,2555.0
86400.0,2555.0
# temp #3688
0.0,2234.0
63771.463183150634,2234.0
63771.463183150634,2555.0
67233.35833114108,2555.0
67233.35833114108,2429.0
67769.71002125648,2429.0
67769.71002125648,2555.0
84980.19490095323,2555.0
84980.19490095323,2429.0
85399.59738187028,2429.0
85399.59738187028,2234.0
86400.0,2234.0
# temp #3689
0.0,2234.0
36586.977352201946,2234.0
36586.977352201946,2429.0
37151.87049452216,2429.0
37151.87049452216,2555.0
42227.87372823805,2555.0
42227.87372823805,2429.0
61840.280892723255,2429.0
61840.280892723255,2555.0
65701.7174792709,2555.0
65701.7174792709,2429.0
82671.38695924079,2429.0
82671.38695924079,2555.0
86400.0,2555.0
# temp #3690
0.0,2234.0
82803.49995545113,2234.0
82803.49995545113,2555.0
86400.0,2555.0
# temp #3691
0.0,2234.0
15729.542532074267,2234.0
15729.542532074267,2555.0
38134.868691698655,2555.0
38134.868691698655,2429.0
38650.318913650706,2429.0
38650.318913650706,2555.0
41007.232177862905,2555.0
41007.232177862905,2429.0
41919.599389191724,2429.0
41919.599389191724,2234.0
49596.47651163396,2234.0
49596.47651163396,2429.0
55994.61688315497,2429.0
55994.61688315497,2555.0
66112.9032880068,2555.0
66112.9032880068,2667.0
86400.0,2667.0
# temp #3692
0.0,2234.0
13744.66664325446,2234.0
13744.66664325446,2017.0
32205.465691862635,2017.0
32205.465691862635,2234.0
37905.465691862635,2234.0
37905.465691862635,2429.0
73135.36842484029,2429.0
73135.36842484029,2555.0
86400.0,2555.0
# temp #3693
0.0,2234.0
12246.442515682429,2234.0
12246.442515682429,2017.0
54346.76891472191,2017.0
54346.76891472191,2234.0
73523.21890583263,2234.0
73523.21890583263,2017.0
86400.0,2017.0
# temp #3694
0.0,2234.0
5257.318582478912,2234.0
5257.318582478912,2555.0
24131.406720774252,2555.0
24131.406720774252,2429.0
24617.718048370447,2429.0
24617.718048370447,2555.0
26751.617329102013,2555.0
26751.617329102013,2429.0
27275.72945505381,2429.0
27275.72945505381,2555.0
27825.11350186542,2555.0
27825.11350186542,2429.0
28125.11350186542,2429.0
28125.11350186542,2555.0
29625.11350186542,2555.0
29625.11350186542,2429.0
39825.11350186542,2429.0
39825.11350186542,2234.0
86400.000002,2234.0
# temp #3695
0.0,2234.0
55633.04925507401,2234.0
55633.04925507401,2429.0
56201.2163411826,2429.0
56201.2163411826,2555.0
57314.367753267295,2555.0
57314.367753267295,2429.0
65534.193783067174,2429.0
65534.193783067174,2555.0
83367.55772971084,2555.0
83367.55772971084,2429.0
85831.50247111918,2429.0
85831.50247111918,2555.0
86400.000002,2555.0
# temp #3696
0.0,2234.0
5313.544701668435,2234.0
5313.544701668435,2667.0
8896.948715136388,2667.0
8896.948715136388,2555.0
10049.765606434086,2555.0
10049.765606434086,2667.0
16661.00500000175,2667.0
16661.00500000175,2555.0
16961.00500000175,2555.0
16961.00500000175,2667.0
17719.472999149002,2667.0
17719.472999149002,2555.0
18319.472999149002,2555.0
18319.472999149002,2667.0
47731.99038051535,2667.0
47731.99038051535,2883.0
54691.75189139788,2883.0
54691.75189139788,2429.0
67083.66661879701,2429.0
67083.66661879701,2234.0
75601.39078460635,2234.0
75601.39078460635,2429.0
86400.0,2429.0
# temp #3697
0.0,2234.0
7251.921477285215,2234.0
7251.921477285215,2429.0
7582.706781104208,2429.0
7582.706781104208,2555.0
9215.84038808942,2555.0
9215.84038808942,2429.0
22352.786097466018,2429.0
22352.786097466018,2555.0
36135.72531044484,2555.0
36135.72531044484,2429.0
66200.65519858619,2429.0
66200.65519858619,2555.0
66935.01907030588,2555.0
66935.01907030588,2429.0
79082.90566094221,2429.0
79082.90566094221,2555.0
86400.000002,2555.0
# temp #3698
0.0,2234.0
831.3139950390905,2234.0
831.3139950390905,2667.0
28430.496467021298,2667.0
28430.496467021298,2555.0
28958.432523091327,2555.0
28958.432523091327,2667.0
63382.29408881163,2667.0
63382.29408881163,2555.0
63682.29408881163,2555.0
63682.29408881163,2667.0
64431.36035576464,2667.0
64431.36035576464,2555.0
65031.36035576464,2555.0
65031.36035576464,2667.0
69128.82838770749,2667.0
69128.82838770749,2555.0
86400.0,2555.0
# temp #3699
0.0,2234.0
21119.24623413943,2234.0
21119.24623413943,2017.0
48858.32665781491,2017.0
48858.32665781491,2234.0
66288.11286133715,2234.0
66288.11286133715,2017.0
86400.000002,2017.0
# temp #3700
0.0,2234.0
33362.50679930672,2234.0
33362.50679930672,2555.0
61052.45516665747,2555.0
61052.45516665747,2429.0
86400.0,2429.0
# temp #3701
0.0,2234.0
20183.35203090683,2234.0
20183.35203090683,2017.0
73038.12445099467,2017.0
73038.12445099467,2234.0
86400.0,2234.0
# temp #3702
0.0,2234.0
37127.48248153367,2234.0
37127.48248153367,2017.0
84825.70901834407,2017.0
84825.70901834407,2234.0
86400.000002,2234.0
# temp #3703
0.0,2234.0
58712.11485704408,2234.0
58712.11485704408,2883.0
61112.11485704408,2883.0
61112.11485704408,2667.0
83800.59003350326,2667.0
83800.59003350326,2555.0
86400.0,2555.0
# temp #3704
0.0,2234.0
82659.64549595957,2234.0
82659.64549595957,2555.0
86400.0,2555.0
# temp #3705
0.0,2234.0
61733.997587207705,2234.0
61733.997587207705,2555.0
64711.16987478454,2555.0
64711.16987478454,2234.0
79446.62225539796,2234.0
79446.62225539796,2429.0
86400.000002,2429.0
# temp #3706
0.0,2234.0
6458.962315809914,2234.0
6458.962315809914,2667.0
19833.212702837776,2667.0
19833.212702837776,2555.0
20178.352689952593,2555.0
20178.352689952593,2667.0
55555.49402623439,2667.0
55555.49402623439,2555.0
55855.49402623439,2555.0
55855.49402623439,2667.0
56486.49887926878,2667.0
56486.49887926878,2555.0
57086.49887926878,2555.0
57086.49887926878,2667.0
69173.05040757639,2667.0
69173.05040757639,2555.0
86400.0,2555.0
# temp #3707
0.0,2234.0
14464.853930706162,2234.0
14464.853930706162,2883.0
15753.30736082979,2883.0
15753.30736082979,2667.0
21440.869699325416,2667.0
21440.869699325416,2883.0
50383.57980467846,2883.0
50383.57980467846,2429.0
60138.68101132104,2429.0
60138.68101132104,2555.0
65933.30792379567,2555.0
65933.30792379567,2667.0
86400.0,2667.0
# temp #3708
0.0,2234.0
2732.359944912605,2234.0
2732.359944912605,2883.0
3441.8504126602784,2883.0
3441.8504126602784,2667.0
14428.375760768542,2667.0
14428.375760768542,2883.0
32806.23689407949,2883.0
32806.23689407949,2667.0
52140.37284802181,2667.0
52140.37284802181,2234.0
58268.46487463919,2234.0
58268.46487463919,2667.0
63485.88931106498,2667.0
63485.88931106498,2555.0
75111.38304853813,2555.0
75111.38304853813,2429.0
86400.000002,2429.0
# temp #3709
0.0,2234.0
46587.29156248738,2234.0
46587.29156248738,2555.0
50523.35347670597,2555.0
50523.35347670597,2667.0
51079.40094096121,2667.0
51079.40094096121,2555.0
51379.40094096121,2555.0
51379.40094096121,2667.0
54979.40094096121,2667.0
54979.40094096121,2555.0
56479.40094096121,2555.0
56479.40094096121,2429.0
72118.70369708633,2429.0
72118.70369708633,2234.0
86263.26123580804,2234.0
86263.26123580804,2667.0
86400.0,2667.0
# temp #3710
0.0,2234.0
72281.69795055875,2234.0
72281.69795055875,2555.0
86400.0,2555.0
# temp #3711
0.0,2234.0
36373.89778469224,2234.0
36373.89778469224,2429.0
36901.17396202405,2429.0
36901.17396202405,2555.0
40614.85123049934,2555.0
40614.85123049934,2429.0
46895.37177504972,2429.0
46895.37177504972,2555.0
77404.2576524662,2555.0
77404.2576524662,2429.0
86400.000002,2429.0
# temp #3712
0.0,2234.0
62721.98943060358,2234.0
62721.98943060358,2555.0
63293.83768520784,2555.0
63293.83768520784,2667.0
69593.83768520784,2667.0
69593.83768520784,2555.0
70793.83768520784,2555.0
70793.83768520784,2429.0
86400.0,2429.0
# temp #3713
0.0,2234.0
15835.115853999745,2234.0
15835.115853999745,2883.0
17336.961265560243,2883.0
17336.961265560243,2667.0
25535.902930749584,2667.0
25535.902930749584,2883.0
58004.22351057643,2883.0
58004.22351057643,2429.0
81681.09328499997,2429.0
81681.09328499997,2883.0
86400.0,2883.0
# temp #3714
0.0,2234.0
22887.049468606714,2234.0
22887.049468606714,2429.0
29787.049468606714,2429.0
29787.049468606714,2555.0
31587.049468606714,2555.0
31587.049468606714,2429.0
44487.04946860671,2429.0
44487.04946860671,2234.0
44787.04946860671,2234.0
44787.04946860671,2017.0
45087.04946860671,2017.0
45087.04946860671,2234.0
45387.04946860671,2234.0
45387.04946860671,2017.0
59886.32586537861,2017.0
59886.32586537861,2234.0
66368.92092875205,2234.0
66368.92092875205,2667.0
74673.53709172459,2667.0
74673.53709172459,2555.0
86400.000002,2555.0
# temp #3715
0.0,2234.0
29871.405859664086,2234.0
29871.405859664086,2017.0
68111.42390258612,2017.0
68111.42390258612,2234.0
86400.0,2234.0
# temp #3716
0.0,2234.0
60127.73121795618,2234.0
60127.73121795618,2555.0
86400.000002,2555.0
# temp #3717
0.0,2234.0
4567.720918147826,2234.0
4567.720918147826,2667.0
40670.507997879766,2667.0
40670.507997879766,2555.0
41823.671793518595,2555.0
41823.671793518595,2667.0
50183.83424193599,2667.0
50183.83424193599,2555.0
50483.83424193599,2555.0
50483.83424193599,2667.0
51366.05481421576,2667.0
51366.05481421576,2555.0
51966.05481421576,2555.0
51966.05481421576,2667.0
60513.0386673147,2667.0
60513.0386673147,2234.0
64457.75527025109,2234.0
64457.75527025109,2667.0
79450.53722751328,2667.0
79450.53722751328,2555.0
86400.0,2555.0
# temp #3718
0.0,2234.0
35951.387334591716,2234.0
35951.387334591716,2429.0
36420.718574384235,2429.0
36420.718574384235,2555.0
38005.70894577541,2555.0
38005.70894577541,2429.0
56194.641748932205,2429.0
56194.641748932205,2234.0
86400.0,2234.0
# temp #3719
0.0,2234.0
30629.180614650253,2234.0
30629.180614650253,2555.0
66138.7726350222,2555.0
66138.7726350222,2429.0
85753.38282943705,2429.0
85753.38282943705,2234.0
86400.0,2234.0
# temp #3720
0.0,2234.0
41520.50605968107,2234.0
41520.50605968107,2555.0
58666.491175652496,2555.0
58666.491175652496,2429.0
67381.76625764465,2429.0
67381.76625764465,2234.0
67981.76625764465,2234.0
67981.76625764465,2429.0
70381.76625764465,2429.0
70381.76625764465,2555.0
80581.76625764465,2555.0
80581.76625764465,2667.0
86400.000002,2667.0
# temp #3721
0.0,2234.0
2786.812403099612,2234.0
2786.812403099612,2667.0
43145.782724954195,2667.0
43145.782724954195,2555.0
44568.740846961744,2555.0
44568.740846961744,2667.0
77936.20506296867,2667.0
77936.20506296867,2555.0
78236.20506296867,2555.0
78236.20506296867,2667.0
78536.20506296867,2667.0
78536.20506296867,2555.0
81836.20506296867,2555.0
81836.20506296867,2667.0
86400.0,2667.0
# temp #3722
0.0,2234.0
41642.63559691609,2234.0
41642.63559691609,2429.0
41942.63559691609,2429.0
41942.63559691609,2234.0
61606.58654586879,2234.0
61606.58654586879,2429.0
86400.0,2429.0
# temp #3723
0.0,2234.0
1960.2430657949299,2234.0
1960.2430657949299,2883.0
2634.77942221798,2883.0
2634.77942221798,2667.0
6138.022293196991,2667.0
6138.022293196991,2883.0
26088.24416077696,2883.0
26088.24416077696,2429.0
37763.9765476808,2429.0
37763.9765476808,2555.0
41658.18512085826,2555.0
41658.18512085826,2667.0
49790.94796038699,2667.0
49790.94796038699,2555.0
70486.064305692,2555.0
70486.064305692,2667.0
86400.000002,2667.0
# temp #3724
0.0,2234.0
77901.66400317104,2234.0
77901.66400317104,2555.0
78533.15169001,2555.0
78533.15169001,2429.0
78961.52939710302,2429.0
78961.52939710302,2555.0
86400.000002,2555.0
# temp #3725
0.0,2234.0
1972.0671391580256,2234.0
1972.0671391580256,2667.0
47065.9114234848,2667.0
47065.9114234848,2555.0
47644.163454486996,2555.0
47644.163454486996,2667.0
78506.6129187355,2667.0
78506.6129187355,2555.0
78806.6129187355,2555.0
78806.6129187355,2429.0
86400.0,2429.0
# temp #3726
0.0,2234.0
8086.305995425211,2234.0
8086.305995425211,2667.0
49810.0226456998,2667.0
49810.0226456998,2555.0
50216.47483378184,2555.0
50216.47483378184,2429.0
81734.21663325281,2429.0
81734.21663325281,2555.0
86400.000002,2555.0
# temp #3727
0.0,2234.0
49966.42484148034,2234.0
49966.42484148034,2555.0
70652.61965431274,2555.0
70652.61965431274,2429.0
71212.85250631628,2429.0
71212.85250631628,2555.0
86400.0,2555.0
# temp #3728
0.0,2234.0
73541.99216519484,2234.0
73541.99216519484,2555.0
86400.000002,2555.0
# temp #3729
0.0,2234.0
36211.82424423751,2234.0
36211.82424423751,2555.0
42521.40247758944,2555.0
42521.40247758944,2429.0
56945.44427704533,2429.0
56945.44427704533,2234.0
57545.44427704533,2234.0
57545.44427704533,2429.0
75845.44427704533,2429.0
75845.44427704533,2555.0
77345.44427704533,2555.0
77345.44427704533,2429.0
86400.000002,2429.0
# temp #3730
0.0,2234.0
17538.547718734484,2234.0
17538.547718734484,2883.0
19036.724770464938,2883.0
19036.724770464938,2667.0
24618.47073559184,2667.0
24618.47073559184,2883.0
40021.49074366317,2883.0
40021.49074366317,2429.0
47710.12678518892,2429.0
47710.12678518892,2883.0
70720.33517751844,2883.0
70720.33517751844,2429.0
86400.000002,2429.0
# temp #3731
0.0,2234.0
16394.6724585956,2234.0
16394.6724585956,2429.0
23294.672458595596,2429.0
23294.672458595596,2555.0
25094.672458595596,2555.0
25094.672458595596,2429.0
37994.672458595596,2429.0
37994.672458595596,2234.0
38294.672458595596,2234.0
38294.672458595596,2017.0
38594.672458595596,2017.0
38594.672458595596,2234.0
38894.672458595596,2234.0
38894.672458595596,2017.0
55393.846224015586,2017.0
55393.846224015586,2234.0
86400.0,2234.0
# temp #3732
0.0,2234.0
7671.826303331183,2234.0
7671.826303331183,2667.0
15215.14471555129,2667.0
15215.14471555129,2555.0
16712.47429288924,2555.0
16712.47429288924,2667.0
29560.331767913893,2667.0
29560.331767913893,2555.0
29860.331767913893,2555.0
29860.331767913893,2667.0
30677.33426140622,2667.0
30677.33426140622,2555.0
31277.33426140622,2555.0
31277.33426140622,2667.0
52305.92988354621,2667.0
52305.92988354621,2555.0
53014.821330341525,2555.0
53014.821330341525,2667.0
75682.65717602336,2667.0
75682.65717602336,2555.0
84046.87267388219,2555.0
84046.87267388219,2667.0
86400.0,2667.0
# temp #3733
0.0,2234.0
65462.889403780006,2234.0
65462.889403780006,2555.0
86400.0,2555.0
# temp #3734
0.0,2234.0
7011.886794772,2234.0
7011.886794772,2883.0
18111.886794772,2883.0
18111.886794772,2555.0
35947.580272564664,2555.0
35947.580272564664,2429.0
58224.351884122014,2429.0
58224.351884122014,2555.0
66682.31873482002,2555.0
66682.31873482002,2667.0
86400.000002,2667.0
# temp #3735
0.0,2234.0
5831.245755963028,2234.0
5831.245755963028,2883.0
7107.807181449608,2883.0
7107.807181449608,2667.0
15836.213129083626,2667.0
15836.213129083626,2883.0
27847.806697315536,2883.0
27847.806697315536,2667.0
33216.78506566677,2667.0
33216.78506566677,2234.0
35248.25352674816,2234.0
35248.25352674816,2667.0
63989.79526078329,2667.0
63989.79526078329,2234.0
83965.68613140845,2234.0
83965.68613140845,2429.0
86400.000002,2429.0
# temp #3736
0.0,2234.0
32689.752775453966,2234.0
32689.752775453966,2429.0
32989.75277545396,2429.0
32989.75277545396,2234.0
50569.1080185352,2234.0
50569.1080185352,2429.0
55173.207406327136,2429.0
55173.207406327136,2555.0
64546.75123288763,2555.0
64546.75123288763,2429.0
72277.99445337152,2429.0
72277.99445337152,2555.0
86400.000002,2555.0
# temp #3737
0.0,2234.0
1385.3579252259808,2234.0
1385.3579252259808,2667.0
35916.15518687759,2667.0
35916.15518687759,2555.0
36729.43326181267,2555.0
36729.43326181267,2667.0
69710.37996998058,2667.0
69710.37996998058,2555.0
70010.37996998058,2555.0
70010.37996998058,2667.0
70649.68426865527,2667.0
70649.68426865527,2555.0
71249.68426865527,2555.0
71249.68426865527,2667.0
86400.0,2667.0
# temp #3738
0.0,2234.0
21135.722898622047,2234.0
21135.722898622047,2429.0
21559.682513982993,2429.0
21559.682513982993,2555.0
25755.55967933033,2555.0
25755.55967933033,2429.0
52509.11856370513,2429.0
52509.11856370513,2555.0
86400.000002,2555.0
# temp #3739
0.0,2234.0
12357.183701545002,2234.0
12357.183701545002,2883.0
13366.87463745475,2883.0
13366.87463745475,2667.0
17257.417727122087,2667.0
17257.417727122087,2883.0
32246.14704041742,2883.0
32246.14704041742,2667.0
63712.44315183722,2667.0
63712.44315183722,2883.0
64514.85720849597,2883.0
64514.85720849597,2667.0
75352.26591371467,2667.0
75352.26591371467,2555.0
86400.0,2555.0
# temp #3740
0.0,2234.0
9957.209005113691,2234.0
9957.209005113691,2017.0
28959.090705541897,2017.0
28959.090705541897,2234.0
54793.913216376684,2234.0
54793.913216376684,2017.0
60454.44200746716,2017.0
60454.44200746716,2234.0
61792.006681580104,2234.0
61792.006681580104,2017.0
86400.0,2017.0
# temp #3741
0.0,2234.0
2999.2835424374794,2234.0
2999.2835424374794,2667.0
25001.325114467185,2667.0
25001.325114467185,2555.0
25831.207008683126,2555.0
25831.207008683126,2667.0
47406.05727822986,2667.0
47406.05727822986,2555.0
50406.05727822986,2555.0
50406.05727822986,2667.0
76506.05727822986,2667.0
76506.05727822986,2883.0
86400.000002,2883.0
# temp #3742
0.0,2234.0
6960.511788446457,2234.0
6960.511788446457,2883.0
8246.321110194549,2883.0
8246.321110194549,2667.0
11461.092069838196,2667.0
11461.092069838196,2883.0
20227.836992125962,2883.0
20227.836992125962,2667.0
26813.385806931186,2667.0
26813.385806931186,2555.0
37670.50566351973,2555.0
37670.50566351973,2667.0
54928.10316968245,2667.0
54928.10316968245,2555.0
56687.8892918816,2555.0
56687.8892918816,2667.0
76835.30018900057,2667.0
76835.30018900057,2555.0
86400.0,2555.0
# temp #3743
0.0,2234.0
33619.49407684152,2234.0
33619.49407684152,2555.0
58710.74201257435,2555.0
58710.74201257435,2429.0
59199.84278969934,2429.0
59199.84278969934,2555.0
68008.17600789016,2555.0
68008.17600789016,2429.0
69020.0067955535,2429.0
69020.0067955535,2234.0
76748.54989559391,2234.0
76748.54989559391,2667.0
79815.5857376056,2667.0
79815.5857376056,2234.0
86400.000002,2234.0
# temp #3744
0.0,2234.0
57480.68428672851,2234.0
57480.68428672851,2429.0
57999.87621484325,2429.0
57999.87621484325,2555.0
59630.01534556971,2555.0
59630.01534556971,2429.0
86400.000002,2429.0
# temp #3745
0.0,2234.0
25402.283640531827,2234.0
25402.283640531827,2017.0
53765.84543790669,2017.0
53765.84543790669,2234.0
75799.80846522377,2234.0
75799.80846522377,2017.0
86400.0,2017.0
# temp #3746
0.0,2234.0
44619.94409195614,2234.0
44619.94409195614,2555.0
46884.95951243677,2555.0
46884.95951243677,2667.0
47292.40548473318,2667.0
47292.40548473318,2555.0
47592.40548473318,2555.0
47592.40548473318,2667.0
51192.40548473318,2667.0
51192.40548473318,2555.0
52692.40548473318,2555.0
52692.40548473318,2429.0
58252.899825037464,2429.0
58252.899825037464,2234.0
86400.0,2234.0
# temp #3747
0.0,2234.0
82118.09700757732,2234.0
82118.09700757732,2555.0
86400.0,2555.0
# temp #3748
0.0,2234.0
5603.890186641366,2234.0
5603.890186641366,2667.0
50593.66568906699,2667.0
50593.66568906699,2555.0
51791.89406123479,2555.0
51791.89406123479,2667.0
70606.96288326291,2667.0
70606.96288326291,2555.0
71206.96288326291,2555.0
71206.96288326291,2667.0
85380.4245299427,2667.0
85380.4245299427,2555.0
86400.000002,2555.0
# temp #3749
0.0,2234.0
692.1263843541965,2234.0
692.1263843541965,2667.0
21902.732895151716,2667.0
21902.732895151716,2555.0
22551.244127028625,2555.0
22551.244127028625,2429.0
55089.95213268791,2429.0
55089.95213268791,2883.0
67369.18272937184,2883.0
67369.18272937184,2667.0
86400.000002,2667.0
# temp #3750
0.0,2234.0
36718.71529240162,2234.0
36718.71529240162,2429.0
43618.71529240162,2429.0
43618.71529240162,2555.0
45418.71529240162,2555.0
45418.71529240162,2429.0
58318.71529240162,2429.0
58318.71529240162,2234.0
58618.71529240162,2234.0
58618.71529240162,2017.0
58918.71529240162,2017.0
58918.71529240162,2234.0
59218.71529240162,2234.0
59218.71529240162,2017.0
69914.04951957522,2017.0
69914.04951957522,2234.0
86400.0,2234.0
# temp #3751
0.0,2234.0
20742.121323058385,2234.0
20742.121323058385,2429.0
21336.394286016006,2429.0
21336.394286016006,2555.0
24396.638350049037,2555.0
24396.638350049037,2429.0
41294.87061991823,2429.0
41294.87061991823,2555.0
64497.082846029676,2555.0
64497.082846029676,2429.0
86400.000002,2429.0
# temp #3752
0.0,2234.0
25942.570082377646,2234.0
25942.570082377646,2017.0
55937.69554160536,2017.0
55937.69554160536,2234.0
81599.7133428231,2234.0
81599.7133428231,2017.0
86400.0,2017.0
# temp #3753
0.0,2234.0
16230.391877260992,2234.0
16230.391877260992,2429.0
23130.39187726099,2429.0
23130.39187726099,2555.0
24930.39187726099,2555.0
24930.39187726099,2429.0
37830.39187726099,2429.0
37830.39187726099,2234.0
38130.39187726099,2234.0
38130.39187726099,2017.0
38430.39187726099,2017.0
38430.39187726099,2234.0
38730.39187726099,2234.0
38730.39187726099,2017.0
39083.291961438954,2017.0
39083.291961438954,2234.0
63758.17981213332,2234.0
63758.17981213332,2429.0
86400.000002,2429.0
# temp #3754
0.0,2234.0
53265.997214172974,2234.0
53265.997214172974,2429.0
53722.38759503235,2429.0
53722.38759503235,2555.0
54338.87267850806,2555.0
54338.87267850806,2429.0
69440.25904701558,2429.0
69440.25904701558,2555.0
75771.20677591303,2555.0
75771.20677591303,2429.0
86400.000002,2429.0
# temp #3755
0.0,2234.0
16597.995219309814,2234.0
16597.995219309814,2429.0
48697.995219309814,2429.0
48697.995219309814,2555.0
48997.995219309814,2555.0
48997.995219309814,2667.0
81564.14112278726,2667.0
81564.14112278726,2555.0
86400.0,2555.0
# temp #3756
0.0,2234.0
6872.53035020549,2234.0
6872.53035020549,2667.0
20535.558339580897,2667.0
20535.558339580897,2555.0
20895.029399637137,2555.0
20895.029399637137,2667.0
34031.93425100763,2667.0
34031.93425100763,2555.0
34331.93425100763,2555.0
34331.93425100763,2667.0
35190.16810997856,2667.0
35190.16810997856,2555.0
35790.16810997856,2555.0
35790.16810997856,2667.0
37036.35214171373,2667.0
37036.35214171373,2555.0
47031.75892573782,2555.0
47031.75892573782,2667.0
80773.83993607947,2667.0
80773.83993607947,2883.0
86400.0,2883.0
# temp #3757
0.0,2234.0
38175.95808450133,2234.0
38175.95808450133,2017.0
70457.98651739025,2017.0
70457.98651739025,2234.0
86400.000002,2234.0
# temp #3758
0.0,2234.0
28106.208701035943,2234.0
28106.208701035943,2555.0
63727.42944171188,2555.0
63727.42944171188,2429.0
86400.000002,2429.0
# temp #3759
0.0,2234.0
71296.61166225561,2234.0
71296.61166225561,2555.0
86400.000002,2555.0
# temp #3760
0.0,2234.0
49588.587373006165,2234.0
49588.587373006165,2555.0
75081.28831156065,2555.0
75081.28831156065,2429.0
75627.26942442825,2429.0
75627.26942442825,2555.0
86400.0,2555.0
# temp #3761
0.0,2234.0
29639.57712419797,2234.0
29639.57712419797,2429.0
30163.396871834997,2429.0
30163.396871834997,2555.0
33510.28309576214,2555.0
33510.28309576214,2429.0
51275.89470113163,2429.0
51275.89470113163,2555.0
84255.55222369732,2555.0
84255.55222369732,2429.0
86400.0,2429.0
# temp #3762
0.0,2234.0
46940.879001980655,2234.0
46940.879001980655,2429.0
47240.879001980655,2429.0
47240.879001980655,2234.0
78040.4960920103,2234.0
78040.4960920103,2429.0
79342.25568368567,2429.0
79342.25568368567,2234.0
86400.0,2234.0
# temp #3763
0.0,2234.0
10697.406598739328,2234.0
10697.406598739328,2017.0
20328.627269575376,2017.0
20328.627269575376,2234.0
43969.76708793082,2234.0
43969.76708793082,2017.0
67515.30333752745,2017.0
67515.30333752745,2234.0
86400.000002,2234.0
# temp #3764
0.0,2234.0
6796.647324110383,2234.0
6796.647324110383,2667.0
41598.939043167054,2667.0
41598.939043167054,2555.0
42299.71904789564,2555.0
42299.71904789564,2667.0
79146.33578339127,2667.0
79146.33578339127,2555.0
79746.33578339127,2555.0
79746.33578339127,2667.0
86400.0,2667.0
# temp #3765
0.0,2234.0
48629.08607963473,2234.0
48629.08607963473,2429.0
80729.08607963473,2429.0
80729.08607963473,2555.0
81029.08607963473,2555.0
81029.08607963473,2667.0
86400.0,2667.0
# temp #3766
0.0,2234.0
7618.0878218030575,2234.0
7618.0878218030575,2667.0
53838.819190277725,2667.0
53838.819190277725,2555.0
54295.64853755292,2555.0
54295.64853755292,2667.0
54955.30845453032,2667.0
54955.30845453032,2555.0
55255.30845453032,2555.0
55255.30845453032,2667.0
55895.795818744235,2667.0
55895.795818744235,2555.0
56495.795818744235,2555.0
56495.795818744235,2667.0
76074.23425025774,2667.0
76074.23425025774,2234.0
86400.0,2234.0
# temp #3767
0.0,2234.0
10661.844677827323,2234.0
10661.844677827323,2883.0
21761.84467782732,2883.0
21761.84467782732,2555.0
30486.73515496776,2555.0
30486.73515496776,2429.0
45367.22828317434,2429.0
45367.22828317434,2555.0
62258.632131479695,2555.0
62258.632131479695,2429.0
65464.75463658573,2429.0
65464.75463658573,2555.0
85997.840869613,2555.0
85997.840869613,2667.0
86400.0,2667.0
# temp #3768
0.0,2234.0
2636.7601749720056,2234.0
2636.7601749720056,2667.0
38134.22875260004,2667.0
38134.22875260004,2555.0
38727.99387727865,2555.0
38727.99387727865,2667.0
48991.69263762888,2667.0
48991.69263762888,2555.0
49291.69263762888,2555.0
49291.69263762888,2429.0
53159.09797127825,2429.0
53159.09797127825,2555.0
80082.96262614896,2555.0
80082.96262614896,2429.0
86400.000002,2429.0
# temp #3769
0.0,2234.0
45624.03989236337,2234.0
45624.03989236337,2429.0
46053.08548402973,2429.0
46053.08548402973,2555.0
47350.6652281154,2555.0
47350.6652281154,2429.0
48767.23480399233,2429.0
48767.23480399233,2555.0
77508.44441615047,2555.0
77508.44441615047,2429.0
86400.000002,2429.0
# temp #3770
0.0,2234.0
51897.41849976127,2234.0
51897.41849976127,2429.0
52325.35018182826,2429.0
52325.35018182826,2555.0
54488.329402799725,2555.0
54488.329402799725,2429.0
79031.71565984377,2429.0
79031.71565984377,2555.0
82910.8260438312,2555.0
82910.8260438312,2429.0
85257.05327815378,2429.0
85257.05327815378,2883.0
86400.0,2883.0
# temp #3771
0.0,2234.0
8233.304666262122,2234.0
8233.304666262122,2667.0
15008.353837137114,2667.0
15008.353837137114,2555.0
16476.656704419296,2555.0
16476.656704419296,2429.0
17450.126232812185,2429.0
17450.126232812185,2234.0
32265.13761228417,2234.0
32265.13761228417,2429.0
46204.39021806233,2429.0
46204.39021806233,2555.0
54256.270418129876,2555.0
54256.270418129876,2429.0
67404.60775941612,2429.0
67404.60775941612,2555.0
79333.66869231687,2555.0
79333.66869231687,2667.0
86400.000002,2667.0
# temp #3772
0.0,2234.0
25807.238634349782,2234.0
25807.238634349782,2017.0
74309.36538437383,2017.0
74309.36538437383,2234.0
86400.0,2234.0
# temp #3773
0.0,2234.0
27349.788590963002,2234.0
27349.788590963002,2429.0
27746.7718126718,2429.0
27746.7718126718,2555.0
29538.79213468172,2555.0
29538.79213468172,2429.0
54377.21292483621,2429.0
54377.21292483621,2555.0
65331.673369416974,2555.0
65331.673369416974,2667.0
86400.000002,2667.0
# temp #3774
0.0,2234.0
31328.34481587634,2234.0
31328.34481587634,2017.0
48632.09553128109,2017.0
48632.09553128109,2234.0
54538.77473613248,2234.0
54538.77473613248,2017.0
86400.0,2017.0
# temp #3775
0.0,2234.0
13184.615667094478,2234.0
13184.615667094478,2555.0
30873.770622373566,2555.0
30873.770622373566,2429.0
48057.2127411375,2429.0
48057.2127411375,2234.0
50302.042879792876,2234.0
50302.042879792876,2429.0
66244.52644845007,2429.0
66244.52644845007,2234.0
86400.0,2234.0
# temp #3776
0.0,2234.0
12128.904407727534,2234.0
12128.904407727534,2429.0
12518.253768444994,2429.0
12518.253768444994,2555.0
13141.961937979797,2555.0
13141.961937979797,2429.0
28220.964785967957,2429.0
28220.964785967957,2883.0
56514.97305419763,2883.0
56514.97305419763,2429.0
86400.0,2429.0
# temp #3777
0.0,2234.0
19105.1435290603,2234.0
19105.1435290603,2555.0
19462.08916981705,2555.0
19462.08916981705,2667.0
19845.643101911995,2667.0
19845.643101911995,2555.0
25845.643101911995,2555.0
25845.643101911995,2429.0
28245.643101911995,2429.0
28245.643101911995,2234.0
31845.643101911995,2234.0
31845.643101911995,2429.0
33045.64310191199,2429.0
33045.64310191199,2234.0
38745.64310191199,2234.0
38745.64310191199,2429.0
58774.9528733315,2429.0
58774.9528733315,2234.0
78067.1137543861,2234.0
78067.1137543861,2429.0
86400.000002,2429.0
# temp #3778
0.0,2234.0
66682.3019507574,2234.0
66682.3019507574,2555.0
86400.0,2555.0
# temp #3779
0.0,2234.0
5533.805252518506,2234.0
5533.805252518506,2017.0
31378.054448124025,2017.0
31378.054448124025,2234.0
48650.50973072649,2234.0
48650.50973072649,2017.0
64025.34254710191,2017.0
64025.34254710191,2234.0
74012.8459795844,2234.0
74012.8459795844,2017.0
86400.000002,2017.0
# temp #3780
0.0,2234.0
11711.411100416446,2234.0
11711.411100416446,2883.0
12740.816284460017,2883.0
12740.816284460017,2667.0
22821.348775969822,2667.0
22821.348775969822,2883.0
34423.0462930631,2883.0
34423.0462930631,2667.0
45788.751962129034,2667.0
45788.751962129034,2555.0
49098.96786259488,2555.0
49098.96786259488,2429.0
59027.41518449039,2429.0
59027.41518449039,2883.0
61518.66161981598,2883.0
61518.66161981598,2667.0
86400.0,2667.0
# temp #3781
0.0,2234.0
43512.666025827646,2234.0
43512.666025827646,2555.0
81912.6765219262,2555.0
81912.6765219262,2429.0
86400.0,2429.0
# temp #3782
0.0,2234.0
2249.86862721853,2234.0
2249.86862721853,2667.0
15124.285104987213,2667.0
15124.285104987213,2555.0
16272.280740668068,2555.0
16272.280740668068,2667.0
29643.673725519333,2667.0
29643.673725519333,2555.0
32643.673725519333,2555.0
32643.673725519333,2667.0
58743.67372551933,2667.0
58743.67372551933,2883.0
86400.0,2883.0
# temp #3783
0.0,2234.0
1953.3402284374463,2234.0
1953.3402284374463,2667.0
13226.157513423825,2667.0
13226.157513423825,2555.0
14353.424762631768,2555.0
14353.424762631768,2667.0
40113.523444673054,2667.0
40113.523444673054,2555.0
40413.523444673054,2555.0
40413.523444673054,2667.0
40713.523444673054,2667.0
40713.523444673054,2555.0
44013.523444673054,2555.0
44013.523444673054,2667.0
69513.52344467305,2667.0
69513.52344467305,2883.0
86400.0,2883.0
# temp #3784
0.0,2234.0
35095.12455866207,2234.0
35095.12455866207,2555.0
55158.342157560415,2555.0
55158.342157560415,2429.0
55725.78029211146,2429.0
55725.78029211146,2555.0
71931.87964386308,2555.0
71931.87964386308,2429.0
72735.47129330692,2429.0
72735.47129330692,2234.0
74040.39862453939,2234.0
74040.39862453939,2429.0
75495.68612580189,2429.0
75495.68612580189,2234.0
86400.000002,2234.0
# temp #3785
0.0,2234.0
752.5423341896385,2234.0
752.5423341896385,2667.0
9108.075642306358,2667.0
9108.075642306358,2555.0
9673.736107349396,2555.0
9673.736107349396,2667.0
46012.51078485512,2667.0
46012.51078485512,2555.0
46312.51078485512,2555.0
46312.51078485512,2667.0
46612.51078485512,2667.0
46612.51078485512,2555.0
49912.51078485512,2555.0
49912.51078485512,2667.0
75412.51078485511,2667.0
75412.51078485511,2883.0
86400.0,2883.0
# temp #3786
0.0,2234.0
18982.061468367465,2234.0
18982.061468367465,2429.0
19466.91409209743,2429.0
19466.91409209743,2234.0
20251.040175673552,2234.0
20251.040175673552,2429.0
22724.415105138905,2429.0
22724.415105138905,2234.0
25896.12842516508,2234.0
25896.12842516508,2429.0
26251.50770258624,2429.0
26251.50770258624,2234.0
55162.65582900961,2234.0
55162.65582900961,2429.0
86400.0,2429.0
# temp #3787
0.0,2234.0
47195.644568209544,2234.0
47195.644568209544,2429.0
47687.15087554884,2429.0
47687.15087554884,2555.0
52709.736576746225,2555.0
52709.736576746225,2429.0
79464.07236107627,2429.0
79464.07236107627,2555.0
86400.000002,2555.0
# temp #3788
0.0,2234.0
8690.900759375656,2234.0
8690.900759375656,2883.0
9922.54832738545,2883.0
9922.54832738545,2667.0
17097.34483107459,2667.0
17097.34483107459,2883.0
21040.573239116933,2883.0
21040.573239116933,2667.0
37163.990897289485,2667.0
37163.990897289485,2234.0
38582.488543144435,2234.0
38582.488543144435,2667.0
47898.48178611138,2667.0
47898.48178611138,2555.0
50696.55115068891,2555.0
50696.55115068891,2667.0
86400.0,2667.0
# temp #3789
0.0,2234.0
4349.497997621075,2234.0
4349.497997621075,2667.0
47169.13305222989,2667.0
47169.13305222989,2555.0
47693.939594831325,2555.0
47693.939594831325,2667.0
82599.39069931862,2667.0
82599.39069931862,2555.0
82899.39069931862,2555.0
82899.39069931862,2667.0
83581.15143463948,2667.0
83581.15143463948,2555.0
84181.15143463948,2555.0
84181.15143463948,2667.0
86400.000002,2667.0
# temp #3790
0.0,2234.0
43454.50508999639,2234.0
43454.50508999639,2555.0
54207.70790339448,2555.0
54207.70790339448,2429.0
54540.63408470248,2429.0
54540.63408470248,2555.0
61895.8173072897,2555.0
61895.8173072897,2429.0
62884.631009143784,2429.0
62884.631009143784,2234.0
86400.000002,2234.0
# temp #3791
0.0,2234.0
8101.552348164842,2234.0
8101.552348164842,2555.0
14626.823426457124,2555.0
14626.823426457124,2429.0
15036.842254595833,2429.0
15036.842254595833,2555.0
34489.28657909856,2555.0
34489.28657909856,2429.0
35362.23540483043,2429.0
35362.23540483043,2555.0
36797.49206872658,2555.0
36797.49206872658,2429.0
37097.49206872658,2429.0
37097.49206872658,2555.0
38597.49206872658,2555.0
38597.49206872658,2429.0
48797.49206872658,2429.0
48797.49206872658,2234.0
86400.0,2234.0
# temp #3792
0.0,2234.0
8091.3150245323795,2234.0
8091.3150245323795,2667.0
32551.981517742395,2667.0
32551.981517742395,2555.0
32927.774298540324,2555.0
32927.774298540324,2429.0
49599.83402083163,2429.0
49599.83402083163,2234.0
74869.07390370035,2234.0
74869.07390370035,2429.0
86400.0,2429.0
# temp #3793
0.0,2234.0
32968.74280411285,2234.0
32968.74280411285,2429.0
39868.742804112844,2429.0
39868.742804112844,2555.0
41668.742804112844,2555.0
41668.742804112844,2429.0
54568.742804112844,2429.0
54568.742804112844,2234.0
54868.742804112844,2234.0
54868.742804112844,2017.0
55168.742804112844,2017.0
55168.742804112844,2234.0
55468.742804112844,2234.0
55468.742804112844,2017.0
72991.90447221044,2017.0
72991.90447221044,2234.0
85914.77667235305,2234.0
85914.77667235305,2429.0
86400.000002,2429.0
# temp #3794
0.0,2234.0
4790.260403975845,2234.0
4790.260403975845,2667.0
23144.02978685685,2667.0
23144.02978685685,2555.0
23514.23286418431,2555.0
23514.23286418431,2667.0
31835.932258050896,2667.0
31835.932258050896,2555.0
34835.932258050896,2555.0
34835.932258050896,2667.0
60935.932258050896,2667.0
60935.932258050896,2883.0
86400.0,2883.0
# temp #3795
0.0,2234.0
11720.723337144593,2234.0
11720.723337144593,2555.0
16233.090049191382,2555.0
16233.090049191382,2429.0
16591.140817198906,2429.0
16591.140817198906,2555.0
33403.868749039255,2555.0
33403.868749039255,2429.0
34228.53575858754,2429.0
34228.53575858754,2234.0
38818.41690531001,2234.0
38818.41690531001,2429.0
56919.60867829622,2429.0
56919.60867829622,2883.0
86400.0,2883.0
# temp #3796
0.0,2234.0
6228.460114868359,2234.0
6228.460114868359,2883.0
6888.6477769352505,2883.0
6888.6477769352505,2667.0
9614.184800279327,2667.0
9614.184800279327,2883.0
24293.22144056205,2883.0
24293.22144056205,2667.0
57579.215012420915,2667.0
57579.215012420915,2883.0
85276.71682073272,2883.0
85276.71682073272,2429.0
86017.35691172074,2429.0
86017.35691172074,2555.0
86400.000002,2555.0
# temp #3797
0.0,2234.0
6213.801933405922,2234.0
6213.801933405922,2883.0
7956.789242941887,2883.0
7956.789242941887,2667.0
16400.393249094486,2667.0
16400.393249094486,2883.0
20735.101070255045,2883.0
20735.101070255045,2667.0
21628.012487967502,2667.0
21628.012487967502,2555.0
37188.27596346383,2555.0
37188.27596346383,2667.0
41067.42995402311,2667.0
41067.42995402311,2555.0
59461.17961630227,2555.0
59461.17961630227,2429.0
60638.23994910346,2429.0
60638.23994910346,2234.0
86400.000002,2234.0
# temp #3798
0.0,2234.0
40456.6962171346,2234.0
40456.6962171346,2429.0
40915.0225495454,2429.0
40915.0225495454,2234.0
41802.472047857016,2234.0
41802.472047857016,2429.0
46626.066586026,2429.0
46626.066586026,2234.0
62461.870716721765,2234.0
62461.870716721765,2429.0
63563.478758325815,2429.0
63563.478758325815,2234.0
66597.9202722665,2234.0
66597.9202722665,2667.0
86400.0,2667.0
# temp #3799
0.0,2234.0
17769.018023810353,2234.0
17769.018023810353,2883.0
18756.547523452904,2883.0
18756.547523452904,2667.0
27355.576062435288,2667.0
27355.576062435288,2883.0
44250.955960107975,2883.0
44250.955960107975,2667.0
56109.833398880444,2667.0
56109.833398880444,2555.0
61806.02573852521,2555.0
61806.02573852521,2429.0
77562.11569409353,2429.0
77562.11569409353,2555.0
82648.63049816342,2555.0
82648.63049816342,2429.0
86400.000002,2429.0
# temp #3800
0.0,2234.0
78610.69254821634,2234.0
78610.69254821634,2555.0
86400.000002,2555.0
# temp #3801
0.0,2234.0
67155.82481988241,2234.0
67155.82481988241,2555.0
70836.76528288053,2555.0
70836.76528288053,2667.0
71194.87856444904,2667.0
71194.87856444904,2555.0
71494.87856444904,2555.0
71494.87856444904,2667.0
75094.87856444904,2667.0
75094.87856444904,2555.0
76594.87856444904,2555.0
76594.87856444904,2429.0
86400.000002,2429.0
# temp #3802
0.0,2234.0
60388.92582391855,2234.0
60388.92582391855,2883.0
62788.92582391855,2883.0
62788.92582391855,2667.0
64720.31178020407,2667.0
64720.31178020407,2555.0
86400.000002,2555.0
# temp #3803
0.0,2234.0
19236.70949621592,2234.0
19236.70949621592,2429.0
19823.85745646898,2429.0
19823.85745646898,2555.0
23399.28004557733,2555.0
23399.28004557733,2429.0
30459.413348115057,2429.0
30459.413348115057,2555.0
54318.95989598707,2555.0
54318.95989598707,2429.0
83975.22862718908,2429.0
83975.22862718908,2555.0
86400.000002,2555.0
# temp #3804
0.0,2234.0
2929.7151355538517,2234.0
2929.7151355538517,2883.0
3568.4125425992534,2883.0
3568.4125425992534,2667.0
10253.979950537905,2667.0
10253.979950537905,2883.0
40314.639024459764,2883.0
40314.639024459764,2429.0
68112.46329231655,2429.0
68112.46329231655,2555.0
86161.23795902824,2555.0
86161.23795902824,2667.0
86400.000002,2667.0
# temp #3805
0.0,2234.0
2803.1084504211326,2234.0
2803.1084504211326,2667.0
27720.52469879855,2667.0
27720.52469879855,2555.0
28306.859581195753,2555.0
28306.859581195753,2667.0
56114.779486740015,2667.0
56114.779486740015,2555.0
56414.779486740015,2555.0
56414.779486740015,2667.0
56714.779486740015,2667.0
56714.779486740015,2555.0
60014.779486740015,2555.0
60014.779486740015,2667.0
85514.77948674001,2667.0
85514.77948674001,2883.0
86400.0,2883.0
# temp #3806
0.0,2234.0
34322.53125635908,2234.0
34322.53125635908,2017.0
72674.0395603236,2017.0
72674.0395603236,2234.0
82078.28087364325,2234.0
82078.28087364325,2017.0
86400.000002,2017.0
# temp #3807
0.0,2234.0
56165.10086848867,2234.0
56165.10086848867,2429.0
56465.10086848867,2429.0
56465.10086848867,2234.0
72519.6094677318,2234.0
72519.6094677318,2429.0
86400.0,2429.0
# temp #3808
0.0,2234.0
21936.591237620454,2234.0
21936.591237620454,2555.0
25640.865710587244,2555.0
25640.865710587244,2667.0
31940.865710587244,2667.0
31940.865710587244,2555.0
33140.86571058724,2555.0
33140.86571058724,2429.0
76340.86571058724,2429.0
76340.86571058724,2234.0
86400.000002,2234.0
# temp #3809
0.0,2234.0
20248.045471566733,2234.0
20248.045471566733,2555.0
24482.312401221137,2555.0
24482.312401221137,2667.0
24899.007767695006,2667.0
24899.007767695006,2555.0
25199.007767695006,2555.0
25199.007767695006,2667.0
28799.007767695006,2667.0
28799.007767695006,2555.0
30299.007767695006,2555.0
30299.007767695006,2429.0
41714.42522050348,2429.0
41714.42522050348,2234.0
65226.3547856128,2234.0
65226.3547856128,2429.0
86400.0,2429.0
# temp #3810
0.0,2234.0
10638.693691533992,2234.0
10638.693691533992,2883.0
21738.69369153399,2883.0
21738.69369153399,2555.0
30040.017538634133,2555.0
30040.017538634133,2667.0
63773.13354655636,2667.0
63773.13354655636,2555.0
66466.07906303836,2555.0
66466.07906303836,2667.0
86400.000002,2667.0
# temp #3811
0.0,2234.0
29899.469991261143,2234.0
29899.469991261143,2017.0
68473.54432661088,2017.0
68473.54432661088,2234.0
86400.0,2234.0
# temp #3812
0.0,2234.0
14733.87610113714,2234.0
14733.87610113714,2555.0
19540.756482328292,2555.0
19540.756482328292,2667.0
25840.756482328292,2667.0
25840.756482328292,2555.0
27040.756482328292,2555.0
27040.756482328292,2429.0
70240.75648232829,2429.0
70240.75648232829,2234.0
86400.0,2234.0
# temp #3813
0.0,2234.0
41700.54642988835,2234.0
41700.54642988835,2555.0
43326.591676916,2555.0
43326.591676916,2429.0
67318.46197515262,2429.0
67318.46197515262,2234.0
67618.46197515262,2234.0
67618.46197515262,2017.0
86400.0,2017.0
# temp #3814
0.0,2234.0
9038.288973527962,2234.0
9038.288973527962,2555.0
17718.276725825857,2555.0
17718.276725825857,2429.0
60263.37986898144,2429.0
60263.37986898144,2234.0
60863.37986898144,2234.0
60863.37986898144,2429.0
63263.37986898144,2429.0
63263.37986898144,2555.0
73463.37986898144,2555.0
73463.37986898144,2667.0
86400.000002,2667.0
# temp #3815
0.0,2234.0
39612.465491658084,2234.0
39612.465491658084,2017.0
86400.000002,2017.0
# temp #3816
0.0,2234.0
58452.73994388991,2234.0
58452.73994388991,2555.0
75486.76827396268,2555.0
75486.76827396268,2429.0
86400.000002,2429.0
# temp #3817
0.0,2234.0
12303.047382971274,2234.0
12303.047382971274,2555.0
44262.81604701654,2555.0
44262.81604701654,2429.0
44623.238306050196,2429.0
44623.238306050196,2555.0
56931.04030508549,2555.0
56931.04030508549,2429.0
58024.11861894653,2429.0
58024.11861894653,2555.0
58601.25828254969,2555.0
58601.25828254969,2429.0
86400.000002,2429.0
# temp #3818
0.0,2234.0
6847.420357028024,2234.0
6847.420357028024,2667.0
22593.80574175157,2667.0
22593.80574175157,2555.0
24038.013059506196,2555.0
24038.013059506196,2429.0
44523.78794602119,2429.0
44523.78794602119,2883.0
48011.206075642265,2883.0
48011.206075642265,2429.0
68484.98888004107,2429.0
68484.98888004107,2234.0
82736.20620570147,2234.0
82736.20620570147,2429.0
86400.0,2429.0
# temp #3819
0.0,2234.0
39121.73847171944,2234.0
39121.73847171944,2429.0
39633.314181910835,2429.0
39633.314181910835,2555.0
40649.45556563326,2555.0
40649.45556563326,2429.0
50963.526947214275,2429.0
50963.526947214275,2234.0
61796.73145192211,2234.0
61796.73145192211,2429.0
76620.61314017048,2429.0
76620.61314017048,2883.0
80514.53842904886,2883.0
80514.53842904886,2667.0
86400.000002,2667.0
# temp #3820
0.0,2234.0
22686.345171765428,2234.0
22686.345171765428,2429.0
23223.783185239885,2429.0
23223.783185239885,2234.0
23847.382761840712,2234.0
23847.382761840712,2429.0
26377.331469138157,2429.0
26377.331469138157,2234.0
27607.386963092726,2234.0
27607.386963092726,2429.0
28580.92688445468,2429.0
28580.92688445468,2555.0
29674.620639835488,2555.0
29674.620639835488,2429.0
29974.620639835488,2429.0
29974.620639835488,2555.0
50374.620639835484,2555.0
50374.620639835484,2429.0
50674.620639835484,2429.0
50674.620639835484,2555.0
51274.620639835484,2555.0
51274.620639835484,2667.0
61020.62813665253,2667.0
61020.62813665253,2555.0
80395.54092006292,2555.0
80395.54092006292,2667.0
86400.000002,2667.0
# temp #3821
0.0,2234.0
31159.05138063245,2234.0
31159.05138063245,2555.0
32183.76556069125,2555.0
32183.76556069125,2667.0
32496.911072451625,2667.0
32496.911072451625,2555.0
32796.91107245162,2555.0
32796.91107245162,2667.0
36396.91107245162,2667.0
36396.91107245162,2555.0
37896.91107245162,2555.0
37896.91107245162,2429.0
52801.81706326549,2429.0
52801.81706326549,2234.0
70526.38832931407,2234.0
70526.38832931407,2429.0
81594.43943747321,2429.0
81594.43943747321,2883.0
86400.000002,2883.0
# temp #3822
0.0,2234.0
67745.08067567367,2234.0
67745.08067567367,2555.0
81551.71810132451,2555.0
81551.71810132451,2234.0
86400.0,2234.0
# temp #3823
0.0,2234.0
2114.966396125965,2234.0
2114.966396125965,2667.0
38418.94379393198,2667.0
38418.94379393198,2555.0
39487.49229186215,2555.0
39487.49229186215,2667.0
53150.51565757022,2667.0
53150.51565757022,2555.0
53750.51565757022,2555.0
53750.51565757022,2667.0
69570.76126034373,2667.0
69570.76126034373,2555.0
70268.7067560386,2555.0
70268.7067560386,2429.0
82593.61320252066,2429.0
82593.61320252066,2555.0
85754.48939397467,2555.0
85754.48939397467,2429.0
86400.000002,2429.0
# temp #3824
0.0,2234.0
16326.097070658583,2234.0
16326.097070658583,2017.0
54163.714159419775,2017.0
54163.714159419775,2234.0
85816.83399989271,2234.0
85816.83399989271,2017.0
86400.000002,2017.0
# temp #3825
0.0,2234.0
32249.175859219402,2234.0
32249.175859219402,2555.0
34702.91220832151,2555.0
34702.91220832151,2667.0
35158.02612206899,2667.0
35158.02612206899,2555.0
35458.02612206899,2555.0
35458.02612206899,2667.0
39058.02612206899,2667.0
39058.02612206899,2555.0
40558.02612206899,2555.0
40558.02612206899,2429.0
46362.2326620156,2429.0
46362.2326620156,2234.0
59770.604119193755,2234.0
59770.604119193755,2667.0
82875.52762592678,2667.0
82875.52762592678,2883.0
86400.0,2883.0
# temp #3826
0.0,2234.0
28826.525019295517,2234.0
28826.525019295517,2555.0
34062.41518955213,2555.0
34062.41518955213,2667.0
40362.41518955213,2667.0
40362.41518955213,2555.0
41562.41518955213,2555.0
41562.41518955213,2429.0
84762.41518955212,2429.0
84762.41518955212,2234.0
86400.0,2234.0
# temp #3827
0.0,2234.0
46193.15251756926,2234.0
46193.15251756926,2555.0
69105.4903014796,2555.0
69105.4903014796,2429.0
86400.0,2429.0
# temp #3828
0.0,2234.0
3847.1208806382497,2234.0
3847.1208806382497,2555.0
14019.287236011589,2555.0
14019.287236011589,2429.0
14553.116536815653,2429.0
14553.116536815653,2555.0
36879.502703505575,2555.0
36879.502703505575,2429.0
37495.170056680225,2429.0
37495.170056680225,2234.0
54047.779220296085,2234.0
54047.779220296085,2667.0
57409.48198707776,2667.0
57409.48198707776,2234.0
69286.2260296941,2234.0
69286.2260296941,2429.0
84219.89058328328,2429.0
84219.89058328328,2555.0
86400.000002,2555.0
# temp #3829
0.0,2234.0
3043.43784051016,2234.0
3043.43784051016,2667.0
42932.78247804847,2667.0
42932.78247804847,2555.0
43805.80522406381,2555.0
43805.80522406381,2429.0
86400.0,2429.0
# temp #3830
0.0,2234.0
3556.9792172173043,2234.0
3556.9792172173043,2555.0
8398.149814526552,2555.0
8398.149814526552,2429.0
31467.491655866623,2429.0
31467.491655866623,2234.0
32067.491655866623,2234.0
32067.491655866623,2429.0
50367.49165586662,2429.0
50367.49165586662,2555.0
51867.49165586662,2555.0
51867.49165586662,2429.0
55607.53742640373,2429.0
55607.53742640373,2234.0
66485.16500105617,2234.0
66485.16500105617,2667.0
86400.000002,2667.0
# temp #3831
0.0,2234.0
2246.9571444438775,2234.0
2246.9571444438775,2667.0
18289.988969941624,2667.0
18289.988969941624,2555.0
19736.396344215613,2555.0
19736.396344215613,2667.0
45688.80515391939,2667.0
45688.80515391939,2555.0
46288.80515391939,2555.0
46288.80515391939,2667.0
65993.62554880792,2667.0
65993.62554880792,2555.0
67322.23301860505,2555.0
67322.23301860505,2429.0
76947.04554006459,2429.0
76947.04554006459,2234.0
86400.000002,2234.0
# temp #3832
0.0,2234.0
33396.077343681834,2234.0
33396.077343681834,2555.0
37684.25025385805,2555.0
37684.25025385805,2429.0
38278.26638091356,2429.0
38278.26638091356,2555.0
60259.7950261552,2555.0
60259.7950261552,2429.0
60792.81994462946,2429.0
60792.81994462946,2555.0
62090.94220544213,2555.0
62090.94220544213,2429.0
62390.94220544213,2429.0
62390.94220544213,2555.0
82790.94220544213,2555.0
82790.94220544213,2429.0
83090.94220544213,2429.0
83090.94220544213,2555.0
83690.94220544213,2555.0
83690.94220544213,2667.0
86400.000002,2667.0
# temp #3833
0.0,2234.0
5926.863686693833,2234.0
5926.863686693833,2017.0
24566.80643325672,2017.0
24566.80643325672,2234.0
39577.31320140884,2234.0
39577.31320140884,2017.0
58541.502631595366,2017.0
58541.502631595366,2234.0
86400.0,2234.0
# temp #3834
0.0,2234.0
78664.8017168278,2234.0
78664.8017168278,2555.0
79077.2707999684,2555.0
79077.2707999684,2667.0
86400.0,2667.0
# temp #3835
0.0,2234.0
81744.39470234794,2234.0
81744.39470234794,2555.0
86400.000002,2555.0
# temp #3836
0.0,2234.0
47906.45413377789,2234.0
47906.45413377789,2429.0
48208.527604560375,2429.0
48208.527604560375,2555.0
51106.79175190163,2555.0
51106.79175190163,2429.0
52168.70432028082,2429.0
52168.70432028082,2883.0
62876.15449160804,2883.0
62876.15449160804,2429.0
86400.000002,2429.0
# temp #3837
0.0,2234.0
5656.311833881774,2234.0
5656.311833881774,2667.0
33218.25580133591,2667.0
33218.25580133591,2555.0
33927.98858725,2555.0
33927.98858725,2667.0
36039.426181186,2667.0
36039.426181186,2555.0
36339.426181186,2555.0
36339.426181186,2429.0
71073.0582114542,2429.0
71073.0582114542,2555.0
86400.0,2555.0
# temp #3838
0.0,2234.0
2378.0946366023277,2234.0
2378.0946366023277,2667.0
22596.3464450324,2667.0
22596.3464450324,2555.0
23265.088846371513,2555.0
23265.088846371513,2667.0
34686.92450264935,2667.0
34686.92450264935,2555.0
34986.92450264935,2555.0
34986.92450264935,2429.0
42123.48256947008,2429.0
42123.48256947008,2555.0
44036.87965550926,2555.0
44036.87965550926,2429.0
64880.497824749924,2429.0
64880.497824749924,2883.0
75920.21876019427,2883.0
75920.21876019427,2429.0
78342.1527106315,2429.0
78342.1527106315,2234.0
86400.000002,2234.0
# temp #3839
0.0,2234.0
7796.564892469906,2234.0
7796.564892469906,2555.0
30483.862236631106,2555.0
30483.862236631106,2429.0
31018.471281998794,2429.0
31018.471281998794,2555.0
54171.71772310977,2555.0
54171.71772310977,2429.0
54564.94042812847,2429.0
54564.94042812847,2234.0
60599.388631875634,2234.0
60599.388631875634,2429.0
65214.844436547726,2429.0
65214.844436547726,2234.0
80908.3658399759,2234.0
80908.3658399759,2667.0
86400.0,2667.0
# temp #3840
0.0,2234.0
1504.6003777999433,2234.0
1504.6003777999433,2667.0
37807.49863148668,2667.0
37807.49863148668,2555.0
38806.96681695991,2555.0
38806.96681695991,2667.0
73916.36996311137,2667.0
73916.36996311137,2555.0
74216.36996311137,2555.0
74216.36996311137,2429.0
86400.000002,2429.0
# temp #3841
0.0,2234.0
36320.54501564708,2234.0
36320.54501564708,2429.0
36675.45175699052,2429.0
36675.45175699052,2555.0
40134.60715112743,2555.0
40134.60715112743,2429.0
52807.07620675676,2429.0
52807.07620675676,2555.0
56157.60442202446,2555.0
56157.60442202446,2429.0
83254.98188899366,2429.0
83254.98188899366,2234.0
86400.000002,2234.0
# temp #3842
0.0,2234.0
19153.686006856155,2234.0
19153.686006856155,2429.0
19695.321446587335,2429.0
19695.321446587335,2555.0
24433.56725305785,2555.0
24433.56725305785,2429.0
55268.555100448444,2429.0
55268.555100448444,2555.0
71026.34122045712,2555.0
71026.34122045712,2667.0
82855.13673706447,2667.0
82855.13673706447,2555.0
86400.0,2555.0
# temp #3843
0.0,2234.0
61600.92292623595,2234.0
61600.92292623595,2555.0
61998.666100250564,2555.0
61998.666100250564,2667.0
71898.66610025056,2667.0
71898.66610025056,2555.0
75561.17892866024,2555.0
75561.17892866024,2429.0
86219.79771573098,2429.0
86219.79771573098,2555.0
86400.0,2555.0
# temp #3844
0.0,2234.0
17026.29101648927,2234.0
17026.29101648927,2429.0
23926.291016489267,2429.0
23926.291016489267,2555.0
25726.291016489267,2555.0
25726.291016489267,2429.0
38626.29101648927,2429.0
38626.29101648927,2234.0
38926.29101648927,2234.0
38926.29101648927,2017.0
39226.29101648927,2017.0
39226.29101648927,2234.0
39526.29101648927,2234.0
39526.29101648927,2017.0
58903.87972206809,2017.0
58903.87972206809,2234.0
61982.485896768056,2234.0
61982.485896768056,2429.0
79648.69991289453,2429.0
79648.69991289453,2555.0
86400.000002,2555.0
# temp #3845
0.0,2234.0
2775.8788436651234,2234.0
2775.8788436651234,2667.0
40074.31838479825,2667.0
40074.31838479825,2555.0
40864.71393671819,2555.0
40864.71393671819,2429.0
53986.930907797076,2429.0
53986.930907797076,2555.0
68622.8071935475,2555.0
68622.8071935475,2667.0
70481.0667440761,2667.0
70481.0667440761,2555.0
86400.000002,2555.0
# temp #3846
0.0,2234.0
6417.049120925368,2234.0
6417.049120925368,2667.0
36329.59539061412,2667.0
36329.59539061412,2555.0
37052.164172474295,2555.0
37052.164172474295,2429.0
67458.18131477573,2429.0
67458.18131477573,2555.0
86400.0,2555.0
# temp #3847
0.0,2234.0
4539.046605513432,2234.0
4539.046605513432,2667.0
48435.95463142265,2667.0
48435.95463142265,2555.0
48804.65056712274,2555.0
48804.65056712274,2429.0
69278.52249119898,2429.0
69278.52249119898,2883.0
86400.000002,2883.0
# temp #3848
0.0,2234.0
80337.01743835119,2234.0
80337.01743835119,2883.0
82737.01743835119,2883.0
82737.01743835119,2667.0
86400.0,2667.0
# temp #3849
0.0,2234.0
12532.576602604242,2234.0
12532.576602604242,2883.0
14138.60723495018,2883.0
14138.60723495018,2667.0
18959.9701985484,2667.0
18959.9701985484,2883.0
35244.75070412737,2883.0
35244.75070412737,2429.0
55188.650795537986,2429.0
55188.650795537986,2555.0
59779.518447699964,2555.0
59779.518447699964,2429.0
64267.173508484855,2429.0
64267.173508484855,2234.0
77424.05155689923,2234.0
77424.05155689923,2429.0
86400.0,2429.0
# temp #3850
0.0,2234.0
65173.70598104318,2234.0
65173.70598104318,2555.0
86400.0,2555.0
# temp #3851
0.0,2234.0
7228.926029428841,2234.0
7228.926029428841,2555.0
21551.633174624298,2555.0
21551.633174624298,2429.0
22025.509172352035,2429.0
22025.509172352035,2555.0
30484.8086375976,2555.0
30484.8086375976,2429.0
30987.93088397943,2429.0
30987.93088397943,2234.0
41858.1894570496,2234.0
41858.1894570496,2667.0
50410.87719441858,2667.0
50410.87719441858,2555.0
78873.08135235218,2555.0
78873.08135235218,2429.0
86400.000002,2429.0
# temp #3852
0.0,2234.0
34816.17405312136,2234.0
34816.17405312136,2555.0
47975.28109909036,2555.0
47975.28109909036,2429.0
53764.45249600802,2429.0
53764.45249600802,2555.0
80529.70179577825,2555.0
80529.70179577825,2429.0
86400.0,2429.0
# temp #3853
0.0,2234.0
29666.931572975594,2234.0
29666.931572975594,2017.0
34644.384468533106,2017.0
34644.384468533106,2234.0
71868.9928058535,2234.0
71868.9928058535,2017.0
86400.000002,2017.0
# temp #3854
0.0,2234.0
10091.006784536878,2234.0
10091.006784536878,2883.0
21191.006784536876,2883.0
21191.006784536876,2555.0
21835.60665661935,2555.0
21835.60665661935,2429.0
47352.29416047224,2429.0
47352.29416047224,2555.0
51170.13419405558,2555.0
51170.13419405558,2667.0
82992.93083196973,2667.0
82992.93083196973,2555.0
86400.000002,2555.0
# temp #3855
0.0,2234.0
3382.8139889286836,2234.0
3382.8139889286836,2667.0
23964.74725948647,2667.0
23964.74725948647,2555.0
25428.55542171747,2555.0
25428.55542171747,2429.0
42835.382219217725,2429.0
42835.382219217725,2555.0
66887.55024648273,2555.0
66887.55024648273,2429.0
86400.000002,2429.0
# temp #3856
0.0,2234.0
8413.957511074843,2234.0
8413.957511074843,2555.0
28629.436164814986,2555.0
28629.436164814986,2429.0
29135.802654828884,2429.0
29135.802654828884,2555.0
43088.46167202574,2555.0
43088.46167202574,2429.0
44561.03131806013,2429.0
44561.03131806013,2555.0
45729.737112368464,2555.0
45729.737112368464,2429.0
46029.737112368464,2429.0
46029.737112368464,2555.0
66429.73711236847,2555.0
66429.73711236847,2429.0
66729.73711236847,2429.0
66729.73711236847,2555.0
67329.73711236847,2555.0
67329.73711236847,2667.0
86400.0,2667.0
# temp #3857
0.0,2234.0
57723.13726816792,2234.0
57723.13726816792,2555.0
76406.81648044847,2555.0
76406.81648044847,2234.0
86400.0,2234.0
# temp #3858
0.0,2234.0
49416.016302723445,2234.0
49416.016302723445,2555.0
66804.52061109246,2555.0
66804.52061109246,2429.0
86400.000002,2429.0
# temp #3859
0.0,2234.0
79338.48123033532,2234.0
79338.48123033532,2555.0
81769.59920644296,2555.0
81769.59920644296,2667.0
82084.42866175903,2667.0
82084.42866175903,2555.0
82384.42866175903,2555.0
82384.42866175903,2667.0
85984.42866175903,2667.0
85984.42866175903,2555.0
86400.0,2555.0
# temp #3860
0.0,2234.0
6933.174741407857,2234.0
6933.174741407857,2883.0
18033.174741407856,2883.0
18033.174741407856,2555.0
33853.46075319685,2555.0
33853.46075319685,2667.0
35142.85945573357,2667.0
35142.85945573357,2555.0
45116.268108668744,2555.0
45116.268108668744,2667.0
50258.8163784938,2667.0
50258.8163784938,2234.0
55283.81478118245,2234.0
55283.81478118245,2667.0
64510.60761606787,2667.0
64510.60761606787,2555.0
86400.000002,2555.0
# temp #3861
0.0,2234.0
49953.31736770459,2234.0
49953.31736770459,2555.0
52686.69149642811,2555.0
52686.69149642811,2667.0
53259.178157011054,2667.0
53259.178157011054,2555.0
59259.178157011054,2555.0
59259.178157011054,2429.0
61659.178157011054,2429.0
61659.178157011054,2234.0
65259.178157011054,2234.0
65259.178157011054,2429.0
66459.17815701106,2429.0
66459.17815701106,2234.0
72159.17815701106,2234.0
72159.17815701106,2429.0
86400.000002,2429.0
# temp #3862
0.0,2234.0
10087.012812914329,2234.0
10087.012812914329,2883.0
11531.211462244393,2883.0
11531.211462244393,2667.0
23368.982528778728,2667.0
23368.982528778728,2883.0
24427.63903231826,2883.0
24427.63903231826,2667.0
40234.31613135618,2667.0
40234.31613135618,2555.0
50564.40683787224,2555.0
50564.40683787224,2667.0
74079.8272195738,2667.0
74079.8272195738,2555.0
86400.0,2555.0
# temp #3863
0.0,2234.0
14994.409036100844,2234.0
14994.409036100844,2429.0
47094.40903610084,2429.0
47094.40903610084,2555.0
47394.40903610084,2555.0
47394.40903610084,2667.0
77378.13160952646,2667.0
77378.13160952646,2883.0
85318.12719285954,2883.0
85318.12719285954,2667.0
86400.0,2667.0
# temp #3864
0.0,2234.0
63338.944234745584,2234.0
63338.944234745584,2883.0
65738.94423474558,2883.0
65738.94423474558,2667.0
68749.55664023293,2667.0
68749.55664023293,2555.0
70945.35504018424,2555.0
70945.35504018424,2667.0
86400.0,2667.0
# temp #3865
0.0,2234.0
27358.936971123334,2234.0
27358.936971123334,2555.0
53535.402866103694,2555.0
53535.402866103694,2429.0
53956.784452032305,2429.0
53956.784452032305,2555.0
77860.1892657811,2555.0
77860.1892657811,2429.0
78255.97212456634,2429.0
78255.97212456634,2555.0
79719.77554096376,2555.0
79719.77554096376,2429.0
80019.77554096376,2429.0
80019.77554096376,2555.0
80319.77554096376,2555.0
80319.77554096376,2429.0
80919.77554096376,2429.0
80919.77554096376,2555.0
85954.59142460024,2555.0
85954.59142460024,2429.0
86400.0,2429.0
# temp #3866
0.0,2234.0
21197.40067748353,2234.0
21197.40067748353,2429.0
21797.40067748353,2429.0
21797.40067748353,2555.0
26722.06191038713,2555.0
26722.06191038713,2429.0
60236.64438554552,2429.0
60236.64438554552,2555.0
73673.50847739728,2555.0
73673.50847739728,2429.0
85750.59054451996,2429.0
85750.59054451996,2555.0
86400.0,2555.0
# temp #3867
0.0,2234.0
12282.154351891952,2234.0
12282.154351891952,2555.0
28266.97264811956,2555.0
28266.97264811956,2429.0
28854.895663959913,2429.0
28854.895663959913,2555.0
38114.89080316388,2555.0
38114.89080316388,2429.0
38895.5701884348,2429.0
38895.5701884348,2555.0
40255.334383668385,2555.0
40255.334383668385,2429.0
40555.334383668385,2429.0
40555.334383668385,2555.0
40855.334383668385,2555.0
40855.334383668385,2429.0
41455.334383668385,2429.0
41455.334383668385,2555.0
45986.85689647683,2555.0
45986.85689647683,2429.0
81846.70151418542,2429.0
81846.70151418542,2555.0
86400.000002,2555.0
# temp #3868
0.0,2234.0
36093.6654964462,2234.0
36093.6654964462,2017.0
46510.171989630915,2017.0
46510.171989630915,2234.0
82577.02244371177,2234.0
82577.02244371177,2017.0
84429.06186045149,2017.0
84429.06186045149,2234.0
86400.0,2234.0
# temp #3869
0.0,2234.0
2494.9568950105463,2234.0
2494.9568950105463,2667.0
13721.592406486163,2667.0
13721.592406486163,2555.0
15151.250889734367,2555.0
15151.250889734367,2429.0
17727.764645917345,2429.0
17727.764645917345,2555.0
29169.304556376304,2555.0
29169.304556376304,2429.0
43403.28157043551,2429.0
43403.28157043551,2555.0
60394.29323079531,2555.0
60394.29323079531,2667.0
86400.000002,2667.0
# temp #3870
0.0,2234.0
28168.6148526147,2234.0
28168.6148526147,2555.0
47463.611564040184,2555.0
47463.611564040184,2667.0
53408.60766533297,2667.0
53408.60766533297,2555.0
57015.25094665122,2555.0
57015.25094665122,2667.0
82813.09293704107,2667.0
82813.09293704107,2555.0
86400.0,2555.0
# temp #3871
0.0,2234.0
57875.04836989102,2234.0
57875.04836989102,2555.0
68424.95256916156,2555.0
68424.95256916156,2429.0
69015.9691741923,2429.0
69015.9691741923,2555.0
86400.000002,2555.0
# temp #3872
0.0,2234.0
30672.613252722662,2234.0
30672.613252722662,2429.0
30972.613252722662,2429.0
30972.613252722662,2234.0
49622.170655918315,2234.0
49622.170655918315,2667.0
82806.72266094481,2667.0
82806.72266094481,2555.0
86400.000002,2555.0
# temp #3873
0.0,2234.0
6890.904650813902,2234.0
6890.904650813902,2667.0
7914.226616802627,2667.0
7914.226616802627,2555.0
8934.043349116111,2555.0
8934.043349116111,2667.0
31945.9045280004,2667.0
31945.9045280004,2555.0
32245.9045280004,2555.0
32245.9045280004,2667.0
32892.65103775543,2667.0
32892.65103775543,2555.0
33492.65103775543,2555.0
33492.65103775543,2667.0
53869.9229455786,2667.0
53869.9229455786,2555.0
66820.4516836675,2555.0
66820.4516836675,2667.0
86400.0,2667.0
# temp #3874
0.0,2234.0
36968.007925059654,2234.0
36968.007925059654,2017.0
62547.14097529651,2017.0
62547.14097529651,2234.0
86400.0,2234.0
# temp #3875
0.0,2234.0
3245.602138875984,2234.0
3245.602138875984,2667.0
28683.055744366724,2667.0
28683.055744366724,2555.0
28986.73543869518,2555.0
28986.73543869518,2667.0
37444.937305245556,2667.0
37444.937305245556,2555.0
38044.937305245556,2555.0
38044.937305245556,2667.0
59552.248296327896,2667.0
59552.248296327896,2555.0
64195.53133640439,2555.0
64195.53133640439,2429.0
70236.98976107409,2429.0
70236.98976107409,2555.0
82723.97538295483,2555.0
82723.97538295483,2667.0
86400.000002,2667.0
# temp #3876
0.0,2234.0
8310.709401452916,2234.0
8310.709401452916,2883.0
19410.709401452914,2883.0
19410.709401452914,2555.0
33843.522161012515,2555.0
33843.522161012515,2667.0
51407.03802052886,2667.0
51407.03802052886,2555.0
69040.71221966298,2555.0
69040.71221966298,2429.0
86400.0,2429.0
# temp #3877
0.0,2234.0
8359.49259339832,2234.0
8359.49259339832,2883.0
9768.719484703617,2883.0
9768.719484703617,2667.0
16935.583868622783,2667.0
16935.583868622783,2883.0
23142.59261603002,2883.0
23142.59261603002,2429.0
29840.587965818126,2429.0
29840.587965818126,2555.0
43909.76740911138,2555.0
43909.76740911138,2429.0
77386.07172479389,2429.0
77386.07172479389,2555.0
86400.000002,2555.0
# temp #3878
0.0,2234.0
57503.27561453451,2234.0
57503.27561453451,2555.0
76807.13493030054,2555.0
76807.13493030054,2429.0
77188.89941952658,2429.0
77188.89941952658,2555.0
86400.000002,2555.0
# temp #3879
0.0,2234.0
16419.682241999544,2234.0
16419.682241999544,2429.0
23319.682241999544,2429.0
23319.682241999544,2555.0
25119.682241999544,2555.0
25119.682241999544,2429.0
38019.682241999544,2429.0
38019.682241999544,2234.0
38319.682241999544,2234.0
38319.682241999544,2017.0
38619.682241999544,2017.0
38619.682241999544,2234.0
38919.682241999544,2234.0
38919.682241999544,2017.0
42313.60820999835,2017.0
42313.60820999835,2234.0
62075.910451705575,2234.0
62075.910451705575,2429.0
86400.000002,2429.0
# temp #3880
0.0,2234.0
84183.93189157361,2234.0
84183.93189157361,2555.0
85788.17536777353,2555.0
85788.17536777353,2234.0
86400.000002,2234.0
# temp #3881
0.0,2234.0
4645.329985348509,2234.0
4645.329985348509,2667.0
53092.54757731688,2667.0
53092.54757731688,2555.0
54271.85962933582,2555.0
54271.85962933582,2429.0
75009.2131298734,2429.0
75009.2131298734,2555.0
80687.0388734853,2555.0
80687.0388734853,2429.0
86400.000002,2429.0
# temp #3882
0.0,2234.0
4351.889218809084,2234.0
4351.889218809084,2667.0
36927.22192348447,2667.0
36927.22192348447,2555.0
38175.56893180591,2555.0
38175.56893180591,2667.0
54170.249478472404,2667.0
54170.249478472404,2555.0
54470.249478472404,2555.0
54470.249478472404,2667.0
55072.09997512401,2667.0
55072.09997512401,2555.0
55672.09997512401,2555.0
55672.09997512401,2667.0
86400.000002,2667.0
# temp #3883
0.0,2234.0
13662.438660347836,2234.0
13662.438660347836,2883.0
14552.7317925822,2883.0
14552.7317925822,2667.0
16788.009991147555,2667.0
16788.009991147555,2883.0
52707.29259077926,2883.0
52707.29259077926,2429.0
69605.21047781223,2429.0
69605.21047781223,2555.0
75161.51074930096,2555.0
75161.51074930096,2667.0
86400.0,2667.0
# temp #3884
0.0,2234.0
34650.4811257124,2234.0
34650.4811257124,2017.0
69581.04831548409,2017.0
69581.04831548409,2234.0
86152.54779020326,2234.0
86152.54779020326,2017.0
86400.000002,2017.0
# temp #3885
0.0,2234.0
67039.05351839495,2234.0
67039.05351839495,2555.0
86400.0,2555.0
# temp #3886
0.0,2234.0
37624.2263815133,2234.0
37624.2263815133,2429.0
38116.60399767571,2429.0
38116.60399767571,2555.0
38535.863143159084,2555.0
38535.863143159084,2429.0
66002.0191784017,2429.0
66002.0191784017,2555.0
81809.87343527378,2555.0
81809.87343527378,2667.0
86400.000002,2667.0
# temp #3887
0.0,2234.0
75843.0742743658,2234.0
75843.0742743658,2555.0
86400.0,2555.0
# temp #3888
0.0,2234.0
16246.757270372476,2234.0
16246.757270372476,2555.0
39394.650019495755,2555.0
39394.650019495755,2429.0
63093.110377877034,2429.0
63093.110377877034,2234.0
72513.30369981007,2234.0
72513.30369981007,2429.0
83435.41301668157,2429.0
83435.41301668157,2234.0
86400.0,2234.0
# temp #3889
0.0,2234.0
44783.43531978317,2234.0
44783.43531978317,2555.0
77532.30236792007,2555.0
77532.30236792007,2429.0
86400.0,2429.0
# temp #3890
0.0,2234.0
3564.6132184658204,2234.0
3564.6132184658204,2555.0
24858.823505463082,2555.0
24858.823505463082,2429.0
61036.53422039935,2429.0
61036.53422039935,2234.0
66503.04664943834,2234.0
66503.04664943834,2429.0
77976.97116269266,2429.0
77976.97116269266,2234.0
80763.00494859462,2234.0
80763.00494859462,2667.0
86400.0,2667.0
# temp #3891
0.0,2234.0
33246.47082095035,2234.0
33246.47082095035,2555.0
38591.745263943456,2555.0
38591.745263943456,2429.0
38905.02603922506,2429.0
38905.02603922506,2555.0
56826.519073918476,2555.0
56826.519073918476,2429.0
57735.685057262905,2429.0
57735.685057262905,2234.0
73028.31472938416,2234.0
73028.31472938416,2667.0
86400.0,2667.0
# temp #3892
0.0,2234.0
80225.00858197456,2234.0
80225.00858197456,2555.0
84986.93732181565,2555.0
84986.93732181565,2667.0
85547.79855497183,2667.0
85547.79855497183,2555.0
85847.79855497183,2555.0
85847.79855497183,2667.0
86400.0,2667.0
# temp #3893
0.0,2234.0
17747.63980410062,2234.0
17747.63980410062,2883.0
28847.63980410062,2883.0
28847.63980410062,2555.0
36431.24347203412,2555.0
36431.24347203412,2667.0
53044.73893214018,2667.0
53044.73893214018,2555.0
65532.554838177755,2555.0
65532.554838177755,2429.0
86400.0,2429.0
# temp #3894
0.0,2234.0
40609.53363077716,2234.0
40609.53363077716,2429.0
47509.53363077716,2429.0
47509.53363077716,2555.0
49309.53363077716,2555.0
49309.53363077716,2429.0
62209.53363077716,2429.0
62209.53363077716,2234.0
62509.53363077716,2234.0
62509.53363077716,2017.0
62809.53363077716,2017.0
62809.53363077716,2234.0
63109.53363077716,2234.0
63109.53363077716,2017.0
67254.15476211347,2017.0
67254.15476211347,2234.0
78579.99890490902,2234.0
78579.99890490902,2429.0
86400.000002,2429.0
# temp #3895
0.0,2234.0
23162.364078476097,2234.0
23162.364078476097,2555.0
47306.5571789397,2555.0
47306.5571789397,2429.0
50957.377198780894,2429.0
50957.377198780894,2234.0
51257.377198780894,2234.0
51257.377198780894,2017.0
56881.81989449077,2017.0
56881.81989449077,2234.0
86400.000002,2234.0
# temp #3896
0.0,2234.0
32232.490512868393,2234.0
32232.490512868393,2017.0
44612.92043100112,2017.0
44612.92043100112,2234.0
78233.43587494457,2234.0
78233.43587494457,2017.0
86400.000002,2017.0
# temp #3897
0.0,2234.0
46278.05682099425,2234.0
46278.05682099425,2555.0
81274.22108254397,2555.0
81274.22108254397,2429.0
86400.0,2429.0
# temp #3898
0.0,2234.0
15676.695577637296,2234.0
15676.695577637296,2883.0
17085.175502370115,2883.0
17085.175502370115,2667.0
22468.981565767903,2667.0
22468.981565767903,2883.0
47023.3504196629,2883.0
47023.3504196629,2429.0
86400.0,2429.0
# temp #3899
0.0,2234.0
3535.2887012762953,2234.0
3535.2887012762953,2667.0
5348.3898104634145,2667.0
5348.3898104634145,2555.0
5999.620952038095,2555.0
5999.620952038095,2667.0
38403.832852793865,2667.0
38403.832852793865,2555.0
38703.832852793865,2555.0
38703.832852793865,2667.0
39497.43503190112,2667.0
39497.43503190112,2555.0
40097.43503190112,2555.0
40097.43503190112,2667.0
59045.69659454284,2667.0
59045.69659454284,2555.0
79511.65392918048,2555.0
79511.65392918048,2667.0
86400.0,2667.0
# temp #3900
0.0,2234.0
11021.82021243498,2234.0
11021.82021243498,2883.0
11983.617261657493,2883.0
11983.617261657493,2667.0
16732.461135811172,2667.0
16732.461135811172,2883.0
27401.261164317842,2883.0
27401.261164317842,2667.0
28502.661778335463,2667.0
28502.661778335463,2555.0
60325.365655752845,2555.0
60325.365655752845,2429.0
67896.60723572598,2429.0
67896.60723572598,2555.0
74062.20707036556,2555.0
74062.20707036556,2429.0
86400.000002,2429.0
# temp #3901
0.0,2234.0
75347.66194105615,2234.0
75347.66194105615,2555.0
80383.77558211797,2555.0
80383.77558211797,2667.0
80951.94841010963,2667.0
80951.94841010963,2555.0
81251.94841010963,2555.0
81251.94841010963,2667.0
84851.94841010963,2667.0
84851.94841010963,2555.0
86351.94841010963,2555.0
86351.94841010963,2429.0
86400.0,2429.0
# temp #3902
0.0,2234.0
59037.75384777692,2234.0
59037.75384777692,2555.0
62894.087673048496,2555.0
62894.087673048496,2667.0
63302.86189774052,2667.0
63302.86189774052,2555.0
63602.86189774052,2555.0
63602.86189774052,2667.0
67202.86189774053,2667.0
67202.86189774053,2555.0
68702.86189774053,2555.0
68702.86189774053,2429.0
79975.4911477212,2429.0
79975.4911477212,2234.0
86400.0,2234.0
# temp #3903
0.0,2234.0
16738.23457625695,2234.0
16738.23457625695,2429.0
17038.23457625695,2429.0
17038.23457625695,2234.0
19697.36222564243,2234.0
19697.36222564243,2667.0
37524.758494505666,2667.0
37524.758494505666,2555.0
41987.51395368018,2555.0
41987.51395368018,2667.0
62593.355020741015,2667.0
62593.355020741015,2234.0
67095.42063481642,2234.0
67095.42063481642,2429.0
86400.000002,2429.0
# temp #3904
0.0,2234.0
75718.29216498883,2234.0
75718.29216498883,2555.0
86400.000002,2555.0
# temp #3905
0.0,2234.0
53702.32512638905,2234.0
53702.32512638905,2555.0
74829.59060599098,2555.0
74829.59060599098,2429.0
86400.0,2429.0
# temp #3906
0.0,2234.0
38473.58230920509,2234.0
38473.58230920509,2555.0
41699.60632359144,2555.0
41699.60632359144,2667.0
47999.60632359144,2667.0
47999.60632359144,2555.0
49199.60632359144,2555.0
49199.60632359144,2429.0
86400.0,2429.0
# temp #3907
0.0,2234.0
25757.02284984291,2234.0
25757.02284984291,2017.0
35565.32648373396,2017.0
35565.32648373396,2234.0
65788.24252551422,2234.0
65788.24252551422,2017.0
72517.4158120528,2017.0
72517.4158120528,2234.0
86400.000002,2234.0
# temp #3908
0.0,2234.0
2555.2080543246125,2234.0
2555.2080543246125,2667.0
26285.650342376906,2667.0
26285.650342376906,2555.0
27216.91208467819,2555.0
27216.91208467819,2429.0
48262.54025660456,2429.0
48262.54025660456,2234.0
78396.62965103054,2234.0
78396.62965103054,2429.0
86400.0,2429.0
# temp #3909
0.0,2234.0
27941.515701566826,2234.0
27941.515701566826,2429.0
28349.74525328726,2429.0
28349.74525328726,2555.0
31102.51769330353,2555.0
31102.51769330353,2429.0
45019.51898450498,2429.0
45019.51898450498,2555.0
51765.58626182378,2555.0
51765.58626182378,2429.0
73512.09011692555,2429.0
73512.09011692555,2883.0
75642.48387424742,2883.0
75642.48387424742,2429.0
86400.0,2429.0
# temp #3910
0.0,2234.0
12067.051485367121,2234.0
12067.051485367121,2883.0
23167.05148536712,2883.0
23167.05148536712,2555.0
29340.49588814378,2555.0
29340.49588814378,2667.0
36801.72024811618,2667.0
36801.72024811618,2234.0
45213.20277289488,2234.0
45213.20277289488,2667.0
60357.68475655933,2667.0
60357.68475655933,2555.0
60922.34150043224,2555.0
60922.34150043224,2667.0
74574.90159908777,2667.0
74574.90159908777,2234.0
82950.79474481755,2234.0
82950.79474481755,2429.0
86400.0,2429.0
# temp #3911
0.0,2234.0
28170.42280957103,2234.0
28170.42280957103,2429.0
60270.42280957103,2429.0
60270.42280957103,2555.0
60570.42280957103,2555.0
60570.42280957103,2667.0
70636.031374312,2667.0
70636.031374312,2555.0
86400.000002,2555.0
# temp #3912
0.0,2234.0
49502.190537960276,2234.0
49502.190537960276,2555.0
83153.73821945397,2555.0
83153.73821945397,2429.0
83570.99287477323,2429.0
83570.99287477323,2555.0
86400.0,2555.0
# temp #3913
0.0,2234.0
23022.213648632172,2234.0
23022.213648632172,2429.0
23622.213648632172,2429.0
23622.213648632172,2555.0
27661.932558193806,2555.0
27661.932558193806,2429.0
54424.49351653923,2429.0
54424.49351653923,2555.0
84469.84333978036,2555.0
84469.84333978036,2429.0
86400.000002,2429.0
# temp #3914
0.0,2234.0
1058.184556569904,2234.0
1058.184556569904,2555.0
22600.41828998365,2555.0
22600.41828998365,2429.0
59612.186261499315,2429.0
59612.186261499315,2234.0
59912.186261499315,2234.0
59912.186261499315,2017.0
67381.51694596747,2017.0
67381.51694596747,2555.0
72441.8292952236,2555.0
72441.8292952236,2667.0
75219.16664675811,2667.0
75219.16664675811,2555.0
83383.12396989205,2555.0
83383.12396989205,2667.0
86400.000002,2667.0
# temp #3915
0.0,2234.0
18954.513726197183,2234.0
18954.513726197183,2429.0
19469.992033671588,2429.0
19469.992033671588,2234.0
20335.729085071944,2234.0
20335.729085071944,2429.0
22547.242518723942,2429.0
22547.242518723942,2234.0
39998.409540066496,2234.0
39998.409540066496,2429.0
40889.4235913409,2429.0
40889.4235913409,2234.0
52591.21677414515,2234.0
52591.21677414515,2429.0
69990.15904704574,2429.0
69990.15904704574,2555.0
83653.05730991533,2555.0
83653.05730991533,2667.0
86400.000002,2667.0
# temp #3916
0.0,2234.0
22979.47124121711,2234.0
22979.47124121711,2017.0
49388.18040657789,2017.0
49388.18040657789,2234.0
54218.39851280675,2234.0
54218.39851280675,2017.0
66600.37013674156,2017.0
66600.37013674156,2234.0
84050.18452825026,2234.0
84050.18452825026,2017.0
86400.000002,2017.0
# temp #3917
0.0,2234.0
16589.242029539313,2234.0
16589.242029539313,2883.0
27689.242029539313,2883.0
27689.242029539313,2555.0
45799.701536516666,2555.0
45799.701536516666,2667.0
52027.634401805706,2667.0
52027.634401805706,2555.0
86400.0,2555.0
# temp #3918
0.0,2234.0
1451.4554009540009,2234.0
1451.4554009540009,2555.0
2230.0672177691017,2555.0
2230.0672177691017,2667.0
2676.032659504563,2667.0
2676.032659504563,2555.0
2976.032659504563,2555.0
2976.032659504563,2667.0
29676.032659504563,2667.0
29676.032659504563,2555.0
45576.03265950456,2555.0
45576.03265950456,2234.0
49176.03265950456,2234.0
49176.03265950456,2429.0
59076.03265950456,2429.0
59076.03265950456,2555.0
59676.03265950456,2555.0
59676.03265950456,2667.0
71976.03265950456,2667.0
71976.03265950456,2883.0
86400.000002,2883.0
# temp #3919
0.0,2234.0
13985.527666588316,2234.0
13985.527666588316,2883.0
15151.194206345828,2883.0
15151.194206345828,2667.0
17740.759460348636,2667.0
17740.759460348636,2883.0
47132.165230158724,2883.0
47132.165230158724,2429.0
74464.2816593405,2429.0
74464.2816593405,2555.0
86400.000002,2555.0
# temp #3920
0.0,2234.0
4148.008333495819,2234.0
4148.008333495819,2667.0
17649.886768218134,2667.0
17649.886768218134,2555.0
18926.13817797974,2555.0
18926.13817797974,2667.0
20558.62768767402,2667.0
20558.62768767402,2555.0
20858.62768767402,2555.0
20858.62768767402,2429.0
44176.02692423389,2429.0
44176.02692423389,2883.0
64548.42231161894,2883.0
64548.42231161894,2667.0
75439.77759741248,2667.0
75439.77759741248,2234.0
86400.000002,2234.0
# temp #3921
0.0,2234.0
3280.2680209279065,2234.0
3280.2680209279065,2667.0
8050.423808279449,2667.0
8050.423808279449,2555.0
8757.96332980972,2555.0
8757.96332980972,2667.0
33553.72341696639,2667.0
33553.72341696639,2555.0
33853.72341696639,2555.0
33853.72341696639,2667.0
34666.965254000395,2667.0
34666.965254000395,2555.0
35266.965254000395,2555.0
35266.965254000395,2667.0
68093.29117261806,2667.0
68093.29117261806,2555.0
84992.93614192867,2555.0
84992.93614192867,2667.0
86400.0,2667.0
# temp #3922
0.0,2234.0
1227.0879761315882,2234.0
1227.0879761315882,2667.0
26875.913162156943,2667.0
26875.913162156943,2555.0
27532.12023675442,2555.0
27532.12023675442,2667.0
42432.021653861746,2667.0
42432.021653861746,2555.0
42732.021653861746,2555.0
42732.021653861746,2667.0
43481.92583676428,2667.0
43481.92583676428,2555.0
44081.92583676428,2555.0
44081.92583676428,2667.0
77003.9391266182,2667.0
77003.9391266182,2883.0
78604.504729528,2883.0
78604.504729528,2667.0
86400.0,2667.0
# temp #3923
0.0,2234.0
16986.771262320693,2234.0
16986.771262320693,2883.0
18034.75474789739,2883.0
18034.75474789739,2667.0
22672.11814618204,2667.0
22672.11814618204,2883.0
24842.00846361928,2883.0
24842.00846361928,2429.0
58080.74489808643,2429.0
58080.74489808643,2883.0
86400.000002,2883.0
# temp #3924
0.0,2234.0
10991.381022753196,2234.0
10991.381022753196,2017.0
33385.98562320695,2017.0
33385.98562320695,2234.0
66606.13662572579,2234.0
66606.13662572579,2017.0
69023.8390996121,2017.0
69023.8390996121,2234.0
86400.000002,2234.0
# temp #3925
0.0,2234.0
4825.697435019538,2234.0
4825.697435019538,2883.0
6112.515371432528,2883.0
6112.515371432528,2667.0
15857.164267078044,2667.0
15857.164267078044,2883.0
47140.231582336135,2883.0
47140.231582336135,2429.0
60090.88952033781,2429.0
60090.88952033781,2555.0
66429.35738184025,2555.0
66429.35738184025,2429.0
84518.94277087414,2429.0
84518.94277087414,2555.0
86400.0,2555.0
# temp #3926
0.0,2234.0
6712.498949817384,2234.0
6712.498949817384,2667.0
41311.09646956903,2667.0
41311.09646956903,2555.0
42419.68408010435,2555.0
42419.68408010435,2667.0
54254.41009649076,2667.0
54254.41009649076,2555.0
54854.41009649076,2555.0
54854.41009649076,2667.0
72104.96188499965,2667.0
72104.96188499965,2555.0
73627.86156856456,2555.0
73627.86156856456,2429.0
86400.0,2429.0
# temp #3927
0.0,2234.0
77794.5786828641,2234.0
77794.5786828641,2883.0
80194.5786828641,2883.0
80194.5786828641,2667.0
82308.49983065856,2667.0
82308.49983065856,2234.0
86400.000002,2234.0
# temp #3928
0.0,2234.0
5799.063954153099,2234.0
5799.063954153099,2555.0
10311.877121985892,2555.0
10311.877121985892,2429.0
10614.127645804549,2429.0
10614.127645804549,2555.0
20095.968933845874,2555.0
20095.968933845874,2429.0
21108.613616670485,2429.0
21108.613616670485,2555.0
22367.84586037975,2555.0
22367.84586037975,2429.0
22667.84586037975,2429.0
22667.84586037975,2555.0
43067.84586037975,2555.0
43067.84586037975,2429.0
43367.84586037975,2429.0
43367.84586037975,2555.0
43967.84586037975,2555.0
43967.84586037975,2667.0
67654.39832992852,2667.0
67654.39832992852,2234.0
82975.16395328568,2234.0
82975.16395328568,2667.0
86400.0,2667.0
# temp #3929
0.0,2234.0
4736.282522720286,2234.0
4736.282522720286,2667.0
29639.8051107768,2667.0
29639.8051107768,2555.0
30780.762587813664,2555.0
30780.762587813664,2667.0
33691.24001597521,2667.0
33691.24001597521,2555.0
34291.24001597521,2555.0
34291.24001597521,2667.0
49596.715035731904,2667.0
49596.715035731904,2555.0
53547.13318690193,2555.0
53547.13318690193,2429.0
72742.49313650653,2429.0
72742.49313650653,2234.0
77443.3708765777,2234.0
77443.3708765777,2429.0
86400.0,2429.0
# temp #3930
0.0,2234.0
9075.19923867658,2234.0
9075.19923867658,2883.0
10276.04644491803,2883.0
10276.04644491803,2667.0
17607.498516188938,2667.0
17607.498516188938,2883.0
23682.879400765527,2883.0
23682.879400765527,2667.0
25905.52520260681,2667.0
25905.52520260681,2555.0
29232.96759151854,2555.0
29232.96759151854,2429.0
51330.416741338566,2429.0
51330.416741338566,2555.0
53007.351477560595,2555.0
53007.351477560595,2667.0
63648.01809985657,2667.0
63648.01809985657,2555.0
74704.21685969924,2555.0
74704.21685969924,2667.0
86400.000002,2667.0
# temp #3931
0.0,2234.0
13924.522775877269,2234.0
13924.522775877269,2883.0
15147.036036732608,2883.0
15147.036036732608,2667.0
17204.592016269453,2667.0
17204.592016269453,2883.0
47859.77573250421,2883.0
47859.77573250421,2429.0
63306.58841491678,2429.0
63306.58841491678,2555.0
86400.000002,2555.0
# temp #3932
0.0,2234.0
5901.36231458746,2234.0
5901.36231458746,2555.0
22836.186992190782,2555.0
22836.186992190782,2429.0
68110.98700147124,2429.0
68110.98700147124,2234.0
68710.98700147124,2234.0
68710.98700147124,2429.0
71110.98700147124,2429.0
71110.98700147124,2555.0
81310.98700147124,2555.0
81310.98700147124,2667.0
86400.0,2667.0
# temp #3933
0.0,2234.0
2481.123283412308,2234.0
2481.123283412308,2667.0
39597.31039674953,2667.0
39597.31039674953,2555.0
40447.202378511436,2555.0
40447.202378511436,2667.0
41634.224289748825,2667.0
41634.224289748825,2555.0
41934.224289748825,2555.0
41934.224289748825,2429.0
68255.40060801433,2429.0
68255.40060801433,2555.0
84967.61385945139,2555.0
84967.61385945139,2429.0
86400.000002,2429.0
# temp #3934
0.0,2234.0
898.3610306633636,2234.0
898.3610306633636,2667.0
9695.322850160303,2667.0
9695.322850160303,2555.0
10779.327272437515,2555.0
10779.327272437515,2667.0
43810.687060304925,2667.0
43810.687060304925,2555.0
44110.687060304925,2555.0
44110.687060304925,2429.0
67258.10729612132,2429.0
67258.10729612132,2555.0
85202.06454929431,2555.0
85202.06454929431,2667.0
86400.000002,2667.0
# temp #3935
0.0,2234.0
79622.20665835777,2234.0
79622.20665835777,2555.0
86400.0,2555.0
# temp #3936
0.0,2234.0
32323.02198470571,2234.0
32323.02198470571,2017.0
38776.86791284942,2017.0
38776.86791284942,2234.0
75888.03528095597,2234.0
75888.03528095597,2017.0
86400.0,2017.0
# temp #3937
0.0,2234.0
12296.464414615186,2234.0
12296.464414615186,2429.0
44396.464414615184,2429.0
44396.464414615184,2555.0
44696.464414615184,2555.0
44696.464414615184,2667.0
70060.52306110505,2667.0
70060.52306110505,2555.0
86400.000002,2555.0
# temp #3938
0.0,2234.0
69644.07377257013,2234.0
69644.07377257013,2555.0
72269.33585198132,2555.0
72269.33585198132,2667.0
78569.33585198132,2667.0
78569.33585198132,2555.0
79769.33585198132,2555.0
79769.33585198132,2429.0
86400.0,2429.0
# temp #3939
0.0,2234.0
6585.608434095048,2234.0
6585.608434095048,2667.0
43750.65262103454,2667.0
43750.65262103454,2555.0
44442.10042906926,2555.0
44442.10042906926,2667.0
76971.179355355,2667.0
76971.179355355,2555.0
77271.179355355,2555.0
77271.179355355,2429.0
86400.0,2429.0
# temp #3940
0.0,2234.0
67397.27429989725,2234.0
67397.27429989725,2555.0
71047.94449636247,2555.0
71047.94449636247,2234.0
86400.000002,2234.0
# temp #3941
0.0,2234.0
5891.969653428533,2234.0
5891.969653428533,2667.0
44143.17252736074,2667.0
44143.17252736074,2555.0
45389.60827121046,2555.0
45389.60827121046,2667.0
77851.93462874742,2667.0
77851.93462874742,2555.0
78151.93462874742,2555.0
78151.93462874742,2667.0
78451.93462874742,2667.0
78451.93462874742,2555.0
81751.93462874742,2555.0
81751.93462874742,2667.0
86400.000002,2667.0
# temp #3942
0.0,2234.0
33572.91517294943,2234.0
33572.91517294943,2555.0
61512.45322823526,2555.0
61512.45322823526,2429.0
66897.50303572511,2429.0
66897.50303572511,2555.0
81701.82365840302,2555.0
81701.82365840302,2429.0
86400.000002,2429.0
# temp #3943
0.0,2234.0
40088.46693593078,2234.0
40088.46693593078,2017.0
77552.44103036822,2017.0
77552.44103036822,2234.0
84732.88486953826,2234.0
84732.88486953826,2017.0
86400.0,2017.0
# temp #3944
0.0,2234.0
28655.734490929175,2234.0
28655.734490929175,2429.0
28955.734490929175,2429.0
28955.734490929175,2234.0
34217.28356690147,2234.0
34217.28356690147,2667.0
36358.00408464857,2667.0
36358.00408464857,2555.0
69100.93582444826,2555.0
69100.93582444826,2429.0
86400.000002,2429.0
# temp #3945
0.0,2234.0
13049.97820321005,2234.0
13049.97820321005,2883.0
14327.94759529643,2883.0
14327.94759529643,2667.0
24955.193944601346,2667.0
24955.193944601346,2883.0
54239.54484087882,2883.0
54239.54484087882,2429.0
55824.65517057573,2429.0
55824.65517057573,2555.0
71592.47068616097,2555.0
71592.47068616097,2429.0
86400.0,2429.0
# temp #3946
0.0,2234.0
42526.97765040212,2234.0
42526.97765040212,2429.0
43070.48775334843,2429.0
43070.48775334843,2555.0
46475.96640852281,2555.0
46475.96640852281,2429.0
80698.83408411407,2429.0
80698.83408411407,2555.0
86400.000002,2555.0
# temp #3947
0.0,2234.0
4522.640751907603,2234.0
4522.640751907603,2667.0
50925.423458917074,2667.0
50925.423458917074,2555.0
52110.74353451841,2555.0
52110.74353451841,2667.0
72362.12416326163,2667.0
72362.12416326163,2555.0
72962.12416326163,2555.0
72962.12416326163,2667.0
86400.000002,2667.0
# temp #3948
0.0,2234.0
85115.25717582555,2234.0
85115.25717582555,2555.0
86400.000002,2555.0
# temp #3949
0.0,2234.0
42084.648814913824,2234.0
42084.648814913824,2555.0
65536.41151974445,2555.0
65536.41151974445,2429.0
71234.2528578127,2429.0
71234.2528578127,2234.0
71534.2528578127,2234.0
71534.2528578127,2017.0
86400.000002,2017.0
# temp #3950
0.0,2234.0
53079.77918679827,2234.0
53079.77918679827,2555.0
58034.28843284492,2555.0
58034.28843284492,2667.0
67934.28843284491,2667.0
67934.28843284491,2555.0
68478.36306730751,2555.0
68478.36306730751,2429.0
86400.000002,2429.0
# temp #3951
0.0,2234.0
8699.438967369499,2234.0
8699.438967369499,2017.0
59579.82953083702,2017.0
59579.82953083702,2234.0
76245.86635739543,2234.0
76245.86635739543,2017.0
86400.0,2017.0
# temp #3952
0.0,2234.0
81169.03586997652,2234.0
81169.03586997652,2555.0
86400.0,2555.0
# temp #3953
0.0,2234.0
879.4858652399853,2234.0
879.4858652399853,2667.0
40656.499869190164,2667.0
40656.499869190164,2555.0
41183.82571740077,2555.0
41183.82571740077,2429.0
53405.15126623214,2429.0
53405.15126623214,2234.0
73204.28621938919,2234.0
73204.28621938919,2429.0
86400.0,2429.0
# temp #3954
0.0,2234.0
57129.19642576017,2234.0
57129.19642576017,2883.0
59529.19642576017,2883.0
59529.19642576017,2667.0
84044.29277828896,2667.0
84044.29277828896,2555.0
86400.000002,2555.0
# temp #3955
0.0,2234.0
10674.413768202066,2234.0
10674.413768202066,2429.0
11274.413768202066,2429.0
11274.413768202066,2555.0
15886.337940394878,2555.0
15886.337940394878,2429.0
49554.197075497366,2429.0
49554.197075497366,2883.0
64288.453685282744,2883.0
64288.453685282744,2429.0
86400.0,2429.0
# temp #3956
0.0,2234.0
17053.48037516233,2234.0
17053.48037516233,2883.0
17739.500385266732,2883.0
17739.500385266732,2667.0
23088.764869817536,2667.0
23088.764869817536,2883.0
38665.93482086901,2883.0
38665.93482086901,2667.0
70244.37300825959,2667.0
70244.37300825959,2555.0
79285.7518950943,2555.0
79285.7518950943,2429.0
86400.0,2429.0
# temp #3957
0.0,2234.0
7611.914392327892,2234.0
7611.914392327892,2667.0
14344.105660147037,2667.0
14344.105660147037,2555.0
15125.447942758914,2555.0
15125.447942758914,2667.0
37824.99809847214,2667.0
37824.99809847214,2555.0
38124.99809847214,2555.0
38124.99809847214,2667.0
39019.845890533186,2667.0
39019.845890533186,2555.0
39619.845890533186,2555.0
39619.845890533186,2667.0
65060.969244246386,2667.0
65060.969244246386,2555.0
86400.000002,2555.0
# temp #3958
0.0,2234.0
79448.44889170492,2234.0
79448.44889170492,2555.0
86400.0,2555.0
# temp #3959
0.0,2234.0
20090.563130378723,2234.0
20090.563130378723,2429.0
20690.563130378723,2429.0
20690.563130378723,2555.0
22242.631621286273,2555.0
22242.631621286273,2429.0
55856.99295471423,2429.0
55856.99295471423,2555.0
67838.93928900363,2555.0
67838.93928900363,2429.0
68160.90119993316,2429.0
68160.90119993316,2555.0
84846.21272643564,2555.0
84846.21272643564,2429.0
86400.000002,2429.0
# temp #3960
0.0,2234.0
40684.87458459568,2234.0
40684.87458459568,2429.0
41211.30160312169,2429.0
41211.30160312169,2555.0
44820.18283526414,2555.0
44820.18283526414,2429.0
47343.6623625923,2429.0
47343.6623625923,2555.0
71459.97362060008,2555.0
71459.97362060008,2429.0
86400.0,2429.0
# temp #3961
0.0,2234.0
3036.70987081714,2234.0
3036.70987081714,2667.0
12357.250390760602,2667.0
12357.250390760602,2555.0
13503.104430343958,2555.0
13503.104430343958,2667.0
34805.53699575831,2667.0
34805.53699575831,2555.0
35105.53699575831,2555.0
35105.53699575831,2429.0
75657.73776008283,2429.0
75657.73776008283,2883.0
86400.000002,2883.0
# temp #3962
0.0,2234.0
36555.04561057315,2234.0
36555.04561057315,2429.0
37155.04561057315,2429.0
37155.04561057315,2555.0
38409.18183987961,2555.0
38409.18183987961,2429.0
55681.71287672596,2429.0
55681.71287672596,2555.0
60491.049444722026,2555.0
60491.049444722026,2429.0
65022.07315913403,2429.0
65022.07315913403,2555.0
66942.01048468241,2555.0
66942.01048468241,2667.0
86400.0,2667.0
# temp #3963
0.0,2234.0
38545.53124308587,2234.0
38545.53124308587,2429.0
39145.53124308587,2429.0
39145.53124308587,2555.0
40591.34533032776,2555.0
40591.34533032776,2429.0
74759.88823729569,2429.0
74759.88823729569,2555.0
82789.73680653145,2555.0
82789.73680653145,2429.0
86400.0,2429.0
# temp #3964
0.0,2234.0
24096.39205047861,2234.0
24096.39205047861,2429.0
24696.39205047861,2429.0
24696.39205047861,2555.0
28377.778583485637,2555.0
28377.778583485637,2429.0
41584.77813682985,2429.0
41584.77813682985,2234.0
72050.7080673706,2234.0
72050.7080673706,2429.0
80812.86465309096,2429.0
80812.86465309096,2555.0
86400.000002,2555.0
# temp #3965
0.0,2234.0
6950.026001455264,2234.0
6950.026001455264,2667.0
45185.26592664421,2667.0
45185.26592664421,2555.0
45527.15671258048,2555.0
45527.15671258048,2667.0
82881.7004710436,2667.0
82881.7004710436,2555.0
83481.7004710436,2555.0
83481.7004710436,2667.0
86400.000002,2667.0
# temp #3966
0.0,2234.0
30035.884099546824,2234.0
30035.884099546824,2429.0
30409.94301941246,2429.0
30409.94301941246,2555.0
32139.818421565,2555.0
32139.818421565,2429.0
57991.001873742796,2429.0
57991.001873742796,2555.0
80874.97423351744,2555.0
80874.97423351744,2429.0
86400.000002,2429.0
# temp #3967
0.0,2234.0
46801.19983835612,2234.0
46801.19983835612,2555.0
48611.762057617314,2555.0
48611.762057617314,2667.0
49148.28386453447,2667.0
49148.28386453447,2555.0
55148.28386453447,2555.0
55148.28386453447,2429.0
57548.28386453447,2429.0
57548.28386453447,2234.0
61148.28386453447,2234.0
61148.28386453447,2429.0
62348.28386453447,2429.0
62348.28386453447,2234.0
68048.28386453446,2234.0
68048.28386453446,2429.0
86400.000002,2429.0
# temp #3968
0.0,2234.0
4540.25851241313,2234.0
4540.25851241313,2667.0
8019.230230338873,2667.0
8019.230230338873,2555.0
8944.620741438122,2555.0
8944.620741438122,2429.0
27972.873149067167,2429.0
27972.873149067167,2555.0
44556.88088759781,2555.0
44556.88088759781,2667.0
72226.61920096727,2667.0
72226.61920096727,2555.0
75829.29619336502,2555.0
75829.29619336502,2667.0
86400.0,2667.0
# temp #3969
0.0,2234.0
18477.419323381037,2234.0
18477.419323381037,2429.0
19077.419323381037,2429.0
19077.419323381037,2555.0
20122.264546807855,2555.0
20122.264546807855,2429.0
36969.374441751286,2429.0
36969.374441751286,2555.0
38447.08387088031,2555.0
38447.08387088031,2429.0
49005.54655801971,2429.0
49005.54655801971,2555.0
52322.05056224485,2555.0
52322.05056224485,2429.0
63884.857681137524,2429.0
63884.857681137524,2555.0
86400.0,2555.0
# temp #3970
0.0,2234.0
46221.22679916211,2234.0
46221.22679916211,2555.0
66864.54639262521,2555.0
66864.54639262521,2429.0
71462.3958875891,2429.0
71462.3958875891,2234.0
72062.3958875891,2234.0
72062.3958875891,2429.0
74462.3958875891,2429.0
74462.3958875891,2555.0
84662.3958875891,2555.0
84662.3958875891,2667.0
86400.0,2667.0
# temp #3971
0.0,2234.0
51481.926643615596,2234.0
51481.926643615596,2555.0
62629.26300759428,2555.0
62629.26300759428,2429.0
86400.0,2429.0
# temp #3972
0.0,2234.0
6513.259033975192,2234.0
6513.259033975192,2667.0
54197.28582773824,2667.0
54197.28582773824,2555.0
55440.03912631889,2555.0
55440.03912631889,2667.0
78916.81201192552,2667.0
78916.81201192552,2555.0
79516.81201192552,2555.0
79516.81201192552,2667.0
86400.0,2667.0
# temp #3973
0.0,2234.0
7403.278212575244,2234.0
7403.278212575244,2667.0
54723.4298668569,2667.0
54723.4298668569,2555.0
56145.31493594405,2555.0
56145.31493594405,2429.0
86400.000002,2429.0
# temp #3974
0.0,2234.0
10269.529615156354,2234.0
10269.529615156354,2017.0
27951.221303595237,2017.0
27951.221303595237,2234.0
55564.9849524256,2234.0
55564.9849524256,2017.0
86400.0,2017.0
# temp #3975
0.0,2234.0
18944.20841387473,2234.0
18944.20841387473,2429.0
19290.06841101218,2429.0
19290.06841101218,2234.0
20015.8078890061,2234.0
20015.8078890061,2429.0
23081.748652341776,2429.0
23081.748652341776,2234.0
36467.210532934405,2234.0
36467.210532934405,2429.0
36837.584626092575,2429.0
36837.584626092575,2234.0
39028.86559346225,2234.0
39028.86559346225,2429.0
56982.12802915369,2429.0
56982.12802915369,2555.0
75849.79684932625,2555.0
75849.79684932625,2667.0
79485.9054078581,2667.0
79485.9054078581,2555.0
86400.0,2555.0
# temp #3976
0.0,2234.0
21062.913006590683,2234.0
21062.913006590683,2429.0
21519.78029322345,2429.0
21519.78029322345,2555.0
25112.622394901704,2555.0
25112.622394901704,2429.0
38652.30824269821,2429.0
38652.30824269821,2883.0
55419.62200209965,2883.0
55419.62200209965,2667.0
81112.52278885806,2667.0
81112.52278885806,2555.0
86400.000002,2555.0
# temp #3977
0.0,2234.0
34950.31321831048,2234.0
34950.31321831048,2017.0
49513.50921029226,2017.0
49513.50921029226,2234.0
52597.768236603595,2234.0
52597.768236603595,2017.0
86400.0,2017.0
# temp #3978
0.0,2234.0
24133.085750648755,2234.0
24133.085750648755,2555.0
56783.54220078328,2555.0
56783.54220078328,2429.0
57284.88687684295,2429.0
57284.88687684295,2555.0
72854.03780126946,2555.0
72854.03780126946,2429.0
73220.60085511768,2429.0
73220.60085511768,2234.0
86400.000002,2234.0
# temp #3979
0.0,2234.0
83903.57384928504,2234.0
83903.57384928504,2555.0
86400.0,2555.0
# temp #3980
0.0,2234.0
76527.84588241485,2234.0
76527.84588241485,2555.0
78760.11010506192,2555.0
78760.11010506192,2667.0
79317.52074379475,2667.0
79317.52074379475,2555.0
85317.52074379475,2555.0
85317.52074379475,2429.0
86400.000002,2429.0
# temp #3981
0.0,2234.0
18438.619685545564,2234.0
18438.619685545564,2555.0
20003.66214523092,2555.0
20003.66214523092,2429.0
50305.74322189205,2429.0
50305.74322189205,2555.0
61712.45375666768,2555.0
61712.45375666768,2429.0
86400.0,2429.0
# temp #3982
0.0,2234.0
31876.490165409636,2234.0
31876.490165409636,2429.0
32435.698050633076,2429.0
32435.698050633076,2234.0
33308.69711623528,2234.0
33308.69711623528,2429.0
37632.40849147551,2429.0
37632.40849147551,2234.0
56479.87461732701,2234.0
56479.87461732701,2429.0
57065.39746576455,2429.0
57065.39746576455,2234.0
58045.53832642269,2234.0
58045.53832642269,2667.0
84243.73127825094,2667.0
84243.73127825094,2883.0
86400.0,2883.0
# temp #3983
0.0,2234.0
6875.279784388841,2234.0
6875.279784388841,2883.0
8456.068535707893,2883.0
8456.068535707893,2667.0
15097.822887101212,2667.0
15097.822887101212,2883.0
43970.03990099766,2883.0
43970.03990099766,2429.0
50327.15019872413,2429.0
50327.15019872413,2555.0
59471.58914459871,2555.0
59471.58914459871,2667.0
86400.000002,2667.0
# temp #3984
0.0,2234.0
11357.623093295844,2234.0
11357.623093295844,2017.0
44576.750247459866,2017.0
44576.750247459866,2234.0
46065.18579153345,2234.0
46065.18579153345,2017.0
75556.51540299879,2017.0
75556.51540299879,2234.0
78875.0560107641,2234.0
78875.0560107641,2017.0
86400.0,2017.0
# temp #3985
0.0,2234.0
50271.795824565925,2234.0
50271.795824565925,2883.0
52671.795824565925,2883.0
52671.795824565925,2667.0
77394.86752299126,2667.0
77394.86752299126,2234.0
84188.1008481374,2234.0
84188.1008481374,2667.0
86400.0,2667.0
# temp #3986
0.0,2234.0
38329.63548651897,2234.0
38329.63548651897,2017.0
82131.30481517875,2017.0
82131.30481517875,2234.0
86400.000002,2234.0
# temp #3987
0.0,2234.0
6124.689509882593,2234.0
6124.689509882593,2667.0
29959.674258786257,2667.0
29959.674258786257,2555.0
30297.292776941325,2555.0
30297.292776941325,2667.0
54542.237129621215,2667.0
54542.237129621215,2555.0
55142.237129621215,2555.0
55142.237129621215,2667.0
67786.61535484716,2667.0
67786.61535484716,2555.0
70350.93209696935,2555.0
70350.93209696935,2429.0
86400.000002,2429.0
# temp #3988
0.0,2234.0
25150.71504162625,2234.0
25150.71504162625,2429.0
25750.71504162625,2429.0
25750.71504162625,2555.0
27386.714341957126,2555.0
27386.714341957126,2429.0
61304.14632700851,2429.0
61304.14632700851,2555.0
73584.10969062244,2555.0
73584.10969062244,2667.0
86400.000002,2667.0
# temp #3989
0.0,2234.0
53250.117874145515,2234.0
53250.117874145515,2555.0
56606.5251068445,2555.0
56606.5251068445,2667.0
56909.41256463994,2667.0
56909.41256463994,2555.0
57209.41256463994,2555.0
57209.41256463994,2667.0
60809.41256463994,2667.0
60809.41256463994,2555.0
62309.41256463994,2555.0
62309.41256463994,2429.0
76296.035648603,2429.0
76296.035648603,2234.0
86400.0,2234.0
# temp #3990
0.0,2234.0
82047.96410968994,2234.0
82047.96410968994,2555.0
86400.000002,2555.0
# temp #3991
0.0,2234.0
31711.29685705528,2234.0
31711.29685705528,2555.0
65440.15860012734,2555.0
65440.15860012734,2429.0
86400.000002,2429.0
# temp #3992
0.0,2234.0
9449.652828695254,2234.0
9449.652828695254,2883.0
10097.27547937073,2883.0
10097.27547937073,2667.0
21670.06676536985,2667.0
21670.06676536985,2883.0
22214.942797017287,2883.0
22214.942797017287,2429.0
24119.123355788182,2429.0
24119.123355788182,2667.0
39955.760435876444,2667.0
39955.760435876444,2883.0
61668.04565854837,2883.0
61668.04565854837,2429.0
86400.000002,2429.0
# temp #3993
0.0,2234.0
69184.42608069164,2234.0
69184.42608069164,2555.0
72454.00209340734,2555.0
72454.00209340734,2667.0
72938.8663911028,2667.0
72938.8663911028,2555.0
78938.8663911028,2555.0
78938.8663911028,2429.0
81338.8663911028,2429.0
81338.8663911028,2234.0
84938.8663911028,2234.0
84938.8663911028,2429.0
86138.8663911028,2429.0
86138.8663911028,2234.0
86400.0,2234.0
# temp #3994
0.0,2234.0
24190.705569181595,2234.0
24190.705569181595,2017.0
42240.33017540351,2017.0
42240.33017540351,2234.0
66211.75136463718,2234.0
66211.75136463718,2017.0
76714.47679395789,2017.0
76714.47679395789,2234.0
86400.000002,2234.0
# temp #3995
0.0,2234.0
3695.7461907528345,2234.0
3695.7461907528345,2555.0
36076.43863102422,2555.0
36076.43863102422,2429.0
36491.5966289118,2429.0
36491.5966289118,2555.0
45785.01118740533,2555.0
45785.01118740533,2429.0
46472.32612625231,2429.0
46472.32612625231,2555.0
47913.989321538254,2555.0
47913.989321538254,2429.0
48213.989321538254,2429.0
48213.989321538254,2555.0
49713.989321538254,2555.0
49713.989321538254,2429.0
59913.989321538254,2429.0
59913.989321538254,2234.0
86400.0,2234.0
# temp #3996
0.0,2234.0
3254.898015526124,2234.0
3254.898015526124,2429.0
3733.789682784118,2429.0
3733.789682784118,2555.0
7187.114815064707,2555.0
7187.114815064707,2429.0
34043.311756057665,2429.0
34043.311756057665,2555.0
37166.88848803752,2555.0
37166.88848803752,2429.0
55269.71395409201,2429.0
55269.71395409201,2555.0
71127.39972027486,2555.0
71127.39972027486,2667.0
86400.0,2667.0
# temp #3997
0.0,2234.0
19223.454067390416,2234.0
19223.454067390416,2017.0
45932.07655716688,2017.0
45932.07655716688,2234.0
67055.61692090706,2234.0
67055.61692090706,2017.0
86400.0,2017.0
# temp #3998
0.0,2234.0
41342.147029889755,2234.0
41342.147029889755,2429.0
41720.72658925318,2429.0
41720.72658925318,2555.0
44177.43749669754,2555.0
44177.43749669754,2429.0
67097.29656886777,2429.0
67097.29656886777,2555.0
68133.83091297002,2555.0
68133.83091297002,2429.0
86400.000002,2429.0
# temp #3999
0.0,2234.0
22574.79137387127,2234.0
22574.79137387127,2555.0
54229.40448895098,2555.0
54229.40448895098,2429.0
54700.113149732366,2429.0
54700.113149732366,2555.0
55656.095292465776,2555.0
55656.095292465776,2429.0
56090.09994640948,2429.0
56090.09994640948,2234.0
73323.72410539539,2234.0
73323.72410539539,2429.0
82333.79602830393,2429.0
82333.79602830393,2234.0
86400.0,2234.0
# temp #4000
0.0,2234.0
6015.899497596548,2234.0
6015.899497596548,2667.0
16787.293241196316,2667.0
16787.293241196316,2555.0
18040.8832294168,2555.0
18040.8832294168,2667.0
51922.55492198748,2667.0
51922.55492198748,2555.0
52222.55492198748,2555.0
52222.55492198748,2667.0
52522.55492198748,2667.0
52522.55492198748,2555.0
55822.55492198748,2555.0
55822.55492198748,2667.0
81322.55492198748,2667.0
81322.55492198748,2883.0
86400.0,2883.0
# temp #4001
0.0,2234.0
58402.26141947788,2234.0
58402.26141947788,2555.0
62570.85821384099,2555.0
62570.85821384099,2667.0
62872.89040137549,2667.0
62872.89040137549,2555.0
63172.89040137549,2555.0
63172.89040137549,2667.0
66772.8904013755,2667.0
66772.8904013755,2555.0
68272.8904013755,2555.0
68272.8904013755,2429.0
68723.29016542064,2429.0
68723.29016542064,2234.0
76018.82018123289,2234.0
76018.82018123289,2429.0
86400.0,2429.0
# temp #4002
0.0,2234.0
36327.30122194626,2234.0
36327.30122194626,2429.0
36908.44437838533,2429.0
36908.44437838533,2555.0
38274.135234067224,2555.0
38274.135234067224,2429.0
69769.7485829238,2429.0
69769.7485829238,2883.0
86400.0,2883.0
# temp #4003
0.0,2234.0
83586.94067371545,2234.0
83586.94067371545,2555.0
84015.18546373119,2555.0
84015.18546373119,2429.0
86400.000002,2429.0
# temp #4004
0.0,2234.0
7548.001013067552,2234.0
7548.001013067552,2883.0
8975.213196035476,2883.0
8975.213196035476,2667.0
20071.884580864575,2667.0
20071.884580864575,2883.0
28203.861471824355,2883.0
28203.861471824355,2429.0
42423.10265090783,2429.0
42423.10265090783,2555.0
58623.85703141337,2555.0
58623.85703141337,2667.0
80057.39387380892,2667.0
80057.39387380892,2555.0
85946.96381196847,2555.0
85946.96381196847,2429.0
86400.000002,2429.0
# temp #4005
0.0,2234.0
5887.412886880339,2234.0
5887.412886880339,2667.0
48358.62165356521,2667.0
48358.62165356521,2555.0
49252.909810119316,2555.0
49252.909810119316,2667.0
85734.12844995038,2667.0
85734.12844995038,2555.0
86334.12844995038,2555.0
86334.12844995038,2667.0
86400.000002,2667.0
# temp #4006
0.0,2234.0
2297.203780850396,2234.0
2297.203780850396,2667.0
15841.013948991897,2667.0
15841.013948991897,2555.0
16594.252146407965,2555.0
16594.252146407965,2429.0
43841.914195125,2429.0
43841.914195125,2555.0
79485.10547939224,2555.0
79485.10547939224,2429.0
86400.0,2429.0
# temp #4007
0.0,2234.0
74078.14932418989,2234.0
74078.14932418989,2883.0
76478.14932418989,2883.0
76478.14932418989,2667.0
86400.0,2667.0
# temp #4008
0.0,2234.0
42940.15619822313,2234.0
42940.15619822313,2555.0
49190.69712592755,2555.0
49190.69712592755,2429.0
49729.148687445566,2429.0
49729.148687445566,2555.0
62908.06506606752,2555.0
62908.06506606752,2429.0
64246.12352452242,2429.0
64246.12352452242,2555.0
64697.357346816,2555.0
64697.357346816,2429.0
64997.357346816,2429.0
64997.357346816,2555.0
65297.357346816,2555.0
65297.357346816,2429.0
65897.357346816,2429.0
65897.357346816,2555.0
67803.3116112929,2555.0
67803.3116112929,2429.0
86400.000002,2429.0
# temp #4009
0.0,2234.0
36945.676129963256,2234.0
36945.676129963256,2429.0
37545.676129963256,2429.0
37545.676129963256,2555.0
40194.128709565855,2555.0
40194.128709565855,2429.0
50133.04626946338,2429.0
50133.04626946338,2555.0
58000.61127094088,2555.0
58000.61127094088,2429.0
86171.0970223183,2429.0
86171.0970223183,2555.0
86400.0,2555.0
# temp #4010
0.0,2234.0
13476.796468114482,2234.0
13476.796468114482,2555.0
13926.21652716771,2555.0
13926.21652716771,2667.0
14306.88523084391,2667.0
14306.88523084391,2555.0
20306.88523084391,2555.0
20306.88523084391,2429.0
22706.88523084391,2429.0
22706.88523084391,2234.0
26306.88523084391,2234.0
26306.88523084391,2429.0
27506.88523084391,2429.0
27506.88523084391,2234.0
33206.88523084391,2234.0
33206.88523084391,2429.0
60052.973122545525,2429.0
60052.973122545525,2555.0
77843.04607158994,2555.0
77843.04607158994,2667.0
86400.0,2667.0
# temp #4011
0.0,2234.0
14442.440511379393,2234.0
14442.440511379393,2017.0
42637.68771118485,2017.0
42637.68771118485,2234.0
59204.600696498535,2234.0
59204.600696498535,2017.0
81468.93890714274,2017.0
81468.93890714274,2234.0
86400.000002,2234.0
# temp #4012
0.0,2234.0
39427.220931882046,2234.0
39427.220931882046,2017.0
86400.000002,2017.0
# temp #4013
0.0,2234.0
47946.96529484355,2234.0
47946.96529484355,2555.0
74398.8886346575,2555.0
74398.8886346575,2429.0
86400.0,2429.0
# temp #4014
0.0,2234.0
11504.894840251656,2234.0
11504.894840251656,2883.0
12231.986881722698,2883.0
12231.986881722698,2667.0
15435.680308355952,2667.0
15435.680308355952,2883.0
21298.43800195959,2883.0
21298.43800195959,2667.0
62079.42733566743,2667.0
62079.42733566743,2883.0
86400.000002,2883.0
# temp #4015
0.0,2234.0
84472.19728308266,2234.0
84472.19728308266,2555.0
86400.000002,2555.0
# temp #4016
0.0,2234.0
59994.49575324543,2234.0
59994.49575324543,2555.0
62237.882563937455,2555.0
62237.882563937455,2234.0
82895.20469962154,2234.0
82895.20469962154,2429.0
86400.0,2429.0
# temp #4017
0.0,2234.0
14993.359539611269,2234.0
14993.359539611269,2883.0
16093.100994382989,2883.0
16093.100994382989,2667.0
21987.0246043196,2667.0
21987.0246043196,2883.0
38268.9305177657,2883.0
38268.9305177657,2667.0
66126.56651940198,2667.0
66126.56651940198,2555.0
81718.75582945069,2555.0
81718.75582945069,2429.0
86400.0,2429.0
# temp #4018
0.0,2234.0
65872.94211960398,2234.0
65872.94211960398,2555.0
76374.2000935832,2555.0
76374.2000935832,2234.0
86400.0,2234.0
# temp #4019
0.0,2234.0
13094.69350464642,2234.0
13094.69350464642,2429.0
13521.293550403789,2429.0
13521.293550403789,2234.0
14289.852535841055,2234.0
14289.852535841055,2429.0
19512.30395429302,2429.0
19512.30395429302,2234.0
23569.816473545507,2234.0
23569.816473545507,2429.0
24117.036630841903,2429.0
24117.036630841903,2234.0
27363.326452835463,2234.0
27363.326452835463,2667.0
29690.8900303999,2667.0
29690.8900303999,2555.0
36178.767902590334,2555.0
36178.767902590334,2429.0
52105.34028278199,2429.0
52105.34028278199,2234.0
52443.62409200986,2234.0
52443.62409200986,2555.0
53988.74179695268,2555.0
53988.74179695268,2429.0
73622.54839274102,2429.0
73622.54839274102,2234.0
86400.000002,2234.0
# temp #4020
0.0,2234.0
6955.608523520642,2234.0
6955.608523520642,2883.0
8537.267942936161,2883.0
8537.267942936161,2667.0
10625.542166735979,2667.0
10625.542166735979,2883.0
45490.43999898714,2883.0
45490.43999898714,2429.0
51360.3214427596,2429.0
51360.3214427596,2234.0
52289.80770127383,2234.0
52289.80770127383,2667.0
76989.93227127941,2667.0
76989.93227127941,2555.0
86400.000002,2555.0
# temp #4021
0.0,2234.0
15593.135144189002,2234.0
15593.135144189002,2555.0
16698.684135032818,2555.0
16698.684135032818,2429.0
31980.04268179648,2429.0
31980.04268179648,2234.0
32280.04268179648,2234.0
32280.04268179648,2017.0
53252.96815303155,2017.0
53252.96815303155,2883.0
71751.7846000381,2883.0
71751.7846000381,2429.0
75276.56380038244,2429.0
75276.56380038244,2555.0
86400.000002,2555.0
# temp #4022
0.0,2234.0
63795.07976425812,2234.0
63795.07976425812,2555.0
73177.70052643027,2555.0
73177.70052643027,2234.0
86400.000002,2234.0
# temp #4023
0.0,2234.0
50707.734233234085,2234.0
50707.734233234085,2555.0
62347.488128766425,2555.0
62347.488128766425,2429.0
62913.37289018557,2429.0
62913.37289018557,2555.0
86400.000002,2555.0
# temp #4024
0.0,2234.0
65652.32274758164,2234.0
65652.32274758164,2555.0
79636.72832173761,2555.0
79636.72832173761,2234.0
81552.45976697188,2234.0
81552.45976697188,2667.0
86400.0,2667.0
# temp #4025
0.0,2234.0
8671.735219960103,2234.0
8671.735219960103,2883.0
8987.347132083962,2883.0
8987.347132083962,2667.0
11972.516356478447,2667.0
11972.516356478447,2883.0
19213.3559786249,2883.0
19213.3559786249,2429.0
31482.563100918203,2429.0
31482.563100918203,2555.0
44188.986273366034,2555.0
44188.986273366034,2667.0
49642.066344385974,2667.0
49642.066344385974,2555.0
56861.13923764788,2555.0
56861.13923764788,2667.0
81109.87271794585,2667.0
81109.87271794585,2234.0
86400.0,2234.0
# temp #4026
0.0,2234.0
3899.844982428477,2234.0
3899.844982428477,2667.0
33265.64086829312,2667.0
33265.64086829312,2555.0
34731.19538859465,2555.0
34731.19538859465,2429.0
57735.125301266096,2429.0
57735.125301266096,2555.0
83559.94873240126,2555.0
83559.94873240126,2429.0
86120.79316824676,2429.0
86120.79316824676,2667.0
86400.000002,2667.0
# temp #4027
0.0,2234.0
8298.925876105206,2234.0
8298.925876105206,2883.0
8898.724233289251,2883.0
8898.724233289251,2667.0
20178.282778803263,2667.0
20178.282778803263,2883.0
37761.98784301524,2883.0
37761.98784301524,2429.0
43197.42271362339,2429.0
43197.42271362339,2883.0
57382.39217160737,2883.0
57382.39217160737,2667.0
76351.33924812546,2667.0
76351.33924812546,2234.0
86400.0,2234.0
# temp #4028
0.0,2234.0
13390.742247761229,2234.0
13390.742247761229,2883.0
14013.16617478151,2883.0
14013.16617478151,2667.0
17827.783093415204,2667.0
17827.783093415204,2883.0
32042.779344040908,2883.0
32042.779344040908,2429.0
40829.07600710169,2429.0
40829.07600710169,2883.0
51727.86766528153,2883.0
51727.86766528153,2429.0
86400.000002,2429.0
# temp #4029
0.0,2234.0
74882.2654178599,2234.0
74882.2654178599,2555.0
86400.0,2555.0
# temp #4030
0.0,2234.0
4170.436568814331,2234.0
4170.436568814331,2667.0
44218.222067481845,2667.0
44218.222067481845,2555.0
44727.016258402735,2555.0
44727.016258402735,2667.0
79268.61485273113,2667.0
79268.61485273113,2555.0
79868.61485273113,2555.0
79868.61485273113,2667.0
86400.000002,2667.0
# temp #4031
0.0,2234.0
28708.701766747985,2234.0
28708.701766747985,2017.0
31392.045626090843,2017.0
31392.045626090843,2234.0
59012.707996135585,2234.0
59012.707996135585,2017.0
67406.30868743174,2017.0
67406.30868743174,2234.0
83255.50701138565,2234.0
83255.50701138565,2017.0
86400.0,2017.0
# temp #4032
0.0,2234.0
16615.078746574003,2234.0
16615.078746574003,2017.0
72356.99030309917,2017.0
72356.99030309917,2234.0
84082.00771026315,2234.0
84082.00771026315,2017.0
86400.000002,2017.0
# temp #4033
0.0,2234.0
36633.61927745864,2234.0
36633.61927745864,2555.0
57870.14996730723,2555.0
57870.14996730723,2429.0
60442.36723494251,2429.0
60442.36723494251,2555.0
62267.77760654223,2555.0
62267.77760654223,2429.0
86400.000002,2429.0
# temp #4034
0.0,2234.0
31635.023235250268,2234.0
31635.023235250268,2429.0
32127.641415596012,2429.0
32127.641415596012,2234.0
32956.38422935736,2234.0
32956.38422935736,2429.0
38464.183700247675,2429.0
38464.183700247675,2234.0
39891.125432029374,2234.0
39891.125432029374,2429.0
40654.00465261192,2429.0
40654.00465261192,2555.0
41874.84100386501,2555.0
41874.84100386501,2429.0
42174.84100386501,2429.0
42174.84100386501,2555.0
42474.84100386501,2555.0
42474.84100386501,2429.0
43074.84100386501,2429.0
43074.84100386501,2555.0
45035.031503811486,2555.0
45035.031503811486,2429.0
60539.84336634167,2429.0
60539.84336634167,2555.0
68861.4680129802,2555.0
68861.4680129802,2429.0
86400.0,2429.0
# temp #4035
0.0,2234.0
63018.845124123625,2234.0
63018.845124123625,2555.0
63518.296211399145,2555.0
63518.296211399145,2429.0
86400.0,2429.0
# temp #4036
0.0,2234.0
26723.885611072186,2234.0
26723.885611072186,2555.0
41723.40817758814,2555.0
41723.40817758814,2429.0
54478.427681420006,2429.0
54478.427681420006,2234.0
55078.427681420006,2234.0
55078.427681420006,2429.0
73378.42768142,2429.0
73378.42768142,2555.0
74878.42768142,2555.0
74878.42768142,2429.0
75623.12049712054,2429.0
75623.12049712054,2234.0
86400.0,2234.0
# temp #4037
0.0,2234.0
7799.899768154138,2234.0
7799.899768154138,2883.0
9376.094611384908,2883.0
9376.094611384908,2667.0
15180.9103501495,2667.0
15180.9103501495,2883.0
32311.63417054341,2883.0
32311.63417054341,2429.0
58502.96712715646,2429.0
58502.96712715646,2234.0
71343.7511563534,2234.0
71343.7511563534,2667.0
86400.0,2667.0
# temp #4038
0.0,2234.0
66442.33498144895,2234.0
66442.33498144895,2555.0
85661.59090928268,2555.0
85661.59090928268,2234.0
86400.0,2234.0
# temp #4039
0.0,2234.0
74070.61357714703,2234.0
74070.61357714703,2555.0
86400.0,2555.0
# temp #4040
0.0,2234.0
6571.5856752125555,2234.0
6571.5856752125555,2667.0
10327.178397076206,2667.0
10327.178397076206,2555.0
11347.265964327382,2555.0
11347.265964327382,2667.0
42577.09606995341,2667.0
42577.09606995341,2555.0
42877.09606995341,2555.0
42877.09606995341,2667.0
43739.63855425828,2667.0
43739.63855425828,2555.0
44339.63855425828,2555.0
44339.63855425828,2667.0
70401.7146169441,2667.0
70401.7146169441,2555.0
81604.91195640063,2555.0
81604.91195640063,2667.0
86400.000002,2667.0
# temp #4041
0.0,2234.0
1136.1875262111425,2234.0
1136.1875262111425,2667.0
38662.47080946342,2667.0
38662.47080946342,2555.0
39216.70528091491,2555.0
39216.70528091491,2667.0
56435.78712064774,2667.0
56435.78712064774,2555.0
56735.78712064774,2555.0
56735.78712064774,2429.0
76633.61855896657,2429.0
76633.61855896657,2555.0
78625.94077934047,2555.0
78625.94077934047,2429.0
86400.0,2429.0
# temp #4042
0.0,2234.0
2624.598831008189,2234.0
2624.598831008189,2667.0
5111.231877235697,2667.0
5111.231877235697,2555.0
6609.24204136245,2555.0
6609.24204136245,2429.0
8013.624979974704,2429.0
8013.624979974704,2555.0
27361.00258366205,2555.0
27361.00258366205,2667.0
39547.017950518064,2667.0
39547.017950518064,2883.0
49249.704953329645,2883.0
49249.704953329645,2429.0
61433.103214320734,2429.0
61433.103214320734,2555.0
64431.450432934806,2555.0
64431.450432934806,2429.0
86400.0,2429.0
# temp #4043
0.0,2234.0
7920.075446320699,2234.0
7920.075446320699,2883.0
19020.075446320698,2883.0
19020.075446320698,2555.0
34038.76787109766,2555.0
34038.76787109766,2429.0
70335.56352364832,2429.0
70335.56352364832,2555.0
80250.05729743281,2555.0
80250.05729743281,2667.0
86400.0,2667.0
# temp #4044
0.0,2234.0
1116.3771497318521,2234.0
1116.3771497318521,2667.0
35386.3301135134,2667.0
35386.3301135134,2555.0
36250.4332441371,2555.0
36250.4332441371,2429.0
62414.81570906473,2429.0
62414.81570906473,2555.0
78647.203292395,2555.0
78647.203292395,2667.0
81564.73408997992,2667.0
81564.73408997992,2555.0
86400.000002,2555.0
# temp #4045
0.0,2234.0
28558.520858455453,2234.0
28558.520858455453,2555.0
42888.926244573675,2555.0
42888.926244573675,2429.0
51039.43639104255,2429.0
51039.43639104255,2234.0
51339.43639104255,2234.0
51339.43639104255,2017.0
73694.10258647987,2017.0
73694.10258647987,2555.0
78463.13410825098,2555.0
78463.13410825098,2667.0
86400.000002,2667.0
# temp #4046
0.0,2234.0
16790.637083631013,2234.0
16790.637083631013,2017.0
47372.35934450292,2017.0
47372.35934450292,2234.0
79758.21957201698,2234.0
79758.21957201698,2017.0
86400.0,2017.0
# temp #4047
0.0,2234.0
58725.014103180736,2234.0
58725.014103180736,2555.0
61333.96541769617,2555.0
61333.96541769617,2667.0
61831.176002626315,2667.0
61831.176002626315,2555.0
67831.17600262632,2555.0
67831.17600262632,2429.0
70231.17600262632,2429.0
70231.17600262632,2234.0
73831.17600262632,2234.0
73831.17600262632,2429.0
75031.17600262632,2429.0
75031.17600262632,2234.0
80731.17600262632,2234.0
80731.17600262632,2429.0
86400.000002,2429.0
# temp #4048
0.0,2234.0
14072.221650229769,2234.0
14072.221650229769,2429.0
14472.812876547689,2429.0
14472.812876547689,2555.0
18678.268285165545,2555.0
18678.268285165545,2429.0
26369.22985638958,2429.0
26369.22985638958,2555.0
37558.43829663937,2555.0
37558.43829663937,2429.0
52499.64624533896,2429.0
52499.64624533896,2883.0
58465.08959289641,2883.0
58465.08959289641,2429.0
81024.34386089446,2429.0
81024.34386089446,2555.0
86400.0,2555.0
# temp #4049
0.0,2234.0
11049.7041327646,2234.0
11049.7041327646,2429.0
11633.276283787563,2429.0
11633.276283787563,2234.0
12420.313329133205,2234.0
12420.313329133205,2429.0
15537.454248522408,2429.0
15537.454248522408,2234.0
26357.96795454808,2234.0
26357.96795454808,2429.0
27555.99717521109,2429.0
27555.99717521109,2555.0
28112.663131998856,2555.0
28112.663131998856,2429.0
84212.66313199885,2429.0
84212.66313199885,2555.0
84512.66313199885,2555.0
84512.66313199885,2667.0
86012.66313199885,2667.0
86012.66313199885,2883.0
86400.0,2883.0
# temp #4050
0.0,2234.0
43560.30210829341,2234.0
43560.30210829341,2429.0
44047.089152270935,2429.0
44047.089152270935,2555.0
45301.48503058591,2555.0
45301.48503058591,2429.0
74716.05771873148,2429.0
74716.05771873148,2555.0
84826.02840524634,2555.0
84826.02840524634,2429.0
86400.000002,2429.0
# temp #4051
0.0,2234.0
4384.983000531794,2234.0
4384.983000531794,2667.0
17132.136048632678,2667.0
17132.136048632678,2555.0
17979.638742911633,2555.0
17979.638742911633,2667.0
49891.327714361265,2667.0
49891.327714361265,2555.0
50491.327714361265,2555.0
50491.327714361265,2667.0
65572.05410823227,2667.0
65572.05410823227,2555.0
67009.70784500243,2555.0
67009.70784500243,2429.0
78874.29067580962,2429.0
78874.29067580962,2555.0
83956.97970120238,2555.0
83956.97970120238,2429.0
86400.000002,2429.0
# temp #4052
0.0,2234.0
49877.865910436965,2234.0
49877.865910436965,2429.0
50177.865910436965,2429.0
50177.865910436965,2234.0
55775.38985162974,2234.0
55775.38985162974,2667.0
86400.000002,2667.0
# temp #4053
0.0,2234.0
987.3339073034005,2234.0
987.3339073034005,2667.0
22131.545894849118,2667.0
22131.545894849118,2555.0
22738.17471850198,2555.0
22738.17471850198,2667.0
41370.87887485978,2667.0
41370.87887485978,2555.0
41670.87887485978,2555.0
41670.87887485978,2667.0
42378.67348396686,2667.0
42378.67348396686,2555.0
42978.67348396686,2555.0
42978.67348396686,2667.0
57295.850425330005,2667.0
57295.850425330005,2555.0
85636.84161307757,2555.0
85636.84161307757,2429.0
86400.0,2429.0
# temp #4054
0.0,2234.0
10439.886012556964,2234.0
10439.886012556964,2555.0
14460.049372049982,2555.0
14460.049372049982,2667.0
20760.04937204998,2667.0
20760.04937204998,2555.0
21960.04937204998,2555.0
21960.04937204998,2429.0
65160.04937204998,2429.0
65160.04937204998,2234.0
86400.000002,2234.0
# temp #4055
0.0,2234.0
6841.103502712214,2234.0
6841.103502712214,2667.0
32091.548512922607,2667.0
32091.548512922607,2555.0
32991.101558273665,2555.0
32991.101558273665,2667.0
39935.68751332351,2667.0
39935.68751332351,2555.0
42935.68751332351,2555.0
42935.68751332351,2667.0
69035.6875133235,2667.0
69035.6875133235,2883.0
86400.0,2883.0
# temp #4056
0.0,2234.0
85811.40737682582,2234.0
85811.40737682582,2555.0
86400.000002,2555.0
# temp #4057
0.0,2234.0
20266.059372480962,2234.0
20266.059372480962,2555.0
23668.752118642446,2555.0
23668.752118642446,2667.0
24014.26478249487,2667.0
24014.26478249487,2555.0
24314.26478249487,2555.0
24314.26478249487,2667.0
27914.26478249487,2667.0
27914.26478249487,2555.0
29414.26478249487,2555.0
29414.26478249487,2429.0
46516.4987749653,2429.0
46516.4987749653,2234.0
79264.98074673583,2234.0
79264.98074673583,2429.0
84107.33879108449,2429.0
84107.33879108449,2883.0
86400.000002,2883.0
# temp #4058
0.0,2234.0
30906.57294513658,2234.0
30906.57294513658,2017.0
58977.81520304271,2017.0
58977.81520304271,2234.0
64677.81520304271,2234.0
64677.81520304271,2429.0
70571.57017537394,2429.0
70571.57017537394,2555.0
82962.11461150089,2555.0
82962.11461150089,2667.0
86400.000002,2667.0
# temp #4059
0.0,2234.0
40064.86404184252,2234.0
40064.86404184252,2883.0
42464.86404184252,2883.0
42464.86404184252,2667.0
43451.16596957669,2667.0
43451.16596957669,2234.0
48121.65323656518,2234.0
48121.65323656518,2429.0
79763.878149027,2429.0
79763.878149027,2555.0
86400.000002,2555.0
# temp #4060
0.0,2234.0
23440.512876631696,2234.0
23440.512876631696,2429.0
23740.512876631696,2429.0
23740.512876631696,2234.0
38966.78292858415,2234.0
38966.78292858415,2667.0
68233.86356555858,2667.0
68233.86356555858,2555.0
71514.48791292497,2555.0
71514.48791292497,2667.0
86400.0,2667.0
# temp #4061
0.0,2234.0
3860.95344813075,2234.0
3860.95344813075,2667.0
6440.450737928042,2667.0
6440.450737928042,2555.0
6990.713169355879,2555.0
6990.713169355879,2667.0
11960.707962512972,2667.0
11960.707962512972,2555.0
12560.707962512972,2555.0
12560.707962512972,2667.0
31369.640646083288,2667.0
31369.640646083288,2555.0
35193.46608887427,2555.0
35193.46608887427,2429.0
71646.7615439091,2429.0
71646.7615439091,2555.0
86363.50159454161,2555.0
86363.50159454161,2667.0
86400.000002,2667.0
# temp #4062
0.0,2234.0
2336.2830996746197,2234.0
2336.2830996746197,2883.0
3427.8404345037416,2883.0
3427.8404345037416,2667.0
13353.933009761387,2667.0
13353.933009761387,2883.0
34002.302128099844,2883.0
34002.302128099844,2429.0
55870.212066080436,2429.0
55870.212066080436,2555.0
57829.01921742597,2555.0
57829.01921742597,2429.0
60479.34917947279,2429.0
60479.34917947279,2667.0
86400.000002,2667.0
# temp #4063
0.0,2234.0
5450.1597308786595,2234.0
5450.1597308786595,2667.0
38497.16469438281,2667.0
38497.16469438281,2555.0
38897.30266851839,2555.0
38897.30266851839,2429.0
50435.7732293196,2429.0
50435.7732293196,2555.0
55117.64710843563,2555.0
55117.64710843563,2667.0
62848.788149748,2667.0
62848.788149748,2883.0
86400.000002,2883.0
# temp #4064
0.0,2234.0
16255.136420577768,2234.0
16255.136420577768,2555.0
20978.85008021258,2555.0
20978.85008021258,2667.0
27278.85008021258,2667.0
27278.85008021258,2555.0
28478.85008021258,2555.0
28478.85008021258,2429.0
71678.85008021258,2429.0
71678.85008021258,2234.0
86400.000002,2234.0
# temp #4065
0.0,2234.0
60596.81088735816,2234.0
60596.81088735816,2555.0
82852.51371979249,2555.0
82852.51371979249,2429.0
86400.000002,2429.0
# temp #4066
0.0,2234.0
38617.61443912984,2234.0
38617.61443912984,2429.0
45517.61443912984,2429.0
45517.61443912984,2555.0
47317.61443912984,2555.0
47317.61443912984,2429.0
60217.61443912984,2429.0
60217.61443912984,2234.0
60517.61443912984,2234.0
60517.61443912984,2017.0
60817.61443912984,2017.0
60817.61443912984,2234.0
61117.61443912984,2234.0
61117.61443912984,2017.0
69228.4996285569,2017.0
69228.4996285569,2234.0
86400.000002,2234.0
# temp #4067
0.0,2234.0
4962.6739252824345,2234.0
4962.6739252824345,2883.0
6484.952938067728,2883.0
6484.952938067728,2667.0
16120.642763189973,2667.0
16120.642763189973,2883.0
25375.45552735683,2883.0
25375.45552735683,2429.0
57810.26028336493,2429.0
57810.26028336493,2555.0
82412.66425768846,2555.0
82412.66425768846,2429.0
85030.87928260212,2429.0
85030.87928260212,2555.0
86400.000002,2555.0
# temp #4068
0.0,2234.0
36038.62888240256,2234.0
36038.62888240256,2555.0
36905.92020889745,2555.0
36905.92020889745,2667.0
37305.33793538344,2667.0
37305.33793538344,2555.0
37605.33793538344,2555.0
37605.33793538344,2667.0
64305.33793538344,2667.0
64305.33793538344,2555.0
80205.33793538343,2555.0
80205.33793538343,2234.0
83805.33793538343,2234.0
83805.33793538343,2429.0
86400.0,2429.0
# temp #4069
0.0,2234.0
7040.545468730853,2234.0
7040.545468730853,2017.0
16641.703500179578,2017.0
16641.703500179578,2234.0
23966.459185676653,2234.0
23966.459185676653,2017.0
80234.40184216016,2017.0
80234.40184216016,2234.0
84927.86539527589,2234.0
84927.86539527589,2017.0
86400.000002,2017.0
# temp #4070
0.0,2234.0
44870.597737748176,2234.0
44870.597737748176,2883.0
47270.597737748176,2883.0
47270.597737748176,2667.0
71073.19655015599,2667.0
71073.19655015599,2555.0
85201.89742099028,2555.0
85201.89742099028,2667.0
86400.0,2667.0
# temp #4071
0.0,2234.0
4745.8946688333535,2234.0
4745.8946688333535,2667.0
52885.63065882773,2667.0
52885.63065882773,2555.0
53420.29200280086,2555.0
53420.29200280086,2667.0
60123.655440635055,2667.0
60123.655440635055,2555.0
60723.655440635055,2555.0
60723.655440635055,2667.0
81516.56446529088,2667.0
81516.56446529088,2555.0
83217.91161296425,2555.0
83217.91161296425,2429.0
86400.0,2429.0
# temp #4072
0.0,2234.0
2131.4481998328124,2234.0
2131.4481998328124,2667.0
36734.711270523265,2667.0
36734.711270523265,2555.0
37158.415168826476,2555.0
37158.415168826476,2667.0
50284.134493558675,2667.0
50284.134493558675,2555.0
50584.134493558675,2555.0
50584.134493558675,2667.0
50884.134493558675,2667.0
50884.134493558675,2555.0
54184.134493558675,2555.0
54184.134493558675,2667.0
79684.13449355867,2667.0
79684.13449355867,2883.0
86400.0,2883.0
# temp #4073
0.0,2234.0
5733.505955385045,2234.0
5733.505955385045,2667.0
18932.108003832403,2667.0
18932.108003832403,2555.0
19946.566592250023,2555.0
19946.566592250023,2429.0
54371.237994264826,2429.0
54371.237994264826,2555.0
62597.23994135858,2555.0
62597.23994135858,2667.0
65262.4652616447,2667.0
65262.4652616447,2234.0
70794.08484573943,2234.0
70794.08484573943,2667.0
86107.39090922292,2667.0
86107.39090922292,2555.0
86215.39556533101,2555.0
86215.39556533101,2429.0
86400.000002,2429.0
# temp #4074
0.0,2234.0
32783.0940238433,2234.0
32783.0940238433,2555.0
37797.094991337515,2555.0
37797.094991337515,2667.0
44097.094991337515,2667.0
44097.094991337515,2555.0
45297.094991337515,2555.0
45297.094991337515,2429.0
86400.0,2429.0
# temp #4075
0.0,2234.0
2369.7252719197427,2234.0
2369.7252719197427,2667.0
31151.620483654555,2667.0
31151.620483654555,2555.0
31523.18213868421,2555.0
31523.18213868421,2429.0
55377.085142908625,2429.0
55377.085142908625,2555.0
78578.1415580772,2555.0
78578.1415580772,2429.0
86400.0,2429.0
# temp #4076
0.0,2234.0
18167.532780859623,2234.0
18167.532780859623,2883.0
19925.138479121964,2883.0
19925.138479121964,2667.0
27639.81860338245,2667.0
27639.81860338245,2883.0
41049.33332323563,2883.0
41049.33332323563,2429.0
43201.31793671754,2429.0
43201.31793671754,2555.0
62926.42427512912,2555.0
62926.42427512912,2667.0
74916.014823108,2667.0
74916.014823108,2555.0
86400.000002,2555.0
# temp #4077
0.0,2234.0
5347.316015395337,2234.0
5347.316015395337,2555.0
7692.876896657983,2555.0
7692.876896657983,2429.0
48807.19985256438,2429.0
48807.19985256438,2234.0
49407.19985256438,2234.0
49407.19985256438,2429.0
51807.19985256438,2429.0
51807.19985256438,2555.0
62007.19985256438,2555.0
62007.19985256438,2667.0
66849.618548085,2667.0
66849.618548085,2234.0
76425.85711826106,2234.0
76425.85711826106,2667.0
86400.000002,2667.0
# temp #4078
0.0,2234.0
7906.418633786963,2234.0
7906.418633786963,2667.0
33210.288012376994,2667.0
33210.288012376994,2555.0
34190.57328121272,2555.0
34190.57328121272,2667.0
43133.075440116234,2667.0
43133.075440116234,2555.0
46133.075440116234,2555.0
46133.075440116234,2667.0
72233.07544011623,2667.0
72233.07544011623,2883.0
86400.000002,2883.0
# temp #4079
0.0,2234.0
5468.683589436115,2234.0
5468.683589436115,2883.0
7110.913125704975,2883.0
7110.913125704975,2667.0
12138.814703305252,2667.0
12138.814703305252,2883.0
21979.607743117962,2883.0
21979.607743117962,2429.0
56591.60882416183,2429.0
56591.60882416183,2555.0
67620.91097426602,2555.0
67620.91097426602,2667.0
86400.000002,2667.0
# temp #4080
0.0,2234.0
418.57847173232585,2234.0
418.57847173232585,2429.0
32518.578471732326,2429.0
32518.578471732326,2555.0
32818.578471732326,2555.0
32818.578471732326,2667.0
37201.142174704,2667.0
37201.142174704,2555.0
40591.69881739654,2555.0
40591.69881739654,2667.0
48440.5241136672,2667.0
48440.5241136672,2234.0
59510.518778138794,2234.0
59510.518778138794,2429.0
86400.0,2429.0
# temp #4081
0.0,2234.0
60912.98635059503,2234.0
60912.98635059503,2555.0
69116.5320827393,2555.0
69116.5320827393,2429.0
75581.25799361152,2429.0
75581.25799361152,2234.0
82020.46395870858,2234.0
82020.46395870858,2429.0
86400.0,2429.0
# temp #4082
0.0,2234.0
6471.2156760972,2234.0
6471.2156760972,2667.0
21989.557846169922,2667.0
21989.557846169922,2555.0
23326.97722250596,2555.0
23326.97722250596,2429.0
59081.45189965145,2429.0
59081.45189965145,2555.0
86400.000002,2555.0
# temp #4083
0.0,2234.0
23006.095039285723,2234.0
23006.095039285723,2555.0
26416.38039078098,2555.0
26416.38039078098,2667.0
26968.399221519943,2667.0
26968.399221519943,2555.0
32968.39922151995,2555.0
32968.39922151995,2429.0
35368.39922151995,2429.0
35368.39922151995,2234.0
38968.39922151995,2234.0
38968.39922151995,2429.0
40168.39922151995,2429.0
40168.39922151995,2234.0
45868.39922151995,2234.0
45868.39922151995,2429.0
72082.0578208426,2429.0
72082.0578208426,2234.0
86400.0,2234.0
# temp #4084
0.0,2234.0
14559.219048195522,2234.0
14559.219048195522,2883.0
15255.354136484679,2883.0
15255.354136484679,2667.0
22918.84223695379,2667.0
22918.84223695379,2883.0
35589.14886990097,2883.0
35589.14886990097,2667.0
42306.402359507054,2667.0
42306.402359507054,2555.0
52576.85149486644,2555.0
52576.85149486644,2667.0
55777.87197637373,2667.0
55777.87197637373,2555.0
63452.498197322726,2555.0
63452.498197322726,2667.0
78215.52030513996,2667.0
78215.52030513996,2883.0
86400.000002,2883.0
# temp #4085
0.0,2234.0
2748.4143766108905,2234.0
2748.4143766108905,2667.0
27900.577289401557,2667.0
27900.577289401557,2555.0
28629.240000131544,2555.0
28629.240000131544,2667.0
61149.31942499244,2667.0
61149.31942499244,2555.0
61449.31942499244,2555.0
61449.31942499244,2667.0
61749.31942499244,2667.0
61749.31942499244,2555.0
65049.31942499244,2555.0
65049.31942499244,2667.0
86400.000002,2667.0
# temp #4086
0.0,2234.0
8149.116640747527,2234.0
8149.116640747527,2883.0
8857.958968752066,2883.0
8857.958968752066,2667.0
14458.51185321808,2667.0
14458.51185321808,2883.0
15510.496542672628,2883.0
15510.496542672628,2429.0
28973.924245848324,2429.0
28973.924245848324,2234.0
34568.453025631614,2234.0
34568.453025631614,2429.0
54315.016642981216,2429.0
54315.016642981216,2555.0
58222.17711091508,2555.0
58222.17711091508,2667.0
82542.13929902764,2667.0
82542.13929902764,2555.0
86400.000002,2555.0
# temp #4087
0.0,2234.0
62818.70407615789,2234.0
62818.70407615789,2555.0
74432.12791322732,2555.0
74432.12791322732,2429.0
75008.87062253898,2429.0
75008.87062253898,2555.0
86400.0,2555.0
# temp #4088
0.0,2234.0
27139.333393843848,2234.0
27139.333393843848,2555.0
31089.956709765833,2555.0
31089.956709765833,2667.0
31439.656656864103,2667.0
31439.656656864103,2555.0
31739.656656864103,2555.0
31739.656656864103,2667.0
35339.65665686411,2667.0
35339.65665686411,2555.0
36839.65665686411,2555.0
36839.65665686411,2429.0
37266.07580159326,2429.0
37266.07580159326,2234.0
56648.78217580263,2234.0
56648.78217580263,2667.0
86400.0,2667.0
# temp #4089
0.0,2234.0
37969.25317626447,2234.0
37969.25317626447,2555.0
68210.34828163685,2555.0
68210.34828163685,2429.0
68597.81543053688,2429.0
68597.81543053688,2555.0
71519.06081407798,2555.0
71519.06081407798,2429.0
72459.292860562,2429.0
72459.292860562,2234.0
76016.47870824674,2234.0
76016.47870824674,2667.0
86400.000002,2667.0
# temp #4090
0.0,2234.0
9519.126977236012,2234.0
9519.126977236012,2555.0
11282.319082296455,2555.0
11282.319082296455,2667.0
11809.843284473756,2667.0
11809.843284473756,2555.0
12109.843284473756,2555.0
12109.843284473756,2667.0
15709.843284473756,2667.0
15709.843284473756,2555.0
17209.843284473758,2555.0
17209.843284473758,2429.0
33001.831584004685,2429.0
33001.831584004685,2234.0
41656.396601744935,2234.0
41656.396601744935,2429.0
55810.000463901095,2429.0
55810.000463901095,2555.0
81094.34710191564,2555.0
81094.34710191564,2429.0
86400.000002,2429.0
# temp #4091
0.0,2234.0
15259.809018974194,2234.0
15259.809018974194,2555.0
23802.574893808927,2555.0
23802.574893808927,2429.0
24223.256509378556,2429.0
24223.256509378556,2555.0
36964.180519804366,2555.0
36964.180519804366,2429.0
38407.10666840897,2429.0
38407.10666840897,2555.0
39026.268401183195,2555.0
39026.268401183195,2429.0
39326.268401183195,2429.0
39326.268401183195,2555.0
59726.268401183195,2555.0
59726.268401183195,2429.0
60026.268401183195,2429.0
60026.268401183195,2555.0
60626.268401183195,2555.0
60626.268401183195,2667.0
86400.0,2667.0
# temp #4092
0.0,2234.0
65476.91070106813,2234.0
65476.91070106813,2555.0
86400.000002,2555.0
# temp #4093
0.0,2234.0
29382.28674111888,2234.0
29382.28674111888,2017.0
79598.6995405052,2017.0
79598.6995405052,2234.0
85298.6995405052,2234.0
85298.6995405052,2429.0
86400.0,2429.0
# temp #4094
0.0,2234.0
19655.671046976935,2234.0
19655.671046976935,2429.0
20196.46776490845,2429.0
20196.46776490845,2555.0
23240.85870967247,2555.0
23240.85870967247,2429.0
37957.81161300839,2429.0
37957.81161300839,2234.0
68663.98860525807,2234.0
68663.98860525807,2429.0
85621.96973233951,2429.0
85621.96973233951,2555.0
86400.000002,2555.0
# temp #4095
0.0,2234.0
25328.193644271236,2234.0
25328.193644271236,2555.0
45839.981789630845,2555.0
45839.981789630845,2429.0
46176.82034752798,2429.0
46176.82034752798,2555.0
53935.02067916562,2555.0
53935.02067916562,2429.0
54247.83914652654,2429.0
54247.83914652654,2234.0
57746.70110209846,2234.0
57746.70110209846,2667.0
84107.64825388325,2667.0
84107.64825388325,2234.0
86400.0,2234.0
# temp #4096
0.0,2234.0
32181.001094752,2234.0
32181.001094752,2555.0
68818.19382759278,2555.0
68818.19382759278,2429.0
86400.000002,2429.0
# temp #4097
0.0,2234.0
3445.5764144193386,2234.0
3445.5764144193386,2667.0
27572.506405413154,2667.0
27572.506405413154,2555.0
28263.15480200574,2555.0
28263.15480200574,2667.0
61921.51778459085,2667.0
61921.51778459085,2555.0
62221.51778459085,2555.0
62221.51778459085,2429.0
75484.54694745598,2429.0
75484.54694745598,2883.0
80659.89536535928,2883.0
80659.89536535928,2429.0
86400.000002,2429.0
# temp #4098
0.0,2234.0
16335.839569405656,2234.0
16335.839569405656,2883.0
17953.561996249486,2883.0
17953.561996249486,2667.0
23455.929219815884,2667.0
23455.929219815884,2883.0
28671.71520441771,2883.0
28671.71520441771,2667.0
43422.330565354794,2667.0
43422.330565354794,2234.0
48073.4185673995,2234.0
48073.4185673995,2429.0
57175.26123030113,2429.0
57175.26123030113,2555.0
84468.70643680451,2555.0
84468.70643680451,2429.0
86400.000002,2429.0
# temp #4099
0.0,2234.0
29299.504905939106,2234.0
29299.504905939106,2017.0
80731.45172204824,2017.0
80731.45172204824,2234.0
82004.68509485947,2234.0
82004.68509485947,2017.0
86400.000002,2017.0
# temp #4100
0.0,2234.0
5297.329554171302,2234.0
5297.329554171302,2883.0
5868.7437068671,2883.0
5868.7437068671,2667.0
8263.444027723745,2667.0
8263.444027723745,2883.0
20816.281104041267,2883.0
20816.281104041267,2667.0
55265.867212764,2667.0
55265.867212764,2555.0
56728.366056969404,2555.0
56728.366056969404,2429.0
86400.000002,2429.0
# temp #4101
0.0,2234.0
37130.173769197434,2234.0
37130.173769197434,2429.0
37493.77770598513,2429.0
37493.77770598513,2555.0
40048.631835985005,2555.0
40048.631835985005,2429.0
53673.71746874415,2429.0
53673.71746874415,2555.0
66120.25190996939,2555.0
66120.25190996939,2667.0
78337.2667355463,2667.0
78337.2667355463,2555.0
82633.95808590578,2555.0
82633.95808590578,2667.0
86400.0,2667.0
# temp #4102
0.0,2234.0
84333.95151451697,2234.0
84333.95151451697,2555.0
86400.0,2555.0
# temp #4103
0.0,2234.0
14218.079504370691,2234.0
14218.079504370691,2429.0
14690.979455318304,2429.0
14690.979455318304,2234.0
15293.600948830137,2234.0
15293.600948830137,2429.0
17207.476053969007,2429.0
17207.476053969007,2234.0
21187.005494395275,2234.0
21187.005494395275,2429.0
21566.097565018576,2429.0
21566.097565018576,2234.0
50254.90357414821,2234.0
50254.90357414821,2429.0
80486.53198946269,2429.0
80486.53198946269,2555.0
86400.0,2555.0
# temp #4104
0.0,2234.0
41482.50851577614,2234.0
41482.50851577614,2429.0
48382.50851577614,2429.0
48382.50851577614,2555.0
50182.50851577614,2555.0
50182.50851577614,2429.0
63082.50851577614,2429.0
63082.50851577614,2234.0
63382.50851577614,2234.0
63382.50851577614,2017.0
63682.50851577614,2017.0
63682.50851577614,2234.0
63982.50851577614,2234.0
63982.50851577614,2017.0
81920.28238840868,2017.0
81920.28238840868,2234.0
86400.0,2234.0
# temp #4105
0.0,2234.0
2634.8203544737776,2234.0
2634.8203544737776,2667.0
4258.121562260204,2667.0
4258.121562260204,2555.0
4911.891505471432,2555.0
4911.891505471432,2667.0
36999.056352884516,2667.0
36999.056352884516,2555.0
37599.056352884516,2555.0
37599.056352884516,2667.0
57746.66293028278,2667.0
57746.66293028278,2555.0
60479.65348537547,2555.0
60479.65348537547,2429.0
86400.000002,2429.0
# temp #4106
0.0,2234.0
37200.43939480093,2234.0
37200.43939480093,2555.0
68008.84950959591,2555.0
68008.84950959591,2429.0
68379.66107348913,2429.0
68379.66107348913,2555.0
86400.000002,2555.0
# temp #4107
0.0,2234.0
32134.734005131762,2234.0
32134.734005131762,2429.0
32619.18439054862,2429.0
32619.18439054862,2555.0
35267.213670630015,2555.0
35267.213670630015,2429.0
46343.812528671704,2429.0
46343.812528671704,2555.0
54065.92939929106,2555.0
54065.92939929106,2667.0
83383.0578303896,2667.0
83383.0578303896,2234.0
85498.62789586188,2234.0
85498.62789586188,2667.0
86400.000002,2667.0
# temp #4108
0.0,2234.0
15445.186131144876,2234.0
15445.186131144876,2555.0
28071.686304104518,2555.0
28071.686304104518,2429.0
28518.730874382894,2429.0
28518.730874382894,2555.0
47009.80775384233,2555.0
47009.80775384233,2429.0
47991.73475252465,2429.0
47991.73475252465,2555.0
48738.79251955078,2555.0
48738.79251955078,2429.0
49038.79251955078,2429.0
49038.79251955078,2555.0
69438.79251955077,2555.0
69438.79251955077,2429.0
69738.79251955077,2429.0
69738.79251955077,2555.0
70338.79251955077,2555.0
70338.79251955077,2667.0
81147.93219335844,2667.0
81147.93219335844,2555.0
86400.0,2555.0
# temp #4109
0.0,2234.0
32879.69705234282,2234.0
32879.69705234282,2429.0
33179.69705234282,2429.0
33179.69705234282,2234.0
44523.10294476338,2234.0
44523.10294476338,2667.0
77475.59488259722,2667.0
77475.59488259722,2555.0
86400.0,2555.0
# temp #4110
0.0,2234.0
76891.76175997128,2234.0
76891.76175997128,2555.0
79237.50516625588,2555.0
79237.50516625588,2429.0
79765.00761110803,2429.0
79765.00761110803,2555.0
86400.000002,2555.0
# temp #4111
0.0,2234.0
73436.16968665739,2234.0
73436.16968665739,2555.0
86400.000002,2555.0
# temp #4112
0.0,2234.0
1716.1863133544105,2234.0
1716.1863133544105,2667.0
19080.03745065071,2667.0
19080.03745065071,2555.0
20067.450978839774,2555.0
20067.450978839774,2429.0
47809.708603774205,2429.0
47809.708603774205,2555.0
62367.65138190241,2555.0
62367.65138190241,2429.0
63784.77832200007,2429.0
63784.77832200007,2555.0
86400.0,2555.0
# temp #4113
0.0,2234.0
19997.76848664042,2234.0
19997.76848664042,2555.0
55802.923544752426,2555.0
55802.923544752426,2429.0
56122.715476294994,2429.0
56122.715476294994,2555.0
61051.055197301335,2555.0
61051.055197301335,2429.0
61661.29983149005,2429.0
61661.29983149005,2555.0
62739.72738075537,2555.0
62739.72738075537,2429.0
86400.000002,2429.0
# temp #4114
0.0,2234.0
7566.692711692305,2234.0
7566.692711692305,2667.0
34822.42027041503,2667.0
34822.42027041503,2555.0
35212.85756821745,2555.0
35212.85756821745,2667.0
38775.87805304211,2667.0
38775.87805304211,2555.0
39375.87805304211,2555.0
39375.87805304211,2667.0
52292.28685323615,2667.0
52292.28685323615,2555.0
55532.39161048551,2555.0
55532.39161048551,2429.0
82399.01048443282,2429.0
82399.01048443282,2555.0
86400.0,2555.0
# temp #4115
0.0,2234.0
66586.76144457424,2234.0
66586.76144457424,2555.0
86301.09239341693,2555.0
86301.09239341693,2429.0
86400.0,2429.0
# temp #4116
0.0,2234.0
33437.77622831986,2234.0
33437.77622831986,2429.0
34026.962453057065,2429.0
34026.962453057065,2555.0
37490.94918624033,2555.0
37490.94918624033,2429.0
37819.573671394035,2429.0
37819.573671394035,2555.0
39507.97113028821,2555.0
39507.97113028821,2429.0
48930.996442842305,2429.0
48930.996442842305,2234.0
67341.68194381056,2234.0
67341.68194381056,2667.0
86400.000002,2667.0
# temp #4117
0.0,2234.0
74439.72549287138,2234.0
74439.72549287138,2555.0
86400.0,2555.0
# temp #4118
0.0,2234.0
5686.944441567176,2234.0
5686.944441567176,2667.0
9400.66611429211,2667.0
9400.66611429211,2555.0
10543.608297198081,2555.0
10543.608297198081,2667.0
30981.15009258036,2667.0
30981.15009258036,2555.0
31281.15009258036,2555.0
31281.15009258036,2667.0
32018.896413641054,2667.0
32018.896413641054,2555.0
32618.896413641054,2555.0
32618.896413641054,2667.0
48934.44988487755,2667.0
48934.44988487755,2555.0
65129.54454417342,2555.0
65129.54454417342,2429.0
70707.81807904133,2429.0
70707.81807904133,2555.0
86400.0,2555.0
# temp #4119
0.0,2234.0
6653.144145780244,2234.0
6653.144145780244,2667.0
15061.560081294738,2667.0
15061.560081294738,2555.0
15903.34676380735,2555.0
15903.34676380735,2667.0
47047.57848673035,2667.0
47047.57848673035,2555.0
47347.57848673035,2555.0
47347.57848673035,2667.0
48104.76859838237,2667.0
48104.76859838237,2555.0
48704.76859838237,2555.0
48704.76859838237,2667.0
78223.32741036081,2667.0
78223.32741036081,2555.0
86400.0,2555.0
# temp #4120
0.0,2234.0
2689.898414025083,2234.0
2689.898414025083,2883.0
4011.2413512775674,2883.0
4011.2413512775674,2667.0
8907.847063941881,2667.0
8907.847063941881,2883.0
19966.525784460828,2883.0
19966.525784460828,2667.0
41534.76553279907,2667.0
41534.76553279907,2555.0
64939.93071110455,2555.0
64939.93071110455,2429.0
86400.000002,2429.0
# temp #4121
0.0,2234.0
13216.332258610057,2234.0
13216.332258610057,2883.0
13524.438868998552,2883.0
13524.438868998552,2667.0
17160.447259177454,2667.0
17160.447259177454,2883.0
44862.836487684406,2883.0
44862.836487684406,2429.0
57092.168768914424,2429.0
57092.168768914424,2555.0
58816.23775383924,2555.0
58816.23775383924,2429.0
86400.0,2429.0
# temp #4122
0.0,2234.0
41700.31288038008,2234.0
41700.31288038008,2883.0
44100.31288038008,2883.0
44100.31288038008,2667.0
72482.24944034591,2667.0
72482.24944034591,2555.0
86400.0,2555.0
# temp #4123
0.0,2234.0
1032.1125412825495,2234.0
1032.1125412825495,2017.0
5157.063826778904,2017.0
5157.063826778904,2234.0
22359.578804438934,2234.0
22359.578804438934,2017.0
59637.93141678908,2017.0
59637.93141678908,2234.0
86400.0,2234.0
# temp #4124
0.0,2234.0
41228.510236088194,2234.0
41228.510236088194,2429.0
41707.534659630626,2429.0
41707.534659630626,2555.0
46395.80682625529,2555.0
46395.80682625529,2429.0
71593.80930138288,2429.0
71593.80930138288,2555.0
85447.60941078422,2555.0
85447.60941078422,2667.0
86400.000002,2667.0
# temp #4125
0.0,2234.0
48245.796821988195,2234.0
48245.796821988195,2429.0
48545.796821988195,2429.0
48545.796821988195,2234.0
57351.75713323989,2234.0
57351.75713323989,2429.0
86400.000002,2429.0
# temp #4126
0.0,2234.0
64202.501136227525,2234.0
64202.501136227525,2555.0
65507.4395861244,2555.0
65507.4395861244,2667.0
66056.5350577701,2667.0
66056.5350577701,2555.0
66356.5350577701,2555.0
66356.5350577701,2667.0
86400.000002,2667.0
# temp #4127
0.0,2234.0
10857.989875786006,2234.0
10857.989875786006,2429.0
17757.989875786006,2429.0
17757.989875786006,2555.0
19557.989875786006,2555.0
19557.989875786006,2429.0
32457.989875786006,2429.0
32457.989875786006,2234.0
32757.989875786006,2234.0
32757.989875786006,2017.0
33057.98987578601,2017.0
33057.98987578601,2234.0
33357.98987578601,2234.0
33357.98987578601,2017.0
52391.308331885375,2017.0
52391.308331885375,2234.0
72174.09087291453,2234.0
72174.09087291453,2667.0
86400.0,2667.0
# temp #4128
0.0,2234.0
11832.098078867422,2234.0
11832.098078867422,2883.0
12567.765175737442,2883.0
12567.765175737442,2667.0
24058.9081871789,2667.0
24058.9081871789,2883.0
39059.17912465521,2883.0
39059.17912465521,2667.0
86021.76049430856,2667.0
86021.76049430856,2883.0
86400.000002,2883.0
# temp #4129
0.0,2234.0
56035.06485619583,2234.0
56035.06485619583,2555.0
69567.96247707681,2555.0
69567.96247707681,2429.0
86400.000002,2429.0
# temp #4130
0.0,2234.0
56900.91588590295,2234.0
56900.91588590295,2555.0
86400.000002,2555.0
# temp #4131
0.0,2234.0
34987.710460997194,2234.0
34987.710460997194,2429.0
35287.710460997194,2429.0
35287.710460997194,2234.0
44874.76544526872,2234.0
44874.76544526872,2667.0
46792.943472485065,2667.0
46792.943472485065,2555.0
58424.1284142947,2555.0
58424.1284142947,2667.0
80899.93142613677,2667.0
80899.93142613677,2555.0
86400.0,2555.0
# temp #4132
0.0,2234.0
5843.949875794352,2234.0
5843.949875794352,2667.0
53512.96424386092,2667.0
53512.96424386092,2555.0
53860.13203994372,2555.0
53860.13203994372,2667.0
66334.37574596611,2667.0
66334.37574596611,2555.0
66634.37574596611,2555.0
66634.37574596611,2667.0
67356.85160877185,2667.0
67356.85160877185,2555.0
67956.85160877185,2555.0
67956.85160877185,2667.0
86400.000002,2667.0
# temp #4133
0.0,2234.0
80384.12838522346,2234.0
80384.12838522346,2555.0
86400.0,2555.0
# temp #4134
0.0,2234.0
5893.521256232635,2234.0
5893.521256232635,2883.0
7332.180408085697,2883.0
7332.180408085697,2667.0
18781.655674776997,2667.0
18781.655674776997,2883.0
30140.428393869668,2883.0
30140.428393869668,2667.0
78832.56552794484,2667.0
78832.56552794484,2883.0
84729.45175522474,2883.0
84729.45175522474,2667.0
86400.0,2667.0
# temp #4135
0.0,2234.0
1061.366011784412,2234.0
1061.366011784412,2667.0
29445.899154595103,2667.0
29445.899154595103,2555.0
30368.679733271714,2555.0
30368.679733271714,2667.0
54697.21739985981,2667.0
54697.21739985981,2555.0
55297.21739985981,2555.0
55297.21739985981,2667.0
71600.37622014062,2667.0
71600.37622014062,2555.0
73054.92441812532,2555.0
73054.92441812532,2429.0
86400.0,2429.0
# temp #4136
0.0,2234.0
9509.801576100292,2234.0
9509.801576100292,2883.0
10360.109587688932,2883.0
10360.109587688932,2667.0
12669.230230478572,2667.0
12669.230230478572,2883.0
33928.96112424788,2883.0
33928.96112424788,2429.0
59204.33302111925,2429.0
59204.33302111925,2234.0
86400.0,2234.0
# temp #4137
0.0,2234.0
3386.3860369194304,2234.0
3386.3860369194304,2667.0
37044.340810203,2667.0
37044.340810203,2555.0
37957.51182243694,2555.0
37957.51182243694,2429.0
58216.622701752945,2429.0
58216.622701752945,2555.0
73104.93778148667,2555.0
73104.93778148667,2667.0
80174.75368506277,2667.0
80174.75368506277,2555.0
86400.0,2555.0
# temp #4138
0.0,2234.0
13468.019043747337,2234.0
13468.019043747337,2883.0
24568.019043747336,2883.0
24568.019043747336,2555.0
25005.88064789772,2555.0
25005.88064789772,2667.0
55241.7823704891,2667.0
55241.7823704891,2883.0
80553.54722847698,2883.0
80553.54722847698,2429.0
86400.000002,2429.0
# temp #4139
0.0,2234.0
55396.08380771243,2234.0
55396.08380771243,2429.0
55714.842073176995,2429.0
55714.842073176995,2555.0
56578.10778797139,2555.0
56578.10778797139,2429.0
65980.92844812201,2429.0
65980.92844812201,2234.0
83599.55806899817,2234.0
83599.55806899817,2667.0
86400.0,2667.0
# temp #4140
0.0,2234.0
40900.196029432125,2234.0
40900.196029432125,2429.0
47800.196029432125,2429.0
47800.196029432125,2555.0
49600.196029432125,2555.0
49600.196029432125,2429.0
62500.196029432125,2429.0
62500.196029432125,2234.0
62800.196029432125,2234.0
62800.196029432125,2017.0
63100.196029432125,2017.0
63100.196029432125,2234.0
63400.196029432125,2234.0
63400.196029432125,2017.0
69782.73691842334,2017.0
69782.73691842334,2234.0
70281.45067552106,2234.0
70281.45067552106,2667.0
78879.67751186808,2667.0
78879.67751186808,2555.0
84821.92285994535,2555.0
84821.92285994535,2667.0
86400.0,2667.0
# temp #4141
0.0,2234.0
71826.34123025929,2234.0
71826.34123025929,2555.0
72903.41071332806,2555.0
72903.41071332806,2667.0
73339.88612133545,2667.0
73339.88612133545,2555.0
73639.88612133545,2555.0
73639.88612133545,2667.0
77239.88612133545,2667.0
77239.88612133545,2555.0
78739.88612133545,2555.0
78739.88612133545,2429.0
80903.70129961522,2429.0
80903.70129961522,2234.0
86400.0,2234.0
# temp #4142
0.0,2234.0
26813.017335673798,2234.0
26813.017335673798,2017.0
29432.27894478478,2017.0
29432.27894478478,2234.0
38964.96317689308,2234.0
38964.96317689308,2017.0
61575.965353148065,2017.0
61575.965353148065,2234.0
76880.76014989057,2234.0
76880.76014989057,2017.0
86400.0,2017.0
# temp #4143
0.0,2234.0
29324.443767964844,2234.0
29324.443767964844,2555.0
30118.35617772304,2555.0
30118.35617772304,2429.0
30422.29100482073,2429.0
30422.29100482073,2555.0
35069.16767985095,2555.0
35069.16767985095,2429.0
35850.89780401905,2429.0
35850.89780401905,2555.0
37265.02625488211,2555.0
37265.02625488211,2429.0
37565.02625488211,2429.0
37565.02625488211,2555.0
39065.02625488211,2555.0
39065.02625488211,2429.0
49265.02625488211,2429.0
49265.02625488211,2234.0
86400.000002,2234.0
# temp #4144
0.0,2234.0
52299.778366391554,2234.0
52299.778366391554,2555.0
57260.24679942057,2555.0
57260.24679942057,2667.0
67160.24679942057,2667.0
67160.24679942057,2555.0
71130.27076637374,2555.0
71130.27076637374,2429.0
73101.46403247492,2429.0
73101.46403247492,2667.0
86400.000002,2667.0
# temp #4145
0.0,2234.0
7761.807278590278,2234.0
7761.807278590278,2429.0
8104.8206131439665,2429.0
8104.8206131439665,2555.0
10685.626268712806,2555.0
10685.626268712806,2429.0
21447.912716190334,2429.0
21447.912716190334,2555.0
29642.40580794868,2555.0
29642.40580794868,2429.0
71602.50577486587,2429.0
71602.50577486587,2883.0
86400.0,2883.0
# temp #4146
0.0,2234.0
83586.31905075164,2234.0
83586.31905075164,2555.0
86400.000002,2555.0
# temp #4147
0.0,2234.0
8380.061689345168,2234.0
8380.061689345168,2667.0
47484.73531999626,2667.0
47484.73531999626,2555.0
48519.364492921166,2555.0
48519.364492921166,2667.0
65731.57517819201,2667.0
65731.57517819201,2555.0
66031.57517819201,2555.0
66031.57517819201,2667.0
66663.2888905937,2667.0
66663.2888905937,2555.0
67263.2888905937,2555.0
67263.2888905937,2667.0
71254.55648589415,2667.0
71254.55648589415,2234.0
86400.000002,2234.0
# temp #4148
0.0,2234.0
61873.05825962686,2234.0
61873.05825962686,2555.0
70500.2583699301,2555.0
70500.2583699301,2429.0
70963.14993796406,2429.0
70963.14993796406,2555.0
72733.08668809479,2555.0
72733.08668809479,2429.0
73323.33421418445,2429.0
73323.33421418445,2234.0
86400.0,2234.0
# temp #4149
0.0,2234.0
14720.71343699936,2234.0
14720.71343699936,2555.0
19177.98776153941,2555.0
19177.98776153941,2667.0
25477.98776153941,2667.0
25477.98776153941,2555.0
26677.98776153941,2555.0
26677.98776153941,2429.0
69877.9877615394,2429.0
69877.9877615394,2234.0
75822.59943271056,2234.0
75822.59943271056,2429.0
86400.0,2429.0
# temp #4150
0.0,2234.0
15023.83515906986,2234.0
15023.83515906986,2429.0
47123.83515906986,2429.0
47123.83515906986,2555.0
47423.83515906986,2555.0
47423.83515906986,2667.0
63699.43955799099,2667.0
63699.43955799099,2555.0
68140.4092882527,2555.0
68140.4092882527,2429.0
69505.87899754755,2429.0
69505.87899754755,2234.0
73289.41405839287,2234.0
73289.41405839287,2429.0
86400.000002,2429.0
# temp #4151
0.0,2234.0
68542.33830529267,2234.0
68542.33830529267,2555.0
68891.82776645759,2555.0
68891.82776645759,2667.0
75191.82776645759,2667.0
75191.82776645759,2555.0
76391.82776645759,2555.0
76391.82776645759,2429.0
86400.000002,2429.0
# temp #4152
0.0,2234.0
16483.684974792417,2234.0
16483.684974792417,2883.0
17405.00005593058,2883.0
17405.00005593058,2667.0
25652.687588101257,2667.0
25652.687588101257,2883.0
26345.85679052398,2883.0
26345.85679052398,2429.0
45292.18408260495,2429.0
45292.18408260495,2555.0
64512.22254876049,2555.0
64512.22254876049,2667.0
86400.0,2667.0
# temp #4153
0.0,2234.0
14482.494385982867,2234.0
14482.494385982867,2883.0
25582.494385982867,2883.0
25582.494385982867,2555.0
41734.23175003846,2555.0
41734.23175003846,2429.0
57889.82621405741,2429.0
57889.82621405741,2555.0
63140.685418644,2555.0
63140.685418644,2667.0
82850.6258784095,2667.0
82850.6258784095,2234.0
86400.0,2234.0
# temp #4154
0.0,2234.0
45863.61590651796,2234.0
45863.61590651796,2555.0
63240.55452472532,2555.0
63240.55452472532,2429.0
63799.28655351979,2429.0
63799.28655351979,2555.0
64805.14411032201,2555.0
64805.14411032201,2429.0
65356.99239308016,2429.0
65356.99239308016,2234.0
69848.7700726837,2234.0
69848.7700726837,2667.0
80446.42981309445,2667.0
80446.42981309445,2883.0
86400.000002,2883.0
# temp #4155
0.0,2234.0
46378.65566429683,2234.0
46378.65566429683,2429.0
46894.568674033515,2429.0
46894.568674033515,2555.0
50374.68762933277,2555.0
50374.68762933277,2429.0
67007.3432767298,2429.0
67007.3432767298,2234.0
74548.5074379947,2234.0
74548.5074379947,2555.0
75748.5074379947,2555.0
75748.5074379947,2883.0
84162.7521485556,2883.0
84162.7521485556,2667.0
86400.000002,2667.0
# temp #4156
0.0,2234.0
23971.470995130952,2234.0
23971.470995130952,2555.0
59568.513358687065,2555.0
59568.513358687065,2429.0
60069.815386156566,2429.0
60069.815386156566,2555.0
74637.79384985102,2555.0
74637.79384985102,2429.0
75783.0311062513,2429.0
75783.0311062513,2555.0
76404.75091317204,2555.0
76404.75091317204,2429.0
86400.000002,2429.0
# temp #4157
0.0,2234.0
20581.84892465361,2234.0
20581.84892465361,2017.0
38051.958001311876,2017.0
38051.958001311876,2234.0
82598.20886179806,2234.0
82598.20886179806,2017.0
86400.0,2017.0
# temp #4158
0.0,2234.0
38480.22626498714,2234.0
38480.22626498714,2555.0
42238.174382597215,2555.0
42238.174382597215,2667.0
76667.02673924157,2667.0
76667.02673924157,2555.0
86400.000002,2555.0
# temp #4159
0.0,2234.0
7676.883158390411,2234.0
7676.883158390411,2429.0
39776.88315839041,2429.0
39776.88315839041,2555.0
40076.88315839041,2555.0
40076.88315839041,2667.0
68574.99417699873,2667.0
68574.99417699873,2234.0
83408.643547073,2234.0
83408.643547073,2667.0
85620.29036767781,2667.0
85620.29036767781,2883.0
86400.000002,2883.0
# temp #4160
0.0,2234.0
4906.401666300372,2234.0
4906.401666300372,2883.0
6406.134692975321,2883.0
6406.134692975321,2667.0
11823.318430082873,2667.0
11823.318430082873,2883.0
14300.197978829967,2883.0
14300.197978829967,2667.0
53044.22763031908,2667.0
53044.22763031908,2883.0
71612.72032116541,2883.0
71612.72032116541,2667.0
81423.73086931185,2667.0
81423.73086931185,2555.0
86400.0,2555.0
# temp #4161
0.0,2234.0
37956.680744583726,2234.0
37956.680744583726,2555.0
46824.8799891444,2555.0
46824.8799891444,2429.0
47333.7716680253,2429.0
47333.7716680253,2555.0
56841.68521582616,2555.0
56841.68521582616,2429.0
57169.215488224305,2429.0
57169.215488224305,2555.0
58537.65616163147,2555.0
58537.65616163147,2429.0
86400.000002,2429.0
# temp #4162
0.0,2234.0
3173.4924404416233,2234.0
3173.4924404416233,2883.0
3902.4931917898357,2883.0
3902.4931917898357,2667.0
8340.368311596103,2667.0
8340.368311596103,2883.0
21530.1907815272,2883.0
21530.1907815272,2667.0
42627.555054542616,2667.0
42627.555054542616,2883.0
54379.34938149993,2883.0
54379.34938149993,2667.0
83935.6423482299,2667.0
83935.6423482299,2555.0
86400.000002,2555.0
# temp #4163
0.0,2234.0
13107.1388137294,2234.0
13107.1388137294,2429.0
13632.098428532483,2429.0
13632.098428532483,2555.0
17661.7597617209,2555.0
17661.7597617209,2429.0
20152.324144192975,2429.0
20152.324144192975,2234.0
20543.844498367984,2234.0
20543.844498367984,2429.0
40443.50808304735,2429.0
40443.50808304735,2883.0
67702.67653169578,2883.0
67702.67653169578,2429.0
86400.0,2429.0
# temp #4164
0.0,2234.0
7159.669926948847,2234.0
7159.669926948847,2667.0
52374.89279138391,2667.0
52374.89279138391,2555.0
53181.1024875613,2555.0
53181.1024875613,2667.0
73459.25840344281,2667.0
73459.25840344281,2555.0
73759.25840344281,2555.0
73759.25840344281,2667.0
74059.25840344281,2667.0
74059.25840344281,2555.0
77359.25840344281,2555.0
77359.25840344281,2667.0
86400.000002,2667.0
# temp #4165
0.0,2234.0
60919.010574929416,2234.0
60919.010574929416,2555.0
65960.53291184362,2555.0
65960.53291184362,2234.0
84436.47637234535,2234.0
84436.47637234535,2667.0
86400.0,2667.0
# temp #4166
0.0,2234.0
70853.29879545608,2234.0
70853.29879545608,2555.0
71941.76745784936,2555.0
71941.76745784936,2667.0
78241.76745784936,2667.0
78241.76745784936,2555.0
79441.76745784936,2555.0
79441.76745784936,2429.0
86400.0,2429.0
# temp #4167
0.0,2234.0
2732.353097177111,2234.0
2732.353097177111,2667.0
42747.2645548638,2667.0
42747.2645548638,2555.0
44051.22194769793,2555.0
44051.22194769793,2667.0
47230.48819368706,2667.0
47230.48819368706,2555.0
47830.48819368706,2555.0
47830.48819368706,2667.0
60974.98196298257,2667.0
60974.98196298257,2555.0
62879.414005670704,2555.0
62879.414005670704,2429.0
71630.97126809882,2429.0
71630.97126809882,2555.0
86400.0,2555.0
# temp #4168
0.0,2234.0
71109.20079164207,2234.0
71109.20079164207,2555.0
84868.68186537176,2555.0
84868.68186537176,2234.0
86400.000002,2234.0
# temp #4169
0.0,2234.0
3126.7888575559487,2234.0
3126.7888575559487,2667.0
41056.56395964325,2667.0
41056.56395964325,2555.0
41390.360900759704,2555.0
41390.360900759704,2429.0
76760.84414147773,2429.0
76760.84414147773,2555.0
86400.0,2555.0
# temp #4170
0.0,2234.0
3029.652278590948,2234.0
3029.652278590948,2667.0
17395.299171167426,2667.0
17395.299171167426,2555.0
18130.048033758067,2555.0
18130.048033758067,2667.0
24631.058444548402,2667.0
24631.058444548402,2555.0
24931.058444548402,2555.0
24931.058444548402,2667.0
25573.88615116943,2667.0
25573.88615116943,2555.0
26173.88615116943,2555.0
26173.88615116943,2667.0
55727.36998465844,2667.0
55727.36998465844,2234.0
76873.74997339213,2234.0
76873.74997339213,2429.0
86400.0,2429.0
# temp #4171
0.0,2234.0
4837.705228105188,2234.0
4837.705228105188,2667.0
31473.284219275232,2667.0
31473.284219275232,2555.0
32055.85500856396,2555.0
32055.85500856396,2667.0
40254.7180913156,2667.0
40254.7180913156,2555.0
40554.7180913156,2555.0
40554.7180913156,2667.0
40854.7180913156,2667.0
40854.7180913156,2555.0
44154.7180913156,2555.0
44154.7180913156,2667.0
69654.71809131559,2667.0
69654.71809131559,2883.0
86400.000002,2883.0
# temp #4172
0.0,2234.0
18094.85015049577,2234.0
18094.85015049577,2017.0
69330.35327196123,2017.0
69330.35327196123,2234.0
73451.39207756148,2234.0
73451.39207756148,2017.0
86400.000002,2017.0
# temp #4173
0.0,2234.0
4602.500279573725,2234.0
4602.500279573725,2017.0
23671.98906010017,2017.0
23671.98906010017,2234.0
51525.928574614234,2234.0
51525.928574614234,2017.0
86400.000002,2017.0
# temp #4174
0.0,2234.0
70682.09414128216,2234.0
70682.09414128216,2555.0
75309.94169292973,2555.0
75309.94169292973,2667.0
85209.94169292973,2667.0
85209.94169292973,2555.0
85608.07548752056,2555.0
85608.07548752056,2429.0
86400.000002,2429.0
# temp #4175
0.0,2234.0
41297.34958307818,2234.0
41297.34958307818,2555.0
45258.28328719363,2555.0
45258.28328719363,2429.0
45787.94784557541,2429.0
45787.94784557541,2555.0
67188.29654117582,2555.0
67188.29654117582,2429.0
67730.88703590912,2429.0
67730.88703590912,2555.0
68385.54332319183,2555.0
68385.54332319183,2429.0
68685.54332319183,2429.0
68685.54332319183,2555.0
86400.000002,2555.0
# temp #4176
0.0,2234.0
27537.82443206292,2234.0
27537.82443206292,2555.0
53647.0454792725,2555.0
53647.0454792725,2429.0
54225.74290889316,2429.0
54225.74290889316,2555.0
56204.5806212118,2555.0
56204.5806212118,2429.0
56858.66726764944,2429.0
56858.66726764944,2555.0
57191.721728048295,2555.0
57191.721728048295,2429.0
57491.721728048295,2429.0
57491.721728048295,2555.0
57791.721728048295,2555.0
57791.721728048295,2429.0
58391.721728048295,2429.0
58391.721728048295,2555.0
63050.115615106195,2555.0
63050.115615106195,2429.0
86400.0,2429.0
# temp #4177
0.0,2234.0
46197.13490149007,2234.0
46197.13490149007,2555.0
50034.32435416617,2555.0
50034.32435416617,2667.0
59934.32435416617,2667.0
59934.32435416617,2555.0
64527.96590127983,2555.0
64527.96590127983,2429.0
86400.0,2429.0
# temp #4178
0.0,2234.0
38649.999013077475,2234.0
38649.999013077475,2555.0
43712.430661800325,2555.0
43712.430661800325,2667.0
44214.89521753975,2667.0
44214.89521753975,2555.0
44514.89521753975,2555.0
44514.89521753975,2667.0
71214.89521753974,2667.0
71214.89521753974,2555.0
86400.000002,2555.0
# temp #4179
0.0,2234.0
67454.01130879765,2234.0
67454.01130879765,2555.0
68727.14769174346,2555.0
68727.14769174346,2667.0
75027.14769174346,2667.0
75027.14769174346,2555.0
76227.14769174346,2555.0
76227.14769174346,2429.0
86400.000002,2429.0
# temp #4180
0.0,2234.0
45064.832770102665,2234.0
45064.832770102665,2555.0
70836.74498882612,2555.0
70836.74498882612,2429.0
71213.95011234564,2429.0
71213.95011234564,2555.0
85917.2635088442,2555.0
85917.2635088442,2429.0
86400.000002,2429.0
# temp #4181
0.0,2234.0
8310.847499244848,2234.0
8310.847499244848,2883.0
9947.046709503049,2883.0
9947.046709503049,2667.0
14977.282546553763,2667.0
14977.282546553763,2883.0
21770.37821458653,2883.0
21770.37821458653,2667.0
41106.02413632442,2667.0
41106.02413632442,2234.0
60378.35079396611,2234.0
60378.35079396611,2667.0
86400.000002,2667.0
# temp #4182
0.0,2234.0
18121.37935829815,2234.0
18121.37935829815,2555.0
23455.87054572534,2555.0
23455.87054572534,2667.0
23940.812948439274,2667.0
23940.812948439274,2555.0
24240.812948439274,2555.0
24240.812948439274,2667.0
50940.81294843927,2667.0
50940.81294843927,2555.0
66840.81294843927,2555.0
66840.81294843927,2234.0
70440.81294843927,2234.0
70440.81294843927,2429.0
80340.81294843927,2429.0
80340.81294843927,2555.0
80940.81294843927,2555.0
80940.81294843927,2667.0
86400.0,2667.0
# temp #4183
0.0,2234.0
21057.347339205444,2234.0
21057.347339205444,2555.0
26503.444660641253,2555.0
26503.444660641253,2429.0
31520.964113459922,2429.0
31520.964113459922,2555.0
40176.68707289267,2555.0
40176.68707289267,2667.0
46465.971672185704,2667.0
46465.971672185704,2883.0
57637.69464539365,2883.0
57637.69464539365,2429.0
70836.08824540862,2429.0
70836.08824540862,2555.0
86400.000002,2555.0
# temp #4184
0.0,2234.0
68905.8868316235,2234.0
68905.8868316235,2555.0
76945.35244326107,2555.0
76945.35244326107,2234.0
86400.0,2234.0
# temp #4185
0.0,2234.0
41492.75064440445,2234.0
41492.75064440445,2017.0
83704.61159097032,2017.0
83704.61159097032,2234.0
86400.000002,2234.0
# temp #4186
0.0,2234.0
4699.889494408854,2234.0
4699.889494408854,2667.0
45859.707214334056,2667.0
45859.707214334056,2555.0
46997.58739855607,2555.0
46997.58739855607,2667.0
56998.03316686303,2667.0
56998.03316686303,2555.0
57298.03316686303,2555.0
57298.03316686303,2667.0
58171.89944554121,2667.0
58171.89944554121,2555.0
58771.89944554121,2555.0
58771.89944554121,2667.0
59482.46234252584,2667.0
59482.46234252584,2555.0
68144.76578487085,2555.0
68144.76578487085,2883.0
69308.30170512201,2883.0
69308.30170512201,2667.0
86400.000002,2667.0
# temp #4187
0.0,2234.0
82915.65302589444,2234.0
82915.65302589444,2555.0
86400.000002,2555.0
# temp #4188
0.0,2234.0
12913.394531188535,2234.0
12913.394531188535,2883.0
13975.410080538133,2883.0
13975.410080538133,2667.0
25186.946802749302,2667.0
25186.946802749302,2883.0
31828.265030100014,2883.0
31828.265030100014,2667.0
36053.52685516701,2667.0
36053.52685516701,2555.0
48710.74608787895,2555.0
48710.74608787895,2667.0
81102.96097348911,2667.0
81102.96097348911,2555.0
86400.000002,2555.0
# temp #4189
0.0,2234.0
35586.08897309751,2234.0
35586.08897309751,2017.0
45723.27584791929,2017.0
45723.27584791929,2234.0
71661.40835294501,2234.0
71661.40835294501,2017.0
86400.0,2017.0
# temp #4190
0.0,2234.0
72732.69200320357,2234.0
72732.69200320357,2555.0
73352.93471985498,2555.0
73352.93471985498,2667.0
79652.93471985498,2667.0
79652.93471985498,2555.0
80852.93471985498,2555.0
80852.93471985498,2429.0
86400.0,2429.0
# temp #4191
0.0,2234.0
75912.88804435173,2234.0
75912.88804435173,2555.0
86400.000002,2555.0
# temp #4192
0.0,2234.0
84683.63256817685,2234.0
84683.63256817685,2555.0
86400.000002,2555.0
# temp #4193
0.0,2234.0
6413.188184495085,2234.0
6413.188184495085,2555.0
9743.209477490747,2555.0
9743.209477490747,2667.0
10231.088994420135,2667.0
10231.088994420135,2555.0
10531.088994420135,2555.0
10531.088994420135,2667.0
14131.088994420135,2667.0
14131.088994420135,2555.0
15631.088994420135,2555.0
15631.088994420135,2429.0
33688.64112650044,2429.0
33688.64112650044,2234.0
41721.57580240165,2234.0
41721.57580240165,2429.0
46515.72299448308,2429.0
46515.72299448308,2555.0
60433.55718709064,2555.0
60433.55718709064,2429.0
61568.53197959719,2429.0
61568.53197959719,2883.0
81175.02628478689,2883.0
81175.02628478689,2429.0
86400.0,2429.0
# temp #4194
0.0,2234.0
47261.05256639422,2234.0
47261.05256639422,2555.0
53784.39746517689,2555.0
53784.39746517689,2429.0
58689.14119508118,2429.0
58689.14119508118,2883.0
86400.0,2883.0
# temp #4195
0.0,2234.0
32510.037149791613,2234.0
32510.037149791613,2429.0
33037.448334298104,2429.0
33037.448334298104,2234.0
33678.91088495963,2234.0
33678.91088495963,2429.0
36052.22064731643,2429.0
36052.22064731643,2234.0
58289.18947689237,2234.0
58289.18947689237,2429.0
59303.29936835916,2429.0
59303.29936835916,2234.0
63305.10261591991,2234.0
63305.10261591991,2429.0
85822.8440763429,2429.0
85822.8440763429,2555.0
86400.0,2555.0
# temp #4196
0.0,2234.0
58284.86485783943,2234.0
58284.86485783943,2555.0
86400.0,2555.0
# temp #4197
0.0,2234.0
48545.07447606885,2234.0
48545.07447606885,2555.0
77318.94406755456,2555.0
77318.94406755456,2429.0
77696.11878753641,2429.0
77696.11878753641,2555.0
86400.0,2555.0
# temp #4198
0.0,2234.0
28000.3761806991,2234.0
28000.3761806991,2555.0
48896.88678262756,2555.0
48896.88678262756,2429.0
49391.71065848787,2429.0
49391.71065848787,2555.0
55304.87045079936,2555.0
55304.87045079936,2429.0
55923.99106000085,2429.0
55923.99106000085,2555.0
56973.3616285259,2555.0
56973.3616285259,2429.0
57273.3616285259,2429.0
57273.3616285259,2555.0
57573.3616285259,2555.0
57573.3616285259,2429.0
58173.3616285259,2429.0
58173.3616285259,2555.0
61861.36231909041,2555.0
61861.36231909041,2429.0
86400.000002,2429.0
# temp #4199
0.0,2234.0
16223.327505821364,2234.0
16223.327505821364,2429.0
16712.97336397693,2429.0
16712.97336397693,2555.0
19454.05082954094,2555.0
19454.05082954094,2429.0
21784.139261255044,2429.0
21784.139261255044,2234.0
34203.307701903395,2234.0
34203.307701903395,2429.0
54632.87915764377,2429.0
54632.87915764377,2234.0
71125.0987379579,2234.0
71125.0987379579,2429.0
81035.13375429904,2429.0
81035.13375429904,2234.0
86400.0,2234.0
# temp #4200
0.0,2234.0
5747.370062442497,2234.0
5747.370062442497,2667.0
39720.55616187864,2667.0
39720.55616187864,2555.0
40315.7758591231,2555.0
40315.7758591231,2667.0
73489.05721397606,2667.0
73489.05721397606,2555.0
73789.05721397606,2555.0
73789.05721397606,2667.0
74665.1171570644,2667.0
74665.1171570644,2555.0
75265.1171570644,2555.0
75265.1171570644,2667.0
86400.000002,2667.0
# temp #4201
0.0,2234.0
17614.10450243857,2234.0
17614.10450243857,2883.0
28714.10450243857,2883.0
28714.10450243857,2555.0
43495.37655680907,2555.0
43495.37655680907,2667.0
66886.2445619423,2667.0
66886.2445619423,2555.0
73479.29986920209,2555.0
73479.29986920209,2429.0
86400.0,2429.0
# temp #4202
0.0,2234.0
3246.97323886212,2234.0
3246.97323886212,2667.0
39058.69058102836,2667.0
39058.69058102836,2555.0
39713.737644371584,2555.0
39713.737644371584,2667.0
77455.29555394316,2667.0
77455.29555394316,2555.0
80455.29555394316,2555.0
80455.29555394316,2667.0
86400.000002,2667.0
# temp #4203
0.0,2234.0
74367.75374219289,2234.0
74367.75374219289,2555.0
75675.91196950527,2555.0
75675.91196950527,2667.0
76216.48346486037,2667.0
76216.48346486037,2555.0
76516.48346486037,2555.0
76516.48346486037,2667.0
80116.48346486037,2667.0
80116.48346486037,2555.0
81616.48346486037,2555.0
81616.48346486037,2429.0
85844.32337468026,2429.0
85844.32337468026,2234.0
86400.0,2234.0
# temp #4204
0.0,2234.0
7120.056655467489,2234.0
7120.056655467489,2555.0
21720.444689202126,2555.0
21720.444689202126,2429.0
22039.731749310162,2429.0
22039.731749310162,2555.0
34726.681993575774,2555.0
34726.681993575774,2429.0
35912.47683246621,2429.0
35912.47683246621,2555.0
37367.62457177975,2555.0
37367.62457177975,2429.0
37667.62457177975,2429.0
37667.62457177975,2555.0
39167.62457177975,2555.0
39167.62457177975,2429.0
49367.62457177975,2429.0
49367.62457177975,2234.0
86400.000002,2234.0
# temp #4205
0.0,2234.0
83304.86846587156,2234.0
83304.86846587156,2555.0
86400.0,2555.0
# temp #4206
0.0,2234.0
5258.20049182512,2234.0
5258.20049182512,2667.0
7545.223037875258,2667.0
7545.223037875258,2555.0
8399.995711888188,2555.0
8399.995711888188,2667.0
41133.85419684929,2667.0
41133.85419684929,2555.0
41433.85419684929,2555.0
41433.85419684929,2667.0
42162.591693853035,2667.0
42162.591693853035,2555.0
42762.591693853035,2555.0
42762.591693853035,2667.0
59048.463664110765,2667.0
59048.463664110765,2555.0
66408.2428646274,2555.0
66408.2428646274,2667.0
86400.0,2667.0
# temp #4207
0.0,2234.0
59454.96615415905,2234.0
59454.96615415905,2555.0
75962.66461559571,2555.0
75962.66461559571,2234.0
86400.000002,2234.0
# temp #4208
0.0,2234.0
61850.09108302184,2234.0
61850.09108302184,2555.0
65851.25275107568,2555.0
65851.25275107568,2667.0
66187.59639370257,2667.0
66187.59639370257,2555.0
66487.59639370257,2555.0
66487.59639370257,2667.0
70087.59639370257,2667.0
70087.59639370257,2555.0
71587.59639370257,2555.0
71587.59639370257,2429.0
79266.06482360513,2429.0
79266.06482360513,2234.0
86400.0,2234.0
# temp #4209
0.0,2234.0
24152.10089734756,2234.0
24152.10089734756,2017.0
62191.065788408756,2017.0
62191.065788408756,2234.0
86400.0,2234.0
# temp #4210
0.0,2234.0
64850.22410061212,2234.0
64850.22410061212,2555.0
86400.000002,2555.0
# temp #4211
0.0,2234.0
69112.27931014729,2234.0
69112.27931014729,2555.0
69483.77760476434,2555.0
69483.77760476434,2667.0
79383.77760476434,2667.0
79383.77760476434,2555.0
82708.07538754308,2555.0
82708.07538754308,2429.0
86400.0,2429.0
# temp #4212
0.0,2234.0
35128.17705546041,2234.0
35128.17705546041,2429.0
35575.71205215064,2429.0
35575.71205215064,2234.0
36324.504899606116,2234.0
36324.504899606116,2429.0
37403.17904683762,2429.0
37403.17904683762,2234.0
39031.812325702056,2234.0
39031.812325702056,2429.0
39977.90069687181,2429.0
39977.90069687181,2234.0
70179.53391841149,2234.0
70179.53391841149,2429.0
85821.61510291045,2429.0
85821.61510291045,2555.0
86400.0,2555.0
# temp #4213
0.0,2234.0
56793.61858419143,2234.0
56793.61858419143,2555.0
73652.35689247493,2555.0
73652.35689247493,2234.0
81829.36254444066,2234.0
81829.36254444066,2667.0
86400.000002,2667.0
# temp #4214
0.0,2234.0
44497.49193897006,2234.0
44497.49193897006,2555.0
73403.34154099693,2555.0
73403.34154099693,2429.0
86400.000002,2429.0
# temp #4215
0.0,2234.0
14603.996850969274,2234.0
14603.996850969274,2883.0
16229.63502982166,2883.0
16229.63502982166,2667.0
19804.02696083766,2667.0
19804.02696083766,2883.0
35420.68358079997,2883.0
35420.68358079997,2667.0
42171.35390785989,2667.0
42171.35390785989,2234.0
50796.60548467656,2234.0
50796.60548467656,2429.0
81271.83459384834,2429.0
81271.83459384834,2555.0
86400.0,2555.0
# temp #4216
0.0,2234.0
10420.863481471315,2234.0
10420.863481471315,2429.0
17320.863481471315,2429.0
17320.863481471315,2555.0
19120.863481471315,2555.0
19120.863481471315,2429.0
32020.863481471315,2429.0
32020.863481471315,2234.0
32320.863481471315,2234.0
32320.863481471315,2017.0
32620.863481471315,2017.0
32620.863481471315,2234.0
32920.863481471315,2234.0
32920.863481471315,2017.0
50178.511433070526,2017.0
50178.511433070526,2234.0
69916.93369145505,2234.0
69916.93369145505,2667.0
86400.000002,2667.0
# temp #4217
0.0,2234.0
10550.969144375997,2234.0
10550.969144375997,2429.0
10913.429301744329,2429.0
10913.429301744329,2555.0
15247.122804215182,2555.0
15247.122804215182,2429.0
49781.51777246968,2429.0
49781.51777246968,2555.0
52476.61241088063,2555.0
52476.61241088063,2667.0
54492.512356792584,2667.0
54492.512356792584,2234.0
68749.25762715285,2234.0
68749.25762715285,2429.0
86062.24800520578,2429.0
86062.24800520578,2555.0
86400.000002,2555.0
# temp #4218
0.0,2234.0
64223.083797097206,2234.0
64223.083797097206,2555.0
84128.63946435973,2555.0
84128.63946435973,2234.0
86400.0,2234.0
# temp #4219
0.0,2234.0
42613.483358128,2234.0
42613.483358128,2555.0
47375.63375551254,2555.0
47375.63375551254,2667.0
47807.14147486725,2667.0
47807.14147486725,2555.0
48107.14147486725,2555.0
48107.14147486725,2667.0
51707.14147486725,2667.0
51707.14147486725,2555.0
53207.14147486725,2555.0
53207.14147486725,2429.0
66117.41147947033,2429.0
66117.41147947033,2234.0
86400.000002,2234.0
# temp #4220
0.0,2234.0
8337.209402304145,2234.0
8337.209402304145,2883.0
9261.800728761593,2883.0
9261.800728761593,2667.0
11750.583142368125,2667.0
11750.583142368125,2883.0
21284.93956192397,2883.0
21284.93956192397,2667.0
46887.27907715366,2667.0
46887.27907715366,2234.0
51405.482410267,2234.0
51405.482410267,2667.0
86400.000002,2667.0
# temp #4221
0.0,2234.0
8128.3436126075685,2234.0
8128.3436126075685,2429.0
15028.343612607569,2429.0
15028.343612607569,2555.0
16828.34361260757,2555.0
16828.34361260757,2429.0
29728.34361260757,2429.0
29728.34361260757,2234.0
30028.34361260757,2234.0
30028.34361260757,2017.0
30328.34361260757,2017.0
30328.34361260757,2234.0
30628.34361260757,2234.0
30628.34361260757,2017.0
42016.7308236938,2017.0
42016.7308236938,2234.0
49197.26468254812,2234.0
49197.26468254812,2429.0
65869.93953490164,2429.0
65869.93953490164,2234.0
77228.0618834775,2234.0
77228.0618834775,2429.0
86400.000002,2429.0
# temp #4222
0.0,2234.0
2970.235257572495,2234.0
2970.235257572495,2555.0
14399.522910942325,2555.0
14399.522910942325,2429.0
14759.832242969425,2429.0
14759.832242969425,2555.0
20146.086828969423,2555.0
20146.086828969423,2429.0
20788.54166362435,2429.0
20788.54166362435,2234.0
21087.52844652627,2234.0
21087.52844652627,2429.0
21698.27941025142,2429.0
21698.27941025142,2883.0
48768.700054264635,2883.0
48768.700054264635,2429.0
56145.18427038566,2429.0
56145.18427038566,2555.0
75764.45755250753,2555.0
75764.45755250753,2667.0
86400.0,2667.0
# temp #4223
0.0,2234.0
29987.62569408864,2234.0
29987.62569408864,2017.0
81009.90802855232,2017.0
81009.90802855232,2234.0
86400.0,2234.0
# temp #4224
0.0,2234.0
9961.453686375171,2234.0
9961.453686375171,2429.0
10502.207261743024,2429.0
10502.207261743024,2234.0
11182.245519454591,2234.0
11182.245519454591,2429.0
14463.005068316124,2429.0
14463.005068316124,2234.0
19672.48725956306,2234.0
19672.48725956306,2429.0
21109.10154646263,2429.0
21109.10154646263,2555.0
21777.411991171542,2555.0
21777.411991171542,2429.0
77877.41199117154,2429.0
77877.41199117154,2555.0
78177.41199117154,2555.0
78177.41199117154,2667.0
79677.41199117154,2667.0
79677.41199117154,2883.0
81177.41199117154,2883.0
81177.41199117154,2667.0
86400.000002,2667.0
# temp #4225
0.0,2234.0
13746.294050104918,2234.0
13746.294050104918,2555.0
49458.436242118485,2555.0
49458.436242118485,2429.0
78959.19645018877,2429.0
78959.19645018877,2234.0
79559.19645018877,2234.0
79559.19645018877,2429.0
86400.000002,2429.0
# temp #4226
0.0,2234.0
18007.28641028982,2234.0
18007.28641028982,2555.0
48801.38387919871,2555.0
48801.38387919871,2429.0
49331.73197549769,2429.0
49331.73197549769,2555.0
55265.10259096978,2555.0
55265.10259096978,2429.0
56394.622287782855,2429.0
56394.622287782855,2234.0
86400.000002,2234.0
# temp #4227
0.0,2234.0
48221.0620407248,2234.0
48221.0620407248,2555.0
57342.72436962929,2555.0
57342.72436962929,2429.0
68951.77132354585,2429.0
68951.77132354585,2234.0
69551.77132354585,2234.0
69551.77132354585,2429.0
71951.77132354585,2429.0
71951.77132354585,2555.0
82151.77132354585,2555.0
82151.77132354585,2667.0
83288.32722161898,2667.0
83288.32722161898,2555.0
86400.0,2555.0
# temp #4228
0.0,2234.0
25246.12480339129,2234.0
25246.12480339129,2429.0
32146.12480339129,2429.0
32146.12480339129,2555.0
33946.124803391285,2555.0
33946.124803391285,2429.0
46846.124803391285,2429.0
46846.124803391285,2234.0
47146.124803391285,2234.0
47146.124803391285,2017.0
47446.124803391285,2017.0
47446.124803391285,2234.0
47746.124803391285,2234.0
47746.124803391285,2017.0
58136.16243058351,2017.0
58136.16243058351,2234.0
70895.07197868079,2234.0
70895.07197868079,2429.0
86400.000002,2429.0
# temp #4229
0.0,2234.0
15456.89394262154,2234.0
15456.89394262154,2883.0
16698.449804820124,2883.0
16698.449804820124,2667.0
28328.953427122913,2667.0
28328.953427122913,2883.0
44199.54130598345,2883.0
44199.54130598345,2667.0
72584.87087788527,2667.0
72584.87087788527,2234.0
86400.000002,2234.0
# temp #4230
0.0,2234.0
24505.747758736838,2234.0
24505.747758736838,2555.0
29269.812931562778,2555.0
29269.812931562778,2667.0
35569.81293156278,2667.0
35569.81293156278,2555.0
36769.81293156278,2555.0
36769.81293156278,2429.0
79969.81293156277,2429.0
79969.81293156277,2234.0
81513.22632848752,2234.0
81513.22632848752,2667.0
86400.0,2667.0
# temp #4231
0.0,2234.0
21892.180201504383,2234.0
21892.180201504383,2017.0
75535.9015745111,2017.0
75535.9015745111,2234.0
86400.000002,2234.0
# temp #4232
0.0,2234.0
9184.487365605311,2234.0
9184.487365605311,2883.0
10308.829497685658,2883.0
10308.829497685658,2667.0
14399.785271356815,2667.0
14399.785271356815,2883.0
19624.845351814296,2883.0
19624.845351814296,2667.0
48646.49233894889,2667.0
48646.49233894889,2234.0
57564.35360864271,2234.0
57564.35360864271,2667.0
81070.80794088544,2667.0
81070.80794088544,2555.0
86400.0,2555.0
# temp #4233
0.0,2234.0
71182.47348661536,2234.0
71182.47348661536,2555.0
86400.000002,2555.0
# temp #4234
0.0,2234.0
1034.371223836206,2234.0
1034.371223836206,2667.0
32715.440788585696,2667.0
32715.440788585696,2555.0
33238.92057007179,2555.0
33238.92057007179,2667.0
53593.259661574855,2667.0
53593.259661574855,2555.0
53893.259661574855,2555.0
53893.259661574855,2667.0
54193.259661574855,2667.0
54193.259661574855,2555.0
57493.259661574855,2555.0
57493.259661574855,2667.0
82993.25966157485,2667.0
82993.25966157485,2883.0
86400.0,2883.0
# temp #4235
0.0,2234.0
75571.85031962582,2234.0
75571.85031962582,2883.0
77971.85031962582,2883.0
77971.85031962582,2667.0
86400.0,2667.0
# temp #4236
0.0,2234.0
2208.0459851771598,2234.0
2208.0459851771598,2667.0
12483.582746190952,2667.0
12483.582746190952,2555.0
13039.010997070001,2555.0
13039.010997070001,2667.0
47010.94548816328,2667.0
47010.94548816328,2555.0
47610.94548816328,2555.0
47610.94548816328,2667.0
60522.21655680333,2667.0
60522.21655680333,2555.0
62189.12106847857,2555.0
62189.12106847857,2429.0
86400.000002,2429.0
# temp #4237
0.0,2234.0
74729.22819738743,2234.0
74729.22819738743,2555.0
86400.000002,2555.0
# temp #4238
0.0,2234.0
1067.9676921805367,2234.0
1067.9676921805367,2667.0
17804.02858536691,2667.0
17804.02858536691,2555.0
19014.21916270629,2555.0
19014.21916270629,2667.0
32277.093331119984,2667.0
32277.093331119984,2555.0
32577.093331119984,2555.0
32577.093331119984,2667.0
33412.33579237015,2667.0
33412.33579237015,2555.0
34012.33579237015,2555.0
34012.33579237015,2667.0
42055.52601192613,2667.0
42055.52601192613,2555.0
48035.882725962445,2555.0
48035.882725962445,2667.0
75134.99874263072,2667.0
75134.99874263072,2555.0
86400.000002,2555.0
# temp #4239
0.0,2234.0
44443.43578631525,2234.0
44443.43578631525,2555.0
46396.41273182352,2555.0
46396.41273182352,2429.0
86400.000002,2429.0
# temp #4240
0.0,2234.0
35825.004436145544,2234.0
35825.004436145544,2429.0
36266.267091524795,2429.0
36266.267091524795,2555.0
38664.2240227433,2555.0
38664.2240227433,2429.0
50447.91186517105,2429.0
50447.91186517105,2555.0
69079.14573485033,2555.0
69079.14573485033,2667.0
86400.0,2667.0
# temp #4241
0.0,2234.0
10778.096464835107,2234.0
10778.096464835107,2429.0
11296.88242978882,2429.0
11296.88242978882,2234.0
12121.70164687559,2234.0
12121.70164687559,2429.0
14223.121779318899,2429.0
14223.121779318899,2234.0
31692.42939515971,2234.0
31692.42939515971,2429.0
32796.1752642179,2429.0
32796.1752642179,2234.0
52007.29964144994,2234.0
52007.29964144994,2667.0
75657.12850566489,2667.0
75657.12850566489,2555.0
77036.89669570887,2555.0
77036.89669570887,2429.0
86400.000002,2429.0
# temp #4242
0.0,2234.0
83266.3668035064,2234.0
83266.3668035064,2555.0
86400.000002,2555.0
# temp #4243
0.0,2234.0
46729.06584315934,2234.0
46729.06584315934,2429.0
47096.6641441919,2429.0
47096.6641441919,2555.0
50200.2654911019,2555.0
50200.2654911019,2429.0
86400.0,2429.0
# temp #4244
0.0,2234.0
4377.4097559275115,2234.0
4377.4097559275115,2667.0
7847.926388843918,2667.0
7847.926388843918,2555.0
8911.945449351335,2555.0
8911.945449351335,2667.0
15939.303339924665,2667.0
15939.303339924665,2555.0
16239.303339924665,2555.0
16239.303339924665,2429.0
44152.17614597642,2429.0
44152.17614597642,2234.0
55852.2027917672,2234.0
55852.2027917672,2667.0
84829.87501777244,2667.0
84829.87501777244,2555.0
86400.0,2555.0
# temp #4245
0.0,2234.0
80268.79871450366,2234.0
80268.79871450366,2555.0
81577.52854514403,2555.0
81577.52854514403,2667.0
82050.50338057337,2667.0
82050.50338057337,2555.0
82350.50338057337,2555.0
82350.50338057337,2667.0
85950.50338057337,2667.0
85950.50338057337,2555.0
86400.000002,2555.0
# temp #4246
0.0,2234.0
19804.3129705824,2234.0
19804.3129705824,2017.0
30605.793706420816,2017.0
30605.793706420816,2234.0
46086.40848509968,2234.0
46086.40848509968,2017.0
86400.0,2017.0
# temp #4247
0.0,2234.0
83895.15543789604,2234.0
83895.15543789604,2555.0
86400.0,2555.0
# temp #4248
0.0,2234.0
22041.738543519754,2234.0
22041.738543519754,2555.0
28436.72441253439,2555.0
28436.72441253439,2429.0
37521.83522516862,2429.0
37521.83522516862,2234.0
37821.83522516862,2234.0
37821.83522516862,2017.0
52576.796546531856,2017.0
52595.49053809607,2555.0
52595.49053809607,2429.0
66698.18887319417,2429.0
66698.18887319417,2555.0
82932.25809903817,2555.0
82932.25809903817,2667.0
83445.95983084293,2667.0
83445.95983084293,2555.0
86400.000002,2555.0
# temp #4249
0.0,2234.0
2125.023649027571,2234.0
2125.023649027571,2429.0
2425.023649027571,2429.0
2425.023649027571,2234.0
22167.345034936447,2234.0
22167.345034936447,2667.0
24319.99634583481,2667.0
24319.99634583481,2555.0
34947.380903363235,2555.0
34947.380903363235,2429.0
61414.08709455282,2429.0
61414.08709455282,2555.0
78659.82409045102,2555.0
78659.82409045102,2667.0
86400.000002,2667.0
# temp #4250
0.0,2234.0
7814.355203602464,2234.0
7814.355203602464,2883.0
18914.355203602463,2883.0
18914.355203602463,2555.0
25837.03386497218,2555.0
25837.03386497218,2429.0
53713.834143988795,2429.0
53713.834143988795,2555.0
72522.25833870472,2555.0
72522.25833870472,2667.0
86400.000002,2667.0
# temp #4251
0.0,2234.0
9325.20272342954,2234.0
9325.20272342954,2429.0
41425.20272342954,2429.0
41425.20272342954,2555.0
41725.20272342954,2555.0
41725.20272342954,2667.0
67953.85625283234,2667.0
67953.85625283234,2555.0
77770.09766804986,2555.0
77770.09766804986,2667.0
86400.000002,2667.0
# temp #4252
0.0,2234.0
65222.629924211666,2234.0
65222.629924211666,2555.0
78333.13432484867,2555.0
78333.13432484867,2429.0
78662.08681908903,2429.0
78662.08681908903,2555.0
85413.07175732219,2555.0
85413.07175732219,2429.0
86400.0,2429.0
# temp #4253
0.0,2234.0
77425.46363056173,2234.0
77425.46363056173,2555.0
79246.37363031508,2555.0
79246.37363031508,2667.0
85546.37363031508,2667.0
85546.37363031508,2555.0
86400.0,2555.0
# temp #4254
0.0,2234.0
11858.918189839462,2234.0
11858.918189839462,2883.0
12497.659221896904,2883.0
12497.659221896904,2667.0
16610.80866130069,2667.0
16610.80866130069,2883.0
24967.98318300862,2883.0
24967.98318300862,2555.0
26167.98318300862,2555.0
26167.98318300862,2883.0
59103.29633862712,2883.0
59103.29633862712,2429.0
74627.92384712958,2429.0
74627.92384712958,2555.0
86400.0,2555.0
# temp #4255
0.0,2234.0
10929.81764478609,2234.0
10929.81764478609,2429.0
11529.81764478609,2429.0
11529.81764478609,2555.0
15264.947711583227,2555.0
15264.947711583227,2429.0
35077.369192871265,2429.0
35077.369192871265,2555.0
38508.83563261014,2555.0
38508.83563261014,2667.0
63580.83050411661,2667.0
63580.83050411661,2555.0
79878.01872252022,2555.0
79878.01872252022,2667.0
86400.000002,2667.0
# temp #4256
0.0,2234.0
1164.4120751414448,2234.0
1164.4120751414448,2667.0
19400.11704799254,2667.0
19400.11704799254,2555.0
20195.071424287748,2555.0
20195.071424287748,2667.0
48469.60692233407,2667.0
48469.60692233407,2555.0
48769.60692233407,2555.0
48769.60692233407,2429.0
76818.07166165674,2429.0
76818.07166165674,2883.0
86400.0,2883.0
# temp #4257
0.0,2234.0
14613.01790568978,2234.0
14613.01790568978,2883.0
16192.23703213502,2883.0
16192.23703213502,2667.0
26747.681502462372,2667.0
26747.681502462372,2883.0
46798.57779596933,2883.0
46798.57779596933,2429.0
80278.88552513906,2429.0
80278.88552513906,2555.0
86400.000002,2555.0
# temp #4258
0.0,2234.0
76986.23973308133,2234.0
76986.23973308133,2555.0
80334.0649873484,2555.0
80334.0649873484,2429.0
86400.000002,2429.0
# temp #4259
0.0,2234.0
46367.82222508919,2234.0
46367.82222508919,2555.0
68380.18608705608,2555.0
68380.18608705608,2429.0
86400.000002,2429.0
# temp #4260
0.0,2234.0
2160.3696370963007,2234.0
2160.3696370963007,2429.0
2686.1062789103016,2429.0
2686.1062789103016,2555.0
3625.728833838366,2555.0
3625.728833838366,2429.0
31272.49431337696,2429.0
31272.49431337696,2555.0
36014.98950475362,2555.0
36014.98950475362,2429.0
38432.341408543296,2429.0
38432.341408543296,2667.0
70554.80805896223,2667.0
70554.80805896223,2883.0
82628.4052381525,2883.0
82628.4052381525,2429.0
86400.0,2429.0
# temp #4261
0.0,2234.0
68589.00958425367,2234.0
68589.00958425367,2555.0
86400.000002,2555.0
# temp #4262
0.0,2234.0
4918.499450851233,2234.0
4918.499450851233,2883.0
16018.499450851232,2883.0
16018.499450851232,2555.0
22332.877181167714,2555.0
22332.877181167714,2429.0
50711.37966751121,2429.0
50711.37966751121,2555.0
53202.57405100857,2555.0
53202.57405100857,2429.0
86400.0,2429.0
# temp #4263
0.0,2234.0
41643.5968552949,2234.0
41643.5968552949,2555.0
61346.34411663284,2555.0
61346.34411663284,2429.0
83873.59680861702,2429.0
83873.59680861702,2234.0
84173.59680861702,2234.0
84173.59680861702,2017.0
86400.0,2017.0
# temp #4264
0.0,2234.0
17537.800443358723,2234.0
17537.800443358723,2555.0
46455.96688399092,2555.0
46455.96688399092,2429.0
46766.13701661118,2429.0
46766.13701661118,2555.0
55020.28783599381,2555.0
55020.28783599381,2429.0
56407.48365924229,2429.0
56407.48365924229,2555.0
56903.36003231351,2555.0
56903.36003231351,2429.0
86400.0,2429.0
# temp #4265
0.0,2234.0
16823.01767051686,2234.0
16823.01767051686,2555.0
22032.063059066426,2555.0
22032.063059066426,2667.0
22411.563882697377,2667.0
22411.563882697377,2555.0
22711.563882697377,2555.0
22711.563882697377,2667.0
26311.563882697377,2667.0
26311.563882697377,2555.0
27811.563882697377,2555.0
27811.563882697377,2429.0
34450.21594644059,2429.0
34450.21594644059,2234.0
36319.23530597706,2234.0
36319.23530597706,2667.0
37698.4518630663,2667.0
37698.4518630663,2555.0
54969.11766354462,2555.0
54969.11766354462,2667.0
82795.58407533915,2667.0
82795.58407533915,2234.0
86400.000002,2234.0
# temp #4266
0.0,2234.0
82636.83886171786,2234.0
82636.83886171786,2555.0
82972.84135180527,2555.0
82972.84135180527,2234.0
86400.0,2234.0
# temp #4267
0.0,2234.0
68903.40428855272,2234.0
68903.40428855272,2555.0
70078.93176327927,2555.0
70078.93176327927,2667.0
76378.93176327927,2667.0
76378.93176327927,2555.0
77578.93176327927,2555.0
77578.93176327927,2429.0
86400.000002,2429.0
# temp #4268
0.0,2234.0
66509.95945057366,2234.0
66509.95945057366,2555.0
84375.4322464345,2555.0
84375.4322464345,2234.0
86400.000002,2234.0
# temp #4269
0.0,2234.0
24760.84358179942,2234.0
24760.84358179942,2555.0
32528.398029506214,2555.0
32528.398029506214,2429.0
57786.86059936882,2429.0
57786.86059936882,2234.0
65881.9104740862,2234.0
65881.9104740862,2429.0
69767.88972434589,2429.0
69767.88972434589,2234.0
79413.01022116096,2234.0
79413.01022116096,2555.0
80613.01022116096,2555.0
80613.01022116096,2883.0
86400.000002,2883.0
# temp #4270
0.0,2234.0
32700.00216637273,2234.0
32700.00216637273,2555.0
70937.65062151944,2555.0
70937.65062151944,2429.0
71500.28863975314,2429.0
71500.28863975314,2555.0
79886.3534973236,2555.0
79886.3534973236,2429.0
80297.22671883648,2429.0
80297.22671883648,2555.0
80756.32751828527,2555.0
80756.32751828527,2429.0
81056.32751828527,2429.0
81056.32751828527,2555.0
81356.32751828527,2555.0
81356.32751828527,2429.0
81956.32751828527,2429.0
81956.32751828527,2555.0
86400.0,2555.0
# temp #4271
0.0,2234.0
8359.206953714604,2234.0
8359.206953714604,2667.0
42909.227276220925,2667.0
42909.227276220925,2555.0
43838.09446385131,2555.0
43838.09446385131,2667.0
57834.807000914596,2667.0
57834.807000914596,2555.0
58134.807000914596,2555.0
58134.807000914596,2429.0
64946.448642178446,2429.0
64946.448642178446,2234.0
80433.69069218171,2234.0
80433.69069218171,2429.0
86400.0,2429.0
# temp #4272
0.0,2234.0
32447.05936051906,2234.0
32447.05936051906,2017.0
55917.92088760996,2017.0
55917.92088760996,2234.0
56799.371914705276,2234.0
56799.371914705276,2017.0
86400.0,2017.0
# temp #4273
0.0,2234.0
36190.94499098138,2234.0
36190.94499098138,2555.0
50484.82775674202,2555.0
50484.82775674202,2429.0
50795.09690143169,2429.0
50795.09690143169,2555.0
61851.110869017444,2555.0
61851.110869017444,2429.0
62967.80462425669,2429.0
62967.80462425669,2555.0
63522.89577538615,2555.0
63522.89577538615,2429.0
63822.89577538615,2429.0
63822.89577538615,2555.0
84222.89577538615,2555.0
84222.89577538615,2429.0
84522.89577538615,2429.0
84522.89577538615,2555.0
85122.89577538615,2555.0
85122.89577538615,2667.0
86400.000002,2667.0
# temp #4274
0.0,2234.0
57674.57171170973,2234.0
57674.57171170973,2429.0
58139.2399364384,2429.0
58139.2399364384,2555.0
61510.22335973103,2555.0
61510.22335973103,2429.0
81809.76375646425,2429.0
81809.76375646425,2555.0
85089.58082289902,2555.0
85089.58082289902,2667.0
86400.0,2667.0
# temp #4275
0.0,2234.0
64139.68146764674,2234.0
64139.68146764674,2883.0
66539.68146764673,2883.0
66539.68146764673,2667.0
66705.40310160723,2667.0
66705.40310160723,2555.0
81218.36879770271,2555.0
81218.36879770271,2429.0
86400.0,2429.0
# temp #4276
0.0,2234.0
33117.521198373295,2234.0
33117.521198373295,2017.0
86400.000002,2017.0
# temp #4277
0.0,2234.0
5171.839333442041,2234.0
5171.839333442041,2667.0
18297.52090754919,2667.0
18297.52090754919,2555.0
19666.983742313463,2555.0
19666.983742313463,2667.0
26899.636871670376,2667.0
26899.636871670376,2555.0
27199.636871670376,2555.0
27199.636871670376,2667.0
27499.636871670376,2667.0
27499.636871670376,2555.0
30799.636871670376,2555.0
30799.636871670376,2667.0
56299.63687167037,2667.0
56299.63687167037,2883.0
86400.0,2883.0
# temp #4278
0.0,2234.0
71512.28739365471,2234.0
71512.28739365471,2555.0
75126.5369132627,2555.0
75126.5369132627,2667.0
75543.95485692659,2667.0
75543.95485692659,2555.0
75843.95485692659,2555.0
75843.95485692659,2667.0
86400.0,2667.0
# temp #4279
0.0,2234.0
7598.637425643394,2234.0
7598.637425643394,2667.0
14084.589667338882,2667.0
14084.589667338882,2555.0
14401.69782713056,2555.0
14401.69782713056,2429.0
20583.991352864545,2429.0
20583.991352864545,2555.0
35821.43049412408,2555.0
35821.43049412408,2429.0
68252.14494669346,2429.0
68252.14494669346,2555.0
86400.000002,2555.0
# temp #4280
0.0,2234.0
36113.64588781726,2234.0
36113.64588781726,2555.0
39000.219542370185,2555.0
39000.219542370185,2429.0
39514.42271098495,2429.0
39514.42271098495,2555.0
52997.421873710126,2555.0
52997.421873710126,2429.0
53626.18116515224,2429.0
53626.18116515224,2234.0
83018.47990485841,2234.0
83018.47990485841,2429.0
86400.000002,2429.0
# temp #4281
0.0,2234.0
44038.68024665863,2234.0
44038.68024665863,2555.0
65733.38670800441,2555.0
65733.38670800441,2429.0
66059.18890193572,2429.0
66059.18890193572,2555.0
84362.54120555242,2555.0
84362.54120555242,2429.0
84731.62077013405,2429.0
84731.62077013405,2234.0
86400.0,2234.0
# temp #4282
0.0,2234.0
50268.50696357433,2234.0
50268.50696357433,2883.0
52668.50696357433,2883.0
52668.50696357433,2667.0
60940.758811240084,2667.0
60940.758811240084,2883.0
86400.0,2883.0
# temp #4283
0.0,2234.0
55581.27658276354,2234.0
55581.27658276354,2883.0
57981.27658276354,2883.0
57981.27658276354,2667.0
66350.52380694544,2667.0
66350.52380694544,2555.0
76714.4997233525,2555.0
76714.4997233525,2429.0
83749.83679822182,2429.0
83749.83679822182,2555.0
86400.0,2555.0
# temp #4284
0.0,2234.0
11780.136710708031,2234.0
11780.136710708031,2555.0
29840.55218256545,2555.0
29840.55218256545,2429.0
30429.871215205647,2429.0
30429.871215205647,2555.0
31914.805646915927,2555.0
31914.805646915927,2429.0
32243.193832528785,2429.0
32243.193832528785,2555.0
33449.774530367,2555.0
33449.774530367,2429.0
33749.774530367,2429.0
33749.774530367,2555.0
54149.774530367,2555.0
54149.774530367,2429.0
54449.774530367,2429.0
54449.774530367,2555.0
55049.774530367,2555.0
55049.774530367,2667.0
86400.0,2667.0
# temp #4285
0.0,2234.0
79643.76808188391,2234.0
79643.76808188391,2555.0
86400.000002,2555.0
# temp #4286
0.0,2234.0
63064.12503872999,2234.0
63064.12503872999,2883.0
65464.12503872999,2883.0
65464.12503872999,2667.0
65796.07159418521,2667.0
65796.07159418521,2555.0
86400.000002,2555.0
# temp #4287
0.0,2234.0
45330.310969264254,2234.0
45330.310969264254,2429.0
77430.31096926425,2429.0
77430.31096926425,2555.0
77730.31096926425,2555.0
77730.31096926425,2667.0
86400.0,2667.0
# temp #4288
0.0,2234.0
55826.54414337595,2234.0
55826.54414337595,2429.0
56345.61943451409,2429.0
56345.61943451409,2555.0
57997.835087799474,2555.0
57997.835087799474,2429.0
59943.52123173886,2429.0
59943.52123173886,2555.0
85795.53023991176,2555.0
85795.53023991176,2429.0
86400.000002,2429.0
# temp #4289
0.0,2234.0
8324.706245027484,2234.0
8324.706245027484,2667.0
28984.255928546198,2667.0
28984.255928546198,2555.0
29395.21204344929,2555.0
29395.21204344929,2667.0
57132.95909191949,2667.0
57132.95909191949,2555.0
57732.95909191949,2555.0
57732.95909191949,2667.0
76269.81528445614,2667.0
76269.81528445614,2555.0
79121.29040218426,2555.0
79121.29040218426,2429.0
86400.0,2429.0
# temp #4290
0.0,2234.0
22378.723580203954,2234.0
22378.723580203954,2555.0
47517.01077749022,2555.0
47517.01077749022,2429.0
47850.554003985606,2429.0
47850.554003985606,2555.0
60441.448779520586,2555.0
60441.448779520586,2429.0
61787.77610950638,2429.0
61787.77610950638,2555.0
62713.891428918585,2555.0
62713.891428918585,2429.0
63013.891428918585,2429.0
63013.891428918585,2555.0
83413.89142891859,2555.0
83413.89142891859,2429.0
83713.89142891859,2429.0
83713.89142891859,2555.0
84313.89142891859,2555.0
84313.89142891859,2667.0
86400.0,2667.0
# temp #4291
0.0,2234.0
45153.734065499164,2234.0
45153.734065499164,2555.0
50326.37314209715,2555.0
50326.37314209715,2667.0
50694.7958274046,2667.0
50694.7958274046,2555.0
50994.7958274046,2555.0
50994.7958274046,2667.0
54594.7958274046,2667.0
54594.7958274046,2555.0
56094.7958274046,2555.0
56094.7958274046,2429.0
65720.65172167496,2429.0
65720.65172167496,2234.0
86400.000002,2234.0
# temp #4292
0.0,2234.0
28916.695849201646,2234.0
28916.695849201646,2429.0
29388.780447863977,2429.0
29388.780447863977,2555.0
31973.347831168216,2555.0
31973.347831168216,2429.0
39176.26380273142,2429.0
39176.26380273142,2555.0
60689.084373414524,2555.0
60689.084373414524,2429.0
80240.69186670241,2429.0
80240.69186670241,2555.0
86400.000002,2555.0
# temp #4293
0.0,2234.0
12043.80431044847,2234.0
12043.80431044847,2883.0
13662.05212196801,2883.0
13662.05212196801,2667.0
24215.68480411079,2667.0
24215.68480411079,2883.0
50207.7552467119,2883.0
50207.7552467119,2429.0
60338.12043063809,2429.0
60338.12043063809,2555.0
71056.94056183567,2555.0
71056.94056183567,2667.0
86400.000002,2667.0
# temp #4294
0.0,2234.0
11262.051419564525,2234.0
11262.051419564525,2555.0
14969.434999697844,2555.0
14969.434999697844,2667.0
15374.448272679003,2667.0
15374.448272679003,2555.0
15674.448272679003,2555.0
15674.448272679003,2667.0
19274.448272679005,2667.0
19274.448272679005,2555.0
20774.448272679005,2555.0
20774.448272679005,2429.0
38279.16359414813,2429.0
38279.16359414813,2234.0
53963.53418135551,2234.0
53963.53418135551,2667.0
57073.52926419118,2667.0
57073.52926419118,2555.0
72574.35992457905,2555.0
72574.35992457905,2667.0
73190.40650355165,2667.0
73190.40650355165,2234.0
77463.27308483889,2234.0
77463.27308483889,2667.0
86400.0,2667.0
# temp #4295
0.0,2234.0
53525.529112829834,2234.0
53525.529112829834,2883.0
55925.529112829834,2883.0
55925.529112829834,2667.0
70730.77396403534,2667.0
70730.77396403534,2555.0
86400.000002,2555.0
# temp #4296
0.0,2234.0
23551.22841128614,2234.0
23551.22841128614,2555.0
31262.976121832624,2555.0
31262.976121832624,2429.0
34953.23576771189,2429.0
34953.23576771189,2234.0
35553.23576771189,2234.0
35553.23576771189,2429.0
37953.23576771189,2429.0
37953.23576771189,2555.0
48153.23576771189,2555.0
48153.23576771189,2667.0
79587.84604067914,2667.0
79587.84604067914,2883.0
86400.000002,2883.0
# temp #4297
0.0,2234.0
51042.50639732928,2234.0
51042.50639732928,2555.0
64177.16724593193,2555.0
64177.16724593193,2429.0
84773.94310478122,2429.0
84773.94310478122,2234.0
85373.94310478122,2234.0
85373.94310478122,2429.0
86400.0,2429.0
# temp #4298
0.0,2234.0
73974.74811400753,2234.0
73974.74811400753,2555.0
75898.98000536487,2555.0
75898.98000536487,2234.0
83426.66532446165,2234.0
83426.66532446165,2429.0
86400.0,2429.0
# temp #4299
0.0,2234.0
40113.919477723546,2234.0
40113.919477723546,2017.0
57957.06516760403,2017.0
57957.06516760403,2234.0
83438.96930753255,2234.0
83438.96930753255,2017.0
86400.0,2017.0
# temp #4300
0.0,2234.0
26145.61996380799,2234.0
26145.61996380799,2017.0
33041.804309701554,2017.0
33041.804309701554,2234.0
37061.20139309206,2234.0
37061.20139309206,2017.0
57715.85183255375,2017.0
57715.85183255375,2234.0
86400.0,2234.0
# temp #4301
0.0,2234.0
83904.8258384457,2234.0
83904.8258384457,2555.0
86236.49137029426,2555.0
86236.49137029426,2234.0
86400.000002,2234.0
# temp #4302
0.0,2234.0
24357.29442201555,2234.0
24357.29442201555,2555.0
27294.01285455097,2555.0
27294.01285455097,2667.0
27687.733250646856,2667.0
27687.733250646856,2555.0
33687.73325064685,2555.0
33687.73325064685,2429.0
36087.73325064685,2429.0
36087.73325064685,2234.0
39687.73325064685,2234.0
39687.73325064685,2429.0
40887.73325064685,2429.0
40887.73325064685,2234.0
46587.73325064685,2234.0
46587.73325064685,2429.0
48023.08116441128,2429.0
48023.08116441128,2883.0
58410.73183303234,2883.0
58410.73183303234,2667.0
64654.63538188488,2667.0
64654.63538188488,2555.0
79693.51969063282,2555.0
79693.51969063282,2667.0
86400.000002,2667.0
# temp #4303
0.0,2234.0
19899.96352130547,2234.0
19899.96352130547,2555.0
37075.718157179654,2555.0
37075.718157179654,2667.0
40255.954287294306,2667.0
40255.954287294306,2883.0
44577.749432344,2883.0
44577.749432344,2667.0
68298.53970988188,2667.0
68298.53970988188,2555.0
68601.27083233092,2555.0
68601.27083233092,2667.0
86400.0,2667.0
# temp #4304
0.0,2234.0
75019.62067843415,2234.0
75019.62067843415,2555.0
83175.21649736445,2555.0
83175.21649736445,2234.0
86400.0,2234.0
# temp #4305
0.0,2234.0
30624.79862677865,2234.0
30624.79862677865,2017.0
86400.0,2017.0
# temp #4306
0.0,2234.0
4321.373417973519,2234.0
4321.373417973519,2667.0
11421.934879571201,2667.0
11421.934879571201,2555.0
12891.512337606402,2555.0
12891.512337606402,2667.0
40654.66402969324,2667.0
40654.66402969324,2555.0
40954.66402969324,2555.0
40954.66402969324,2429.0
63566.196029540166,2429.0
63566.196029540166,2555.0
86400.0,2555.0
# temp #4307
0.0,2234.0
19679.569650487978,2234.0
19679.569650487978,2017.0
39216.74196235836,2017.0
39216.74196235836,2234.0
76963.40787168594,2234.0
76963.40787168594,2017.0
83990.16785630958,2017.0
83990.16785630958,2234.0
86400.0,2234.0
# temp #4308
0.0,2234.0
56623.54604427238,2234.0
56623.54604427238,2429.0
56923.54604427238,2429.0
56923.54604427238,2234.0
83995.63525859268,2234.0
83995.63525859268,2429.0
86400.000002,2429.0
# temp #4309
0.0,2234.0
30845.91939579696,2234.0
30845.91939579696,2429.0
37745.919395796955,2429.0
37745.919395796955,2555.0
39545.919395796955,2555.0
39545.919395796955,2429.0
52445.919395796955,2429.0
52445.919395796955,2234.0
52745.919395796955,2234.0
52745.919395796955,2017.0
53045.919395796955,2017.0
53045.919395796955,2234.0
53345.919395796955,2234.0
53345.919395796955,2017.0
56632.45829099324,2017.0
56632.45829099324,2234.0
70644.9139612494,2234.0
70644.9139612494,2667.0
85445.77372188216,2667.0
85445.77372188216,2555.0
86400.0,2555.0
# temp #4310
0.0,2234.0
55361.25568882563,2234.0
55361.25568882563,2555.0
74522.02256089078,2555.0
74522.02256089078,2429.0
77412.10311641918,2429.0
77412.10311641918,2234.0
78012.10311641918,2234.0
78012.10311641918,2429.0
86400.0,2429.0
# temp #4311
0.0,2234.0
43054.49780949858,2234.0
43054.49780949858,2429.0
43583.09859016445,2429.0
43583.09859016445,2555.0
46965.49449206796,2555.0
46965.49449206796,2429.0
67508.16663417501,2429.0
67508.16663417501,2555.0
78497.91109012441,2555.0
78497.91109012441,2429.0
78762.68653250301,2429.0
78762.68653250301,2555.0
86400.0,2555.0
# temp #4312
0.0,2234.0
18706.635802052915,2234.0
18706.635802052915,2429.0
19306.635802052915,2429.0
19306.635802052915,2555.0
23010.798911936585,2555.0
23010.798911936585,2429.0
39392.195450048894,2429.0
39392.195450048894,2883.0
48000.29722731561,2883.0
48000.29722731561,2667.0
77852.20196228474,2667.0
77852.20196228474,2883.0
78294.26772566514,2883.0
78294.26772566514,2429.0
86400.000002,2429.0
# temp #4313
0.0,2234.0
38768.32113778219,2234.0
38768.32113778219,2429.0
39368.32113778219,2429.0
39368.32113778219,2555.0
43007.91678680108,2555.0
43007.91678680108,2429.0
52295.87184442208,2429.0
52295.87184442208,2555.0
68358.31424994396,2555.0
68358.31424994396,2667.0
86400.0,2667.0
# temp #4314
0.0,2234.0
12827.24436717108,2234.0
12827.24436717108,2883.0
13931.376383313911,2883.0
13931.376383313911,2667.0
25014.092223113406,2667.0
25014.092223113406,2883.0
26825.73127560318,2883.0
26825.73127560318,2429.0
27729.018001095395,2429.0
27729.018001095395,2555.0
62172.48565724587,2555.0
62172.48565724587,2429.0
86400.0,2429.0
# temp #4315
0.0,2234.0
4939.141283975915,2234.0
4939.141283975915,2667.0
14635.767007735561,2667.0
14635.767007735561,2555.0
15028.759932727557,2555.0
15028.759932727557,2429.0
38417.45544502047,2429.0
38417.45544502047,2234.0
40189.13677667734,2234.0
40189.13677667734,2667.0
61902.96421728564,2667.0
61902.96421728564,2883.0
62634.43747137209,2883.0
62634.43747137209,2429.0
86400.000002,2429.0
# temp #4316
0.0,2234.0
1865.5374382389712,2234.0
1865.5374382389712,2667.0
46631.44666033332,2667.0
46631.44666033332,2555.0
47268.61998850946,2555.0
47268.61998850946,2667.0
72338.87488874608,2667.0
72338.87488874608,2555.0
72638.87488874608,2555.0
72638.87488874608,2429.0
75131.89921060113,2429.0
75131.89921060113,2234.0
86400.0,2234.0
# temp #4317
0.0,2234.0
4695.169487572276,2234.0
4695.169487572276,2667.0
15461.018896708269,2667.0
15461.018896708269,2555.0
15997.323835501451,2555.0
15997.323835501451,2429.0
52258.54388549925,2429.0
52258.54388549925,2555.0
84421.68382415551,2555.0
84421.68382415551,2429.0
86400.0,2429.0
# temp #4318
0.0,2234.0
59221.28593744711,2234.0
59221.28593744711,2555.0
79892.23395874725,2555.0
79892.23395874725,2429.0
86400.0,2429.0
# temp #4319
0.0,2234.0
8136.129857646303,2234.0
8136.129857646303,2667.0
53834.44275674411,2667.0
53834.44275674411,2555.0
54654.54126396217,2555.0
54654.54126396217,2667.0
86400.0,2667.0
# temp #4320
0.0,2234.0
45184.11509469152,2234.0
45184.11509469152,2555.0
47551.507906336345,2555.0
47551.507906336345,2429.0
47987.776800943546,2429.0
47987.776800943546,2555.0
60479.55376957544,2555.0
60479.55376957544,2429.0
61634.34188975953,2429.0
61634.34188975953,2555.0
63056.1227078084,2555.0
63056.1227078084,2429.0
63356.1227078084,2429.0
63356.1227078084,2555.0
64856.1227078084,2555.0
64856.1227078084,2429.0
75056.1227078084,2429.0
75056.1227078084,2234.0
86400.000002,2234.0
# temp #4321
0.0,2234.0
67154.66440594755,2234.0
67154.66440594755,2883.0
69554.66440594755,2883.0
69554.66440594755,2667.0
86400.000002,2667.0
# temp #4322
0.0,2234.0
31623.714096634652,2234.0
31623.714096634652,2429.0
32187.513282615695,2429.0
32187.513282615695,2555.0
32558.787340018902,2555.0
32558.787340018902,2429.0
43002.213665982716,2429.0
43002.213665982716,2555.0
45295.175811415545,2555.0
45295.175811415545,2667.0
67601.52347031982,2667.0
67601.52347031982,2234.0
81644.59505248816,2234.0
81644.59505248816,2667.0
86400.000002,2667.0
# temp #4323
0.0,2234.0
35405.58366179466,2234.0
35405.58366179466,2555.0
44907.517499383546,2555.0
44907.517499383546,2667.0
75787.53430105282,2667.0
75787.53430105282,2555.0
86247.40968912376,2555.0
86247.40968912376,2667.0
86400.0,2667.0
# temp #4324
0.0,2234.0
77293.82937513293,2234.0
77293.82937513293,2883.0
79693.82937513293,2883.0
79693.82937513293,2667.0
86400.000002,2667.0
# temp #4325
0.0,2234.0
40142.92228678242,2234.0
40142.92228678242,2429.0
40742.92228678242,2429.0
40742.92228678242,2555.0
42660.859333444394,2555.0
42660.859333444394,2429.0
57585.26643910447,2429.0
57585.26643910447,2555.0
73355.88932004759,2555.0
73355.88932004759,2667.0
86400.000002,2667.0
# temp #4326
0.0,2234.0
14588.263970799746,2234.0
14588.263970799746,2017.0
35493.273176439114,2017.0
35493.273176439114,2234.0
36610.89198645205,2234.0
36610.89198645205,2017.0
85199.46571416223,2017.0
85199.46571416223,2234.0
86400.0,2234.0
# temp #4327
0.0,2234.0
7461.338192643599,2234.0
7461.338192643599,2883.0
18561.338192643598,2883.0
18561.338192643598,2555.0
23344.998164707795,2555.0
23344.998164707795,2667.0
53721.51919787285,2667.0
53721.51919787285,2555.0
73305.56815895253,2555.0
73305.56815895253,2429.0
86400.0,2429.0
# temp #4328
0.0,2234.0
4979.897369490937,2234.0
4979.897369490937,2667.0
34466.255489573814,2667.0
34466.255489573814,2555.0
35147.030496248044,2555.0
35147.030496248044,2667.0
49906.54349494726,2667.0
49906.54349494726,2555.0
50206.54349494726,2555.0
50206.54349494726,2667.0
50506.54349494726,2667.0
50506.54349494726,2555.0
53806.54349494726,2555.0
53806.54349494726,2667.0
79306.54349494725,2667.0
79306.54349494725,2883.0
86400.000002,2883.0
# temp #4329
0.0,2234.0
486.88433999195695,2234.0
486.88433999195695,2017.0
43534.38801295125,2017.0
43534.38801295125,2234.0
66595.94394774178,2234.0
66595.94394774178,2017.0
67379.42308899948,2017.0
67379.42308899948,2234.0
86400.0,2234.0
# temp #4330
0.0,2234.0
16412.712187226865,2234.0
16412.712187226865,2883.0
17943.14788039774,2883.0
17943.14788039774,2667.0
20339.004928688522,2667.0
20339.004928688522,2883.0
30102.3674361175,2883.0
30102.3674361175,2667.0
40970.32500801143,2667.0
40970.32500801143,2883.0
46576.643559755765,2883.0
46576.643559755765,2429.0
68925.01189385077,2429.0
68925.01189385077,2234.0
73111.18503129111,2234.0
73111.18503129111,2429.0
86400.000002,2429.0
# temp #4331
0.0,2234.0
73983.09581635987,2234.0
73983.09581635987,2555.0
86400.000002,2555.0
# temp #4332
0.0,2234.0
30083.481003600176,2234.0
30083.481003600176,2429.0
30646.134253777567,2429.0
30646.134253777567,2234.0
31453.828776581217,2234.0
31453.828776581217,2429.0
36450.906017655514,2429.0
36450.906017655514,2234.0
50277.4212920107,2234.0
50277.4212920107,2429.0
50751.0680187028,2429.0
50751.0680187028,2234.0
78738.59214889818,2234.0
78738.59214889818,2429.0
86400.000002,2429.0
# temp #4333
0.0,2234.0
28351.828742190268,2234.0
28351.828742190268,2555.0
31928.19526952226,2555.0
31928.19526952226,2667.0
32261.78741077893,2667.0
32261.78741077893,2555.0
32561.78741077893,2555.0
32561.78741077893,2667.0
59261.787410778925,2667.0
59261.787410778925,2555.0
75161.78741077892,2555.0
75161.78741077892,2234.0
78761.78741077892,2234.0
78761.78741077892,2429.0
86400.0,2429.0
# temp #4334
0.0,2234.0
39882.571911416024,2234.0
39882.571911416024,2555.0
41758.707175659954,2555.0
41758.707175659954,2429.0
42358.609998319305,2429.0
42358.609998319305,2555.0
50807.80533913058,2555.0
50807.80533913058,2429.0
51243.707087659284,2429.0
51243.707087659284,2234.0
68733.59996799847,2234.0
68733.59996799847,2667.0
82724.89068950528,2667.0
82724.89068950528,2234.0
86400.0,2234.0
# temp #4335
0.0,2234.0
777.7114767115563,2234.0
777.7114767115563,2429.0
1293.0646730354056,2429.0
1293.0646730354056,2555.0
5574.1055061807865,2555.0
5574.1055061807865,2429.0
36745.048742601655,2429.0
36745.048742601655,2555.0
59020.80884710887,2555.0
59020.80884710887,2429.0
85417.21783855466,2429.0
85417.21783855466,2555.0
86400.000002,2555.0
# temp #4336
0.0,2234.0
75375.47080682126,2234.0
75375.47080682126,2555.0
86400.000002,2555.0
# temp #4337
0.0,2234.0
19540.1326591149,2234.0
19540.1326591149,2017.0
58735.76409327799,2017.0
58735.76409327799,2234.0
65186.712351953625,2234.0
65186.712351953625,2017.0
85811.5261630621,2017.0
85811.5261630621,2234.0
86400.0,2234.0
# temp #4338
0.0,2234.0
1020.3131603775547,2234.0
1020.3131603775547,2667.0
4454.03625369072,2667.0
4454.03625369072,2555.0
5445.878410711885,2555.0
5445.878410711885,2667.0
43614.30723366794,2667.0
43614.30723366794,2555.0
44214.30723366794,2555.0
44214.30723366794,2667.0
60299.9563246267,2667.0
60299.9563246267,2555.0
64928.615437005654,2555.0
64928.615437005654,2429.0
72952.83496768681,2429.0
72952.83496768681,2555.0
86400.000002,2555.0
# temp #4339
0.0,2234.0
12604.795178817587,2234.0
12604.795178817587,2017.0
65186.50077553467,2017.0
65186.50077553467,2234.0
70176.35561646895,2234.0
70176.35561646895,2017.0
78143.37973762305,2017.0
78143.37973762305,2234.0
86400.000002,2234.0
# temp #4340
0.0,2234.0
81678.59500134365,2234.0
81678.59500134365,2555.0
86400.000002,2555.0
# temp #4341
0.0,2234.0
10263.938150019387,2234.0
10263.938150019387,2555.0
17269.708941061985,2555.0
17269.708941061985,2429.0
17809.25591331907,2429.0
17809.25591331907,2555.0
39220.92662807555,2555.0
39220.92662807555,2429.0
40695.82061525435,2429.0
40695.82061525435,2555.0
41260.40389006958,2555.0
41260.40389006958,2429.0
41560.40389006958,2429.0
41560.40389006958,2555.0
43060.40389006958,2555.0
43060.40389006958,2429.0
53260.40389006958,2429.0
53260.40389006958,2234.0
86400.000002,2234.0
# temp #4342
0.0,2234.0
8610.329520399684,2234.0
8610.329520399684,2667.0
39205.72935633828,2667.0
39205.72935633828,2555.0
39792.393073369756,2555.0
39792.393073369756,2429.0
70128.81788460074,2429.0
70128.81788460074,2555.0
86400.0,2555.0
# temp #4343
0.0,2234.0
17439.59392709658,2234.0
17439.59392709658,2429.0
17739.59392709658,2429.0
17739.59392709658,2234.0
37097.81766878442,2234.0
37097.81766878442,2667.0
75312.71527586506,2667.0
75312.71527586506,2883.0
86400.0,2883.0
# temp #4344
0.0,2234.0
27360.216201748703,2234.0
27360.216201748703,2017.0
50114.243283122785,2017.0
50114.243283122785,2234.0
86400.000002,2234.0
# temp #4345
0.0,2234.0
19218.949421332218,2234.0
19218.949421332218,2429.0
26118.949421332218,2429.0
26118.949421332218,2555.0
27918.949421332218,2555.0
27918.949421332218,2429.0
40818.94942133222,2429.0
40818.94942133222,2234.0
41118.94942133222,2234.0
41118.94942133222,2017.0
41418.94942133222,2017.0
41418.94942133222,2234.0
41718.94942133222,2234.0
41718.94942133222,2017.0
50721.42173645552,2017.0
50721.42173645552,2234.0
63114.963841228746,2234.0
63114.963841228746,2667.0
72087.45164133143,2667.0
72087.45164133143,2883.0
74051.3257365441,2883.0
74051.3257365441,2429.0
86400.000002,2429.0
# temp #4346
0.0,2234.0
4027.6732344646016,2234.0
4027.6732344646016,2667.0
30735.21625651047,2667.0
30735.21625651047,2555.0
31119.975896738473,2555.0
31119.975896738473,2667.0
51616.16779728793,2667.0
51616.16779728793,2555.0
51916.16779728793,2555.0
51916.16779728793,2667.0
52216.16779728793,2667.0
52216.16779728793,2555.0
55516.16779728793,2555.0
55516.16779728793,2667.0
81016.16779728793,2667.0
81016.16779728793,2883.0
86400.0,2883.0
# temp #4347
0.0,2234.0
8346.34789740667,2234.0
8346.34789740667,2667.0
37690.703207231134,2667.0
37690.703207231134,2555.0
38839.727906766355,2555.0
38839.727906766355,2429.0
70138.38530271316,2429.0
70138.38530271316,2555.0
86400.0,2555.0
# temp #4348
0.0,2234.0
54662.9407751374,2234.0
54662.9407751374,2555.0
74544.61043891498,2555.0
74544.61043891498,2429.0
86400.000002,2429.0
# temp #4349
0.0,2234.0
7023.5724775353465,2234.0
7023.5724775353465,2667.0
30648.610326088972,2667.0
30648.610326088972,2555.0
31261.715610791005,2555.0
31261.715610791005,2667.0
45106.6863752436,2667.0
45106.6863752436,2555.0
45706.6863752436,2555.0
45706.6863752436,2667.0
58742.7840798162,2667.0
58742.7840798162,2555.0
62463.271085824825,2555.0
62463.271085824825,2429.0
86400.0,2429.0
# temp #4350
0.0,2234.0
80033.81104124711,2234.0
80033.81104124711,2555.0
84988.26289018618,2555.0
84988.26289018618,2667.0
85345.24378222415,2667.0
85345.24378222415,2555.0
85645.24378222415,2555.0
85645.24378222415,2667.0
86400.0,2667.0
# temp #4351
0.0,2234.0
18900.791329960342,2234.0
18900.791329960342,2555.0
27081.106932484552,2555.0
27081.106932484552,2429.0
65761.27270313447,2429.0
65761.27270313447,2234.0
66361.27270313447,2234.0
66361.27270313447,2429.0
68761.27270313447,2429.0
68761.27270313447,2555.0
78961.27270313447,2555.0
78961.27270313447,2667.0
86400.0,2667.0
# temp #4352
0.0,2234.0
4876.151644717903,2234.0
4876.151644717903,2555.0
33968.6948874034,2555.0
33968.6948874034,2429.0
71834.69097549097,2429.0
71834.69097549097,2234.0
79157.82330364456,2234.0
79157.82330364456,2429.0
86400.000002,2429.0
# temp #4353
0.0,2234.0
3248.936308734119,2234.0
3248.936308734119,2883.0
14348.936308734119,2883.0
14348.936308734119,2555.0
27502.69583053887,2555.0
27502.69583053887,2667.0
56048.505987413235,2667.0
56048.505987413235,2555.0
85820.68993414288,2555.0
85820.68993414288,2429.0
86400.0,2429.0
# temp #4354
0.0,2234.0
42810.31351808925,2234.0
42810.31351808925,2555.0
61882.810986251585,2555.0
61882.810986251585,2429.0
62308.71368274094,2429.0
62308.71368274094,2555.0
64695.05833529403,2555.0
64695.05833529403,2429.0
65346.654619183406,2429.0
65346.654619183406,2234.0
66032.82403803898,2234.0
66032.82403803898,2429.0
76142.5975907827,2429.0
76142.5975907827,2234.0
76947.99172198401,2234.0
76947.99172198401,2429.0
86400.0,2429.0
# temp #4355
0.0,2234.0
85843.6590448022,2234.0
85843.6590448022,2883.0
86400.0,2883.0
# temp #4356
0.0,2234.0
53813.64709124901,2234.0
53813.64709124901,2555.0
55347.22633087077,2555.0
55347.22633087077,2667.0
65247.22633087077,2667.0
65247.22633087077,2555.0
70261.1605948303,2555.0
70261.1605948303,2429.0
78921.22356458569,2429.0
78921.22356458569,2883.0
81170.39147824982,2883.0
81170.39147824982,2667.0
86400.0,2667.0
# temp #4357
0.0,2234.0
19531.291007227268,2234.0
19531.291007227268,2555.0
21565.36989854649,2555.0
21565.36989854649,2667.0
22118.417911045257,2667.0
22118.417911045257,2555.0
22418.417911045257,2555.0
22418.417911045257,2667.0
49118.41791104525,2667.0
49118.41791104525,2555.0
65018.41791104525,2555.0
65018.41791104525,2234.0
68618.41791104525,2234.0
68618.41791104525,2429.0
78518.41791104525,2429.0
78518.41791104525,2555.0
79118.41791104525,2555.0
79118.41791104525,2667.0
86400.0,2667.0
# temp #4358
0.0,2234.0
53292.40505767521,2234.0
53292.40505767521,2555.0
71296.06539050584,2555.0
71296.06539050584,2429.0
86400.0,2429.0
# temp #4359
0.0,2234.0
35108.91461279244,2234.0
35108.91461279244,2017.0
56206.257668975755,2017.0
56206.257668975755,2234.0
86400.0,2234.0
# temp #4360
0.0,2234.0
41169.00489195251,2234.0
41169.00489195251,2017.0
54844.386887876324,2017.0
54844.386887876324,2234.0
73115.81780961716,2234.0
73115.81780961716,2017.0
79946.19391355665,2017.0
79946.19391355665,2234.0
86400.000002,2234.0
# temp #4361
0.0,2234.0
50438.06769994554,2234.0
50438.06769994554,2555.0
69708.46627734137,2555.0
69708.46627734137,2429.0
70152.38437873778,2429.0
70152.38437873778,2555.0
77997.14603740723,2555.0
77997.14603740723,2429.0
78383.8493730873,2429.0
78383.8493730873,2555.0
79330.23467045279,2555.0
79330.23467045279,2429.0
86400.0,2429.0
# temp #4362
0.0,2234.0
39893.76433328726,2234.0
39893.76433328726,2429.0
40384.867713460706,2429.0
40384.867713460706,2555.0
42795.73209160008,2555.0
42795.73209160008,2429.0
65475.62555694023,2429.0
65475.62555694023,2555.0
81350.21553304979,2555.0
81350.21553304979,2667.0
86400.000002,2667.0
# temp #4363
0.0,2234.0
42023.53486698121,2234.0
42023.53486698121,2883.0
44423.53486698121,2883.0
44423.53486698121,2667.0
72410.27335126419,2667.0
72410.27335126419,2555.0
86400.0,2555.0
# temp #4364
0.0,2234.0
12056.581308552997,2234.0
12056.581308552997,2883.0
23156.581308552995,2883.0
23156.581308552995,2555.0
28427.04830844887,2555.0
28427.04830844887,2429.0
61252.01992364602,2429.0
61252.01992364602,2555.0
66087.33571087943,2555.0
66087.33571087943,2667.0
86400.000002,2667.0
# temp #4365
0.0,2234.0
6268.508160626517,2234.0
6268.508160626517,2667.0
50016.59180279822,2667.0
50016.59180279822,2555.0
51355.07192658261,2555.0
51355.07192658261,2429.0
60987.00286131353,2429.0
60987.00286131353,2555.0
86400.0,2555.0
# temp #4366
0.0,2234.0
10217.889343108984,2234.0
10217.889343108984,2883.0
10519.169149361553,2883.0
10519.169149361553,2667.0
17198.167739063505,2667.0
17198.167739063505,2883.0
51068.89854222537,2883.0
51068.89854222537,2429.0
64672.53058911302,2429.0
64672.53058911302,2555.0
78199.04866414146,2555.0
78199.04866414146,2429.0
86400.0,2429.0
# temp #4367
0.0,2234.0
84736.04863320944,2234.0
84736.04863320944,2555.0
86400.0,2555.0
# temp #4368
0.0,2234.0
27043.366249557588,2234.0
27043.366249557588,2555.0
28971.791559644047,2555.0
28971.791559644047,2667.0
29556.903723813597,2667.0
29556.903723813597,2555.0
29856.903723813597,2555.0
29856.903723813597,2667.0
33456.9037238136,2667.0
33456.9037238136,2555.0
34956.9037238136,2555.0
34956.9037238136,2429.0
41540.8390006749,2429.0
41540.8390006749,2234.0
74008.41355277227,2234.0
74008.41355277227,2429.0
86400.000002,2429.0
# temp #4369
0.0,2234.0
67556.97185473984,2234.0
67556.97185473984,2555.0
77940.9208189929,2555.0
77940.9208189929,2429.0
81940.74386323338,2429.0
81940.74386323338,2234.0
85101.57157578507,2234.0
85101.57157578507,2429.0
86400.0,2429.0
# temp #4370
0.0,2234.0
84068.96948064679,2234.0
84068.96948064679,2555.0
86400.0,2555.0
# temp #4371
0.0,2234.0
8423.88939179946,2234.0
8423.88939179946,2667.0
23595.27902528644,2667.0
23595.27902528644,2555.0
24799.669449683282,2555.0
24799.669449683282,2667.0
40309.56107997336,2667.0
40309.56107997336,2555.0
40609.56107997336,2555.0
40609.56107997336,2667.0
41329.65120754671,2667.0
41329.65120754671,2555.0
41929.65120754671,2555.0
41929.65120754671,2667.0
42229.60598284845,2667.0
42229.60598284845,2555.0
43711.77648429294,2555.0
43711.77648429294,2667.0
70981.95692219307,2667.0
70981.95692219307,2555.0
81258.72402344832,2555.0
81258.72402344832,2429.0
86400.0,2429.0
# temp #4372
0.0,2234.0
73605.72716945318,2234.0
73605.72716945318,2555.0
86400.000002,2555.0
# temp #4373
0.0,2234.0
4697.596667753533,2234.0
4697.596667753533,2667.0
15419.628280587498,2667.0
15419.628280587498,2555.0
16907.965381164107,2555.0
16907.965381164107,2667.0
36685.14500891325,2667.0
36685.14500891325,2555.0
36985.14500891325,2555.0
36985.14500891325,2429.0
56098.859970364734,2429.0
56098.859970364734,2234.0
86400.0,2234.0
# temp #4374
0.0,2234.0
32563.444046303634,2234.0
32563.444046303634,2429.0
32985.15123368707,2429.0
32985.15123368707,2234.0
33663.19622076117,2234.0
33663.19622076117,2429.0
37477.254480030395,2429.0
37477.254480030395,2234.0
57406.29069556017,2234.0
57406.29069556017,2429.0
58016.08061457519,2429.0
58016.08061457519,2555.0
58453.41029141565,2555.0
58453.41029141565,2429.0
58753.41029141565,2429.0
58753.41029141565,2555.0
59053.41029141565,2555.0
59053.41029141565,2429.0
59653.41029141565,2429.0
59653.41029141565,2555.0
61635.40843923111,2555.0
61635.40843923111,2429.0
86400.000002,2429.0
# temp #4375
0.0,2234.0
17365.541360713545,2234.0
17365.541360713545,2555.0
33925.43323743158,2555.0
33925.43323743158,2429.0
73776.76684367472,2429.0
73776.76684367472,2234.0
80285.81688625274,2234.0
80285.81688625274,2429.0
84530.5908744922,2429.0
84530.5908744922,2234.0
86400.0,2234.0
# temp #4376
0.0,2234.0
6164.740893803538,2234.0
6164.740893803538,2667.0
16108.688613306735,2667.0
16108.688613306735,2555.0
17162.35125213862,2555.0
17162.35125213862,2429.0
29647.255610441796,2429.0
29647.255610441796,2234.0
47871.502842614434,2234.0
47871.502842614434,2667.0
72320.69558424411,2667.0
72320.69558424411,2555.0
86400.0,2555.0
# temp #4377
0.0,2234.0
13544.91685833782,2234.0
13544.91685833782,2429.0
14144.91685833782,2429.0
14144.91685833782,2555.0
16802.91610043496,2555.0
16802.91610043496,2429.0
41609.36994468793,2429.0
41609.36994468793,2883.0
44977.253593504436,2883.0
44977.253593504436,2667.0
57293.66341803689,2667.0
57293.66341803689,2555.0
83145.11394286528,2555.0
83145.11394286528,2429.0
86400.0,2429.0
# temp #4378
0.0,2234.0
17195.75445838273,2234.0
17195.75445838273,2555.0
20427.79583986849,2555.0
20427.79583986849,2429.0
20853.80065958016,2429.0
20853.80065958016,2555.0
27641.26198037994,2555.0
27641.26198037994,2429.0
28786.52841208969,2429.0
28786.52841208969,2234.0
49144.39410944471,2234.0
49144.39410944471,2429.0
52782.427145121634,2429.0
52782.427145121634,2555.0
79015.61014268083,2555.0
79015.61014268083,2429.0
86400.000002,2429.0
# temp #4379
0.0,2234.0
8418.938256916592,2234.0
8418.938256916592,2667.0
39305.53919537925,2667.0
39305.53919537925,2555.0
40062.75523784571,2555.0
40062.75523784571,2667.0
60118.550435733065,2667.0
60118.550435733065,2555.0
60418.550435733065,2555.0
60418.550435733065,2429.0
70578.23155301159,2429.0
70578.23155301159,2555.0
86400.000002,2555.0
# temp #4380
0.0,2234.0
46901.69960972854,2234.0
46901.69960972854,2555.0
69087.92808498257,2555.0
69087.92808498257,2429.0
86400.000002,2429.0
# temp #4381
0.0,2234.0
18492.353993584402,2234.0
18492.353993584402,2429.0
25392.353993584402,2429.0
25392.353993584402,2555.0
27192.353993584402,2555.0
27192.353993584402,2429.0
40092.3539935844,2429.0
40092.3539935844,2234.0
40392.3539935844,2234.0
40392.3539935844,2017.0
40692.3539935844,2017.0
40692.3539935844,2234.0
40992.3539935844,2234.0
40992.3539935844,2017.0
52831.11803303473,2017.0
52831.11803303473,2234.0
53177.86734905094,2234.0
53177.86734905094,2555.0
55312.109355814755,2555.0
55312.109355814755,2429.0
68708.02521379665,2429.0
68708.02521379665,2883.0
69860.6001919834,2883.0
69860.6001919834,2429.0
71625.83221129607,2429.0
71625.83221129607,2555.0
72976.66315461975,2555.0
72976.66315461975,2667.0
79458.0124419881,2667.0
79458.0124419881,2883.0
86400.0,2883.0
# temp #4382
0.0,2234.0
23355.857153283436,2234.0
23355.857153283436,2017.0
50522.15393800289,2017.0
50522.15393800289,2234.0
68014.3052394502,2234.0
68014.3052394502,2017.0
86400.0,2017.0
# temp #4383
0.0,2234.0
11078.197231236845,2234.0
11078.197231236845,2017.0
58810.58294037358,2017.0
58810.58294037358,2234.0
86400.000002,2234.0
# temp #4384
0.0,2234.0
65954.02375068517,2234.0
65954.02375068517,2555.0
68532.26004273166,2555.0
68532.26004273166,2667.0
69114.81599570253,2667.0
69114.81599570253,2555.0
75114.81599570253,2555.0
75114.81599570253,2429.0
77514.81599570253,2429.0
77514.81599570253,2234.0
81114.81599570253,2234.0
81114.81599570253,2429.0
82314.81599570253,2429.0
82314.81599570253,2234.0
86400.0,2234.0
# temp #4385
0.0,2234.0
21142.017169855535,2234.0
21142.017169855535,2429.0
21742.017169855535,2429.0
21742.017169855535,2555.0
24015.76921697706,2555.0
24015.76921697706,2429.0
28889.13577417843,2429.0
28889.13577417843,2555.0
34265.92618224677,2555.0
34265.92618224677,2429.0
46180.83423112985,2429.0
46180.83423112985,2883.0
49548.55184855406,2883.0
49548.55184855406,2429.0
86400.0,2429.0
# temp #4386
0.0,2234.0
61255.229554139085,2234.0
61255.229554139085,2555.0
64212.35259608366,2555.0
64212.35259608366,2667.0
64779.45530377329,2667.0
64779.45530377329,2555.0
65079.45530377329,2555.0
65079.45530377329,2667.0
86400.0,2667.0
# temp #4387
0.0,2234.0
38620.089928200476,2234.0
38620.089928200476,2429.0
70720.08992820047,2429.0
70720.08992820047,2555.0
71020.08992820047,2555.0
71020.08992820047,2667.0
86400.0,2667.0
# temp #4388
0.0,2234.0
48688.49639687688,2234.0
48688.49639687688,2555.0
77027.94146253729,2555.0
77027.94146253729,2429.0
77388.28924619594,2429.0
77388.28924619594,2555.0
84946.81366744918,2555.0
84946.81366744918,2429.0
85899.41647925881,2429.0
85899.41647925881,2555.0
86400.000002,2555.0
# temp #4389
0.0,2234.0
25225.4246436758,2234.0
25225.4246436758,2555.0
45176.315712067306,2555.0
45176.315712067306,2429.0
45627.37249326893,2429.0
45627.37249326893,2555.0
46577.59334219155,2555.0
46577.59334219155,2429.0
47150.44981290121,2429.0
47150.44981290121,2234.0
61132.686236710295,2234.0
61132.686236710295,2667.0
78753.15897257534,2667.0
78753.15897257534,2234.0
86400.0,2234.0
# temp #4390
0.0,2234.0
38091.62314070855,2234.0
38091.62314070855,2429.0
38391.62314070855,2429.0
38391.62314070855,2234.0
47554.6370811062,2234.0
47554.6370811062,2667.0
48237.15366516263,2667.0
48237.15366516263,2234.0
70181.13787255717,2234.0
70181.13787255717,2429.0
86400.0,2429.0
# temp #4391
0.0,2234.0
47911.17564174347,2234.0
47911.17564174347,2429.0
48463.84171997198,2429.0
48463.84171997198,2555.0
50320.87479312905,2555.0
50320.87479312905,2429.0
56187.03196446878,2429.0
56187.03196446878,2555.0
57886.11698539463,2555.0
57886.11698539463,2429.0
75333.70442823508,2429.0
75333.70442823508,2234.0
85244.75156930277,2234.0
85244.75156930277,2429.0
86400.0,2429.0
# temp #4392
0.0,2234.0
30397.952449531298,2234.0
30397.952449531298,2429.0
30995.00861547422,2429.0
30995.00861547422,2234.0
31655.01466467977,2234.0
31655.01466467977,2429.0
35713.94337331877,2429.0
35713.94337331877,2234.0
45520.97300200258,2234.0
45520.97300200258,2429.0
45931.77792050411,2429.0
45931.77792050411,2555.0
46857.78230654542,2555.0
46857.78230654542,2429.0
86400.0,2429.0
# temp #4393
0.0,2234.0
62337.81002000906,2234.0
62337.81002000906,2883.0
64737.81002000906,2883.0
64737.81002000906,2667.0
86400.0,2667.0
# temp #4394
0.0,2234.0
74765.86892455818,2234.0
74765.86892455818,2555.0
80993.38900758886,2555.0
80993.38900758886,2429.0
85271.90230800772,2429.0
85271.90230800772,2234.0
85871.90230800772,2234.0
85871.90230800772,2429.0
86400.000002,2429.0
# temp #4395
0.0,2234.0
18483.80197284278,2234.0
18483.80197284278,2555.0
26318.616441660568,2555.0
26318.616441660568,2429.0
26816.908557736322,2429.0
26816.908557736322,2555.0
32174.943715101115,2555.0
32174.943715101115,2429.0
32652.671231282882,2429.0
32652.671231282882,2555.0
34148.52278488689,2555.0
34148.52278488689,2429.0
34448.52278488689,2429.0
34448.52278488689,2555.0
54848.52278488689,2555.0
54848.52278488689,2429.0
55148.52278488689,2429.0
55148.52278488689,2555.0
55748.52278488689,2555.0
55748.52278488689,2667.0
66101.37899068651,2667.0
66101.37899068651,2555.0
66825.09272962344,2555.0
66825.09272962344,2667.0
86173.16925376655,2667.0
86173.16925376655,2555.0
86400.000002,2555.0
# temp #4396
0.0,2234.0
14635.186669556426,2234.0
14635.186669556426,2429.0
15223.161627631636,2429.0
15223.161627631636,2234.0
15984.688701527195,2234.0
15984.688701527195,2429.0
20614.28971337155,2429.0
20614.28971337155,2234.0
44179.05547677074,2234.0
44179.05547677074,2429.0
44750.102122337565,2429.0
44750.102122337565,2555.0
46218.91706774478,2555.0
46218.91706774478,2429.0
86400.0,2429.0
# temp #4397
0.0,2234.0
10999.309246614577,2234.0
10999.309246614577,2883.0
12120.633547450418,2883.0
12120.633547450418,2667.0
19355.02527302597,2667.0
19355.02527302597,2883.0
37248.22705169209,2883.0
37248.22705169209,2429.0
72350.43462873438,2429.0
72350.43462873438,2883.0
86400.0,2883.0
# temp #4398
0.0,2234.0
82943.28041598202,2234.0
82943.28041598202,2883.0
85343.28041598202,2883.0
85343.28041598202,2667.0
86400.0,2667.0
# temp #4399
0.0,2234.0
33338.817513082184,2234.0
33338.817513082184,2429.0
33741.34889678099,2429.0
33741.34889678099,2555.0
34916.990902880214,2555.0
34916.990902880214,2429.0
42455.54049659987,2429.0
42455.54049659987,2234.0
54756.12204484643,2234.0
54756.12204484643,2429.0
86400.0,2429.0
# temp #4400
0.0,2234.0
5952.898927219213,2234.0
5952.898927219213,2883.0
7686.8705513421455,2883.0
7686.8705513421455,2667.0
17014.042607252486,2667.0
17014.042607252486,2883.0
32712.24845924881,2883.0
32712.24845924881,2429.0
73555.13547265438,2429.0
73555.13547265438,2883.0
75973.52534418461,2883.0
75973.52534418461,2667.0
86400.0,2667.0
# temp #4401
0.0,2234.0
15870.62090802938,2234.0
15870.62090802938,2017.0
68626.1679015588,2017.0
68626.1679015588,2234.0
86400.0,2234.0
# temp #4402
0.0,2234.0
39944.16836304591,2234.0
39944.16836304591,2017.0
57518.881928874194,2017.0
57518.881928874194,2234.0
65792.5175309647,2234.0
65792.5175309647,2017.0
69525.68491310814,2017.0
69525.68491310814,2234.0
86400.0,2234.0
# temp #4403
0.0,2234.0
6298.744968557731,2234.0
6298.744968557731,2667.0
40799.54231288285,2667.0
40799.54231288285,2555.0
41936.01543679834,2555.0
41936.01543679834,2667.0
66214.27257189063,2667.0
66214.27257189063,2555.0
66814.27257189063,2555.0
66814.27257189063,2667.0
85806.9681937108,2667.0
85806.9681937108,2555.0
86400.000002,2555.0
# temp #4404
0.0,2234.0
2982.081187795848,2234.0
2982.081187795848,2667.0
12123.133078892717,2667.0
12123.133078892717,2555.0
12954.086473700592,2555.0
12954.086473700592,2667.0
24456.374693708498,2667.0
24456.374693708498,2555.0
27456.374693708498,2555.0
27456.374693708498,2667.0
53556.374693708494,2667.0
53556.374693708494,2883.0
86400.0,2883.0
# temp #4405
0.0,2234.0
69348.17199069077,2234.0
69348.17199069077,2555.0
82011.30267726259,2555.0
82011.30267726259,2429.0
86400.000002,2429.0
# temp #4406
0.0,2234.0
3797.557733603754,2234.0
3797.557733603754,2667.0
22984.72429881804,2667.0
22984.72429881804,2555.0
24211.18877870031,2555.0
24211.18877870031,2667.0
30254.62495107204,2667.0
30254.62495107204,2555.0
30854.62495107204,2555.0
30854.62495107204,2667.0
44964.508351357654,2667.0
44964.508351357654,2555.0
47412.309832172476,2555.0
47412.309832172476,2429.0
70372.59983222466,2429.0
70372.59983222466,2555.0
86400.000002,2555.0
# temp #4407
0.0,2234.0
43588.3565502707,2234.0
43588.3565502707,2429.0
75688.35655027069,2429.0
75688.35655027069,2555.0
75988.35655027069,2555.0
75988.35655027069,2667.0
86400.000002,2667.0
# temp #4408
0.0,2234.0
79907.26890417283,2234.0
79907.26890417283,2555.0
86400.000002,2555.0
# temp #4409
0.0,2234.0
59060.09213235229,2234.0
59060.09213235229,2555.0
73901.37164625339,2555.0
73901.37164625339,2234.0
74594.9234341504,2234.0
74594.9234341504,2429.0
86400.0,2429.0
# temp #4410
0.0,2234.0
61565.840891911655,2234.0
61565.840891911655,2555.0
82672.48811766041,2555.0
82672.48811766041,2429.0
83147.44885959664,2429.0
83147.44885959664,2555.0
86400.000002,2555.0
# temp #4411
0.0,2234.0
71828.33170357626,2234.0
71828.33170357626,2555.0
86400.0,2555.0
# temp #4412
0.0,2234.0
16664.459306839857,2234.0
16664.459306839857,2017.0
24747.56484506652,2017.0
24747.56484506652,2234.0
69008.6592164822,2234.0
69008.6592164822,2017.0
84160.9893854242,2017.0
84160.9893854242,2234.0
86400.0,2234.0
# temp #4413
0.0,2234.0
39527.27768956684,2234.0
39527.27768956684,2555.0
62446.464661136284,2555.0
62446.464661136284,2429.0
86400.0,2429.0
# temp #4414
0.0,2234.0
28250.71674138308,2234.0
28250.71674138308,2429.0
28849.131908454005,2429.0
28849.131908454005,2555.0
29651.01373996586,2555.0
29651.01373996586,2429.0
37413.81164733321,2429.0
37413.81164733321,2555.0
56253.762574587025,2555.0
56253.762574587025,2429.0
60430.130560859114,2429.0
60430.130560859114,2234.0
79517.39483212588,2234.0
79517.39483212588,2667.0
86400.000002,2667.0
# temp #4415
0.0,2234.0
81761.99599995745,2234.0
81761.99599995745,2555.0
86400.000002,2555.0
# temp #4416
0.0,2234.0
8511.363619356418,2234.0
8511.363619356418,2667.0
49887.889174371965,2667.0
49887.889174371965,2555.0
50416.00102158264,2555.0
50416.00102158264,2667.0
65405.6900170399,2667.0
65405.6900170399,2555.0
65705.6900170399,2555.0
65705.6900170399,2667.0
66005.6900170399,2667.0
66005.6900170399,2555.0
69305.6900170399,2555.0
69305.6900170399,2667.0
86400.0,2667.0
# temp #4417
0.0,2234.0
52424.600267177455,2234.0
52424.600267177455,2883.0
54824.600267177455,2883.0
54824.600267177455,2667.0
67069.15929608514,2667.0
67069.15929608514,2555.0
71802.89409861436,2555.0
71802.89409861436,2667.0
86400.000002,2667.0
# temp #4418
0.0,2234.0
69174.89338866436,2234.0
69174.89338866436,2555.0
86400.000002,2555.0
# temp #4419
0.0,2234.0
10060.363508015873,2234.0
10060.363508015873,2883.0
10635.806131898427,2883.0
10635.806131898427,2667.0
20195.83314608317,2667.0
20195.83314608317,2883.0
34036.11334820744,2883.0
34036.11334820744,2667.0
68974.09219394905,2667.0
68974.09219394905,2883.0
86400.0,2883.0
# temp #4420
0.0,2234.0
36255.86017621682,2234.0
36255.86017621682,2017.0
50380.88293606416,2017.0
50380.88293606416,2234.0
53374.32723836974,2234.0
53374.32723836974,2017.0
57961.30543565379,2017.0
57961.30543565379,2234.0
82217.35099554063,2234.0
82217.35099554063,2017.0
86400.000002,2017.0
# temp #4421
0.0,2234.0
4907.640402484686,2234.0
4907.640402484686,2667.0
40077.1167972358,2667.0
40077.1167972358,2555.0
41534.168526926085,2555.0
41534.168526926085,2667.0
69685.11551034173,2667.0
69685.11551034173,2555.0
70285.11551034173,2555.0
70285.11551034173,2667.0
86400.0,2667.0
# temp #4422
0.0,2234.0
29717.358672944833,2234.0
29717.358672944833,2017.0
57040.84723340348,2017.0
57040.84723340348,2234.0
84361.010475643,2234.0
84361.010475643,2017.0
86400.000002,2017.0
# temp #4423
0.0,2234.0
33676.96551857517,2234.0
33676.96551857517,2429.0
34018.10777673964,2429.0
34018.10777673964,2234.0
34787.0564154815,2234.0
34787.0564154815,2429.0
36947.56893008017,2429.0
36947.56893008017,2234.0
40738.96990804934,2234.0
40738.96990804934,2429.0
41516.57701763325,2429.0
41516.57701763325,2555.0
42689.87881396898,2555.0
42689.87881396898,2429.0
86400.0,2429.0
# temp #4424
0.0,2234.0
17645.49559245352,2234.0
17645.49559245352,2429.0
18082.816695724618,2429.0
18082.816695724618,2555.0
21766.52858660091,2555.0
21766.52858660091,2429.0
43003.90000438784,2429.0
43003.90000438784,2555.0
62027.571583259865,2555.0
62027.571583259865,2429.0
68504.08604345286,2429.0
68504.08604345286,2555.0
76873.3076491859,2555.0
76873.3076491859,2667.0
86400.000002,2667.0
# temp #4425
0.0,2234.0
17425.79047547188,2234.0
17425.79047547188,2429.0
17814.11231446546,2429.0
17814.11231446546,2555.0
20052.863015863117,2555.0
20052.863015863117,2429.0
31585.834928601987,2429.0
31585.834928601987,2555.0
38932.20874294639,2555.0
38932.20874294639,2667.0
43607.351060584195,2667.0
43607.351060584195,2883.0
53625.11948451866,2883.0
53625.11948451866,2429.0
64834.302304638564,2429.0
64834.302304638564,2555.0
67003.97085654551,2555.0
67003.97085654551,2429.0
80846.46173010116,2429.0
80846.46173010116,2555.0
86318.49497782534,2555.0
86318.49497782534,2429.0
86400.000002,2429.0
# temp #4426
0.0,2234.0
14390.826599160213,2234.0
14390.826599160213,2883.0
14791.443453426476,2883.0
14791.443453426476,2667.0
22611.138779064644,2667.0
22611.138779064644,2883.0
40870.08214595263,2883.0
40870.08214595263,2429.0
70838.73489852996,2429.0
70838.73489852996,2555.0
73519.05851829798,2555.0
73519.05851829798,2667.0
86400.0,2667.0
# temp #4427
0.0,2234.0
10147.558121988552,2234.0
10147.558121988552,2017.0
40118.494985857986,2017.0
40118.494985857986,2234.0
79521.9169703778,2234.0
79521.9169703778,2017.0
86400.000002,2017.0
# temp #4428
0.0,2234.0
26632.463711360473,2234.0
26632.463711360473,2017.0
39542.913910467185,2017.0
39542.913910467185,2234.0
77116.7416362092,2234.0
77116.7416362092,2017.0
86400.000002,2017.0
# temp #4429
0.0,2234.0
33804.8863505479,2234.0
33804.8863505479,2555.0
34478.78184977454,2555.0
34478.78184977454,2667.0
44378.78184977454,2667.0
44378.78184977454,2555.0
46373.5304838745,2555.0
46373.5304838745,2429.0
60345.94367283863,2429.0
60345.94367283863,2883.0
72859.80611324777,2883.0
72859.80611324777,2429.0
86400.0,2429.0
# temp #4430
0.0,2234.0
1500.2955769188704,2234.0
1500.2955769188704,2667.0
27285.031406558122,2667.0
27285.031406558122,2555.0
28504.528718325313,2555.0
28504.528718325313,2667.0
34527.569295326255,2667.0
34527.569295326255,2555.0
37527.569295326255,2555.0
37527.569295326255,2667.0
63627.56929532625,2667.0
63627.56929532625,2883.0
86400.000002,2883.0
# temp #4431
0.0,2234.0
24133.68151886389,2234.0
24133.68151886389,2017.0
28482.988065434623,2017.0
28482.988065434623,2234.0
39894.240170856945,2234.0
39894.240170856945,2017.0
86011.69227724896,2017.0
86011.69227724896,2234.0
86400.000002,2234.0
# temp #4432
0.0,2234.0
83992.02583380976,2234.0
83992.02583380976,2555.0
84855.9645365691,2555.0
84855.9645365691,2234.0
86400.000002,2234.0
# temp #4433
0.0,2234.0
32968.49306062795,2234.0
32968.49306062795,2429.0
33453.48426788114,2429.0
33453.48426788114,2555.0
36361.13643622957,2555.0
36361.13643622957,2429.0
53045.12421924155,2429.0
53045.12421924155,2555.0
81523.63161309624,2555.0
81523.63161309624,2429.0
86400.0,2429.0
# temp #4434
0.0,2234.0
2342.095001600683,2234.0
2342.095001600683,2667.0
28332.033974211667,2667.0
28332.033974211667,2555.0
29716.892508231107,2555.0
29716.892508231107,2667.0
33567.30875065551,2667.0
33567.30875065551,2555.0
34167.30875065551,2555.0
34167.30875065551,2667.0
52798.67565189489,2667.0
52798.67565189489,2555.0
53415.106755914174,2555.0
53415.106755914174,2429.0
65002.2860493511,2429.0
65002.2860493511,2555.0
71733.34542321974,2555.0
71733.34542321974,2429.0
86400.0,2429.0
# temp #4435
0.0,2234.0
29448.942682868805,2234.0
29448.942682868805,2429.0
29774.697813671086,2429.0
29774.697813671086,2234.0
30526.694655627947,2234.0
30526.694655627947,2429.0
33766.24109318946,2429.0
33766.24109318946,2234.0
47349.604506720796,2234.0
47349.604506720796,2429.0
47811.174779688015,2429.0
47811.174779688015,2555.0
48278.49553611596,2555.0
48278.49553611596,2429.0
48578.49553611596,2429.0
48578.49553611596,2555.0
48878.49553611596,2555.0
48878.49553611596,2429.0
49478.49553611596,2429.0
49478.49553611596,2555.0
52595.749007281855,2555.0
52595.749007281855,2429.0
56294.54367596191,2429.0
56294.54367596191,2555.0
71134.30607726333,2555.0
71134.30607726333,2667.0
86400.000002,2667.0
# temp #4436
0.0,2234.0
8529.835368809292,2234.0
8529.835368809292,2883.0
9603.582298289986,2883.0
9603.582298289986,2667.0
20054.726785258394,2667.0
20054.726785258394,2883.0
42355.751053872526,2883.0
42355.751053872526,2429.0
56212.74067126215,2429.0
56212.74067126215,2555.0
67180.9775046073,2555.0
67180.9775046073,2667.0
86400.0,2667.0
# temp #4437
0.0,2234.0
4015.0466367602353,2234.0
4015.0466367602353,2017.0
60851.126912422485,2017.0
60851.126912422485,2234.0
66551.12691242248,2234.0
66551.12691242248,2429.0
86400.0,2429.0
# temp #4438
0.0,2234.0
30147.429945180196,2234.0
30147.429945180196,2017.0
75230.37017248572,2017.0
75230.37017248572,2234.0
86400.0,2234.0
# temp #4439
0.0,2234.0
79480.4381305352,2234.0
79480.4381305352,2555.0
83908.42781136745,2555.0
83908.42781136745,2234.0
86400.000002,2234.0
# temp #4440
0.0,2234.0
2899.3337020045146,2234.0
2899.3337020045146,2883.0
13999.333702004515,2883.0
13999.333702004515,2555.0
18498.86292766314,2555.0
18498.86292766314,2667.0
50261.742809833966,2667.0
50261.742809833966,2555.0
67061.561212549,2555.0
67061.561212549,2667.0
78268.69336883539,2667.0
78268.69336883539,2234.0
86400.0,2234.0
# temp #4441
0.0,2234.0
36058.064301428385,2234.0
36058.064301428385,2883.0
38458.064301428385,2883.0
38458.064301428385,2667.0
60418.809761689045,2667.0
60418.809761689045,2883.0
65407.9902808182,2883.0
65407.9902808182,2429.0
69988.7447354151,2429.0
69988.7447354151,2234.0
84969.17109049391,2234.0
84969.17109049391,2667.0
86400.000002,2667.0
# temp #4442
0.0,2234.0
29479.26961476915,2234.0
29479.26961476915,2555.0
37713.145028846346,2555.0
37713.145028846346,2429.0
44684.58399851807,2429.0
44684.58399851807,2234.0
52589.31128892583,2234.0
52589.31128892583,2429.0
55039.549251459546,2429.0
55039.549251459546,2234.0
73608.75183446334,2234.0
73608.75183446334,2667.0
86400.0,2667.0
# temp #4443
0.0,2234.0
8383.515900420027,2234.0
8383.515900420027,2883.0
9879.30506737903,2883.0
9879.30506737903,2667.0
13148.018631711604,2667.0
13148.018631711604,2883.0
26737.52822563984,2883.0
26737.52822563984,2429.0
51355.71045291145,2429.0
51355.71045291145,2555.0
72699.06833453571,2555.0
72699.06833453571,2429.0
86400.000002,2429.0
# temp #4444
0.0,2234.0
2569.289180799388,2234.0
2569.289180799388,2667.0
41168.44273956959,2667.0
41168.44273956959,2555.0
41979.54021405895,2555.0
41979.54021405895,2429.0
78048.29156112393,2429.0
78048.29156112393,2555.0
86400.0,2555.0
# temp #4445
0.0,2234.0
8243.620667885989,2234.0
8243.620667885989,2429.0
8840.900387987494,2429.0
8840.900387987494,2555.0
10848.48156273365,2555.0
10848.48156273365,2429.0
12962.89339105133,2429.0
12962.89339105133,2555.0
33278.507485217415,2555.0
33278.507485217415,2429.0
41031.450412259444,2429.0
41031.450412259444,2234.0
48412.211710657,2234.0
48412.211710657,2429.0
80382.85559734797,2429.0
80382.85559734797,2555.0
86400.000002,2555.0
# temp #4446
0.0,2234.0
51009.915282740265,2234.0
51009.915282740265,2555.0
55694.390972494155,2555.0
55694.390972494155,2667.0
61994.390972494155,2667.0
61994.390972494155,2555.0
63194.390972494155,2555.0
63194.390972494155,2429.0
86400.000002,2429.0
# temp #4447
0.0,2234.0
63989.758025365896,2234.0
63989.758025365896,2555.0
64733.7701967219,2555.0
64733.7701967219,2667.0
65182.758191367626,2667.0
65182.758191367626,2555.0
71182.75819136763,2555.0
71182.75819136763,2429.0
73582.75819136763,2429.0
73582.75819136763,2234.0
77182.75819136763,2234.0
77182.75819136763,2429.0
78382.75819136763,2429.0
78382.75819136763,2234.0
84082.75819136763,2234.0
84082.75819136763,2429.0
86397.73111101241,2429.0
86400.000002,2667.0
# temp #4448
0.0,2234.0
13546.133067738267,2234.0
13546.133067738267,2429.0
13979.029967053795,2429.0
13979.029967053795,2555.0
18800.47913992312,2555.0
18800.47913992312,2429.0
47901.14618134686,2429.0
47901.14618134686,2555.0
73374.07401460224,2555.0
73374.07401460224,2429.0
86400.000002,2429.0
# temp #4449
0.0,2234.0
10652.517067291774,2234.0
10652.517067291774,2429.0
11055.283638532273,2429.0
11055.283638532273,2234.0
11795.190278207883,2234.0
11795.190278207883,2429.0
15822.262661950663,2429.0
15822.262661950663,2234.0
36231.57769215759,2234.0
36231.57769215759,2429.0
36606.891221157275,2429.0
36606.891221157275,2555.0
38031.443661055535,2555.0
38031.443661055535,2429.0
38331.443661055535,2429.0
38331.443661055535,2555.0
58731.44366105553,2555.0
58731.44366105553,2429.0
59031.44366105553,2429.0
59031.44366105553,2555.0
59631.44366105553,2555.0
59631.44366105553,2667.0
67888.13939925749,2667.0
67888.13939925749,2555.0
84775.44556756038,2555.0
84775.44556756038,2429.0
86400.0,2429.0
# temp #4450
0.0,2234.0
7112.229936453516,2234.0
7112.229936453516,2667.0
39749.24639055972,2667.0
39749.24639055972,2555.0
40762.88353151177,2555.0
40762.88353151177,2667.0
68668.5635299422,2667.0
68668.5635299422,2555.0
69268.5635299422,2555.0
69268.5635299422,2667.0
82496.70923352243,2667.0
82496.70923352243,2555.0
86400.000002,2555.0
# temp #4451
0.0,2234.0
21248.39812719729,2234.0
21248.39812719729,2429.0
21614.992246124897,2429.0
21614.992246124897,2555.0
26026.348855812106,2555.0
26026.348855812106,2429.0
47130.595216434456,2429.0
47130.595216434456,2555.0
78772.67284006813,2555.0
78772.67284006813,2429.0
86400.000002,2429.0
# temp #4452
0.0,2234.0
13268.062461633237,2234.0
13268.062461633237,2017.0
66115.42822276242,2017.0
66115.42822276242,2234.0
86400.000002,2234.0
# temp #4453
0.0,2234.0
1808.524658996612,2234.0
1808.524658996612,2017.0
36459.40413633362,2017.0
36459.40413633362,2234.0
38024.77075997741,2234.0
38024.77075997741,2017.0
39000.708754593514,2017.0
39000.708754593514,2234.0
50794.05533582904,2234.0
50794.05533582904,2017.0
86400.0,2017.0
# temp #4454
0.0,2234.0
57396.38341537211,2234.0
57396.38341537211,2555.0
68712.61805584654,2555.0
68712.61805584654,2234.0
71817.96590248123,2234.0
71817.96590248123,2667.0
79985.90606125072,2667.0
79985.90606125072,2555.0
86400.0,2555.0
# temp #4455
0.0,2234.0
81751.8987581134,2234.0
81751.8987581134,2555.0
86258.67517150474,2555.0
86258.67517150474,2234.0
86400.000002,2234.0
# temp #4456
0.0,2234.0
38997.87966851146,2234.0
38997.87966851146,2429.0
39511.69550546911,2429.0
39511.69550546911,2555.0
41964.330383925706,2555.0
41964.330383925706,2429.0
59557.37104089932,2429.0
59557.37104089932,2555.0
70343.3047255967,2555.0
70343.3047255967,2429.0
86400.000002,2429.0
# temp #4457
0.0,2234.0
39184.34197744355,2234.0
39184.34197744355,2555.0
76742.21956059338,2555.0
76742.21956059338,2429.0
86400.000002,2429.0
# temp #4458
0.0,2234.0
28033.832417009402,2234.0
28033.832417009402,2017.0
64134.31936791168,2017.0
64134.31936791168,2234.0
66765.79740112649,2234.0
66765.79740112649,2017.0
81566.62353104913,2017.0
81566.62353104913,2234.0
86400.000002,2234.0
# temp #4459
0.0,2234.0
6710.294965468349,2234.0
6710.294965468349,2667.0
54550.58145881631,2667.0
54550.58145881631,2555.0
55599.97145044618,2555.0
55599.97145044618,2667.0
86400.0,2667.0
# temp #4460
0.0,2234.0
643.6840946786106,2234.0
643.6840946786106,2667.0
21077.795900241475,2667.0
21077.795900241475,2555.0
21549.274835013788,2555.0
21549.274835013788,2667.0
53811.51370899753,2667.0
53811.51370899753,2555.0
54411.51370899753,2555.0
54411.51370899753,2667.0
69835.59213057162,2667.0
69835.59213057162,2555.0
71554.28613200785,2555.0
71554.28613200785,2429.0
86400.0,2429.0
# temp #4461
0.0,2234.0
46707.598137762405,2234.0
46707.598137762405,2555.0
65510.937283840045,2555.0
65510.937283840045,2667.0
86400.0,2667.0
# temp #4462
0.0,2234.0
67287.81711717603,2234.0
67287.81711717603,2555.0
85751.30873972086,2555.0
85751.30873972086,2429.0
86400.000002,2429.0
# temp #4463
0.0,2234.0
24681.23809816316,2234.0
24681.23809816316,2017.0
27856.848734244708,2017.0
27856.848734244708,2234.0
33556.848734244704,2234.0
33556.848734244704,2429.0
57524.08717672807,2429.0
57524.08717672807,2555.0
58978.11022780371,2555.0
58978.11022780371,2667.0
77467.63595002705,2667.0
77467.63595002705,2555.0
82429.06090593898,2555.0
82429.06090593898,2429.0
86400.000002,2429.0
# temp #4464
0.0,2234.0
29024.54236506019,2234.0
29024.54236506019,2555.0
57122.80048665126,2555.0
57122.80048665126,2429.0
57551.40730824788,2429.0
57551.40730824788,2555.0
67281.6110674292,2555.0
67281.6110674292,2429.0
68315.20998012276,2429.0
68315.20998012276,2555.0
68739.38523866238,2555.0
68739.38523866238,2429.0
69039.38523866238,2429.0
69039.38523866238,2555.0
69339.38523866238,2555.0
69339.38523866238,2429.0
69939.38523866238,2429.0
69939.38523866238,2555.0
73095.1273519546,2555.0
73095.1273519546,2429.0
86400.0,2429.0
# temp #4465
0.0,2234.0
50509.97297312134,2234.0
50509.97297312134,2555.0
69456.32723607124,2555.0
69456.32723607124,2429.0
69856.45447529388,2429.0
69856.45447529388,2555.0
83266.95184358397,2555.0
83266.95184358397,2429.0
84761.15067782813,2429.0
84761.15067782813,2555.0
86027.20877719113,2555.0
86027.20877719113,2429.0
86327.20877719113,2429.0
86327.20877719113,2555.0
86400.000002,2555.0
# temp #4466
0.0,2234.0
14658.22348238435,2234.0
14658.22348238435,2883.0
25758.22348238435,2883.0
25758.22348238435,2555.0
53003.90809827951,2555.0
53003.90809827951,2429.0
72966.9763718499,2429.0
72966.9763718499,2883.0
86400.000002,2883.0
# temp #4467
0.0,2234.0
1835.08657256607,2234.0
1835.08657256607,2555.0
4971.626077406109,2555.0
4971.626077406109,2667.0
5398.74774478376,2667.0
5398.74774478376,2555.0
11398.74774478376,2555.0
11398.74774478376,2429.0
13798.74774478376,2429.0
13798.74774478376,2234.0
17398.74774478376,2234.0
17398.74774478376,2429.0
18598.74774478376,2429.0
18598.74774478376,2234.0
24298.74774478376,2234.0
24298.74774478376,2429.0
52711.78150428459,2429.0
52711.78150428459,2555.0
67935.74745354708,2555.0
67935.74745354708,2429.0
75398.2691859361,2429.0
75398.2691859361,2555.0
86400.000002,2555.0
# temp #4468
0.0,2234.0
53868.82316151169,2234.0
53868.82316151169,2555.0
86400.000002,2555.0
# temp #4469
0.0,2234.0
7302.486120094547,2234.0
7302.486120094547,2667.0
34234.56256245264,2667.0
34234.56256245264,2555.0
34654.79955947959,2555.0
34654.79955947959,2429.0
69960.021740268,2429.0
69960.021740268,2555.0
86400.0,2555.0
# temp #4470
0.0,2234.0
364.89287512376904,2234.0
364.89287512376904,2555.0
6300.1002660021195,2555.0
6300.1002660021195,2429.0
6813.314934843221,2429.0
6813.314934843221,2555.0
28427.61529698037,2555.0
28427.61529698037,2429.0
29429.44331481122,2429.0
29429.44331481122,2234.0
37608.18961537444,2234.0
37608.18961537444,2667.0
70056.39144130982,2667.0
70056.39144130982,2883.0
86400.0,2883.0
# temp #4471
0.0,2234.0
11098.117621173153,2234.0
11098.117621173153,2555.0
11476.111384620892,2555.0
11476.111384620892,2667.0
12050.945975398647,2667.0
12050.945975398647,2555.0
18050.945975398645,2555.0
18050.945975398645,2429.0
20450.945975398645,2429.0
20450.945975398645,2234.0
24050.945975398645,2234.0
24050.945975398645,2429.0
25250.945975398645,2429.0
25250.945975398645,2234.0
30950.945975398645,2234.0
30950.945975398645,2429.0
33936.36471263599,2429.0
33936.36471263599,2555.0
41194.05233559664,2555.0
41194.05233559664,2667.0
79052.04200728332,2667.0
79052.04200728332,2555.0
86400.0,2555.0
# temp #4472
0.0,2234.0
7091.670972830618,2234.0
7091.670972830618,2667.0
41074.85674868804,2667.0
41074.85674868804,2555.0
42185.71520426777,2555.0
42185.71520426777,2667.0
56820.50673917403,2667.0
56820.50673917403,2555.0
57120.50673917403,2555.0
57120.50673917403,2667.0
57955.08231022397,2667.0
57955.08231022397,2555.0
58555.08231022397,2555.0
58555.08231022397,2667.0
68889.79278048502,2667.0
68889.79278048502,2555.0
86400.000002,2555.0
# temp #4473
0.0,2234.0
7548.940719827078,2234.0
7548.940719827078,2429.0
7902.7608969016,2429.0
7902.7608969016,2234.0
8608.580909692682,2234.0
8608.580909692682,2429.0
12360.019725118764,2429.0
12360.019725118764,2234.0
36897.412038152106,2234.0
36897.412038152106,2429.0
37472.268019407056,2429.0
37472.268019407056,2234.0
56355.54901908618,2234.0
56355.54901908618,2667.0
69068.80207119977,2667.0
69068.80207119977,2555.0
72235.74579062407,2555.0
72235.74579062407,2667.0
86400.0,2667.0
# temp #4474
0.0,2234.0
5775.258331513033,2234.0
5775.258331513033,2429.0
6238.369697984309,2429.0
6238.369697984309,2555.0
6997.450727876277,2555.0
6997.450727876277,2429.0
16426.699979533445,2429.0
16426.699979533445,2555.0
39549.97904214543,2555.0
39549.97904214543,2429.0
73257.49227020425,2429.0
73257.49227020425,2883.0
76403.1473627547,2883.0
76403.1473627547,2429.0
86400.0,2429.0
# temp #4475
0.0,2234.0
4472.905313316734,2234.0
4472.905313316734,2667.0
32251.947282766927,2667.0
32251.947282766927,2555.0
32698.014250444252,2555.0
32698.014250444252,2429.0
57392.297563841574,2429.0
57392.297563841574,2883.0
64782.04964948819,2883.0
64782.04964948819,2555.0
65982.04964948818,2555.0
65982.04964948818,2883.0
66429.42305335311,2883.0
66429.42305335311,2555.0
68821.71772511212,2555.0
68821.71772511212,2429.0
86400.000002,2429.0
# temp #4476
0.0,2234.0
17401.346998871308,2234.0
17401.346998871308,2429.0
17701.346998871308,2429.0
17701.346998871308,2234.0
24953.87517479249,2234.0
24953.87517479249,2429.0
50923.64641218447,2429.0
50923.64641218447,2883.0
59666.04707774241,2883.0
59666.04707774241,2429.0
80208.59858519399,2429.0
80208.59858519399,2555.0
86400.000002,2555.0
# temp #4477
0.0,2234.0
64911.2299493747,2234.0
64911.2299493747,2555.0
86400.0,2555.0
# temp #4478
0.0,2234.0
7326.58477833029,2234.0
7326.58477833029,2883.0
8995.007501123475,2883.0
8995.007501123475,2667.0
18238.462175102904,2667.0
18238.462175102904,2883.0
34392.88692595438,2883.0
34392.88692595438,2429.0
34656.486422172755,2429.0
34656.486422172755,2555.0
49908.28790513334,2555.0
49908.28790513334,2429.0
68195.75582211839,2429.0
68195.75582211839,2555.0
73529.54444624485,2555.0
73529.54444624485,2667.0
77055.52210696043,2667.0
77055.52210696043,2555.0
86400.000002,2555.0
# temp #4479
0.0,2234.0
28581.73396030907,2234.0
28581.73396030907,2555.0
38985.961135779515,2555.0
38985.961135779515,2429.0
39482.992646028295,2429.0
39482.992646028295,2555.0
57805.74182693382,2555.0
57805.74182693382,2429.0
58937.19924122562,2429.0
58937.19924122562,2555.0
60043.52549251636,2555.0
60043.52549251636,2429.0
60343.52549251636,2429.0
60343.52549251636,2555.0
61843.52549251636,2555.0
61843.52549251636,2429.0
72043.52549251636,2429.0
72043.52549251636,2234.0
86400.000002,2234.0
# temp #4480
0.0,2234.0
42875.34690275789,2234.0
42875.34690275789,2429.0
43414.70002841671,2429.0
43414.70002841671,2555.0
45612.611176189974,2555.0
45612.611176189974,2429.0
70849.85625310802,2429.0
70849.85625310802,2234.0
86400.000002,2234.0
# temp #4481
0.0,2234.0
69402.71841245705,2234.0
69402.71841245705,2555.0
69892.30992661325,2555.0
69892.30992661325,2667.0
70195.97460888328,2667.0
70195.97460888328,2555.0
76195.97460888328,2555.0
76195.97460888328,2429.0
78595.97460888328,2429.0
78595.97460888328,2234.0
82195.97460888328,2234.0
82195.97460888328,2429.0
83395.97460888328,2429.0
83395.97460888328,2234.0
86400.0,2234.0
# temp #4482
0.0,2234.0
79843.71916777456,2234.0
79843.71916777456,2555.0
84159.5586912241,2555.0
84159.5586912241,2234.0
86400.000002,2234.0
# temp #4483
0.0,2234.0
57757.93936348055,2234.0
57757.93936348055,2555.0
58632.609274168506,2555.0
58632.609274168506,2667.0
68532.6092741685,2667.0
68532.6092741685,2555.0
70052.40642980208,2555.0
70052.40642980208,2429.0
86400.0,2429.0
# temp #4484
0.0,2234.0
32700.581721682105,2234.0
32700.581721682105,2429.0
33068.04842411075,2429.0
33068.04842411075,2555.0
34195.03299838398,2555.0
34195.03299838398,2429.0
66536.6675444646,2429.0
66536.6675444646,2555.0
86400.000002,2555.0
# temp #4485
0.0,2234.0
2513.216283428483,2234.0
2513.216283428483,2555.0
34004.690992855474,2555.0
34004.690992855474,2429.0
34466.575972409926,2429.0
34466.575972409926,2555.0
46899.16879087687,2555.0
46899.16879087687,2429.0
48217.94396974147,2429.0
48217.94396974147,2555.0
49057.017500326045,2555.0
49057.017500326045,2429.0
49357.017500326045,2429.0
49357.017500326045,2555.0
50857.017500326045,2555.0
50857.017500326045,2429.0
61057.017500326045,2429.0
61057.017500326045,2234.0
86400.0,2234.0
# temp #4486
0.0,2234.0
79258.22439920159,2234.0
79258.22439920159,2555.0
86400.000002,2555.0
# temp #4487
0.0,2234.0
10034.060413786212,2234.0
10034.060413786212,2883.0
10662.576904194431,2883.0
10662.576904194431,2667.0
21175.19718592521,2667.0
21175.19718592521,2883.0
32239.076307392686,2883.0
32239.076307392686,2667.0
69629.81704145206,2667.0
69629.81704145206,2883.0
82226.43294136507,2883.0
82226.43294136507,2667.0
86400.000002,2667.0
# temp #4488
0.0,2234.0
51711.328130587935,2234.0
51711.328130587935,2883.0
54111.328130587935,2883.0
54111.328130587935,2667.0
73565.21603527945,2667.0
73565.21603527945,2555.0
86400.000002,2555.0
# temp #4489
0.0,2234.0
16319.985945965167,2234.0
16319.985945965167,2555.0
36300.8049069671,2555.0
36300.8049069671,2429.0
40993.153766426265,2429.0
40993.153766426265,2234.0
43261.60829574802,2234.0
43261.60829574802,2429.0
58557.78987561354,2429.0
58557.78987561354,2234.0
66153.9050276857,2234.0
66153.9050276857,2667.0
76941.19814091829,2667.0
76941.19814091829,2234.0
86400.0,2234.0
# temp #4490
0.0,2234.0
38683.63365847618,2234.0
38683.63365847618,2017.0
81299.14234913887,2017.0
81299.14234913887,2234.0
81771.16513866933,2234.0
81771.16513866933,2017.0
86400.000002,2017.0
# temp #4491
0.0,2234.0
14953.557233512405,2234.0
14953.557233512405,2883.0
16456.03826120496,2883.0
16456.03826120496,2667.0
20669.045573193584,2667.0
20669.045573193584,2883.0
40450.60526789167,2883.0
40450.60526789167,2429.0
65410.77072266491,2429.0
65410.77072266491,2555.0
68513.00725825132,2555.0
68513.00725825132,2667.0
86400.000002,2667.0
# temp #4492
0.0,2234.0
14063.791176234374,2234.0
14063.791176234374,2555.0
32015.033130417585,2555.0
32015.033130417585,2429.0
32538.161245174713,2429.0
32538.161245174713,2555.0
41269.67181314249,2555.0
41269.67181314249,2429.0
42573.6126651289,2429.0
42573.6126651289,2555.0
43046.13185806666,2555.0
43046.13185806666,2429.0
43346.13185806666,2429.0
43346.13185806666,2555.0
63746.13185806667,2555.0
63746.13185806667,2429.0
64046.13185806667,2429.0
64046.13185806667,2555.0
64646.13185806667,2555.0
64646.13185806667,2667.0
83849.8632687377,2667.0
83849.8632687377,2883.0
86400.000002,2883.0
# temp #4493
0.0,2234.0
38155.066434619956,2234.0
38155.066434619956,2555.0
74267.72752921098,2555.0
74267.72752921098,2429.0
86400.0,2429.0
# temp #4494
0.0,2234.0
9263.956367410721,2234.0
9263.956367410721,2017.0
23319.133409857754,2017.0
23319.133409857754,2234.0
31061.949454341087,2234.0
31061.949454341087,2017.0
65734.96794006789,2017.0
65734.96794006789,2234.0
72324.31421256626,2234.0
72324.31421256626,2017.0
86400.000002,2017.0
# temp #4495
0.0,2234.0
37700.96635222436,2234.0
37700.96635222436,2017.0
40160.47149784864,2017.0
40160.47149784864,2234.0
46084.516762197025,2234.0
46084.516762197025,2017.0
54090.59062656016,2017.0
54090.59062656016,2234.0
74068.2891642675,2234.0
74068.2891642675,2017.0
86400.000002,2017.0
# temp #4496
0.0,2234.0
5823.805543896743,2234.0
5823.805543896743,2883.0
7083.239622437396,2883.0
7083.239622437396,2667.0
11275.445034122095,2667.0
11275.445034122095,2883.0
14891.217881580817,2883.0
14891.217881580817,2429.0
17823.41462960467,2429.0
17823.41462960467,2555.0
29022.607598220933,2555.0
29022.607598220933,2429.0
55449.3900383357,2429.0
55449.3900383357,2883.0
61604.05671147165,2883.0
61604.05671147165,2429.0
74801.89921895509,2429.0
74801.89921895509,2555.0
86400.000002,2555.0
# temp #4497
0.0,2234.0
28875.885503995236,2234.0
28875.885503995236,2555.0
32949.07201488969,2555.0
32949.07201488969,2429.0
36778.80549018738,2429.0
36778.80549018738,2234.0
37378.80549018738,2234.0
37378.80549018738,2429.0
55678.80549018737,2429.0
55678.80549018737,2555.0
57178.80549018737,2555.0
57178.80549018737,2429.0
67736.38564827852,2429.0
67736.38564827852,2234.0
70590.13055947144,2234.0
70590.13055947144,2429.0
86400.0,2429.0
# temp #4498
0.0,2234.0
4028.7747825030247,2234.0
4028.7747825030247,2667.0
9089.139774721118,2667.0
9089.139774721118,2555.0
10565.973142627628,2555.0
10565.973142627628,2667.0
45868.27266414185,2667.0
45868.27266414185,2555.0
46468.27266414185,2555.0
46468.27266414185,2667.0
65277.9063178925,2667.0
65277.9063178925,2555.0
66108.4216425894,2555.0
66108.4216425894,2429.0
86400.0,2429.0
# temp #4499
0.0,2234.0
61425.54683347699,2234.0
61425.54683347699,2555.0
73172.0193346264,2555.0
73172.0193346264,2429.0
76908.82585693618,2429.0
76908.82585693618,2234.0
77208.82585693618,2234.0
77208.82585693618,2017.0
86400.0,2017.0
# temp #4500
0.0,2234.0
32517.950411885984,2234.0
32517.950411885984,2555.0
41725.31028622762,2555.0
41725.31028622762,2429.0
57115.24640852587,2429.0
57115.24640852587,2234.0
57415.24640852587,2234.0
57415.24640852587,2017.0
67502.04191033264,2017.0
67502.04191033264,2555.0
86400.000002,2555.0
# temp #4501
0.0,2234.0
6846.054581296631,2234.0
6846.054581296631,2883.0
8567.274812981488,2883.0
8567.274812981488,2667.0
13397.434738674201,2667.0
13397.434738674201,2883.0
30730.107735120695,2883.0
30730.107735120695,2667.0
54330.92127246783,2667.0
54330.92127246783,2555.0
64028.41763554607,2555.0
64028.41763554607,2883.0
86400.000002,2883.0
# temp #4502
0.0,2234.0
39924.59010374733,2234.0
39924.59010374733,2017.0
55112.10756297224,2017.0
55112.10756297224,2234.0
86400.0,2234.0
# temp #4503
0.0,2234.0
9842.249392136002,2234.0
9842.249392136002,2883.0
20942.249392136,2883.0
20942.249392136,2555.0
57231.603176076904,2555.0
57231.603176076904,2429.0
74103.45364299139,2429.0
74103.45364299139,2555.0
86400.0,2555.0
# temp #4504
0.0,2234.0
5197.717521758751,2234.0
5197.717521758751,2667.0
17277.894402318638,2667.0
17277.894402318638,2555.0
18622.238546912562,2555.0
18622.238546912562,2667.0
41792.891462543055,2667.0
41792.891462543055,2555.0
42092.891462543055,2555.0
42092.891462543055,2667.0
42856.01331973449,2667.0
42856.01331973449,2555.0
43456.01331973449,2555.0
43456.01331973449,2667.0
71937.38472650295,2667.0
71937.38472650295,2555.0
86400.000002,2555.0
# temp #4505
0.0,2234.0
55221.96736789775,2234.0
55221.96736789775,2429.0
55821.59829873127,2429.0
55821.59829873127,2555.0
58196.640089037835,2555.0
58196.640089037835,2429.0
79015.08612285835,2429.0
79015.08612285835,2555.0
86400.000002,2555.0
# temp #4506
0.0,2234.0
28356.17844338995,2234.0
28356.17844338995,2429.0
28738.136939727705,2429.0
28738.136939727705,2234.0
29525.93172511552,2234.0
29525.93172511552,2429.0
32351.091224304404,2429.0
32351.091224304404,2234.0
40111.09215156176,2234.0
40111.09215156176,2429.0
41030.807537818335,2429.0
41030.807537818335,2555.0
41903.57872419991,2555.0
41903.57872419991,2429.0
42203.57872419991,2429.0
42203.57872419991,2555.0
42503.57872419991,2555.0
42503.57872419991,2429.0
43103.57872419991,2429.0
43103.57872419991,2555.0
46650.77002295294,2555.0
46650.77002295294,2429.0
76516.71624393204,2429.0
76516.71624393204,2234.0
86400.0,2234.0
# temp #4507
0.0,2234.0
19638.89584585559,2234.0
19638.89584585559,2555.0
21529.68710388523,2555.0
21529.68710388523,2429.0
21968.554511619735,2429.0
21968.554511619735,2555.0
42156.3842464937,2555.0
42156.3842464937,2429.0
42548.8023956772,2429.0
42548.8023956772,2234.0
46195.68643940148,2234.0
46195.68643940148,2429.0
67067.55400327967,2429.0
67067.55400327967,2555.0
86400.000002,2555.0
# temp #4508
0.0,2234.0
17622.96070957091,2234.0
17622.96070957091,2883.0
18193.9092024928,2883.0
18193.9092024928,2667.0
23685.3706763126,2667.0
23685.3706763126,2883.0
50786.13316202537,2883.0
50786.13316202537,2429.0
76626.51174450295,2429.0
76626.51174450295,2555.0
86400.0,2555.0
# temp #4509
0.0,2234.0
19629.359496873807,2234.0
19629.359496873807,2555.0
40586.542747286156,2555.0
40586.542747286156,2429.0
84869.62494116744,2429.0
84869.62494116744,2234.0
85169.62494116744,2234.0
85169.62494116744,2017.0
86400.000002,2017.0
# temp #4510
0.0,2234.0
5571.026611933486,2234.0
5571.026611933486,2429.0
6138.453197618947,2429.0
6138.453197618947,2555.0
11204.260226106273,2555.0
11204.260226106273,2429.0
47111.087690969005,2429.0
47111.087690969005,2555.0
54665.35745069851,2555.0
54665.35745069851,2667.0
70015.09845920374,2667.0
70015.09845920374,2883.0
70498.7643367611,2883.0
70498.7643367611,2555.0
74001.60943558441,2555.0
74001.60943558441,2429.0
86400.000002,2429.0
# temp #4511
0.0,2234.0
17251.67568717152,2234.0
17251.67568717152,2017.0
19795.021888660267,2017.0
19795.021888660267,2234.0
53324.58432144486,2234.0
53324.58432144486,2017.0
78506.93002464251,2017.0
78506.93002464251,2234.0
82246.51979617776,2234.0
82246.51979617776,2017.0
83158.53254059331,2017.0
83158.53254059331,2234.0
86400.0,2234.0
# temp #4512
0.0,2234.0
39720.558666461155,2234.0
39720.558666461155,2555.0
40060.0399586605,2555.0
40060.0399586605,2667.0
40457.40321243648,2667.0
40457.40321243648,2555.0
40757.40321243648,2555.0
40757.40321243648,2667.0
67457.40321243647,2667.0
67457.40321243647,2555.0
83357.40321243647,2555.0
83357.40321243647,2234.0
86400.000002,2234.0
# temp #4513
0.0,2234.0
71756.17079653313,2234.0
71756.17079653313,2555.0
86400.0,2555.0
# temp #4514
0.0,2234.0
15279.89847273566,2234.0
15279.89847273566,2429.0
15616.54692438897,2429.0
15616.54692438897,2234.0
16222.291270550342,2234.0
16222.291270550342,2429.0
17352.65495586209,2429.0
17352.65495586209,2234.0
27291.42343509011,2234.0
27291.42343509011,2429.0
28323.561780760065,2429.0
28323.561780760065,2555.0
28990.1486128103,2555.0
28990.1486128103,2429.0
29290.1486128103,2429.0
29290.1486128103,2555.0
49690.1486128103,2555.0
49690.1486128103,2429.0
49990.1486128103,2429.0
49990.1486128103,2555.0
50590.1486128103,2555.0
50590.1486128103,2667.0
79316.96776840836,2667.0
79316.96776840836,2234.0
86400.0,2234.0
# temp #4515
0.0,2234.0
5853.458250593395,2234.0
5853.458250593395,2667.0
7248.313450394199,2667.0
7248.313450394199,2555.0
8328.328692773359,2555.0
8328.328692773359,2667.0
26653.138824971396,2667.0
26653.138824971396,2555.0
27253.138824971396,2555.0
27253.138824971396,2667.0
39856.38316003606,2667.0
39856.38316003606,2555.0
41663.86394714937,2555.0
41663.86394714937,2429.0
54542.561197467156,2429.0
54542.561197467156,2555.0
82291.79260691164,2555.0
82291.79260691164,2429.0
86400.0,2429.0
# temp #4516
0.0,2234.0
31297.09287369624,2234.0
31297.09287369624,2555.0
35152.54808517639,2555.0
35152.54808517639,2667.0
35639.195489999845,2667.0
35639.195489999845,2555.0
35939.195489999845,2555.0
35939.195489999845,2667.0
62639.19548999984,2667.0
62639.19548999984,2555.0
78539.19548999984,2555.0
78539.19548999984,2234.0
82139.19548999984,2234.0
82139.19548999984,2429.0
86400.000002,2429.0
# temp #4517
0.0,2234.0
72319.71935899928,2234.0
72319.71935899928,2555.0
79630.47603028826,2555.0
79630.47603028826,2234.0
86400.0,2234.0
# temp #4518
0.0,2234.0
11161.000028438868,2234.0
11161.000028438868,2883.0
12701.04502073955,2883.0
12701.04502073955,2667.0
18051.263465057127,2667.0
18051.263465057127,2883.0
34518.54744243902,2883.0
34518.54744243902,2667.0
56290.75965802186,2667.0
56290.75965802186,2234.0
72555.66502246076,2234.0
72555.66502246076,2667.0
86400.0,2667.0
# temp #4519
0.0,2234.0
64336.82289377322,2234.0
64336.82289377322,2555.0
68327.13467983996,2555.0
68327.13467983996,2667.0
68878.40200331995,2667.0
68878.40200331995,2555.0
69178.40200331995,2555.0
69178.40200331995,2667.0
86400.000002,2667.0
# temp #4520
0.0,2234.0
14005.287179793233,2234.0
14005.287179793233,2883.0
14357.206070353279,2883.0
14357.206070353279,2667.0
23837.874511932023,2667.0
23837.874511932023,2883.0
57410.64863177017,2883.0
57410.64863177017,2429.0
85365.95476290678,2429.0
85365.95476290678,2234.0
86400.000002,2234.0
# temp #4521
0.0,2234.0
11218.333852873186,2234.0
11218.333852873186,2555.0
16225.517654861327,2555.0
16225.517654861327,2667.0
16576.794416969646,2667.0
16576.794416969646,2555.0
16876.794416969646,2555.0
16876.794416969646,2667.0
20476.794416969646,2667.0
20476.794416969646,2555.0
21976.794416969646,2555.0
21976.794416969646,2429.0
24085.928213107403,2429.0
24085.928213107403,2234.0
44689.64205833618,2234.0
44689.64205833618,2429.0
49926.11323718448,2429.0
49926.11323718448,2883.0
60081.47287652829,2883.0
60081.47287652829,2429.0
65713.39443493636,2429.0
65713.39443493636,2234.0
86400.000002,2234.0
# temp #4522
0.0,2234.0
56861.27082996537,2234.0
56861.27082996537,2429.0
57439.61251066067,2429.0
57439.61251066067,2555.0
62019.449227536104,2555.0
62019.449227536104,2429.0
73910.13249575628,2429.0
73910.13249575628,2555.0
80820.41714403314,2555.0
80820.41714403314,2429.0
84107.49292436523,2429.0
84107.49292436523,2883.0
86400.0,2883.0
# temp #4523
0.0,2234.0
39466.237130155794,2234.0
39466.237130155794,2429.0
39963.6640562676,2429.0
39963.6640562676,2555.0
40623.03684381769,2555.0
40623.03684381769,2429.0
66635.48032832333,2429.0
66635.48032832333,2555.0
76036.83063243517,2555.0
76036.83063243517,2667.0
86400.000002,2667.0
# temp #4524
0.0,2234.0
9593.62193006091,2234.0
9593.62193006091,2883.0
10252.888322132641,2883.0
10252.888322132641,2667.0
16478.79914750811,2667.0
16478.79914750811,2883.0
52670.04534497392,2883.0
52670.04534497392,2429.0
61714.42064393778,2429.0
61714.42064393778,2555.0
64524.746269849136,2555.0
64524.746269849136,2667.0
86400.000002,2667.0
# temp #4525
0.0,2234.0
1351.173262274824,2234.0
1351.173262274824,2667.0
40793.68800928351,2667.0
40793.68800928351,2555.0
41285.783453914344,2555.0
41285.783453914344,2429.0
71931.19595835452,2429.0
71931.19595835452,2555.0
75855.46898259783,2555.0
75855.46898259783,2429.0
86400.000002,2429.0
# temp #4526
0.0,2234.0
29913.208319060508,2234.0
29913.208319060508,2429.0
30513.208319060508,2429.0
30513.208319060508,2555.0
33019.22011803836,2555.0
33019.22011803836,2429.0
47694.61959747133,2429.0
47694.61959747133,2555.0
64644.76987018717,2555.0
64644.76987018717,2667.0
64990.661719185315,2667.0
64990.661719185315,2234.0
86400.0,2234.0
# temp #4527
0.0,2234.0
11684.807536960581,2234.0
11684.807536960581,2555.0
31330.527547071695,2555.0
31330.527547071695,2429.0
31829.707890353173,2429.0
31829.707890353173,2555.0
44802.19162283466,2555.0
44802.19162283466,2429.0
45762.226904276766,2429.0
45762.226904276766,2555.0
46587.502877879895,2555.0
46587.502877879895,2429.0
86400.0,2429.0
# temp #4528
0.0,2234.0
20704.48759433348,2234.0
20704.48759433348,2429.0
27604.48759433348,2429.0
27604.48759433348,2555.0
29404.48759433348,2555.0
29404.48759433348,2429.0
42304.48759433348,2429.0
42304.48759433348,2234.0
42604.48759433348,2234.0
42604.48759433348,2017.0
42904.48759433348,2017.0
42904.48759433348,2234.0
43204.48759433348,2234.0
43204.48759433348,2017.0
43846.57296265941,2017.0
43846.57296265941,2234.0
59329.94456214365,2234.0
59329.94456214365,2667.0
67153.83062954061,2667.0
67153.83062954061,2555.0
82810.15193886125,2555.0
82810.15193886125,2667.0
86400.0,2667.0
# temp #4529
0.0,2234.0
855.0751270959154,2234.0
855.0751270959154,2667.0
33433.70979668107,2667.0
33433.70979668107,2555.0
34793.18126568106,2555.0
34793.18126568106,2667.0
56964.79731069413,2667.0
56964.79731069413,2555.0
57264.79731069413,2555.0
57264.79731069413,2667.0
58082.0345979184,2667.0
58082.0345979184,2555.0
58682.0345979184,2555.0
58682.0345979184,2667.0
84244.51493360104,2667.0
84244.51493360104,2555.0
86400.0,2555.0
# temp #4530
0.0,2234.0
6157.675314671361,2234.0
6157.675314671361,2667.0
35426.312513742596,2667.0
35426.312513742596,2555.0
36264.0587149188,2555.0
36264.0587149188,2429.0
66704.14306086024,2429.0
66704.14306086024,2555.0
86400.000002,2555.0
# temp #4531
0.0,2234.0
60809.06293841545,2234.0
60809.06293841545,2555.0
63574.007960432216,2555.0
63574.007960432216,2429.0
86400.0,2429.0
# temp #4532
0.0,2234.0
6195.07061764598,2234.0
6195.07061764598,2017.0
9243.906488874929,2017.0
9243.906488874929,2234.0
45069.75804478862,2234.0
45069.75804478862,2017.0
86400.000002,2017.0
# temp #4533
0.0,2234.0
41244.61214644835,2234.0
41244.61214644835,2429.0
41564.83991104179,2429.0
41564.83991104179,2234.0
42223.97033746821,2234.0
42223.97033746821,2429.0
46485.65725784284,2429.0
46485.65725784284,2234.0
63140.02331101802,2234.0
63140.02331101802,2429.0
64116.64555768949,2429.0
64116.64555768949,2555.0
64850.42126092595,2555.0
64850.42126092595,2429.0
65150.42126092595,2429.0
65150.42126092595,2555.0
66650.42126092594,2555.0
66650.42126092594,2429.0
76850.42126092594,2429.0
76850.42126092594,2234.0
86400.0,2234.0
# temp #4534
0.0,2234.0
8773.221038701015,2234.0
8773.221038701015,2883.0
9222.663517598996,2883.0
9222.663517598996,2667.0
14856.56235306524,2667.0
14856.56235306524,2883.0
27394.701522449035,2883.0
27394.701522449035,2429.0
48518.44105599449,2429.0
48518.44105599449,2555.0
72466.72627916561,2555.0
72466.72627916561,2429.0
74631.67233250571,2429.0
74631.67233250571,2234.0
86400.000002,2234.0
# temp #4535
0.0,2234.0
17794.28115296178,2234.0
17794.28115296178,2883.0
18666.743455245163,2883.0
18666.743455245163,2667.0
29735.527336690582,2667.0
29735.527336690582,2883.0
46845.01330638305,2883.0
46845.01330638305,2429.0
86400.0,2429.0
# temp #4536
0.0,2234.0
30236.80541699287,2234.0
30236.80541699287,2429.0
30782.0359219797,2429.0
30782.0359219797,2234.0
31432.796646840874,2234.0
31432.796646840874,2429.0
34461.12962784246,2429.0
34461.12962784246,2234.0
46372.01948810835,2234.0
46372.01948810835,2429.0
46684.38379126602,2429.0
46684.38379126602,2234.0
60313.33972499707,2234.0
60313.33972499707,2429.0
86400.000002,2429.0
# temp #4537
0.0,2234.0
7251.575274858626,2234.0
7251.575274858626,2667.0
22564.013392827477,2667.0
22564.013392827477,2555.0
23419.78422997054,2555.0
23419.78422997054,2667.0
52541.523092589356,2667.0
52541.523092589356,2555.0
53141.523092589356,2555.0
53141.523092589356,2667.0
66578.81780548488,2667.0
66578.81780548488,2555.0
67980.11587767398,2555.0
67980.11587767398,2429.0
82066.41876641662,2429.0
82066.41876641662,2555.0
86400.000002,2555.0
# temp #4538
0.0,2234.0
63546.94529157133,2234.0
63546.94529157133,2555.0
85099.0097331349,2555.0
85099.0097331349,2429.0
85490.53697045894,2429.0
85490.53697045894,2555.0
86400.0,2555.0
# temp #4539
0.0,2234.0
62842.53088873811,2234.0
62842.53088873811,2555.0
78933.61963103525,2555.0
78933.61963103525,2234.0
84218.95401044749,2234.0
84218.95401044749,2667.0
86400.000002,2667.0
# temp #4540
0.0,2234.0
43455.59496448842,2234.0
43455.59496448842,2429.0
43755.59496448842,2429.0
43755.59496448842,2234.0
61492.32840396,2234.0
61492.32840396,2667.0
69448.35764102174,2667.0
69448.35764102174,2555.0
86400.0,2555.0
# temp #4541
0.0,2234.0
551.1975293280557,2234.0
551.1975293280557,2555.0
6444.759613112547,2555.0
6444.759613112547,2429.0
6748.957439116203,2429.0
6748.957439116203,2555.0
28879.767128149982,2555.0
28879.767128149982,2429.0
29260.273162624802,2429.0
29260.273162624802,2555.0
30365.212614345368,2555.0
30365.212614345368,2429.0
30665.212614345368,2429.0
30665.212614345368,2555.0
30965.212614345368,2555.0
30965.212614345368,2429.0
31565.212614345368,2429.0
31565.212614345368,2555.0
32256.35833356064,2555.0
32256.35833356064,2429.0
64920.99673370832,2429.0
64920.99673370832,2555.0
77374.88967007959,2555.0
77374.88967007959,2667.0
86400.0,2667.0
# temp #4542
0.0,2234.0
36998.88618662954,2234.0
36998.88618662954,2017.0
64571.66828862393,2017.0
64571.66828862393,2234.0
86400.0,2234.0
# temp #4543
0.0,2234.0
61013.465445349,2234.0
61013.465445349,2555.0
65389.5716710249,2555.0
65389.5716710249,2667.0
65817.03876201065,2667.0
65817.03876201065,2555.0
71817.03876201065,2555.0
71817.03876201065,2429.0
74217.03876201065,2429.0
74217.03876201065,2234.0
77817.03876201065,2234.0
77817.03876201065,2429.0
79017.03876201065,2429.0
79017.03876201065,2234.0
84717.03876201065,2234.0
84717.03876201065,2429.0
86400.000002,2429.0
# temp #4544
0.0,2234.0
63793.24722625316,2234.0
63793.24722625316,2555.0
66823.80019391423,2555.0
66823.80019391423,2667.0
67306.71621586663,2667.0
67306.71621586663,2555.0
67606.71621586663,2555.0
67606.71621586663,2667.0
71206.71621586663,2667.0
71206.71621586663,2555.0
72706.71621586663,2555.0
72706.71621586663,2429.0
84957.16873488856,2429.0
84957.16873488856,2234.0
85524.05940417667,2234.0
85524.05940417667,2555.0
86400.0,2555.0
# temp #4545
0.0,2234.0
5263.2650275714705,2234.0
5263.2650275714705,2667.0
26911.509058345113,2667.0
26911.509058345113,2555.0
27945.627386122946,2555.0
27945.627386122946,2667.0
50375.653197686195,2667.0
50375.653197686195,2555.0
50675.653197686195,2555.0
50675.653197686195,2667.0
51348.01373847295,2667.0
51348.01373847295,2555.0
51948.01373847295,2555.0
51948.01373847295,2667.0
86400.0,2667.0
# temp #4546
0.0,2234.0
10263.731655618178,2234.0
10263.731655618178,2883.0
10606.092482828537,2883.0
10606.092482828537,2667.0
13787.990437564442,2667.0
13787.990437564442,2883.0
19793.418391677555,2883.0
19793.418391677555,2429.0
24622.666409681555,2429.0
24622.666409681555,2555.0
39479.95885207784,2555.0
39479.95885207784,2667.0
86400.0,2667.0
# temp #4547
0.0,2234.0
19925.36308045965,2234.0
19925.36308045965,2555.0
35811.0663761152,2555.0
35811.0663761152,2429.0
54421.13392918838,2429.0
54421.13392918838,2234.0
63825.223932741224,2234.0
63825.223932741224,2429.0
65962.47888577638,2429.0
65962.47888577638,2234.0
74624.12416466979,2234.0
74624.12416466979,2429.0
86400.000002,2429.0
# temp #4548
0.0,2234.0
12423.454330768438,2234.0
12423.454330768438,2429.0
12883.27943373006,2429.0
12883.27943373006,2555.0
17639.319056156095,2555.0
17639.319056156095,2429.0
26386.570987896997,2429.0
26386.570987896997,2234.0
44037.536432803616,2234.0
44037.536432803616,2429.0
86400.0,2429.0
# temp #4549
0.0,2234.0
28181.889690645043,2234.0
28181.889690645043,2017.0
70061.40989195557,2017.0
70061.40989195557,2234.0
86400.000002,2234.0
# temp #4550
0.0,2234.0
6480.766131612473,2234.0
6480.766131612473,2667.0
23284.03346501291,2667.0
23284.03346501291,2555.0
24142.13204691187,2555.0
24142.13204691187,2667.0
37907.785760471605,2667.0
37907.785760471605,2555.0
38507.785760471605,2555.0
38507.785760471605,2667.0
56022.009105468176,2667.0
56022.009105468176,2555.0
60608.6382763926,2555.0
60608.6382763926,2429.0
86400.000002,2429.0
# temp #4551
0.0,2234.0
73196.47832612973,2234.0
73196.47832612973,2555.0
75443.19689346012,2555.0
75443.19689346012,2234.0
77112.5874195015,2234.0
77112.5874195015,2667.0
86400.0,2667.0
# temp #4552
0.0,2234.0
68829.17574229652,2234.0
68829.17574229652,2555.0
71669.7569686454,2555.0
71669.7569686454,2429.0
71973.63084575628,2429.0
71973.63084575628,2555.0
86400.0,2555.0
# temp #4553
0.0,2234.0
20523.382516577843,2234.0
20523.382516577843,2429.0
20901.84038789012,2429.0
20901.84038789012,2555.0
25856.11242600717,2555.0
25856.11242600717,2429.0
46895.515446038924,2429.0
46895.515446038924,2555.0
63202.15980377981,2555.0
63202.15980377981,2667.0
69529.04593530112,2667.0
69529.04593530112,2555.0
86400.000002,2555.0
# temp #4554
0.0,2234.0
3700.9135195752615,2234.0
3700.9135195752615,2667.0
43342.41982125678,2667.0
43342.41982125678,2555.0
44672.960953088485,2555.0
44672.960953088485,2667.0
51511.76161675249,2667.0
51511.76161675249,2555.0
51811.76161675249,2555.0
51811.76161675249,2667.0
52111.76161675249,2667.0
52111.76161675249,2555.0
55411.76161675249,2555.0
55411.76161675249,2667.0
80911.76161675248,2667.0
80911.76161675248,2883.0
86400.0,2883.0
# temp #4555
0.0,2234.0
6814.708510832862,2234.0
6814.708510832862,2883.0
7243.652526196093,2883.0
7243.652526196093,2667.0
19242.809520894665,2667.0
19242.809520894665,2883.0
19522.813059459444,2883.0
19522.813059459444,2429.0
52930.47905936839,2429.0
52930.47905936839,2555.0
57916.57230549028,2555.0
57916.57230549028,2429.0
68800.16731785146,2429.0
68800.16731785146,2555.0
77813.8236709172,2555.0
77813.8236709172,2429.0
86400.000002,2429.0
# temp #4556
0.0,2234.0
6838.593933871018,2234.0
6838.593933871018,2667.0
13041.502429358665,2667.0
13041.502429358665,2555.0
13491.904961597178,2555.0
13491.904961597178,2429.0
26746.884952811528,2429.0
26746.884952811528,2555.0
37425.82415775397,2555.0
37425.82415775397,2667.0
53094.36860620045,2667.0
53094.36860620045,2555.0
54726.07273547911,2555.0
54726.07273547911,2667.0
68044.26466519946,2667.0
68044.26466519946,2555.0
86400.0,2555.0
# temp #4557
0.0,2234.0
57306.53197614011,2234.0
57306.53197614011,2555.0
70631.74534274732,2555.0
70631.74534274732,2429.0
71020.37930698135,2429.0
71020.37930698135,2555.0
74800.73709273712,2555.0
74800.73709273712,2429.0
76291.72791307794,2429.0
76291.72791307794,2555.0
76882.76323042811,2555.0
76882.76323042811,2429.0
86400.000002,2429.0
# temp #4558
0.0,2234.0
58203.56771503576,2234.0
58203.56771503576,2555.0
60619.44567672909,2555.0
60619.44567672909,2667.0
70519.44567672908,2667.0
70519.44567672908,2555.0
74555.21704740824,2555.0
74555.21704740824,2429.0
86400.000002,2429.0
# temp #4559
0.0,2234.0
29683.24662081432,2234.0
29683.24662081432,2429.0
61783.246620814316,2429.0
61783.246620814316,2555.0
62083.246620814316,2555.0
62083.246620814316,2667.0
64420.377560472116,2667.0
64420.377560472116,2234.0
71167.63427825645,2234.0
71167.63427825645,2429.0
86400.0,2429.0
# temp #4560
0.0,2234.0
5034.039271809162,2234.0
5034.039271809162,2667.0
31119.06905458309,2667.0
31119.06905458309,2555.0
31425.794155010957,2555.0
31425.794155010957,2429.0
38133.03982056678,2429.0
38133.03982056678,2555.0
45293.29669587315,2555.0
45293.29669587315,2667.0
56803.85511007626,2667.0
56803.85511007626,2234.0
65576.41131703278,2234.0
65576.41131703278,2667.0
86400.0,2667.0
# temp #4561
0.0,2234.0
57286.7293359479,2234.0
57286.7293359479,2429.0
57667.138501815505,2429.0
57667.138501815505,2555.0
62297.83914629371,2555.0
62297.83914629371,2429.0
74599.2418121081,2429.0
74599.2418121081,2555.0
86400.0,2555.0
# temp #4562
0.0,2234.0
13739.64828795288,2234.0
13739.64828795288,2883.0
15294.3233757047,2883.0
15294.3233757047,2667.0
23526.644330564886,2667.0
23526.644330564886,2883.0
23889.52831369825,2883.0
23889.52831369825,2429.0
50732.37648317591,2429.0
50732.37648317591,2555.0
57345.00640193001,2555.0
57345.00640193001,2667.0
59152.05089310185,2667.0
59152.05089310185,2234.0
72934.12548601629,2234.0
72934.12548601629,2667.0
86400.0,2667.0
# temp #4563
0.0,2234.0
12331.708721537145,2234.0
12331.708721537145,2883.0
13516.79265839048,2883.0
13516.79265839048,2667.0
19772.077461099256,2667.0
19772.077461099256,2883.0
33083.66832048632,2883.0
33083.66832048632,2667.0
44933.69942188729,2667.0
44933.69942188729,2555.0
64389.38173998614,2555.0
64389.38173998614,2667.0
85673.28545891216,2667.0
85673.28545891216,2883.0
86400.0,2883.0
# temp #4564
0.0,2234.0
3266.2238737335433,2234.0
3266.2238737335433,2667.0
8918.66292706691,2667.0
8918.66292706691,2555.0
9671.35998294689,2555.0
9671.35998294689,2667.0
18538.738038972955,2667.0
18538.738038972955,2555.0
19138.738038972955,2555.0
19138.738038972955,2667.0
35114.99677242246,2667.0
35114.99677242246,2555.0
39182.13299678174,2555.0
39182.13299678174,2429.0
60500.3222709289,2429.0
60500.3222709289,2555.0
66143.83117847612,2555.0
66143.83117847612,2429.0
86400.0,2429.0
# temp #4565
0.0,2234.0
11535.103769693525,2234.0
11535.103769693525,2883.0
13043.39194300119,2883.0
13043.39194300119,2667.0
17580.76835316606,2667.0
17580.76835316606,2883.0
47372.7081189165,2883.0
47372.7081189165,2429.0
49408.38953044732,2429.0
49408.38953044732,2883.0
62420.82477291115,2883.0
62420.82477291115,2429.0
65675.95725576395,2429.0
65675.95725576395,2555.0
73023.06149541402,2555.0
73023.06149541402,2667.0
86400.0,2667.0
# temp #4566
0.0,2234.0
80111.06127609966,2234.0
80111.06127609966,2883.0
82511.06127609966,2883.0
82511.06127609966,2667.0
85672.52887508368,2667.0
85672.52887508368,2555.0
86400.000002,2555.0
# temp #4567
0.0,2234.0
56258.82674655878,2234.0
56258.82674655878,2555.0
74449.03554269114,2555.0
74449.03554269114,2429.0
86400.0,2429.0
# temp #4568
0.0,2234.0
21970.364498533312,2234.0
21970.364498533312,2429.0
22570.364498533312,2429.0
22570.364498533312,2555.0
26237.702699191872,2555.0
26237.702699191872,2429.0
49146.97536996101,2429.0
49146.97536996101,2234.0
52331.915583950475,2234.0
52331.915583950475,2667.0
71024.99765481336,2667.0
71024.99765481336,2555.0
82293.71737532785,2555.0
82293.71737532785,2429.0
86400.000002,2429.0
# temp #4569
0.0,2234.0
47199.41344221589,2234.0
47199.41344221589,2555.0
62932.078818907044,2555.0
62932.078818907044,2429.0
73937.93558918407,2429.0
73937.93558918407,2234.0
75660.06012184081,2234.0
75660.06012184081,2429.0
81485.51647486167,2429.0
81485.51647486167,2234.0
86400.000002,2234.0
# temp #4570
0.0,2234.0
69836.7059662007,2234.0
69836.7059662007,2555.0
85329.45299358109,2555.0
85329.45299358109,2429.0
86400.0,2429.0
# temp #4571
0.0,2234.0
62013.07251162362,2234.0
62013.07251162362,2555.0
86400.000002,2555.0
# temp #4572
0.0,2234.0
74908.29988815822,2234.0
74908.29988815822,2555.0
78786.54643669724,2555.0
78786.54643669724,2234.0
86400.0,2234.0
# temp #4573
0.0,2234.0
31509.544713073414,2234.0
31509.544713073414,2555.0
63161.72599846033,2555.0
63161.72599846033,2429.0
78162.34220915941,2429.0
78162.34220915941,2234.0
82754.24402724022,2234.0
82754.24402724022,2429.0
86400.000002,2429.0
# temp #4574
0.0,2234.0
7944.2132839467395,2234.0
7944.2132839467395,2667.0
43585.04315719475,2667.0
43585.04315719475,2555.0
44954.12869148423,2555.0
44954.12869148423,2429.0
53995.51467450802,2429.0
53995.51467450802,2555.0
61971.01511091461,2555.0
61971.01511091461,2667.0
73670.09884184228,2667.0
73670.09884184228,2555.0
86400.0,2555.0
# temp #4575
0.0,2234.0
84415.57255075315,2234.0
84415.57255075315,2555.0
86400.000002,2555.0
# temp #4576
0.0,2234.0
26088.373963907365,2234.0
26088.373963907365,2017.0
48432.30828400702,2017.0
48432.30828400702,2234.0
58071.41264732928,2234.0
58071.41264732928,2017.0
86400.000002,2017.0
# temp #4577
0.0,2234.0
664.6945363143459,2234.0
664.6945363143459,2667.0
38751.38139228803,2667.0
38751.38139228803,2555.0
40237.559371325195,2555.0
40237.559371325195,2667.0
60100.73340302335,2667.0
60100.73340302335,2555.0
60700.73340302335,2555.0
60700.73340302335,2667.0
79106.94187874907,2667.0
79106.94187874907,2555.0
79522.46830235237,2555.0
79522.46830235237,2429.0
86400.000002,2429.0
# temp #4578
0.0,2234.0
50629.44194572047,2234.0
50629.44194572047,2555.0
51795.047759637244,2555.0
51795.047759637244,2429.0
72807.57865835914,2429.0
72807.57865835914,2555.0
86400.0,2555.0
# temp #4579
0.0,2234.0
49562.881552590996,2234.0
49562.881552590996,2555.0
62043.515420914635,2555.0
62043.515420914635,2429.0
62549.26387562883,2429.0
62549.26387562883,2555.0
76908.95982391668,2555.0
76908.95982391668,2429.0
77528.79565407058,2429.0
77528.79565407058,2234.0
82734.461150039,2234.0
82734.461150039,2429.0
86400.0,2429.0
# temp #4580
0.0,2234.0
27933.86785425246,2234.0
27933.86785425246,2429.0
28533.86785425246,2429.0
28533.86785425246,2555.0
31066.899492591623,2555.0
31066.899492591623,2429.0
66941.86932225713,2429.0
66941.86932225713,2555.0
86400.0,2555.0
# temp #4581
0.0,2234.0
34031.758994911805,2234.0
34031.758994911805,2429.0
40931.758994911805,2429.0
40931.758994911805,2555.0
42731.758994911805,2555.0
42731.758994911805,2429.0
55631.758994911805,2429.0
55631.758994911805,2234.0
55931.758994911805,2234.0
55931.758994911805,2017.0
56231.758994911805,2017.0
56231.758994911805,2234.0
56531.758994911805,2234.0
56531.758994911805,2017.0
69205.37476802712,2017.0
69205.37476802712,2234.0
79705.12360625436,2234.0
79705.12360625436,2667.0
86400.0,2667.0
# temp #4582
0.0,2234.0
23046.398572088223,2234.0
23046.398572088223,2555.0
26350.803767633628,2555.0
26350.803767633628,2667.0
32650.803767633628,2667.0
32650.803767633628,2555.0
33850.803767633624,2555.0
33850.803767633624,2429.0
77050.80376763362,2429.0
77050.80376763362,2234.0
86400.0,2234.0
# temp #4583
0.0,2234.0
17388.759570498954,2234.0
17388.759570498954,2883.0
18745.547054708008,2883.0
18745.547054708008,2667.0
22077.497026626956,2667.0
22077.497026626956,2883.0
27494.4932658691,2883.0
27494.4932658691,2429.0
63502.29123656174,2429.0
63502.29123656174,2555.0
69684.11642687862,2555.0
69684.11642687862,2667.0
81917.09372161423,2667.0
81917.09372161423,2555.0
86400.0,2555.0
# temp #4584
0.0,2234.0
54445.58107063641,2234.0
54445.58107063641,2429.0
54745.58107063641,2429.0
54745.58107063641,2234.0
55957.964376756,2234.0
55957.964376756,2667.0
78232.61096791831,2667.0
78232.61096791831,2555.0
85521.82622314432,2555.0
85521.82622314432,2429.0
86400.000002,2429.0
# temp #4585
0.0,2234.0
57801.11178390217,2234.0
57801.11178390217,2429.0
58295.307331974625,2429.0
58295.307331974625,2555.0
59660.82358367276,2555.0
59660.82358367276,2429.0
85888.50838104264,2429.0
85888.50838104264,2555.0
86400.000002,2555.0
# temp #4586
0.0,2234.0
6238.283686665819,2234.0
6238.283686665819,2667.0
31721.405708533715,2667.0
31721.405708533715,2555.0
32146.413351804953,2555.0
32146.413351804953,2667.0
35973.70939787944,2667.0
35973.70939787944,2555.0
36573.70939787944,2555.0
36573.70939787944,2667.0
57086.330501572236,2667.0
57086.330501572236,2555.0
58702.676988230094,2555.0
58702.676988230094,2429.0
60292.54270743114,2429.0
60292.54270743114,2234.0
86400.0,2234.0
# temp #4587
0.0,2234.0
13951.868278300391,2234.0
13951.868278300391,2017.0
21019.714693352584,2017.0
21019.714693352584,2234.0
35861.67385177687,2234.0
35861.67385177687,2017.0
68834.82612390071,2017.0
68834.82612390071,2234.0
71917.25089224055,2234.0
71917.25089224055,2017.0
86400.000002,2017.0
# temp #4588
0.0,2234.0
8536.356786475519,2234.0
8536.356786475519,2555.0
8949.197866651231,2555.0
8949.197866651231,2429.0
43853.666443261325,2429.0
43853.666443261325,2234.0
52329.38525103965,2234.0
52329.38525103965,2429.0
70533.71218568647,2429.0
70533.71218568647,2234.0
77199.48352114299,2234.0
77199.48352114299,2667.0
86400.000002,2667.0
# temp #4589
0.0,2234.0
10500.050208298491,2234.0
10500.050208298491,2555.0
15979.743419867013,2555.0
15979.743419867013,2429.0
43736.69549999759,2429.0
43736.69549999759,2234.0
51979.886453901425,2234.0
51979.886453901425,2429.0
64302.973637916155,2429.0
64302.973637916155,2234.0
77657.16613456608,2234.0
77657.16613456608,2667.0
86400.0,2667.0
# temp #4590
0.0,2234.0
2049.329890916124,2234.0
2049.329890916124,2017.0
31550.935957347978,2017.0
31550.935957347978,2234.0
39139.98443498277,2234.0
39139.98443498277,2017.0
58398.52682710626,2017.0
58398.52682710626,2234.0
86227.08501010203,2234.0
86227.08501010203,2017.0
86400.0,2017.0
# temp #4591
0.0,2234.0
82372.3985378165,2234.0
82372.3985378165,2555.0
86400.000002,2555.0
# temp #4592
0.0,2234.0
22668.898353888657,2234.0
22668.898353888657,2555.0
24958.616086165424,2555.0
24958.616086165424,2667.0
25279.869641689587,2667.0
25279.869641689587,2555.0
31279.869641689587,2555.0
31279.869641689587,2429.0
33679.869641689584,2429.0
33679.869641689584,2234.0
37279.869641689584,2234.0
37279.869641689584,2429.0
38479.869641689584,2429.0
38479.869641689584,2234.0
44179.869641689584,2234.0
44179.869641689584,2429.0
75046.4674945688,2429.0
75046.4674945688,2555.0
81605.87904641872,2555.0
81605.87904641872,2429.0
86400.0,2429.0
# temp #4593
0.0,2234.0
8106.6630742047,2234.0
8106.6630742047,2667.0
19116.50236558635,2667.0
19116.50236558635,2555.0
20477.16990450863,2555.0
20477.16990450863,2667.0
25328.28190152068,2667.0
25328.28190152068,2555.0
25928.28190152068,2555.0
25928.28190152068,2667.0
44953.15326915589,2667.0
44953.15326915589,2555.0
47823.37921278086,2555.0
47823.37921278086,2429.0
80412.34468845652,2429.0
80412.34468845652,2555.0
86400.000002,2555.0
# temp #4594
0.0,2234.0
30445.4045095481,2234.0
30445.4045095481,2429.0
31045.4045095481,2429.0
31045.4045095481,2555.0
33333.96921576933,2555.0
33333.96921576933,2429.0
65546.77802938968,2429.0
65546.77802938968,2883.0
78800.07159998642,2883.0
78800.07159998642,2667.0
86400.000002,2667.0
# temp #4595
0.0,2234.0
77410.4259371292,2234.0
77410.4259371292,2555.0
81770.08527140135,2555.0
81770.08527140135,2667.0
82133.05358304644,2667.0
82133.05358304644,2555.0
82433.05358304644,2555.0
82433.05358304644,2667.0
86400.000002,2667.0
# temp #4596
0.0,2234.0
6331.697430135683,2234.0
6331.697430135683,2667.0
42760.321262246005,2667.0
42760.321262246005,2555.0
43294.459020299844,2555.0
43294.459020299844,2667.0
58368.63724091092,2667.0
58368.63724091092,2555.0
58968.63724091092,2555.0
58968.63724091092,2667.0
73232.02727688478,2667.0
73232.02727688478,2555.0
78162.83661229537,2555.0
78162.83661229537,2429.0
83859.39343879001,2429.0
83859.39343879001,2883.0
84779.18629394846,2883.0
84779.18629394846,2667.0
86400.000002,2667.0
# temp #4597
0.0,2234.0
729.308620817028,2234.0
729.308620817028,2667.0
30975.222937809307,2667.0
30975.222937809307,2555.0
31525.34359158017,2555.0
31525.34359158017,2429.0
35078.50713548251,2429.0
35078.50713548251,2555.0
45407.72997806781,2555.0
45407.72997806781,2667.0
76008.66730862764,2667.0
76008.66730862764,2555.0
80077.11275881158,2555.0
80077.11275881158,2429.0
86400.0,2429.0
# temp #4598
0.0,2234.0
49934.383313404396,2234.0
49934.383313404396,2883.0
52334.383313404396,2883.0
52334.383313404396,2667.0
52949.406118062325,2667.0
52949.406118062325,2555.0
72954.68885481823,2555.0
72954.68885481823,2667.0
86400.000002,2667.0
# temp #4599
0.0,2234.0
27001.273299730386,2234.0
27001.273299730386,2555.0
29135.629108292054,2555.0
29135.629108292054,2667.0
29565.571399801414,2667.0
29565.571399801414,2555.0
29865.571399801414,2555.0
29865.571399801414,2667.0
33465.57139980141,2667.0
33465.57139980141,2555.0
34965.57139980141,2555.0
34965.57139980141,2429.0
35725.42118418496,2429.0
35725.42118418496,2234.0
59283.99562407286,2234.0
59283.99562407286,2429.0
65463.08656486218,2429.0
65463.08656486218,2234.0
75664.10611176399,2234.0
75664.10611176399,2429.0
76858.33774111235,2429.0
76858.33774111235,2555.0
77570.87402420586,2555.0
77570.87402420586,2429.0
86400.000002,2429.0
# temp #4600
0.0,2234.0
3245.368140237406,2234.0
3245.368140237406,2883.0
3953.200141224079,2883.0
3953.200141224079,2667.0
13814.032015716659,2667.0
13814.032015716659,2883.0
39223.155584209606,2883.0
39223.155584209606,2429.0
42637.30931924657,2429.0
42637.30931924657,2555.0
63106.36514062063,2555.0
63106.36514062063,2667.0
73958.85085186457,2667.0
73958.85085186457,2234.0
86400.000002,2234.0
# temp #4601
0.0,2234.0
21185.74625300244,2234.0
21185.74625300244,2017.0
42932.84099916928,2017.0
42932.84099916928,2234.0
71838.23631810957,2234.0
71838.23631810957,2017.0
86400.0,2017.0
# temp #4602
0.0,2234.0
29135.85766833276,2234.0
29135.85766833276,2555.0
34825.60503557325,2555.0
34825.60503557325,2429.0
35178.53579779622,2429.0
35178.53579779622,2555.0
51255.67679463421,2555.0
51255.67679463421,2429.0
51870.40303966497,2429.0
51870.40303966497,2555.0
52297.82675227617,2555.0
52297.82675227617,2429.0
52597.82675227617,2429.0
52597.82675227617,2555.0
54097.82675227617,2555.0
54097.82675227617,2429.0
64297.82675227617,2429.0
64297.82675227617,2234.0
86400.000002,2234.0
# temp #4603
0.0,2234.0
25319.021600112323,2234.0
25319.021600112323,2017.0
77014.75291466342,2017.0
77014.75291466342,2234.0
86400.000002,2234.0
# temp #4604
0.0,2234.0
41441.0680314526,2234.0
41441.0680314526,2429.0
42041.0680314526,2429.0
42041.0680314526,2555.0
45742.242432944484,2555.0
45742.242432944484,2429.0
69753.82550591604,2429.0
69753.82550591604,2555.0
86400.0,2555.0
# temp #4605
0.0,2234.0
47606.317887408666,2234.0
47606.317887408666,2555.0
51602.385156601675,2555.0
51602.385156601675,2429.0
86400.000002,2429.0
# temp #4606
0.0,2234.0
2305.392958992161,2234.0
2305.392958992161,2883.0
2637.597340880893,2883.0
2637.597340880893,2667.0
14090.759507124314,2667.0
14090.759507124314,2883.0
34189.94418263902,2883.0
34189.94418263902,2667.0
50509.31137518492,2667.0
50509.31137518492,2234.0
66136.0402571736,2234.0
66136.0402571736,2667.0
86400.000002,2667.0
# temp #4607
0.0,2234.0
13295.69703913294,2234.0
13295.69703913294,2017.0
55477.22191675567,2017.0
55477.22191675567,2234.0
83640.40001076648,2234.0
83640.40001076648,2017.0
86400.0,2017.0
# temp #4608
0.0,2234.0
2089.2035738099366,2234.0
2089.2035738099366,2667.0
16920.362997497432,2667.0
16920.362997497432,2555.0
17641.054473049007,2555.0
17641.054473049007,2429.0
29427.735279849734,2429.0
29427.735279849734,2883.0
58993.87769135648,2883.0
58993.87769135648,2429.0
86400.000002,2429.0
# temp #4609
0.0,2234.0
37094.80156281498,2234.0
37094.80156281498,2555.0
65981.58587648069,2555.0
65981.58587648069,2429.0
66342.97191943043,2429.0
66342.97191943043,2555.0
84322.77308120394,2555.0
84322.77308120394,2429.0
85792.19175498003,2429.0
85792.19175498003,2555.0
86400.0,2555.0
# temp #4610
0.0,2234.0
79461.4160024794,2234.0
79461.4160024794,2555.0
86400.000002,2555.0
# temp #4611
0.0,2234.0
17540.56024407037,2234.0
17540.56024407037,2429.0
17973.236862849448,2429.0
17973.236862849448,2555.0
19647.073809709404,2555.0
19647.073809709404,2429.0
40547.92043252383,2429.0
40547.92043252383,2234.0
57620.39241150489,2234.0
57620.39241150489,2667.0
58379.14169013967,2667.0
58379.14169013967,2555.0
64415.540964016705,2555.0
64415.540964016705,2429.0
86400.000002,2429.0
# temp #4612
0.0,2234.0
1552.4386129109191,2234.0
1552.4386129109191,2429.0
1852.4386129109191,2429.0
1852.4386129109191,2234.0
3194.898731145077,2234.0
3194.898731145077,2429.0
28250.821427721534,2429.0
28250.821427721534,2555.0
47729.07046526671,2555.0
47729.07046526671,2429.0
73101.48690494245,2429.0
73101.48690494245,2555.0
82613.08965843638,2555.0
82613.08965843638,2429.0
86400.0,2429.0
# temp #4613
0.0,2234.0
18447.761612478647,2234.0
18447.761612478647,2017.0
59001.6922615003,2017.0
59001.6922615003,2234.0
84783.26993607917,2234.0
84783.26993607917,2017.0
86400.000002,2017.0
# temp #4614
0.0,2234.0
25813.554384279996,2234.0
25813.554384279996,2555.0
32273.92755132169,2555.0
32273.92755132169,2667.0
54242.25432118402,2667.0
54242.25432118402,2555.0
61174.25822820515,2555.0
61174.25822820515,2667.0
75036.56419767068,2667.0
75036.56419767068,2883.0
86400.0,2883.0
# temp #4615
0.0,2234.0
5442.742710420863,2234.0
5442.742710420863,2883.0
5842.359318304808,2883.0
5842.359318304808,2667.0
8759.546096529812,2667.0
8759.546096529812,2883.0
20698.862172220837,2883.0
20698.862172220837,2429.0
23127.87948616315,2429.0
23127.87948616315,2555.0
32400.400978862315,2555.0
32400.400978862315,2429.0
59905.344076361514,2429.0
59905.344076361514,2555.0
82206.4471491147,2555.0
82206.4471491147,2429.0
86400.000002,2429.0
# temp #4616
0.0,2234.0
8475.094871828334,2234.0
8475.094871828334,2555.0
38213.06794923731,2555.0
38213.06794923731,2429.0
38780.15659418889,2429.0
38780.15659418889,2555.0
47137.907662591904,2555.0
47137.907662591904,2429.0
47876.29558118061,2429.0
47876.29558118061,2234.0
50657.796865794815,2234.0
50657.796865794815,2667.0
60774.21528550331,2667.0
60774.21528550331,2555.0
61053.20424190723,2555.0
61053.20424190723,2429.0
86400.0,2429.0
# temp #4617
0.0,2234.0
55790.712775709115,2234.0
55790.712775709115,2429.0
56090.712775709115,2429.0
56090.712775709115,2234.0
63550.24270021823,2234.0
63550.24270021823,2555.0
64750.24270021823,2555.0
64750.24270021823,2883.0
68822.0582888229,2883.0
68822.0582888229,2667.0
86400.000002,2667.0
# temp #4618
0.0,2234.0
20657.383589702662,2234.0
20657.383589702662,2429.0
21144.548976863738,2429.0
21144.548976863738,2555.0
23487.281283061024,2555.0
23487.281283061024,2429.0
57327.8114473913,2429.0
57327.8114473913,2555.0
65785.75390814805,2555.0
65785.75390814805,2667.0
86400.000002,2667.0
# temp #4619
0.0,2234.0
4562.624449096621,2234.0
4562.624449096621,2555.0
8684.60637317039,2555.0
8684.60637317039,2667.0
9229.548678989524,2667.0
9229.548678989524,2555.0
9529.548678989524,2555.0
9529.548678989524,2667.0
36229.54867898952,2667.0
36229.54867898952,2555.0
52129.54867898952,2555.0
52129.54867898952,2234.0
55729.54867898952,2234.0
55729.54867898952,2429.0
65629.54867898952,2429.0
65629.54867898952,2555.0
66229.54867898952,2555.0
66229.54867898952,2667.0
78529.54867898952,2667.0
78529.54867898952,2883.0
86400.000002,2883.0
# temp #4620
0.0,2234.0
1834.789249068126,2234.0
1834.789249068126,2883.0
3055.7034170720726,2883.0
3055.7034170720726,2667.0
6345.49006735906,2667.0
6345.49006735906,2883.0
17314.852361823432,2883.0
17314.852361823432,2429.0
39853.335549216725,2429.0
39853.335549216725,2555.0
50512.6992895268,2555.0
50512.6992895268,2429.0
60001.51617585217,2429.0
60001.51617585217,2555.0
75829.62475188544,2555.0
75829.62475188544,2667.0
86400.000002,2667.0
# temp #4621
0.0,2234.0
5774.737398605795,2234.0
5774.737398605795,2555.0
31950.072857039053,2555.0
31950.072857039053,2429.0
32536.484591919,2429.0
32536.484591919,2555.0
39614.322147751234,2555.0
39614.322147751234,2429.0
40283.6281569209,2429.0
40283.6281569209,2555.0
41388.8509748038,2555.0
41388.8509748038,2429.0
41688.8509748038,2429.0
41688.8509748038,2555.0
41988.8509748038,2555.0
41988.8509748038,2429.0
42588.8509748038,2429.0
42588.8509748038,2555.0
44167.363233631484,2555.0
44167.363233631484,2429.0
55999.84510189389,2429.0
55999.84510189389,2555.0
79564.25001695754,2555.0
79564.25001695754,2429.0
86400.0,2429.0
# temp #4622
0.0,2234.0
2760.5167079949756,2234.0
2760.5167079949756,2667.0
32536.045420914892,2667.0
32536.045420914892,2555.0
33541.029710322626,2555.0
33541.029710322626,2667.0
58880.6408610195,2667.0
58880.6408610195,2555.0
59180.6408610195,2555.0
59180.6408610195,2667.0
60062.84695914947,2667.0
60062.84695914947,2555.0
60662.84695914947,2555.0
60662.84695914947,2667.0
63218.134738295346,2667.0
63218.134738295346,2234.0
86400.0,2234.0
# temp #4623
0.0,2234.0
1088.4776804829016,2234.0
1088.4776804829016,2555.0
35519.15242800024,2555.0
35519.15242800024,2429.0
77583.33254435567,2429.0
77583.33254435567,2234.0
78183.33254435567,2234.0
78183.33254435567,2429.0
80583.33254435567,2429.0
80583.33254435567,2555.0
86400.000002,2555.0
# temp #4624
0.0,2234.0
7075.404589273969,2234.0
7075.404589273969,2667.0
29189.178274828017,2667.0
29189.178274828017,2555.0
30194.238389725804,2555.0
30194.238389725804,2667.0
57380.032177199624,2667.0
57380.032177199624,2555.0
57680.032177199624,2555.0
57680.032177199624,2667.0
58321.52922567913,2667.0
58321.52922567913,2555.0
58921.52922567913,2555.0
58921.52922567913,2667.0
62473.61037537923,2667.0
62473.61037537923,2555.0
66544.89702580032,2555.0
66544.89702580032,2429.0
71230.22527405994,2429.0
71230.22527405994,2555.0
86400.0,2555.0
# temp #4625
0.0,2234.0
21757.885623117912,2234.0
21757.885623117912,2429.0
22135.577485710386,2429.0
22135.577485710386,2234.0
22919.979338021953,2234.0
22919.979338021953,2429.0
27993.843929143626,2429.0
27993.843929143626,2234.0
47091.58078939655,2234.0
47091.58078939655,2429.0
48344.98628270813,2429.0
48344.98628270813,2555.0
49588.65707865917,2555.0
49588.65707865917,2429.0
49888.65707865917,2429.0
49888.65707865917,2555.0
50188.65707865917,2555.0
50188.65707865917,2429.0
50788.65707865917,2429.0
50788.65707865917,2555.0
55532.440718030564,2555.0
55532.440718030564,2429.0
77031.85372177979,2429.0
77031.85372177979,2234.0
77424.1089512827,2234.0
77424.1089512827,2555.0
79263.62246547361,2555.0
79263.62246547361,2429.0
86400.000002,2429.0
# temp #4626
0.0,2234.0
6032.890049298295,2234.0
6032.890049298295,2667.0
24215.558896539736,2667.0
24215.558896539736,2555.0
25620.74985452928,2555.0
25620.74985452928,2429.0
29137.096409476366,2429.0
29137.096409476366,2555.0
34539.9688320933,2555.0
34539.9688320933,2667.0
65845.57714916301,2667.0
65845.57714916301,2555.0
71747.8721809108,2555.0
71747.8721809108,2429.0
86400.0,2429.0
# temp #4627
0.0,2234.0
68951.16759343074,2234.0
68951.16759343074,2555.0
73525.04371516408,2555.0
73525.04371516408,2667.0
73831.88787507826,2667.0
73831.88787507826,2555.0
79831.88787507826,2555.0
79831.88787507826,2429.0
82231.88787507826,2429.0
82231.88787507826,2234.0
85831.88787507826,2234.0
85831.88787507826,2429.0
86400.000002,2429.0
# temp #4628
0.0,2234.0
4140.913615655154,2234.0
4140.913615655154,2883.0
4963.359279697761,2883.0
4963.359279697761,2667.0
7760.438581905328,2667.0
7760.438581905328,2883.0
23814.46219424252,2883.0
23814.46219424252,2429.0
56818.061843491174,2429.0
56818.061843491174,2555.0
68035.1050990401,2555.0
68035.1050990401,2429.0
69650.48820718659,2429.0
69650.48820718659,2555.0
86400.000002,2555.0
# temp #4629
0.0,2234.0
19408.84876067285,2234.0
19408.84876067285,2429.0
19929.703155532483,2429.0
19929.703155532483,2555.0
21979.168303683404,2555.0
21979.168303683404,2429.0
57645.028545451365,2429.0
57645.028545451365,2555.0
77746.43894678449,2555.0
77746.43894678449,2667.0
86400.000002,2667.0
# temp #4630
0.0,2234.0
5896.923724701629,2234.0
5896.923724701629,2667.0
21685.529599827718,2667.0
21685.529599827718,2555.0
22402.566694957208,2555.0
22402.566694957208,2667.0
42136.365385609686,2667.0
42136.365385609686,2555.0
45136.365385609686,2555.0
45136.365385609686,2667.0
71236.36538560968,2667.0
71236.36538560968,2883.0
86400.0,2883.0
# temp #4631
0.0,2234.0
10677.477423171515,2234.0
10677.477423171515,2883.0
12116.594754997643,2883.0
12116.594754997643,2667.0
21914.192996663045,2667.0
21914.192996663045,2883.0
22784.397261030976,2883.0
22784.397261030976,2429.0
36444.061679206796,2429.0
36444.061679206796,2555.0
46076.03716431186,2555.0
46076.03716431186,2667.0
81532.74234621787,2667.0
81532.74234621787,2555.0
86400.000002,2555.0
# temp #4632
0.0,2234.0
2557.8391801798716,2234.0
2557.8391801798716,2883.0
3339.9830042850226,2883.0
3339.9830042850226,2667.0
14346.1786178872,2667.0
14346.1786178872,2883.0
25043.792894482616,2883.0
25043.792894482616,2667.0
36986.51986643673,2667.0
36986.51986643673,2234.0
37430.907216668136,2234.0
37430.907216668136,2667.0
53934.57893205342,2667.0
53934.57893205342,2555.0
60748.16885262263,2555.0
60748.16885262263,2667.0
65984.38360698057,2667.0
65984.38360698057,2555.0
86400.000002,2555.0
# temp #4633
0.0,2234.0
74435.66746772268,2234.0
74435.66746772268,2883.0
76835.66746772268,2883.0
76835.66746772268,2667.0
86400.0,2667.0
# temp #4634
0.0,2234.0
7362.566617992708,2234.0
7362.566617992708,2667.0
38269.20528954361,2667.0
38269.20528954361,2555.0
38904.553966247484,2555.0
38904.553966247484,2667.0
72103.0085420469,2667.0
72103.0085420469,2555.0
72403.0085420469,2555.0
72403.0085420469,2667.0
72703.0085420469,2667.0
72703.0085420469,2555.0
76003.0085420469,2555.0
76003.0085420469,2667.0
86400.0,2667.0
# temp #4635
0.0,2234.0
6464.50847235974,2234.0
6464.50847235974,2667.0
40937.915608054034,2667.0
40937.915608054034,2555.0
41700.982453068726,2555.0
41700.982453068726,2429.0
64639.64799698444,2429.0
64639.64799698444,2555.0
86400.0,2555.0
# temp #4636
0.0,2234.0
77950.920333853,2234.0
77950.920333853,2555.0
86400.0,2555.0
# temp #4637
0.0,2234.0
13246.169597748667,2234.0
13246.169597748667,2429.0
13841.542654833756,2429.0
13841.542654833756,2234.0
14677.523972536437,2234.0
14677.523972536437,2429.0
15135.414312570356,2429.0
15135.414312570356,2234.0
33809.44389612414,2234.0
33809.44389612414,2429.0
34186.10910172574,2429.0
34186.10910172574,2555.0
35645.542363123976,2555.0
35645.542363123976,2429.0
35945.542363123976,2429.0
35945.542363123976,2555.0
37445.542363123976,2555.0
37445.542363123976,2429.0
47645.54236312397,2429.0
47645.54236312397,2234.0
86400.000002,2234.0
# temp #4638
0.0,2234.0
22992.905692476783,2234.0
22992.905692476783,2017.0
54431.7013565451,2017.0
54431.7013565451,2234.0
76281.82513089852,2234.0
76281.82513089852,2017.0
86400.0,2017.0
# temp #4639
0.0,2234.0
7649.874767242,2234.0
7649.874767242,2883.0
8035.720493551345,2883.0
8035.720493551345,2667.0
18618.440088909123,2667.0
18618.440088909123,2883.0
21834.30591677316,2883.0
21834.30591677316,2429.0
24537.798598897647,2429.0
24537.798598897647,2555.0
51307.968694833115,2555.0
51307.968694833115,2429.0
64257.32552160044,2429.0
64257.32552160044,2234.0
69146.10842030963,2234.0
69146.10842030963,2667.0
76743.0904320907,2667.0
76743.0904320907,2555.0
77143.21067067796,2555.0
77143.21067067796,2667.0
86400.000002,2667.0
# temp #4640
0.0,2234.0
24318.797029391866,2234.0
24318.797029391866,2555.0
28368.18955445197,2555.0
28368.18955445197,2429.0
28842.18967321795,2429.0
28842.18967321795,2555.0
35003.21686354001,2555.0
35003.21686354001,2429.0
35991.500199842274,2429.0
35991.500199842274,2234.0
51540.229061013095,2234.0
51540.229061013095,2429.0
65091.78236690351,2429.0
65091.78236690351,2555.0
69126.88162699343,2555.0
69126.88162699343,2429.0
86400.000002,2429.0
# temp #4641
0.0,2234.0
7285.343972453848,2234.0
7285.343972453848,2883.0
8464.38200273551,2883.0
8464.38200273551,2667.0
11175.057921884581,2667.0
11175.057921884581,2883.0
19444.733423972506,2883.0
19444.733423972506,2667.0
32570.826183655303,2667.0
32570.826183655303,2555.0
65490.56930132212,2555.0
65490.56930132212,2429.0
86400.0,2429.0
# temp #4642
0.0,2234.0
1185.2882568491623,2234.0
1185.2882568491623,2555.0
8917.27992736269,2555.0
8917.27992736269,2429.0
27963.8075842755,2429.0
27963.8075842755,2234.0
37269.948494969874,2234.0
37269.948494969874,2429.0
43641.25919421204,2429.0
43641.25919421204,2234.0
72217.81884937083,2234.0
72217.81884937083,2429.0
86400.0,2429.0
# temp #4643
0.0,2234.0
37389.12326360588,2234.0
37389.12326360588,2555.0
50140.97935336177,2555.0
50140.97935336177,2429.0
50586.385131301366,2429.0
50586.385131301366,2555.0
71983.96068073345,2555.0
71983.96068073345,2429.0
72740.9651254071,2429.0
72740.9651254071,2234.0
86400.000002,2234.0
# temp #4644
0.0,2234.0
30343.5188616626,2234.0
30343.5188616626,2429.0
30643.5188616626,2429.0
30643.5188616626,2234.0
31034.65766469017,2234.0
31034.65766469017,2667.0
45980.24763569702,2667.0
45980.24763569702,2555.0
55049.972496950075,2555.0
55049.972496950075,2667.0
60670.49154730049,2667.0
60670.49154730049,2234.0
65900.16484621448,2234.0
65900.16484621448,2667.0
86400.000002,2667.0
# temp #4645
0.0,2234.0
2882.2980579687282,2234.0
2882.2980579687282,2883.0
3705.785234598443,2883.0
3705.785234598443,2667.0
13127.407494792715,2667.0
13127.407494792715,2883.0
22707.359037199058,2883.0
22707.359037199058,2429.0
50717.89684295655,2429.0
50717.89684295655,2234.0
52825.70270891302,2234.0
52825.70270891302,2429.0
74032.55894347095,2429.0
74032.55894347095,2555.0
86400.000002,2555.0
# temp #4646
0.0,2234.0
48878.27385321726,2234.0
48878.27385321726,2555.0
49666.29378588405,2555.0
49666.29378588405,2667.0
50143.761542346336,2667.0
50143.761542346336,2555.0
50443.761542346336,2555.0
50443.761542346336,2667.0
77143.76154234633,2667.0
77143.76154234633,2555.0
86400.0,2555.0
# temp #4647
0.0,2234.0
61074.467401835136,2234.0
61074.467401835136,2555.0
68269.9254193576,2555.0
68269.9254193576,2234.0
69827.58605091367,2234.0
69827.58605091367,2429.0
78134.69148902223,2429.0
78134.69148902223,2555.0
86400.0,2555.0
# temp #4648
0.0,2234.0
11202.13880252559,2234.0
11202.13880252559,2555.0
14496.466164453888,2555.0
14496.466164453888,2429.0
14979.890858824367,2429.0
14979.890858824367,2555.0
39051.2001462048,2555.0
39051.2001462048,2429.0
40225.148439011544,2429.0
40225.148439011544,2555.0
40896.41840744299,2555.0
40896.41840744299,2429.0
41196.41840744299,2429.0
41196.41840744299,2555.0
41496.41840744299,2555.0
41496.41840744299,2429.0
42096.41840744299,2429.0
42096.41840744299,2555.0
47171.494588139474,2555.0
47171.494588139474,2429.0
86400.000002,2429.0
# temp #4649
0.0,2234.0
19439.50894097798,2234.0
19439.50894097798,2555.0
57404.88944915125,2555.0
57404.88944915125,2429.0
86400.0,2429.0
# temp #4650
0.0,2234.0
58830.68874191959,2234.0
58830.68874191959,2555.0
86400.0,2555.0
# temp #4651
0.0,2234.0
7569.490595581012,2234.0
7569.490595581012,2667.0
46383.44674212859,2667.0
46383.44674212859,2555.0
47062.03403770924,2555.0
47062.03403770924,2667.0
76322.22334016116,2667.0
76322.22334016116,2555.0
76622.22334016116,2555.0
76622.22334016116,2667.0
76922.22334016116,2667.0
76922.22334016116,2555.0
80222.22334016116,2555.0
80222.22334016116,2667.0
86400.0,2667.0
# temp #4652
0.0,2234.0
61234.97455290054,2234.0
61234.97455290054,2555.0
61869.10159627442,2555.0
61869.10159627442,2667.0
71769.10159627441,2667.0
71769.10159627441,2555.0
75091.85130188709,2555.0
75091.85130188709,2429.0
86400.000002,2429.0
# temp #4653
0.0,2234.0
1771.6784874675798,2234.0
1771.6784874675798,2667.0
28069.756228406917,2667.0
28069.756228406917,2555.0
29242.514709779065,2555.0
29242.514709779065,2667.0
51472.61997826864,2667.0
51472.61997826864,2555.0
51772.61997826864,2555.0
51772.61997826864,2667.0
52457.76439660695,2667.0
52457.76439660695,2555.0
53057.76439660695,2555.0
53057.76439660695,2667.0
84211.46545540543,2667.0
84211.46545540543,2555.0
86400.000002,2555.0
# temp #4654
0.0,2234.0
66767.21220253967,2234.0
66767.21220253967,2883.0
69167.21220253967,2883.0
69167.21220253967,2667.0
75506.19461000897,2667.0
75506.19461000897,2883.0
78999.34854987077,2883.0
78999.34854987077,2667.0
86400.000002,2667.0
# temp #4655
0.0,2234.0
23733.237308543175,2234.0
23733.237308543175,2555.0
32863.152569253,2555.0
32863.152569253,2667.0
40146.501757227816,2667.0
40146.501757227816,2555.0
68823.590704822,2555.0
68823.590704822,2429.0
86400.000002,2429.0
# temp #4656
0.0,2234.0
46369.85772263725,2234.0
46369.85772263725,2429.0
46960.0538779283,2429.0
46960.0538779283,2555.0
52059.208043315455,2555.0
52059.208043315455,2429.0
74605.17476876268,2429.0
74605.17476876268,2234.0
75776.06485239232,2234.0
75776.06485239232,2667.0
79098.32169008443,2667.0
79098.32169008443,2555.0
86400.0,2555.0
# temp #4657
0.0,2234.0
48258.14162220341,2234.0
48258.14162220341,2555.0
72496.82201792022,2555.0
72496.82201792022,2429.0
86400.000002,2429.0
# temp #4658
0.0,2234.0
29145.085607562218,2234.0
29145.085607562218,2555.0
65897.70379182884,2555.0
65897.70379182884,2429.0
68787.35832315871,2429.0
68787.35832315871,2234.0
69087.35832315871,2234.0
69087.35832315871,2017.0
86400.0,2017.0
# temp #4659
0.0,2234.0
45210.437994659886,2234.0
45210.437994659886,2429.0
77310.43799465988,2429.0
77310.43799465988,2555.0
77610.43799465988,2555.0
77610.43799465988,2667.0
86400.000002,2667.0
# temp #4660
0.0,2234.0
71262.889313302,2234.0
71262.889313302,2883.0
73662.889313302,2883.0
73662.889313302,2667.0
86400.000002,2667.0
# temp #4661
0.0,2234.0
30044.39293239266,2234.0
30044.39293239266,2017.0
50703.63941174001,2017.0
50703.63941174001,2234.0
82715.09566605093,2234.0
82715.09566605093,2017.0
86400.0,2017.0
# temp #4662
0.0,2234.0
69352.39907428624,2234.0
69352.39907428624,2555.0
86400.000002,2555.0
# temp #4663
0.0,2234.0
9795.965474797415,2234.0
9795.965474797415,2017.0
14513.36450055242,2017.0
14513.36450055242,2234.0
46577.52170450986,2234.0
46577.52170450986,2017.0
66836.67895230466,2017.0
66836.67895230466,2234.0
72536.67895230466,2234.0
72536.67895230466,2429.0
86400.000002,2429.0
# temp #4664
0.0,2234.0
82750.8666036185,2234.0
82750.8666036185,2555.0
86400.000002,2555.0
# temp #4665
0.0,2234.0
85519.87703796478,2234.0
85519.87703796478,2555.0
86400.000002,2555.0
# temp #4666
0.0,2234.0
56113.30869896338,2234.0
56113.30869896338,2555.0
59567.97016281635,2555.0
59567.97016281635,2667.0
59919.78772426956,2667.0
59919.78772426956,2555.0
60219.78772426956,2555.0
60219.78772426956,2667.0
86400.000002,2667.0
# temp #4667
0.0,2234.0
24475.02620145679,2234.0
24475.02620145679,2429.0
25075.02620145679,2429.0
25075.02620145679,2555.0
26448.18830005825,2555.0
26448.18830005825,2429.0
52618.88729596977,2429.0
52618.88729596977,2234.0
63779.64328306262,2234.0
63779.64328306262,2667.0
64662.52372381278,2667.0
64662.52372381278,2555.0
74138.71720586905,2555.0
74138.71720586905,2667.0
84046.38246833348,2667.0
84046.38246833348,2555.0
86400.000002,2555.0
# temp #4668
0.0,2234.0
24400.96316628624,2234.0
24400.96316628624,2429.0
24934.597507514995,2429.0
24934.597507514995,2234.0
25626.56802241691,2234.0
25626.56802241691,2429.0
29000.550574483354,2429.0
29000.550574483354,2234.0
44115.13229697012,2234.0
44115.13229697012,2429.0
44621.19024102577,2429.0
44621.19024102577,2234.0
64415.96245877446,2234.0
64415.96245877446,2429.0
77591.94949928207,2429.0
77591.94949928207,2234.0
86400.000002,2234.0
# temp #4669
0.0,2234.0
5586.601697397419,2234.0
5586.601697397419,2555.0
36150.07491011639,2555.0
36150.07491011639,2429.0
36743.59748270363,2429.0
36743.59748270363,2555.0
39993.22402488907,2555.0
39993.22402488907,2429.0
40739.73795811181,2429.0
40739.73795811181,2555.0
41895.47530787532,2555.0
41895.47530787532,2429.0
42195.47530787532,2429.0
42195.47530787532,2555.0
43695.47530787532,2555.0
43695.47530787532,2429.0
53895.47530787532,2429.0
53895.47530787532,2234.0
86400.000002,2234.0
# temp #4670
0.0,2234.0
2424.2932242108513,2234.0
2424.2932242108513,2555.0
32994.64768746403,2555.0
32994.64768746403,2429.0
33299.97004063335,2429.0
33299.97004063335,2555.0
53176.68491955848,2555.0
53176.68491955848,2429.0
54254.510975768804,2429.0
54254.510975768804,2234.0
57104.67293558178,2234.0
57104.67293558178,2429.0
59343.51869691165,2429.0
59343.51869691165,2555.0
68859.44426720963,2555.0
68859.44426720963,2667.0
73274.62105562446,2667.0
73274.62105562446,2555.0
75703.81520935336,2555.0
75703.81520935336,2429.0
86400.0,2429.0
# temp #4671
0.0,2234.0
55775.80058793538,2234.0
55775.80058793538,2429.0
86400.000002,2429.0
# temp #4672
0.0,2234.0
67748.54014876764,2234.0
67748.54014876764,2883.0
70148.54014876764,2883.0
70148.54014876764,2667.0
73759.5812623389,2667.0
73759.5812623389,2555.0
75126.03607429191,2555.0
75126.03607429191,2667.0
86400.000002,2667.0
# temp #4673
0.0,2234.0
14602.263653953563,2234.0
14602.263653953563,2883.0
16267.892994708385,2883.0
16267.892994708385,2667.0
26478.297506086536,2667.0
26478.297506086536,2883.0
32969.44585146849,2883.0
32969.44585146849,2429.0
62618.99661000354,2429.0
62618.99661000354,2555.0
71746.54242710677,2555.0
71746.54242710677,2667.0
78885.79358565623,2667.0
78885.79358565623,2555.0
86400.000002,2555.0
# temp #4674
0.0,2234.0
24257.66036761925,2234.0
24257.66036761925,2429.0
24857.66036761925,2429.0
24857.66036761925,2555.0
26206.900159176443,2555.0
26206.900159176443,2429.0
37883.36138378364,2429.0
37883.36138378364,2555.0
69393.0548321223,2555.0
69393.0548321223,2429.0
70088.66100772285,2429.0
70088.66100772285,2234.0
86400.000002,2234.0
# temp #4675
0.0,2234.0
40004.858374712065,2234.0
40004.858374712065,2555.0
42330.45287460555,2555.0
42330.45287460555,2429.0
57910.147707466975,2429.0
57910.147707466975,2234.0
62806.205167179,2234.0
62806.205167179,2429.0
75807.63722970152,2429.0
75807.63722970152,2234.0
85000.83768605256,2234.0
85000.83768605256,2667.0
86400.0,2667.0
# temp #4676
0.0,2234.0
4022.127977991477,2234.0
4022.127977991477,2883.0
4904.287263890729,2883.0
4904.287263890729,2667.0
16193.788842391225,2667.0
16193.788842391225,2883.0
19064.679282694127,2883.0
19064.679282694127,2429.0
39009.15372599848,2429.0
39009.15372599848,2555.0
50979.02808431537,2555.0
50979.02808431537,2429.0
60199.09645307345,2429.0
60199.09645307345,2555.0
70049.99231749681,2555.0
70049.99231749681,2667.0
86400.000002,2667.0
# temp #4677
0.0,2234.0
82571.10858983362,2234.0
82571.10858983362,2555.0
84306.06360537933,2555.0
84306.06360537933,2429.0
84772.08164487967,2429.0
84772.08164487967,2555.0
86400.000002,2555.0
# temp #4678
0.0,2234.0
8801.887027476916,2234.0
8801.887027476916,2555.0
9599.800383578988,2555.0
9599.800383578988,2667.0
10199.098386405969,2667.0
10199.098386405969,2555.0
10499.098386405969,2555.0
10499.098386405969,2667.0
37199.09838640597,2667.0
37199.09838640597,2555.0
53099.09838640597,2555.0
53099.09838640597,2234.0
56699.09838640597,2234.0
56699.09838640597,2429.0
66599.09838640597,2429.0
66599.09838640597,2555.0
67199.09838640597,2555.0
67199.09838640597,2667.0
79499.09838640597,2667.0
79499.09838640597,2883.0
81700.49000128638,2883.0
81700.49000128638,2555.0
86400.0,2555.0
# temp #4679
0.0,2234.0
5382.416629325599,2234.0
5382.416629325599,2667.0
17019.9444930302,2667.0
17019.9444930302,2555.0
17645.261880406182,2555.0
17645.261880406182,2667.0
41196.00139183459,2667.0
41196.00139183459,2555.0
41496.00139183459,2555.0
41496.00139183459,2667.0
42212.88673770615,2667.0
42212.88673770615,2555.0
42812.88673770615,2555.0
42812.88673770615,2667.0
56695.357562997386,2667.0
56695.357562997386,2555.0
57779.024761472836,2555.0
57779.024761472836,2667.0
86400.000002,2667.0
# temp #4680
0.0,2234.0
2756.5294351894413,2234.0
2756.5294351894413,2667.0
15922.253958717922,2667.0
15922.253958717922,2555.0
17413.35413802881,2555.0
17413.35413802881,2667.0
28253.13996537589,2667.0
28253.13996537589,2555.0
28553.13996537589,2555.0
28553.13996537589,2667.0
28853.13996537589,2667.0
28853.13996537589,2555.0
32153.13996537589,2555.0
32153.13996537589,2667.0
57653.139965375885,2667.0
57653.139965375885,2883.0
86400.000002,2883.0
# temp #4681
0.0,2234.0
32880.97327512223,2234.0
32880.97327512223,2429.0
33403.23948757723,2429.0
33403.23948757723,2555.0
36361.16061033681,2555.0
36361.16061033681,2429.0
70141.03888291866,2429.0
70141.03888291866,2555.0
73648.51801609622,2555.0
73648.51801609622,2667.0
86400.0,2667.0
# temp #4682
0.0,2234.0
6272.817667666824,2234.0
6272.817667666824,2017.0
40713.65922507831,2017.0
40713.65922507831,2234.0
69166.02615737358,2234.0
69166.02615737358,2017.0
86400.000002,2017.0
# temp #4683
0.0,2234.0
8539.922220236624,2234.0
8539.922220236624,2883.0
9094.739783811385,2883.0
9094.739783811385,2667.0
18261.78150109481,2667.0
18261.78150109481,2883.0
32948.13223464881,2883.0
32948.13223464881,2429.0
36007.608127850115,2429.0
36007.608127850115,2234.0
60873.544375528596,2234.0
60873.544375528596,2429.0
61706.76126109903,2429.0
61706.76126109903,2555.0
77186.76604649519,2555.0
77186.76604649519,2667.0
86400.0,2667.0
# temp #4684
0.0,2234.0
45274.986796709716,2234.0
45274.986796709716,2555.0
47018.454129318714,2555.0
47018.454129318714,2667.0
47476.28787397408,2667.0
47476.28787397408,2555.0
47776.28787397408,2555.0
47776.28787397408,2667.0
74476.28787397407,2667.0
74476.28787397407,2555.0
86400.000002,2555.0
# temp #4685
0.0,2234.0
66965.42469291018,2234.0
66965.42469291018,2555.0
86400.0,2555.0
# temp #4686
0.0,2234.0
79860.5519693345,2234.0
79860.5519693345,2555.0
82311.97231896223,2555.0
82311.97231896223,2667.0
82841.95358315484,2667.0
82841.95358315484,2555.0
86400.0,2555.0
# temp #4687
0.0,2234.0
26995.971130812544,2234.0
26995.971130812544,2555.0
56069.75928051398,2555.0
56069.75928051398,2429.0
75750.18380982803,2429.0
75750.18380982803,2234.0
82764.95055025445,2234.0
82764.95055025445,2429.0
86400.0,2429.0
# temp #4688
0.0,2234.0
8505.66452080384,2234.0
8505.66452080384,2555.0
25226.178861781962,2555.0
25226.178861781962,2429.0
60223.46657775344,2429.0
60223.46657775344,2234.0
60523.46657775344,2234.0
60523.46657775344,2017.0
86400.0,2017.0
# temp #4689
0.0,2234.0
40134.76906099823,2234.0
40134.76906099823,2429.0
40563.60459805001,2429.0
40563.60459805001,2555.0
44231.84188746382,2555.0
44231.84188746382,2429.0
71995.11231710204,2429.0
71995.11231710204,2234.0
86400.0,2234.0
# temp #4690
0.0,2234.0
34296.78518751171,2234.0
34296.78518751171,2429.0
34596.78518751171,2429.0
34596.78518751171,2234.0
61096.51508862154,2234.0
61096.51508862154,2429.0
72307.64611540364,2429.0
72307.64611540364,2555.0
86400.000002,2555.0
# temp #4691
0.0,2234.0
3474.352359725163,2234.0
3474.352359725163,2017.0
11213.767921691762,2017.0
11213.767921691762,2234.0
32709.940971387558,2234.0
32709.940971387558,2017.0
47483.78731613048,2017.0
47483.78731613048,2234.0
49569.73691373133,2234.0
49569.73691373133,2017.0
51065.247135842226,2017.0
51065.247135842226,2234.0
66474.21536338517,2234.0
66474.21536338517,2017.0
68373.80212680438,2017.0
68373.80212680438,2234.0
86400.0,2234.0
# temp #4692
0.0,2234.0
43914.129080856226,2234.0
43914.129080856226,2555.0
45898.41624672991,2555.0
45898.41624672991,2667.0
55798.41624672991,2667.0
55798.41624672991,2555.0
58038.20501666051,2555.0
58038.20501666051,2429.0
79699.45140536876,2429.0
79699.45140536876,2555.0
86400.0,2555.0
# temp #4693
0.0,2234.0
31473.058091942225,2234.0
31473.058091942225,2555.0
34405.83636537195,2555.0
34405.83636537195,2429.0
34802.28898494971,2429.0
34802.28898494971,2555.0
45028.886717325084,2555.0
45028.886717325084,2429.0
45475.940769491724,2429.0
45475.940769491724,2555.0
46899.5039662812,2555.0
46899.5039662812,2429.0
47199.5039662812,2429.0
47199.5039662812,2555.0
67599.50396628119,2555.0
67599.50396628119,2429.0
67899.50396628119,2429.0
67899.50396628119,2555.0
68499.50396628119,2555.0
68499.50396628119,2667.0
78521.02907455993,2667.0
78521.02907455993,2234.0
86400.000002,2234.0
# temp #4694
0.0,2234.0
66284.07694115305,2234.0
66284.07694115305,2555.0
66788.13900032548,2555.0
66788.13900032548,2667.0
67304.41721922254,2667.0
67304.41721922254,2555.0
67604.41721922254,2555.0
67604.41721922254,2667.0
71204.41721922254,2667.0
71204.41721922254,2555.0
72704.41721922254,2555.0
72704.41721922254,2429.0
77083.32284535283,2429.0
77083.32284535283,2234.0
86400.0,2234.0
# temp #4695
0.0,2234.0
412.1300727361813,2234.0
412.1300727361813,2555.0
38078.28358558473,2555.0
38078.28358558473,2429.0
39972.52811787185,2429.0
39972.52811787185,2234.0
42756.01200072561,2234.0
42756.01200072561,2429.0
62529.26971705166,2429.0
62529.26971705166,2234.0
62717.9230902577,2234.0
62717.9230902577,2429.0
73882.520037191,2429.0
73882.520037191,2555.0
86400.000002,2555.0
# temp #4696
0.0,2234.0
48530.54426908494,2234.0
48530.54426908494,2555.0
66616.84429706076,2555.0
66616.84429706076,2429.0
67113.46066833941,2429.0
67113.46066833941,2555.0
84566.71911240557,2555.0
84566.71911240557,2429.0
85375.41662729347,2429.0
85375.41662729347,2555.0
85978.05759091863,2555.0
85978.05759091863,2429.0
86400.000002,2429.0
# temp #4697
0.0,2234.0
36582.232759776525,2234.0
36582.232759776525,2883.0
38982.232759776525,2883.0
38982.232759776525,2667.0
52051.93562640343,2667.0
52051.93562640343,2555.0
61559.158233879134,2555.0
61559.158233879134,2429.0
86400.000002,2429.0
# temp #4698
0.0,2234.0
2790.2920217486103,2234.0
2790.2920217486103,2667.0
48659.78941256181,2667.0
48659.78941256181,2555.0
49279.87415185199,2555.0
49279.87415185199,2667.0
57825.99874944427,2667.0
57825.99874944427,2555.0
60825.99874944427,2555.0
60825.99874944427,2667.0
86400.0,2667.0
# temp #4699
0.0,2234.0
13430.92255946249,2234.0
13430.92255946249,2017.0
46160.093783587225,2017.0
46160.093783587225,2234.0
72782.41392653437,2234.0
72782.41392653437,2017.0
86400.000002,2017.0
# temp #4700
0.0,2234.0
15973.460767487999,2234.0
15973.460767487999,2883.0
16968.781666271392,2883.0
16968.781666271392,2667.0
28823.242603777915,2667.0
28823.242603777915,2883.0
42101.91130810418,2883.0
42101.91130810418,2429.0
74659.2047267128,2429.0
74659.2047267128,2555.0
86400.0,2555.0
# temp #4701
0.0,2234.0
61657.48856014107,2234.0
61657.48856014107,2555.0
74341.79743404967,2555.0
74341.79743404967,2429.0
86400.000002,2429.0
# temp #4702
0.0,2234.0
68613.63594657741,2234.0
68613.63594657741,2883.0
71013.63594657741,2883.0
71013.63594657741,2667.0
86400.000002,2667.0
# temp #4703
0.0,2234.0
10385.604789177889,2234.0
10385.604789177889,2555.0
23046.40715348069,2555.0
23046.40715348069,2429.0
23598.46354555339,2429.0
23598.46354555339,2555.0
43552.79787748587,2555.0
43552.79787748587,2429.0
44088.47272109707,2429.0
44088.47272109707,2234.0
55655.07457202767,2234.0
55655.07457202767,2429.0
67994.3284345558,2429.0
67994.3284345558,2555.0
86400.0,2555.0
# temp #4704
0.0,2234.0
23499.802216468383,2234.0
23499.802216468383,2429.0
23867.14902198874,2429.0
23867.14902198874,2234.0
24746.39229574241,2234.0
24746.39229574241,2429.0
28611.977620376278,2429.0
28611.977620376278,2234.0
34587.068434269175,2234.0
34587.068434269175,2429.0
35597.98208456487,2429.0
35597.98208456487,2234.0
42644.720084499575,2234.0
42644.720084499575,2667.0
51690.910314512446,2667.0
51690.910314512446,2555.0
65052.83586645965,2555.0
65052.83586645965,2667.0
86400.0,2667.0
# temp #4705
0.0,2234.0
42239.1169324983,2234.0
42239.1169324983,2555.0
45013.96902040579,2555.0
45013.96902040579,2667.0
45333.42895754614,2667.0
45333.42895754614,2555.0
51333.42895754614,2555.0
51333.42895754614,2429.0
53733.42895754614,2429.0
53733.42895754614,2234.0
57333.42895754614,2234.0
57333.42895754614,2429.0
58533.42895754614,2429.0
58533.42895754614,2234.0
64233.42895754614,2234.0
64233.42895754614,2429.0
79497.74288060145,2429.0
79497.74288060145,2234.0
86400.000002,2234.0
# temp #4706
0.0,2234.0
50322.8226965759,2234.0
50322.8226965759,2429.0
50792.895821970895,2429.0
50792.895821970895,2555.0
52019.25916497131,2555.0
52019.25916497131,2429.0
60658.351148036316,2429.0
60658.351148036316,2883.0
86400.000002,2883.0
# temp #4707
0.0,2234.0
11342.127851187253,2234.0
11342.127851187253,2555.0
15370.353094465103,2555.0
15370.353094465103,2429.0
15842.425261856992,2429.0
15842.425261856992,2555.0
20922.96004034579,2555.0
20922.96004034579,2429.0
21738.594151195142,2429.0
21738.594151195142,2555.0
22161.15262024105,2555.0
22161.15262024105,2429.0
78261.15262024105,2429.0
78261.15262024105,2555.0
78561.15262024105,2555.0
78561.15262024105,2667.0
80061.15262024105,2667.0
80061.15262024105,2883.0
81561.15262024105,2883.0
81561.15262024105,2667.0
86400.000002,2667.0
# temp #4708
0.0,2234.0
12898.451386461968,2234.0
12898.451386461968,2555.0
25728.650500928055,2555.0
25728.650500928055,2429.0
26194.390459964055,2429.0
26194.390459964055,2555.0
50317.96207325534,2555.0
50317.96207325534,2429.0
50741.61764318124,2429.0
50741.61764318124,2555.0
51734.56374434755,2555.0
51734.56374434755,2429.0
52034.56374434755,2429.0
52034.56374434755,2555.0
72434.56374434754,2555.0
72434.56374434754,2429.0
72734.56374434754,2429.0
72734.56374434754,2555.0
73334.56374434754,2555.0
73334.56374434754,2667.0
86400.0,2667.0
# temp #4709
0.0,2234.0
3273.1762343086307,2234.0
3273.1762343086307,2429.0
3713.332203472965,2429.0
3713.332203472965,2555.0
4133.472406561487,2555.0
4133.472406561487,2429.0
33089.94444294367,2429.0
33089.94444294367,2234.0
62377.13870310692,2234.0
62377.13870310692,2429.0
81796.87422858553,2429.0
81796.87422858553,2234.0
86400.0,2234.0
# temp #4710
0.0,2234.0
2200.780990719795,2234.0
2200.780990719795,2883.0
3141.5021890075877,2883.0
3141.5021890075877,2667.0
14822.40274557844,2667.0
14822.40274557844,2883.0
32356.985825859017,2883.0
32356.985825859017,2667.0
58143.17430804951,2667.0
58143.17430804951,2555.0
62599.73540611101,2555.0
62599.73540611101,2667.0
69832.88878805471,2667.0
69832.88878805471,2555.0
82608.43084536029,2555.0
82608.43084536029,2667.0
86400.0,2667.0
# temp #4711
0.0,2234.0
24901.90103442874,2234.0
24901.90103442874,2555.0
28504.157479363497,2555.0
28504.157479363497,2429.0
74801.13085980994,2429.0
74801.13085980994,2234.0
75401.13085980994,2234.0
75401.13085980994,2429.0
86400.0,2429.0
# temp #4712
0.0,2234.0
1016.5521164657549,2234.0
1016.5521164657549,2429.0
1522.1049970015886,2429.0
1522.1049970015886,2555.0
2191.8977988883853,2555.0
2191.8977988883853,2429.0
31327.23874538206,2429.0
31327.23874538206,2234.0
46862.66897704919,2234.0
46862.66897704919,2429.0
52092.15410244652,2429.0
52092.15410244652,2555.0
63246.333796670675,2555.0
63246.333796670675,2667.0
86400.000002,2667.0
# temp #4713
0.0,2234.0
12335.112238372678,2234.0
12335.112238372678,2883.0
13706.875802041033,2883.0
13706.875802041033,2667.0
20665.023914049383,2667.0
20665.023914049383,2883.0
42262.66954229214,2883.0
42262.66954229214,2429.0
67536.66435449851,2429.0
67536.66435449851,2555.0
86400.000002,2555.0
# temp #4714
0.0,2234.0
75501.92979590503,2234.0
75501.92979590503,2555.0
79574.3448332185,2555.0
79574.3448332185,2667.0
86400.000002,2667.0
# temp #4715
0.0,2234.0
44006.546274991706,2234.0
44006.546274991706,2883.0
46406.546274991706,2883.0
46406.546274991706,2667.0
79246.97621385567,2667.0
79246.97621385567,2883.0
86400.0,2883.0
# temp #4716
0.0,2234.0
29098.809845885266,2234.0
29098.809845885266,2429.0
35998.80984588526,2429.0
35998.80984588526,2555.0
37798.80984588526,2555.0
37798.80984588526,2429.0
50698.80984588526,2429.0
50698.80984588526,2234.0
50998.80984588526,2234.0
50998.80984588526,2017.0
51298.80984588526,2017.0
51298.80984588526,2234.0
51598.80984588526,2234.0
51598.80984588526,2017.0
64859.47377530393,2017.0
64859.47377530393,2234.0
69268.9324013656,2234.0
69268.9324013656,2667.0
86400.0,2667.0
# temp #4717
0.0,2234.0
81343.20750029293,2234.0
81343.20750029293,2555.0
82249.47333661841,2555.0
82249.47333661841,2667.0
82792.17711291277,2667.0
82792.17711291277,2555.0
86400.000002,2555.0
# temp #4718
0.0,2234.0
5199.54557963647,2234.0
5199.54557963647,2429.0
5499.54557963647,2429.0
5499.54557963647,2234.0
24347.848135745156,2234.0
24347.848135745156,2667.0
41906.569683621645,2667.0
41906.569683621645,2555.0
51764.175135176636,2555.0
51764.175135176636,2429.0
67440.01390412451,2429.0
67440.01390412451,2555.0
86400.000002,2555.0
# temp #4719
0.0,2234.0
2854.352499567904,2234.0
2854.352499567904,2667.0
14002.9762621969,2667.0
14002.9762621969,2555.0
14445.853939186783,2555.0
14445.853939186783,2667.0
39869.81451048051,2667.0
39869.81451048051,2555.0
40469.81451048051,2555.0
40469.81451048051,2667.0
57013.86987750885,2667.0
57013.86987750885,2555.0
57629.050126648515,2555.0
57629.050126648515,2429.0
74729.70196378884,2429.0
74729.70196378884,2555.0
75413.64024456126,2555.0
75413.64024456126,2667.0
86400.0,2667.0
# temp #4720
0.0,2234.0
22133.618427626792,2234.0
22133.618427626792,2017.0
32286.72732193955,2017.0
32286.72732193955,2234.0
37410.8780137729,2234.0
37410.8780137729,2017.0
86400.0,2017.0
# temp #4721
0.0,2234.0
83677.71247169004,2234.0
83677.71247169004,2555.0
86400.000002,2555.0
# temp #4722
0.0,2234.0
83416.40328525101,2234.0
83416.40328525101,2555.0
84501.35408572388,2555.0
84501.35408572388,2667.0
84935.72830336636,2667.0
84935.72830336636,2555.0
85235.72830336636,2555.0
85235.72830336636,2667.0
86400.000002,2667.0
# temp #4723
0.0,2234.0
400.3481437917799,2234.0
400.3481437917799,2017.0
40170.49798099325,2017.0
40170.49798099325,2234.0
65172.47910043226,2234.0
65172.47910043226,2017.0
86400.0,2017.0
# temp #4724
0.0,2234.0
35281.41025565565,2234.0
35281.41025565565,2429.0
35881.41025565565,2429.0
35881.41025565565,2555.0
37027.28922888637,2555.0
37027.28922888637,2429.0
55622.469397494584,2429.0
55622.469397494584,2555.0
68727.25457155613,2555.0
68727.25457155613,2429.0
83121.21718896089,2429.0
83121.21718896089,2883.0
86400.000002,2883.0
# temp #4725
0.0,2234.0
7314.722505351529,2234.0
7314.722505351529,2017.0
19808.776531275365,2017.0
19808.776531275365,2234.0
46553.20830568672,2234.0
46553.20830568672,2017.0
59332.44435503148,2017.0
59332.44435503148,2234.0
67599.6009789873,2234.0
67599.6009789873,2017.0
86400.000002,2017.0
# temp #4726
0.0,2234.0
40135.65954035149,2234.0
40135.65954035149,2429.0
40735.65954035149,2429.0
40735.65954035149,2555.0
42185.63307886944,2555.0
42185.63307886944,2429.0
57724.70049087425,2429.0
57724.70049087425,2555.0
64675.83635703196,2555.0
64675.83635703196,2667.0
78724.904038338,2667.0
78724.904038338,2234.0
86400.0,2234.0
# temp #4727
0.0,2234.0
8577.832839754412,2234.0
8577.832839754412,2883.0
10338.102929200979,2883.0
10338.102929200979,2667.0
20450.87239458226,2667.0
20450.87239458226,2883.0
29368.4778477531,2883.0
29368.4778477531,2667.0
35348.688383912675,2667.0
35348.688383912675,2555.0
37745.99958651234,2555.0
37745.99958651234,2429.0
64992.975944699734,2429.0
64992.975944699734,2234.0
76046.25983820298,2234.0
76046.25983820298,2429.0
76404.85187130982,2429.0
76404.85187130982,2883.0
86400.000002,2883.0
# temp #4728
0.0,2234.0
6790.264268056491,2234.0
6790.264268056491,2667.0
10844.455745327288,2667.0
10844.455745327288,2555.0
11239.050212013537,2555.0
11239.050212013537,2667.0
35234.112175321214,2667.0
35234.112175321214,2555.0
38234.112175321214,2555.0
38234.112175321214,2667.0
64334.112175321214,2667.0
64334.112175321214,2883.0
86400.000002,2883.0
# temp #4729
0.0,2234.0
76682.79609829189,2234.0
76682.79609829189,2555.0
86400.0,2555.0
# temp #4730
0.0,2234.0
22700.08577287663,2234.0
22700.08577287663,2429.0
54800.08577287663,2429.0
54800.08577287663,2555.0
55100.08577287663,2555.0
55100.08577287663,2667.0
85908.42264031527,2667.0
85908.42264031527,2555.0
86400.0,2555.0
# temp #4731
0.0,2234.0
16358.811504277402,2234.0
16358.811504277402,2429.0
16866.645753197376,2429.0
16866.645753197376,2555.0
20538.561142422262,2555.0
20538.561142422262,2429.0
22883.29421875533,2429.0
22883.29421875533,2555.0
33863.669628300704,2555.0
33863.669628300704,2429.0
41639.877329743475,2429.0
41639.877329743475,2555.0
46907.73533543107,2555.0
46907.73533543107,2667.0
54601.72965426464,2667.0
54601.72965426464,2555.0
73279.33439472692,2555.0
73279.33439472692,2429.0
86400.0,2429.0
# temp #4732
0.0,2234.0
39506.06942900923,2234.0
39506.06942900923,2555.0
71177.10970526097,2555.0
71177.10970526097,2429.0
71510.20216543695,2429.0
71510.20216543695,2555.0
85055.08994464764,2555.0
85055.08994464764,2429.0
86229.97506572866,2429.0
86229.97506572866,2555.0
86400.000002,2555.0
# temp #4733
0.0,2234.0
41742.31088636444,2234.0
41742.31088636444,2555.0
57866.92732251251,2555.0
57866.92732251251,2429.0
72779.12510535681,2429.0
72779.12510535681,2234.0
73079.12510535681,2234.0
73079.12510535681,2017.0
86400.0,2017.0
# temp #4734
0.0,2234.0
29846.14379173145,2234.0
29846.14379173145,2017.0
34915.92981247232,2017.0
34915.92981247232,2234.0
35583.77712657676,2234.0
35583.77712657676,2017.0
60321.26151574776,2017.0
60321.26151574776,2234.0
76064.7781734355,2234.0
76064.7781734355,2017.0
86400.000002,2017.0
# temp #4735
0.0,2234.0
6966.295525082389,2234.0
6966.295525082389,2667.0
42052.209369605414,2667.0
42052.209369605414,2555.0
43292.88080013358,2555.0
43292.88080013358,2667.0
62171.57646794805,2667.0
62171.57646794805,2555.0
62471.57646794805,2555.0
62471.57646794805,2667.0
62771.57646794805,2667.0
62771.57646794805,2555.0
66071.57646794805,2555.0
66071.57646794805,2667.0
86400.000002,2667.0
# temp #4736
0.0,2234.0
24375.946977920834,2234.0
24375.946977920834,2017.0
61877.452653134256,2017.0
61877.452653134256,2234.0
67586.22783939356,2234.0
67586.22783939356,2017.0
86400.000002,2017.0
# temp #4737
0.0,2234.0
45029.69478098676,2234.0
45029.69478098676,2555.0
48929.312268923975,2555.0
48929.312268923975,2667.0
82849.66141444167,2667.0
82849.66141444167,2555.0
86400.000002,2555.0
# temp #4738
0.0,2234.0
21564.99637481757,2234.0
21564.99637481757,2429.0
22021.39476151206,2429.0
22021.39476151206,2234.0
22704.83952420764,2234.0
22704.83952420764,2429.0
23930.78845222481,2429.0
23930.78845222481,2234.0
28090.132127422843,2234.0
28090.132127422843,2429.0
29176.987530849878,2429.0
29176.987530849878,2555.0
30520.422886870805,2555.0
30520.422886870805,2429.0
30820.422886870805,2429.0
30820.422886870805,2555.0
32320.422886870805,2555.0
32320.422886870805,2429.0
42520.4228868708,2429.0
42520.4228868708,2234.0
86400.0,2234.0
# temp #4739
0.0,2234.0
37998.02280552686,2234.0
37998.02280552686,2017.0
75522.6214866154,2017.0
75522.6214866154,2234.0
85763.25334729628,2234.0
85763.25334729628,2017.0
86400.0,2017.0
# temp #4740
0.0,2234.0
3227.9783811187376,2234.0
3227.9783811187376,2667.0
19598.60818076413,2667.0
19598.60818076413,2555.0
20297.587118460797,2555.0
20297.587118460797,2429.0
33855.32052204944,2429.0
33855.32052204944,2555.0
46571.27953239252,2555.0
46571.27953239252,2429.0
73879.85634268261,2429.0
73879.85634268261,2555.0
83575.32368958929,2555.0
83575.32368958929,2667.0
86400.0,2667.0
# temp #4741
0.0,2234.0
83673.82886165289,2234.0
83673.82886165289,2555.0
86400.000002,2555.0
# temp #4742
0.0,2234.0
1920.7598491804677,2234.0
1920.7598491804677,2667.0
29600.101929204542,2667.0
29600.101929204542,2555.0
30077.829122683037,2555.0
30077.829122683037,2667.0
64184.43405241707,2667.0
64184.43405241707,2555.0
64484.43405241707,2555.0
64484.43405241707,2667.0
65118.90260470101,2667.0
65118.90260470101,2555.0
65718.90260470101,2555.0
65718.90260470101,2667.0
74217.99031721895,2667.0
74217.99031721895,2234.0
86400.000002,2234.0
# temp #4743
0.0,2234.0
6716.079518850894,2234.0
6716.079518850894,2883.0
8004.605336487294,2883.0
8004.605336487294,2667.0
17365.873117558658,2667.0
17365.873117558658,2883.0
29630.819956446066,2883.0
29630.819956446066,2429.0
57339.49146154337,2429.0
57339.49146154337,2555.0
73131.71001817101,2555.0
73131.71001817101,2667.0
86400.0,2667.0
# temp #4744
0.0,2234.0
19552.279553934935,2234.0
19552.279553934935,2017.0
52326.16425426677,2017.0
52326.16425426677,2234.0
86400.000002,2234.0
# temp #4745
0.0,2234.0
29843.27830877155,2234.0
29843.27830877155,2555.0
42814.38480941579,2555.0
42814.38480941579,2667.0
86400.000002,2667.0
# temp #4746
0.0,2234.0
35417.39183601458,2234.0
35417.39183601458,2555.0
40647.627343679786,2555.0
40647.627343679786,2429.0
41217.749191029005,2429.0
41217.749191029005,2555.0
53742.15992765968,2555.0
53742.15992765968,2429.0
54497.74112706074,2429.0
54497.74112706074,2234.0
62146.34631578812,2234.0
62146.34631578812,2667.0
86400.0,2667.0
# temp #4747
0.0,2234.0
6151.438797125594,2234.0
6151.438797125594,2667.0
23560.499347653244,2667.0
23560.499347653244,2555.0
24002.83123897389,2555.0
24002.83123897389,2667.0
27020.146271679554,2667.0
27020.146271679554,2555.0
27620.146271679554,2555.0
27620.146271679554,2667.0
46426.12107801252,2667.0
46426.12107801252,2555.0
47028.56664243155,2555.0
47028.56664243155,2429.0
80792.08937860095,2429.0
80792.08937860095,2555.0
86400.000002,2555.0
# temp #4748
0.0,2234.0
37697.7329796413,2234.0
37697.7329796413,2429.0
38075.28989247513,2429.0
38075.28989247513,2555.0
42518.621663446545,2555.0
42518.621663446545,2429.0
67442.77533609422,2429.0
67442.77533609422,2555.0
76056.2277258374,2555.0
76056.2277258374,2883.0
86400.0,2883.0
# temp #4749
0.0,2234.0
12735.598025657237,2234.0
12735.598025657237,2429.0
13068.271714425646,2429.0
13068.271714425646,2234.0
13754.422493255697,2234.0
13754.422493255697,2429.0
14649.3216478033,2429.0
14649.3216478033,2234.0
17215.88593237102,2234.0
17215.88593237102,2429.0
18359.859817195684,2429.0
18359.859817195684,2555.0
19692.189356312156,2555.0
19692.189356312156,2429.0
19992.189356312156,2429.0
19992.189356312156,2555.0
20292.189356312156,2555.0
20292.189356312156,2429.0
20892.189356312156,2429.0
20892.189356312156,2555.0
23755.450838059187,2555.0
23755.450838059187,2429.0
31469.402585620996,2429.0
31469.402585620996,2555.0
40086.79593305569,2555.0
40086.79593305569,2667.0
47402.70403220785,2667.0
47402.70403220785,2555.0
49088.606610219,2555.0
49088.606610219,2667.0
52901.74097693526,2667.0
52901.74097693526,2555.0
86400.000002,2555.0
# temp #4750
0.0,2234.0
1395.3487544087695,2234.0
1395.3487544087695,2667.0
17822.185484552756,2667.0
17822.185484552756,2555.0
18875.389779964462,2555.0
18875.389779964462,2667.0
31225.384616595693,2667.0
31225.384616595693,2555.0
31825.384616595693,2555.0
31825.384616595693,2667.0
51773.75241683331,2667.0
51773.75241683331,2555.0
54323.451048298746,2555.0
54323.451048298746,2429.0
56525.13992527966,2429.0
56525.13992527966,2555.0
68787.2860900825,2555.0
68787.2860900825,2429.0
71723.87813015377,2429.0
71723.87813015377,2555.0
75283.59642040452,2555.0
75283.59642040452,2429.0
86400.000002,2429.0
# temp #4751
0.0,2234.0
40842.143779154874,2234.0
40842.143779154874,2429.0
41442.143779154874,2429.0
41442.143779154874,2555.0
42153.50881805644,2555.0
42153.50881805644,2429.0
72925.91141683517,2429.0
72925.91141683517,2555.0
77771.46180763376,2555.0
77771.46180763376,2667.0
86400.000002,2667.0
# temp #4752
0.0,2234.0
4994.459847989493,2234.0
4994.459847989493,2883.0
5395.222937129439,2883.0
5395.222937129439,2667.0
11736.306841461921,2667.0
11736.306841461921,2883.0
14039.683899097146,2883.0
14039.683899097146,2429.0
35527.29175952264,2429.0
35527.29175952264,2555.0
55869.06592044981,2555.0
55869.06592044981,2429.0
62061.03041216267,2429.0
62061.03041216267,2234.0
66661.46979220213,2234.0
66661.46979220213,2429.0
72552.30153640734,2429.0
72552.30153640734,2555.0
81747.293524188,2555.0
81747.293524188,2429.0
86400.0,2429.0
# temp #4753
0.0,2234.0
49619.9109871639,2234.0
49619.9109871639,2555.0
54933.36433873047,2555.0
54933.36433873047,2429.0
76612.35751092901,2429.0
76612.35751092901,2234.0
76912.35751092901,2234.0
76912.35751092901,2017.0
85586.77381232848,2017.0
85586.77381232848,2555.0
86400.0,2555.0
# temp #4754
0.0,2234.0
4210.8950284542525,2234.0
4210.8950284542525,2667.0
10015.206603915432,2667.0
10015.206603915432,2555.0
10597.729009226898,2555.0
10597.729009226898,2667.0
23662.322641373616,2667.0
23662.322641373616,2555.0
23962.322641373616,2555.0
23962.322641373616,2667.0
24262.322641373616,2667.0
24262.322641373616,2555.0
27562.322641373616,2555.0
27562.322641373616,2667.0
53062.32264137361,2667.0
53062.32264137361,2883.0
86400.0,2883.0
# temp #4755
0.0,2234.0
35977.33848430217,2234.0
35977.33848430217,2429.0
36577.33848430217,2429.0
36577.33848430217,2555.0
39987.81775832177,2555.0
39987.81775832177,2429.0
65817.51823551023,2429.0
65817.51823551023,2555.0
68028.78908696586,2555.0
68028.78908696586,2667.0
86400.0,2667.0
# temp #4756
0.0,2234.0
71255.57343740949,2234.0
71255.57343740949,2555.0
86400.000002,2555.0
# temp #4757
0.0,2234.0
3276.1130909901117,2234.0
3276.1130909901117,2667.0
51736.85633239803,2667.0
51736.85633239803,2555.0
53069.69710697886,2555.0
53069.69710697886,2667.0
66408.97195532454,2667.0
66408.97195532454,2555.0
67008.97195532454,2555.0
67008.97195532454,2667.0
86400.000002,2667.0
# temp #4758
0.0,2234.0
79875.8204067126,2234.0
79875.8204067126,2555.0
84309.57933564206,2555.0
84309.57933564206,2667.0
86400.000002,2667.0
# temp #4759
0.0,2234.0
40323.30978806131,2234.0
40323.30978806131,2555.0
44048.28988909722,2555.0
44048.28988909722,2667.0
53948.28988909722,2667.0
53948.28988909722,2555.0
56735.15294529498,2555.0
56735.15294529498,2429.0
86400.0,2429.0
# temp #4760
0.0,2234.0
47477.59512613994,2234.0
47477.59512613994,2429.0
79577.59512613993,2429.0
79577.59512613993,2555.0
79877.59512613993,2555.0
79877.59512613993,2667.0
82815.01520660242,2667.0
82815.01520660242,2555.0
86400.000002,2555.0
# temp #4761
0.0,2234.0
18273.876416939314,2234.0
18273.876416939314,2555.0
54912.7732402878,2555.0
54912.7732402878,2429.0
63900.7966584759,2429.0
63900.7966584759,2234.0
64200.7966584759,2234.0
64200.7966584759,2017.0
86400.000002,2017.0
# temp #4762
0.0,2234.0
74690.39054985625,2234.0
74690.39054985625,2555.0
86400.0,2555.0
# temp #4763
0.0,2234.0
12915.38185221143,2234.0
12915.38185221143,2429.0
19815.38185221143,2429.0
19815.38185221143,2555.0
21615.38185221143,2555.0
21615.38185221143,2429.0
34515.38185221143,2429.0
34515.38185221143,2234.0
34815.38185221143,2234.0
34815.38185221143,2017.0
35115.38185221143,2017.0
35115.38185221143,2234.0
35415.38185221143,2234.0
35415.38185221143,2017.0
50932.22373377066,2017.0
50932.22373377066,2234.0
81871.06973526534,2234.0
81871.06973526534,2429.0
86400.0,2429.0
# temp #4764
0.0,2234.0
6108.365001110361,2234.0
6108.365001110361,2883.0
6589.971299772152,2883.0
6589.971299772152,2667.0
16812.9992981907,2667.0
16812.9992981907,2883.0
37341.19362579659,2883.0
37341.19362579659,2429.0
45570.68329914474,2429.0
45570.68329914474,2234.0
58575.9191076737,2234.0
58575.9191076737,2667.0
81636.5612179041,2667.0
81636.5612179041,2555.0
86400.000002,2555.0
# temp #4765
0.0,2234.0
6307.106793578715,2234.0
6307.106793578715,2555.0
9358.561727148483,2555.0
9358.561727148483,2667.0
9661.964114592412,2667.0
9661.964114592412,2555.0
9961.964114592412,2555.0
9961.964114592412,2667.0
13561.964114592412,2667.0
13561.964114592412,2555.0
15061.964114592412,2555.0
15061.964114592412,2429.0
31699.449971364815,2429.0
31699.449971364815,2234.0
59342.908874759465,2234.0
59342.908874759465,2429.0
86400.000002,2429.0
# temp #4766
0.0,2234.0
8245.805054018274,2234.0
8245.805054018274,2017.0
36909.41111091524,2017.0
36909.41111091524,2234.0
76192.88190789522,2234.0
76192.88190789522,2017.0
79713.29394243659,2017.0
79713.29394243659,2234.0
86400.000002,2234.0
# temp #4767
0.0,2234.0
12783.331382693725,2234.0
12783.331382693725,2017.0
65380.07876356133,2017.0
65380.07876356133,2234.0
86400.0,2234.0
# temp #4768
0.0,2234.0
31130.121094943028,2234.0
31130.121094943028,2555.0
64746.181784220986,2555.0
64746.181784220986,2429.0
72694.08058861738,2429.0
72694.08058861738,2234.0
73294.08058861738,2234.0
73294.08058861738,2429.0
86400.000002,2429.0
# temp #4769
0.0,2234.0
46472.85832003691,2234.0
46472.85832003691,2429.0
47010.53392156028,2429.0
47010.53392156028,2555.0
50417.75313368999,2555.0
50417.75313368999,2429.0
73169.57701051144,2429.0
73169.57701051144,2555.0
86400.0,2555.0
# temp #4770
0.0,2234.0
5981.157635268756,2234.0
5981.157635268756,2667.0
10525.590260233732,2667.0
10525.590260233732,2555.0
11487.90322551504,2555.0
11487.90322551504,2429.0
42824.93871990593,2429.0
42824.93871990593,2555.0
77405.06421374159,2555.0
77405.06421374159,2429.0
86400.000002,2429.0
# temp #4771
0.0,2234.0
7784.953322494404,2234.0
7784.953322494404,2667.0
56798.82795105223,2667.0
56798.82795105223,2555.0
57463.52135140915,2555.0
57463.52135140915,2667.0
61073.09543194716,2667.0
61073.09543194716,2555.0
61373.09543194716,2555.0
61373.09543194716,2667.0
61673.09543194716,2667.0
61673.09543194716,2555.0
64973.09543194716,2555.0
64973.09543194716,2667.0
86400.000002,2667.0
# temp #4772
0.0,2234.0
29016.162376245487,2234.0
29016.162376245487,2429.0
29415.11072132271,2429.0
29415.11072132271,2555.0
34275.91341349763,2555.0
34275.91341349763,2429.0
36979.41514388659,2429.0
36979.41514388659,2555.0
39025.240844814114,2555.0
39025.240844814114,2667.0
75900.21460941063,2667.0
75900.21460941063,2555.0
86400.0,2555.0
# temp #4773
0.0,2234.0
56638.74083147385,2234.0
56638.74083147385,2555.0
68388.04508107716,2555.0
68388.04508107716,2429.0
68884.03998424766,2429.0
68884.03998424766,2555.0
86400.000002,2555.0
# temp #4774
0.0,2234.0
1090.3528542257845,2234.0
1090.3528542257845,2429.0
1391.8642586795613,2429.0
1391.8642586795613,2555.0
4393.682320299558,2555.0
4393.682320299558,2429.0
6148.755844216795,2429.0
6148.755844216795,2555.0
24962.524855881933,2555.0
24962.524855881933,2667.0
28518.155205063526,2667.0
28518.155205063526,2555.0
47204.48390962557,2555.0
47204.48390962557,2667.0
53575.75119291433,2667.0
53575.75119291433,2555.0
66477.27781743744,2555.0
66477.27781743744,2667.0
86400.000002,2667.0
# temp #4775
0.0,2234.0
37947.16659765691,2234.0
37947.16659765691,2017.0
70836.16555240005,2017.0
70836.16555240005,2234.0
86400.0,2234.0
# temp #4776
0.0,2234.0
36183.50972710178,2234.0
36183.50972710178,2429.0
36512.42516075727,2429.0
36512.42516075727,2234.0
37274.06005072408,2234.0
37274.06005072408,2429.0
38558.41107596644,2429.0
38558.41107596644,2234.0
41188.0942340009,2234.0
41188.0942340009,2429.0
41623.68366862648,2429.0
41623.68366862648,2234.0
48747.95617279597,2234.0
48747.95617279597,2429.0
55708.938992419295,2429.0
55708.938992419295,2555.0
59858.39092237876,2555.0
59858.39092237876,2429.0
86400.0,2429.0
# temp #4777
0.0,2234.0
5051.945519819857,2234.0
5051.945519819857,2555.0
34811.61944302731,2555.0
34811.61944302731,2429.0
35386.735486029655,2429.0
35386.735486029655,2555.0
53147.98385014293,2555.0
53147.98385014293,2429.0
53698.85941303802,2429.0
53698.85941303802,2555.0
54692.70514554811,2555.0
54692.70514554811,2429.0
54992.70514554811,2429.0
54992.70514554811,2555.0
75392.70514554811,2555.0
75392.70514554811,2429.0
75692.70514554811,2429.0
75692.70514554811,2555.0
76292.70514554811,2555.0
76292.70514554811,2667.0
77659.06730687713,2667.0
77659.06730687713,2234.0
86400.0,2234.0
# temp #4778
0.0,2234.0
21587.633687909693,2234.0
21587.633687909693,2555.0
31087.115394556895,2555.0
31087.115394556895,2429.0
35985.51685195416,2429.0
35985.51685195416,2234.0
51677.49202139676,2234.0
51677.49202139676,2429.0
84665.10115186685,2429.0
84665.10115186685,2555.0
86400.0,2555.0
# temp #4779
0.0,2234.0
5484.9966439884165,2234.0
5484.9966439884165,2667.0
16824.67689388432,2667.0
16824.67689388432,2555.0
17724.32100051083,2555.0
17724.32100051083,2667.0
47469.87628571225,2667.0
47469.87628571225,2555.0
50469.87628571225,2555.0
50469.87628571225,2667.0
76569.87628571225,2667.0
76569.87628571225,2883.0
86400.0,2883.0
# temp #4780
0.0,2234.0
46698.320843861446,2234.0
46698.320843861446,2429.0
47118.12996191439,2429.0
47118.12996191439,2555.0
51620.66959587392,2555.0
51620.66959587392,2429.0
63609.28722477985,2429.0
63609.28722477985,2555.0
86400.000002,2555.0
# temp #4781
0.0,2234.0
26502.57044490427,2234.0
26502.57044490427,2017.0
56430.11693274603,2017.0
56430.11693274603,2234.0
86400.0,2234.0
# temp #4782
0.0,2234.0
20821.90663281363,2234.0
20821.90663281363,2555.0
47559.75068409462,2555.0
47559.75068409462,2429.0
85540.03318373581,2429.0
85540.03318373581,2234.0
86400.000002,2234.0
# temp #4783
0.0,2234.0
65462.50548076351,2234.0
65462.50548076351,2883.0
67862.5054807635,2883.0
67862.5054807635,2667.0
72223.80590415561,2667.0
72223.80590415561,2555.0
73076.08146623244,2555.0
73076.08146623244,2429.0
86400.000002,2429.0
# temp #4784
0.0,2234.0
26017.48190936633,2234.0
26017.48190936633,2555.0
28412.500363122675,2555.0
28412.500363122675,2667.0
28826.529508782554,2667.0
28826.529508782554,2555.0
34826.52950878256,2555.0
34826.52950878256,2429.0
37226.52950878256,2429.0
37226.52950878256,2234.0
40826.52950878256,2234.0
40826.52950878256,2429.0
42026.52950878256,2429.0
42026.52950878256,2234.0
47726.52950878256,2234.0
47726.52950878256,2429.0
82443.22352504825,2429.0
82443.22352504825,2555.0
86400.0,2555.0
# temp #4785
0.0,2234.0
43147.46015262791,2234.0
43147.46015262791,2555.0
59563.60697764905,2555.0
59563.60697764905,2429.0
60105.19047535492,2429.0
60105.19047535492,2555.0
72105.99193114323,2555.0
72105.99193114323,2429.0
72460.39150336293,2429.0
72460.39150336293,2555.0
73264.00342087728,2555.0
73264.00342087728,2429.0
73564.00342087728,2429.0
73564.00342087728,2555.0
86400.000002,2555.0
# temp #4786
0.0,2234.0
71663.51983789356,2234.0
71663.51983789356,2555.0
74851.16462325679,2555.0
74851.16462325679,2667.0
84751.16462325679,2667.0
84751.16462325679,2555.0
86400.0,2555.0
# temp #4787
0.0,2234.0
41624.39128139523,2234.0
41624.39128139523,2555.0
76012.33403461521,2555.0
76012.33403461521,2429.0
85232.65227677768,2429.0
85232.65227677768,2234.0
86400.000002,2234.0
# temp #4788
0.0,2234.0
20119.792736414824,2234.0
20119.792736414824,2555.0
36936.42707308755,2555.0
36936.42707308755,2429.0
77872.84673815595,2429.0
77872.84673815595,2234.0
78472.84673815595,2234.0
78472.84673815595,2429.0
80872.84673815595,2429.0
80872.84673815595,2555.0
86400.000002,2555.0
# temp #4789
0.0,2234.0
6724.199988436886,2234.0
6724.199988436886,2555.0
21270.064499205913,2555.0
21270.064499205913,2429.0
40707.41250661668,2429.0
40707.41250661668,2234.0
41007.41250661668,2234.0
41007.41250661668,2017.0
45289.75156461821,2017.0
45289.75156461821,2555.0
48962.76376128663,2555.0
48962.76376128663,2429.0
85095.90411961546,2429.0
85095.90411961546,2555.0
86400.000002,2555.0
# temp #4790
0.0,2234.0
7442.524525802584,2234.0
7442.524525802584,2667.0
44395.138219976805,2667.0
44395.138219976805,2555.0
45699.23962759786,2555.0
45699.23962759786,2667.0
76424.13513986395,2667.0
76424.13513986395,2555.0
79424.13513986395,2555.0
79424.13513986395,2667.0
86400.000002,2667.0
# temp #4791
0.0,2234.0
11004.573255381549,2234.0
11004.573255381549,2883.0
11609.108784841375,2883.0
11609.108784841375,2667.0
13463.720441423358,2667.0
13463.720441423358,2883.0
49388.32084983588,2883.0
49388.32084983588,2429.0
72283.33181762138,2429.0
72283.33181762138,2555.0
73162.8011937719,2555.0
73162.8011937719,2667.0
86400.000002,2667.0
# temp #4792
0.0,2234.0
40091.28306191415,2234.0
40091.28306191415,2555.0
46861.64712519386,2555.0
46861.64712519386,2429.0
47291.47845190019,2429.0
47291.47845190019,2555.0
70040.67287330983,2555.0
70040.67287330983,2429.0
70678.09055882973,2429.0
70678.09055882973,2555.0
71647.15550167022,2555.0
71647.15550167022,2429.0
86400.0,2429.0
# temp #4793
0.0,2234.0
4619.099284987898,2234.0
4619.099284987898,2667.0
12873.607873613946,2667.0
12873.607873613946,2555.0
14134.075108892286,2555.0
14134.075108892286,2667.0
48792.18098397833,2667.0
48792.18098397833,2555.0
49092.18098397833,2555.0
49092.18098397833,2667.0
49862.76229871438,2667.0
49862.76229871438,2555.0
50462.76229871438,2555.0
50462.76229871438,2667.0
63154.04230537825,2667.0
63154.04230537825,2234.0
82919.3976135459,2234.0
82919.3976135459,2667.0
86400.0,2667.0
# temp #4794
0.0,2234.0
42567.340566404164,2234.0
42567.340566404164,2555.0
50872.09475068376,2555.0
50872.09475068376,2667.0
83061.57811679879,2667.0
83061.57811679879,2555.0
86400.000002,2555.0
# temp #4795
0.0,2234.0
6918.057723110543,2234.0
6918.057723110543,2017.0
24987.116000242535,2017.0
24987.116000242535,2234.0
43329.32757390664,2234.0
43329.32757390664,2017.0
86400.0,2017.0
# temp #4796
0.0,2234.0
24352.412209846083,2234.0
24352.412209846083,2555.0
44836.887053400285,2555.0
44836.887053400285,2429.0
45373.780607362285,2429.0
45373.780607362285,2555.0
63817.75787242224,2555.0
63817.75787242224,2429.0
64948.369167954676,2429.0
64948.369167954676,2555.0
65864.6102419356,2555.0
65864.6102419356,2429.0
66164.6102419356,2429.0
66164.6102419356,2555.0
86400.0,2555.0
# temp #4797
0.0,2234.0
25707.223813631575,2234.0
25707.223813631575,2555.0
28857.66289068852,2555.0
28857.66289068852,2667.0
35157.662890688516,2667.0
35157.662890688516,2555.0
36357.662890688516,2555.0
36357.662890688516,2429.0
79557.66289068852,2429.0
79557.66289068852,2234.0
86400.0,2234.0
# temp #4798
0.0,2234.0
1210.2541656699032,2234.0
1210.2541656699032,2429.0
1702.722438191995,2429.0
1702.722438191995,2555.0
3671.404768293724,2555.0
3671.404768293724,2429.0
20745.97600323614,2429.0
20745.97600323614,2555.0
29310.918732150465,2555.0
29310.918732150465,2667.0
68853.37869578508,2667.0
68853.37869578508,2883.0
86400.0,2883.0
# temp #4799
0.0,2234.0
65704.48013339193,2234.0
65704.48013339193,2555.0
86400.000002,2555.0
# temp #4800
0.0,2234.0
77482.71396956408,2234.0
77482.71396956408,2555.0
86400.0,2555.0
# temp #4801
0.0,2234.0
17132.79470619746,2234.0
17132.79470619746,2017.0
50573.107247008025,2017.0
50573.107247008025,2234.0
86400.000002,2234.0
# temp #4802
0.0,2234.0
4246.296382835135,2234.0
4246.296382835135,2017.0
17863.14743994735,2017.0
17863.14743994735,2234.0
20410.81162481569,2234.0
20410.81162481569,2017.0
22482.670488115404,2017.0
22482.670488115404,2234.0
43918.29490391538,2234.0
43918.29490391538,2017.0
66169.16724974291,2017.0
66169.16724974291,2234.0
72353.27263623477,2234.0
72353.27263623477,2017.0
86400.0,2017.0
# temp #4803
0.0,2234.0
47330.17552136444,2234.0
47330.17552136444,2429.0
47634.3098436948,2429.0
47634.3098436948,2555.0
50860.98561189138,2555.0
50860.98561189138,2429.0
83101.98637177238,2429.0
83101.98637177238,2555.0
86400.000002,2555.0
# temp #4804
0.0,2234.0
8484.102741326205,2234.0
8484.102741326205,2429.0
8784.102741326205,2429.0
8784.102741326205,2234.0
35505.39469679352,2234.0
35505.39469679352,2429.0
35976.68236065657,2429.0
35976.68236065657,2555.0
69988.02301555408,2555.0
69988.02301555408,2429.0
86400.0,2429.0
# temp #4805
0.0,2234.0
5839.679138548673,2234.0
5839.679138548673,2555.0
19798.414791002873,2555.0
19798.414791002873,2429.0
48575.17200820149,2429.0
48575.17200820149,2234.0
49175.17200820149,2234.0
49175.17200820149,2429.0
67475.17200820148,2429.0
67475.17200820148,2555.0
68975.17200820148,2555.0
68975.17200820148,2429.0
73351.18691876998,2429.0
73351.18691876998,2234.0
85883.66627872457,2234.0
85883.66627872457,2667.0
86400.000002,2667.0
# temp #4806
0.0,2234.0
81564.88917656244,2234.0
81564.88917656244,2555.0
86400.000002,2555.0
# temp #4807
0.0,2234.0
36723.94779003226,2234.0
36723.94779003226,2429.0
43623.94779003226,2429.0
43623.94779003226,2555.0
45423.94779003226,2555.0
45423.94779003226,2429.0
58323.94779003226,2429.0
58323.94779003226,2234.0
58623.94779003226,2234.0
58623.94779003226,2017.0
58923.94779003226,2017.0
58923.94779003226,2234.0
59223.94779003226,2234.0
59223.94779003226,2017.0
76992.6420378266,2017.0
76992.6420378266,2234.0
86400.000002,2234.0
# temp #4808
0.0,2234.0
12515.845060301946,2234.0
12515.845060301946,2883.0
13006.595488311725,2883.0
13006.595488311725,2667.0
15874.339448497632,2667.0
15874.339448497632,2883.0
29395.97498844378,2883.0
29395.97498844378,2429.0
53661.31739260164,2429.0
53661.31739260164,2555.0
69348.69813553525,2555.0
69348.69813553525,2667.0
79716.25230135398,2667.0
79716.25230135398,2234.0
86400.000002,2234.0
# temp #4809
0.0,2234.0
61865.613550250426,2234.0
61865.613550250426,2555.0
62749.47753427551,2555.0
62749.47753427551,2667.0
72649.4775342755,2667.0
72649.4775342755,2555.0
77294.35074878858,2555.0
77294.35074878858,2429.0
86400.0,2429.0
# temp #4810
0.0,2234.0
51924.39592613374,2234.0
51924.39592613374,2429.0
52253.81925918628,2429.0
52253.81925918628,2555.0
56226.17464580108,2555.0
56226.17464580108,2429.0
75198.40884001461,2429.0
75198.40884001461,2555.0
86400.0,2555.0
# temp #4811
0.0,2234.0
6672.397964098492,2234.0
6672.397964098492,2667.0
11853.970288345592,2667.0
11853.970288345592,2555.0
13004.476860584693,2555.0
13004.476860584693,2667.0
47403.428021958105,2667.0
47403.428021958105,2555.0
50403.428021958105,2555.0
50403.428021958105,2667.0
76503.4280219581,2667.0
76503.4280219581,2883.0
86400.000002,2883.0
# temp #4812
0.0,2234.0
4831.969113321976,2234.0
4831.969113321976,2667.0
15222.901121014733,2667.0
15222.901121014733,2555.0
16021.63847680204,2555.0
16021.63847680204,2667.0
23009.640763630163,2667.0
23009.640763630163,2555.0
23309.640763630163,2555.0
23309.640763630163,2667.0
23609.640763630163,2667.0
23609.640763630163,2555.0
26909.640763630163,2555.0
26909.640763630163,2667.0
52409.64076363016,2667.0
52409.64076363016,2883.0
86400.0,2883.0
# temp #4813
0.0,2234.0
73910.06973604673,2234.0
73910.06973604673,2555.0
86400.0,2555.0
# temp #4814
0.0,2234.0
7340.174939506689,2234.0
7340.174939506689,2667.0
40577.97059768346,2667.0
40577.97059768346,2555.0
40887.5615549041,2555.0
40887.5615549041,2667.0
67204.06759483741,2667.0
67204.06759483741,2555.0
67504.06759483741,2555.0
67504.06759483741,2429.0
86400.000002,2429.0
# temp #4815
0.0,2234.0
58200.47381292098,2234.0
58200.47381292098,2555.0
76467.41024963559,2555.0
76467.41024963559,2429.0
76971.55893668534,2429.0
76971.55893668534,2555.0
77541.1708814325,2555.0
77541.1708814325,2429.0
78050.48855685165,2429.0
78050.48855685165,2234.0
86400.0,2234.0
# temp #4816
0.0,2234.0
46951.366883260205,2234.0
46951.366883260205,2555.0
48112.30516077486,2555.0
48112.30516077486,2667.0
58012.30516077486,2667.0
58012.30516077486,2555.0
60432.288774638444,2555.0
60432.288774638444,2429.0
86400.000002,2429.0
# temp #4817
0.0,2234.0
57137.13361825795,2234.0
57137.13361825795,2429.0
57563.912317436196,2429.0
57563.912317436196,2555.0
62593.06473126636,2555.0
62593.06473126636,2429.0
64747.19362375327,2429.0
64747.19362375327,2555.0
86400.000002,2555.0
# temp #4818
0.0,2234.0
73092.52796487419,2234.0
73092.52796487419,2555.0
84114.22979829369,2555.0
84114.22979829369,2429.0
84640.78627740966,2429.0
84640.78627740966,2555.0
86400.0,2555.0
# temp #4819
0.0,2234.0
32152.496714796875,2234.0
32152.496714796875,2017.0
38541.96882122197,2017.0
38541.96882122197,2234.0
63111.31197349169,2234.0
63111.31197349169,2017.0
86400.000002,2017.0
# temp #4820
0.0,2234.0
14887.294573942201,2234.0
14887.294573942201,2555.0
40310.610134108,2555.0
40310.610134108,2429.0
42989.350187731914,2429.0
42989.350187731914,2234.0
51428.072926215835,2234.0
51428.072926215835,2429.0
52962.180909141905,2429.0
52962.180909141905,2234.0
58868.31460003742,2234.0
58868.31460003742,2429.0
68421.0785076488,2429.0
68421.0785076488,2555.0
86400.000002,2555.0
# temp #4821
0.0,2234.0
12866.269613569604,2234.0
12866.269613569604,2555.0
17235.32516676933,2555.0
17235.32516676933,2667.0
23535.32516676933,2667.0
23535.32516676933,2555.0
24735.32516676933,2555.0
24735.32516676933,2429.0
67935.32516676933,2429.0
67935.32516676933,2234.0
68871.4698678581,2234.0
68871.4698678581,2429.0
71758.9966684347,2429.0
71758.9966684347,2883.0
86400.0,2883.0
# temp #4822
0.0,2234.0
82233.05842322299,2234.0
82233.05842322299,2555.0
86175.86763077417,2555.0
86175.86763077417,2234.0
86400.000002,2234.0
# temp #4823
0.0,2234.0
17540.82144345157,2234.0
17540.82144345157,2429.0
18054.613376408815,2429.0
18054.613376408815,2234.0
18761.23131935019,2234.0
18761.23131935019,2429.0
19819.351895456202,2429.0
19819.351895456202,2234.0
26444.10060304217,2234.0
26444.10060304217,2429.0
27012.046464392915,2429.0
27012.046464392915,2555.0
27961.71490349807,2555.0
27961.71490349807,2429.0
28261.71490349807,2429.0
28261.71490349807,2555.0
28561.71490349807,2555.0
28561.71490349807,2429.0
29161.71490349807,2429.0
29161.71490349807,2555.0
32259.718754002824,2555.0
32259.718754002824,2429.0
62516.90901322291,2429.0
62516.90901322291,2555.0
80900.22494383158,2555.0
80900.22494383158,2667.0
86400.000002,2667.0
# temp #4824
0.0,2234.0
70821.80431257004,2234.0
70821.80431257004,2555.0
86400.000002,2555.0
# temp #4825
0.0,2234.0
4370.705580990762,2234.0
4370.705580990762,2667.0
25581.916976301003,2667.0
25581.916976301003,2555.0
26869.67422398739,2555.0
26869.67422398739,2667.0
35373.869057558484,2667.0
35373.869057558484,2555.0
35673.869057558484,2555.0
35673.869057558484,2667.0
36545.56103185751,2667.0
36545.56103185751,2555.0
37145.56103185751,2555.0
37145.56103185751,2667.0
38000.616284133874,2667.0
38000.616284133874,2234.0
43496.47262427025,2234.0
43496.47262427025,2667.0
60101.56997318847,2667.0
60101.56997318847,2555.0
69270.63918316273,2555.0
69270.63918316273,2667.0
86400.0,2667.0
# temp #4826
0.0,2234.0
67439.07211592888,2234.0
67439.07211592888,2555.0
76687.10584945513,2555.0
76687.10584945513,2429.0
77071.31415323821,2429.0
77071.31415323821,2555.0
79853.20922329558,2555.0
79853.20922329558,2429.0
80905.07323800122,2429.0
80905.07323800122,2234.0
86400.000002,2234.0
# temp #4827
0.0,2234.0
18784.51320023742,2234.0
18784.51320023742,2429.0
19255.639293626886,2429.0
19255.639293626886,2555.0
21226.33628456388,2555.0
21226.33628456388,2429.0
40560.53796932102,2429.0
40560.53796932102,2555.0
49337.89682372008,2555.0
49337.89682372008,2429.0
52600.330289080746,2429.0
52600.330289080746,2555.0
59985.26459578426,2555.0
59985.26459578426,2667.0
86400.000002,2667.0
# temp #4828
0.0,2234.0
17690.93884150498,2234.0
17690.93884150498,2883.0
28790.93884150498,2883.0
28790.93884150498,2555.0
51632.561600022025,2555.0
51632.561600022025,2429.0
86400.000002,2429.0
# temp #4829
0.0,2234.0
1102.6725243078545,2234.0
1102.6725243078545,2667.0
16392.569711082615,2667.0
16392.569711082615,2555.0
17319.449406419884,2555.0
17319.449406419884,2667.0
46263.37355864236,2667.0
46263.37355864236,2555.0
46563.37355864236,2555.0
46563.37355864236,2667.0
47275.828810315594,2667.0
47275.828810315594,2555.0
47875.828810315594,2555.0
47875.828810315594,2667.0
54624.234054051354,2667.0
54624.234054051354,2883.0
73538.21253776552,2883.0
73538.21253776552,2667.0
78164.4548117649,2667.0
78164.4548117649,2555.0
83857.20788449982,2555.0
83857.20788449982,2667.0
86400.000002,2667.0
# temp #4830
0.0,2234.0
74615.13426101302,2234.0
74615.13426101302,2555.0
78787.39319317976,2555.0
78787.39319317976,2667.0
79315.27032384185,2667.0
79315.27032384185,2555.0
79615.27032384185,2555.0
79615.27032384185,2667.0
86400.0,2667.0
# temp #4831
0.0,2234.0
22416.838909965012,2234.0
22416.838909965012,2429.0
23016.838909965012,2429.0
23016.838909965012,2555.0
27786.434446927164,2555.0
27786.434446927164,2429.0
61882.28402291426,2429.0
61882.28402291426,2555.0
77611.02153451649,2555.0
77611.02153451649,2429.0
86400.0,2429.0
# temp #4832
0.0,2234.0
68692.35357670115,2234.0
68692.35357670115,2555.0
86400.000002,2555.0
# temp #4833
0.0,2234.0
31542.512479517613,2234.0
31542.512479517613,2017.0
44437.10331316107,2017.0
44437.10331316107,2234.0
68786.53146014549,2234.0
68786.53146014549,2017.0
86400.0,2017.0
# temp #4834
0.0,2234.0
15838.53897037916,2234.0
15838.53897037916,2555.0
19696.410229965117,2555.0
19696.410229965117,2667.0
20071.5842822101,2667.0
20071.5842822101,2555.0
20371.5842822101,2555.0
20371.5842822101,2667.0
23971.5842822101,2667.0
23971.5842822101,2555.0
25471.5842822101,2555.0
25471.5842822101,2429.0
32853.63257105928,2429.0
32853.63257105928,2234.0
60935.92221974397,2234.0
60935.92221974397,2429.0
82413.06307443885,2429.0
82413.06307443885,2555.0
86400.0,2555.0
# temp #4835
0.0,2234.0
7878.206984605642,2234.0
7878.206984605642,2667.0
37107.499410887256,2667.0
37107.499410887256,2555.0
37481.62554076408,2555.0
37481.62554076408,2667.0
73595.10039333256,2667.0
73595.10039333256,2555.0
73895.10039333256,2555.0
73895.10039333256,2667.0
74731.80792303757,2667.0
74731.80792303757,2555.0
75331.80792303757,2555.0
75331.80792303757,2667.0
86400.000002,2667.0
# temp #4836
0.0,2234.0
19456.252882909033,2234.0
19456.252882909033,2429.0
19993.01430699416,2429.0
19993.01430699416,2555.0
21607.696579070765,2555.0
21607.696579070765,2429.0
47533.49712900818,2429.0
47533.49712900818,2234.0
50920.73961286806,2234.0
50920.73961286806,2429.0
78509.90022146144,2429.0
78509.90022146144,2555.0
86222.29655161501,2555.0
86222.29655161501,2429.0
86400.0,2429.0
# temp #4837
0.0,2234.0
15596.16968301125,2234.0
15596.16968301125,2017.0
57159.52168176883,2017.0
57159.52168176883,2234.0
61057.078336039565,2234.0
61057.078336039565,2017.0
86400.000002,2017.0
# temp #4838
0.0,2234.0
30322.589297778908,2234.0
30322.589297778908,2555.0
32109.711679187607,2555.0
32109.711679187607,2667.0
42009.7116791876,2667.0
42009.7116791876,2555.0
43000.72306555231,2555.0
43000.72306555231,2429.0
64146.24324480538,2429.0
64146.24324480538,2883.0
82418.89330025298,2883.0
82418.89330025298,2429.0
86400.000002,2429.0
# temp #4839
0.0,2234.0
53694.21844894533,2234.0
53694.21844894533,2555.0
56194.879250787206,2555.0
56194.879250787206,2667.0
56691.6455737548,2667.0
56691.6455737548,2555.0
56991.6455737548,2555.0
56991.6455737548,2667.0
60591.6455737548,2667.0
60591.6455737548,2555.0
62091.6455737548,2555.0
62091.6455737548,2429.0
74951.01010738873,2429.0
74951.01010738873,2234.0
75459.48348878884,2234.0
75459.48348878884,2667.0
83635.41118043942,2667.0
83635.41118043942,2555.0
86400.000002,2555.0
# temp #4840
0.0,2234.0
53787.308973516345,2234.0
53787.308973516345,2555.0
86400.0,2555.0
# temp #4841
0.0,2234.0
47794.563021417714,2234.0
47794.563021417714,2429.0
48288.48685061094,2429.0
48288.48685061094,2555.0
49392.288050777286,2555.0
49392.288050777286,2429.0
50982.542762369856,2429.0
50982.542762369856,2555.0
65091.37945049444,2555.0
65091.37945049444,2429.0
70137.48688604684,2429.0
70137.48688604684,2555.0
84943.76411614941,2555.0
84943.76411614941,2667.0
86400.0,2667.0
# temp #4842
0.0,2234.0
28275.973778218035,2234.0
28275.973778218035,2429.0
35175.97377821803,2429.0
35175.97377821803,2555.0
36975.97377821803,2555.0
36975.97377821803,2429.0
49875.97377821803,2429.0
49875.97377821803,2234.0
50175.97377821803,2234.0
50175.97377821803,2017.0
50475.97377821803,2017.0
50475.97377821803,2234.0
50775.97377821803,2234.0
50775.97377821803,2017.0
57543.57892214321,2017.0
57543.57892214321,2234.0
66069.38326195814,2234.0
66069.38326195814,2667.0
86400.000002,2667.0
# temp #4843
0.0,2234.0
27709.267420833934,2234.0
27709.267420833934,2555.0
41996.31605423056,2555.0
41996.31605423056,2429.0
42419.667422957726,2429.0
42419.667422957726,2555.0
56462.30560659897,2555.0
56462.30560659897,2429.0
57477.725094161004,2429.0
57477.725094161004,2555.0
58674.94921206963,2555.0
58674.94921206963,2429.0
86400.0,2429.0
# temp #4844
0.0,2234.0
5348.036571010017,2234.0
5348.036571010017,2667.0
12459.0061836876,2667.0
12459.0061836876,2555.0
13422.983766160907,2555.0
13422.983766160907,2667.0
40844.43925588858,2667.0
40844.43925588858,2555.0
41144.43925588858,2555.0
41144.43925588858,2667.0
41812.573879282,2667.0
41812.573879282,2555.0
42412.573879282,2555.0
42412.573879282,2667.0
61786.109904362835,2667.0
61786.109904362835,2555.0
69981.98154454587,2555.0
69981.98154454587,2429.0
86400.000002,2429.0
# temp #4845
0.0,2234.0
7696.597150037998,2234.0
7696.597150037998,2667.0
33984.67179893051,2667.0
33984.67179893051,2555.0
34782.0426927181,2555.0
34782.0426927181,2667.0
64420.12876903174,2667.0
64420.12876903174,2555.0
64720.12876903174,2555.0
64720.12876903174,2667.0
65468.56244390366,2667.0
65468.56244390366,2555.0
66068.56244390366,2555.0
66068.56244390366,2667.0
86400.0,2667.0
# temp #4846
0.0,2234.0
6025.589020550252,2234.0
6025.589020550252,2429.0
6325.589020550252,2429.0
6325.589020550252,2234.0
23086.747282720175,2234.0
23086.747282720175,2429.0
27609.94181390852,2429.0
27609.94181390852,2234.0
41255.934249144055,2234.0
41255.934249144055,2429.0
70484.94188524784,2429.0
70484.94188524784,2883.0
86400.000002,2883.0
# temp #4847
0.0,2234.0
15474.545384407977,2234.0
15474.545384407977,2429.0
16071.2454241002,2429.0
16071.2454241002,2234.0
16844.463629345413,2234.0
16844.463629345413,2429.0
19498.256383021366,2429.0
19498.256383021366,2234.0
29315.433848183606,2234.0
29315.433848183606,2429.0
29960.728682298217,2429.0
29960.728682298217,2555.0
31184.41773215309,2555.0
31184.41773215309,2429.0
86400.0,2429.0
# temp #4848
0.0,2234.0
10093.488378287295,2234.0
10093.488378287295,2429.0
42193.48837828729,2429.0
42193.48837828729,2555.0
42493.48837828729,2555.0
42493.48837828729,2667.0
43504.22542663291,2667.0
43504.22542663291,2555.0
48210.35369876772,2555.0
48210.35369876772,2667.0
70461.90955366474,2667.0
70461.90955366474,2555.0
86400.0,2555.0
# temp #4849
0.0,2234.0
20967.61324089021,2234.0
20967.61324089021,2555.0
24945.751737733375,2555.0
24945.751737733375,2667.0
25489.93388686795,2667.0
25489.93388686795,2555.0
25789.93388686795,2555.0
25789.93388686795,2667.0
29389.93388686795,2667.0
29389.93388686795,2555.0
30889.93388686795,2555.0
30889.93388686795,2429.0
33271.65827974678,2429.0
33271.65827974678,2234.0
35863.217864907354,2234.0
35863.217864907354,2429.0
64045.4294019146,2429.0
64045.4294019146,2234.0
67303.95550781397,2234.0
67303.95550781397,2667.0
86400.0,2667.0
# temp #4850
0.0,2234.0
498.2315049273893,2234.0
498.2315049273893,2555.0
20586.664652754556,2555.0
20586.664652754556,2429.0
21065.59328217991,2429.0
21065.59328217991,2555.0
39173.44097332098,2555.0
39173.44097332098,2429.0
40066.68728110381,2429.0
40066.68728110381,2555.0
40710.01056167298,2555.0
40710.01056167298,2429.0
41010.01056167298,2429.0
41010.01056167298,2555.0
42510.01056167298,2555.0
42510.01056167298,2429.0
52710.01056167298,2429.0
52710.01056167298,2234.0
86400.0,2234.0
# temp #4851
0.0,2234.0
5375.916963396595,2234.0
5375.916963396595,2883.0
6096.0622281068945,2883.0
6096.0622281068945,2667.0
17254.934426606636,2667.0
17254.934426606636,2883.0
27557.709690858617,2883.0
27557.709690858617,2667.0
55028.85571976659,2667.0
55028.85571976659,2555.0
86400.000002,2555.0
# temp #4852
0.0,2234.0
45872.46713989881,2234.0
45872.46713989881,2555.0
62408.36883068552,2555.0
62408.36883068552,2429.0
62781.252800929375,2429.0
62781.252800929375,2555.0
78671.11947974192,2555.0
78671.11947974192,2429.0
79852.63958349825,2429.0
79852.63958349825,2555.0
81100.86183696987,2555.0
81100.86183696987,2429.0
81400.86183696987,2429.0
81400.86183696987,2555.0
81700.86183696987,2555.0
81700.86183696987,2429.0
82300.86183696987,2429.0
82300.86183696987,2555.0
83346.84850908817,2555.0
83346.84850908817,2429.0
86400.0,2429.0
# temp #4853
0.0,2234.0
42422.48368829024,2234.0
42422.48368829024,2555.0
65083.684721519254,2555.0
65083.684721519254,2429.0
75983.68132926991,2429.0
75983.68132926991,2234.0
84489.91783980747,2234.0
84489.91783980747,2429.0
86400.000002,2429.0
# temp #4854
0.0,2234.0
71549.51469632798,2234.0
71549.51469632798,2555.0
86400.0,2555.0
# temp #4855
0.0,2234.0
10673.484531068245,2234.0
10673.484531068245,2883.0
21773.484531068243,2883.0
21773.484531068243,2555.0
40178.98850182538,2555.0
40178.98850182538,2667.0
66763.58853159474,2667.0
66763.58853159474,2555.0
69231.68617207558,2555.0
69231.68617207558,2667.0
86400.0,2667.0
# temp #4856
0.0,2234.0
6596.900393161923,2234.0
6596.900393161923,2017.0
13803.51585787721,2017.0
13803.51585787721,2234.0
58152.64641777613,2234.0
58152.64641777613,2017.0
75619.4291508291,2017.0
75619.4291508291,2234.0
81598.70448005387,2234.0
81598.70448005387,2017.0
86400.000002,2017.0
# temp #4857
0.0,2234.0
31985.616024839695,2234.0
31985.616024839695,2555.0
57056.002097879544,2555.0
57056.002097879544,2429.0
57362.11746011396,2429.0
57362.11746011396,2555.0
68101.55104994775,2555.0
68101.55104994775,2429.0
68517.45254213458,2429.0
68517.45254213458,2234.0
81146.20184989182,2234.0
81146.20184989182,2429.0
86400.0,2429.0
# temp #4858
0.0,2234.0
75699.06506978442,2234.0
75699.06506978442,2883.0
78099.06506978442,2883.0
78099.06506978442,2667.0
86400.0,2667.0
# temp #4859
0.0,2234.0
7209.020828548821,2234.0
7209.020828548821,2667.0
8618.0578422267,2667.0
8618.0578422267,2555.0
9473.962009465324,2555.0
9473.962009465324,2429.0
20396.7801312916,2429.0
20396.7801312916,2234.0
32980.816663708545,2234.0
32980.816663708545,2667.0
66929.4390276773,2667.0
66929.4390276773,2555.0
86400.000002,2555.0
# temp #4860
0.0,2234.0
31989.349921024408,2234.0
31989.349921024408,2429.0
32386.88640422188,2429.0
32386.88640422188,2555.0
32940.903838863596,2555.0
32940.903838863596,2429.0
42238.20227854886,2429.0
42238.20227854886,2234.0
71663.95191312769,2234.0
71663.95191312769,2429.0
86400.000002,2429.0
# temp #4861
0.0,2234.0
74491.86152697077,2234.0
74491.86152697077,2555.0
86400.0,2555.0
# temp #4862
0.0,2234.0
1326.8953632563353,2234.0
1326.8953632563353,2667.0
34668.74335140456,2667.0
34668.74335140456,2555.0
35065.827416838154,2555.0
35065.827416838154,2667.0
40501.54675247614,2667.0
40501.54675247614,2555.0
40801.54675247614,2555.0
40801.54675247614,2429.0
42862.50786613674,2429.0
42862.50786613674,2667.0
61538.05982053747,2667.0
61538.05982053747,2555.0
69659.29422152696,2555.0
69659.29422152696,2429.0
86400.000002,2429.0
# temp #4863
0.0,2234.0
42981.32722266019,2234.0
42981.32722266019,2429.0
43281.32722266019,2429.0
43281.32722266019,2234.0
60260.40852069856,2234.0
60260.40852069856,2667.0
86400.0,2667.0
# temp #4864
0.0,2234.0
80506.86491320377,2234.0
80506.86491320377,2883.0
82906.86491320377,2883.0
82906.86491320377,2667.0
86400.000002,2667.0
# temp #4865
0.0,2234.0
66798.68631181307,2234.0
66798.68631181307,2883.0
69198.68631181307,2883.0
69198.68631181307,2667.0
85104.30073540192,2667.0
85104.30073540192,2883.0
86400.000002,2883.0
# temp #4866
0.0,2234.0
8773.336216877216,2234.0
8773.336216877216,2883.0
19873.336216877215,2883.0
19873.336216877215,2555.0
46211.39957041015,2555.0
46211.39957041015,2429.0
82395.36723266357,2429.0
82395.36723266357,2555.0
86400.0,2555.0
# temp #4867
0.0,2234.0
13513.546310900712,2234.0
13513.546310900712,2555.0
29228.888809005737,2555.0
29228.888809005737,2429.0
29791.362839913934,2429.0
29791.362839913934,2555.0
30997.294009756304,2555.0
30997.294009756304,2429.0
31829.939458519228,2429.0
31829.939458519228,2234.0
33362.27943263949,2234.0
33362.27943263949,2667.0
51658.641882310636,2667.0
51658.641882310636,2555.0
71401.95691490082,2555.0
71401.95691490082,2667.0
86400.000002,2667.0
# temp #4868
0.0,2234.0
67216.43822800835,2234.0
67216.43822800835,2555.0
86400.000002,2555.0
# temp #4869
0.0,2234.0
12937.061735149475,2234.0
12937.061735149475,2883.0
24037.061735149473,2883.0
24037.061735149473,2555.0
32891.469197999686,2555.0
32891.469197999686,2667.0
57675.4987591412,2667.0
57675.4987591412,2555.0
75988.11600641349,2555.0
75988.11600641349,2667.0
86400.000002,2667.0
# temp #4870
0.0,2234.0
744.6583470795304,2234.0
744.6583470795304,2667.0
12736.297169839965,2667.0
12736.297169839965,2555.0
13469.782836316155,2555.0
13469.782836316155,2667.0
37886.437301477425,2667.0
37886.437301477425,2555.0
38186.437301477425,2555.0
38186.437301477425,2667.0
38937.62095053681,2667.0
38937.62095053681,2555.0
39537.62095053681,2555.0
39537.62095053681,2667.0
70169.51139145532,2667.0
70169.51139145532,2555.0
76456.20134160855,2555.0
76456.20134160855,2429.0
86400.000002,2429.0
# temp #4871
0.0,2234.0
46146.95735431743,2234.0
46146.95735431743,2555.0
64647.040045238115,2555.0
64647.040045238115,2429.0
86400.0,2429.0
# temp #4872
0.0,2234.0
78496.63782650606,2234.0
78496.63782650606,2555.0
86400.000002,2555.0
# temp #4873
0.0,2234.0
41609.88847191912,2234.0
41609.88847191912,2555.0
78360.16562136357,2555.0
78360.16562136357,2429.0
78878.80983317738,2429.0
78878.80983317738,2555.0
86400.000002,2555.0
# temp #4874
0.0,2234.0
21270.586406509396,2234.0
21270.586406509396,2555.0
23545.56715919171,2555.0
23545.56715919171,2667.0
23951.985786273148,2667.0
23951.985786273148,2555.0
24251.985786273148,2555.0
24251.985786273148,2667.0
27851.985786273148,2667.0
27851.985786273148,2555.0
29351.985786273148,2555.0
29351.985786273148,2429.0
32891.3146882318,2429.0
32891.3146882318,2234.0
43695.99197627977,2234.0
43695.99197627977,2429.0
55410.45500684996,2429.0
55410.45500684996,2555.0
59593.88646343724,2555.0
59593.88646343724,2429.0
63831.82527960745,2429.0
63831.82527960745,2555.0
68850.39500116838,2555.0
68850.39500116838,2429.0
86400.000002,2429.0
# temp #4875
0.0,2234.0
6996.43202237785,2234.0
6996.43202237785,2667.0
50318.83570309729,2667.0
50318.83570309729,2555.0
51571.663695573814,2555.0
51571.663695573814,2667.0
67659.26498619375,2667.0
67659.26498619375,2555.0
70659.26498619375,2555.0
70659.26498619375,2667.0
86400.000002,2667.0
# temp #4876
0.0,2234.0
6816.380282817409,2234.0
6816.380282817409,2883.0
7758.736815559679,2883.0
7758.736815559679,2667.0
13128.606216958724,2667.0
13128.606216958724,2883.0
45573.93098159228,2883.0
45573.93098159228,2429.0
78750.2631351119,2429.0
78750.2631351119,2555.0
86400.000002,2555.0
# temp #4877
0.0,2234.0
5788.455323525705,2234.0
5788.455323525705,2667.0
53350.925309839666,2667.0
53350.925309839666,2555.0
54413.49309745711,2555.0
54413.49309745711,2667.0
61201.37011092157,2667.0
61201.37011092157,2555.0
61801.37011092157,2555.0
61801.37011092157,2667.0
76391.48499956354,2667.0
76391.48499956354,2555.0
77127.01966864988,2555.0
77127.01966864988,2429.0
86400.0,2429.0
# temp #4878
0.0,2234.0
9562.392129236834,2234.0
9562.392129236834,2555.0
10170.590863726104,2555.0
10170.590863726104,2667.0
16470.5908637261,2667.0
16470.5908637261,2555.0
17670.5908637261,2555.0
17670.5908637261,2429.0
60870.5908637261,2429.0
60870.5908637261,2234.0
86400.000002,2234.0
# temp #4879
0.0,2234.0
9470.763062057087,2234.0
9470.763062057087,2555.0
37560.68612553646,2555.0
37560.68612553646,2429.0
37943.69337824174,2429.0
37943.69337824174,2555.0
53619.720312813304,2555.0
53619.720312813304,2429.0
54627.49367114157,2429.0
54627.49367114157,2234.0
66093.79449456466,2234.0
66093.79449456466,2429.0
70953.68520535996,2429.0
70953.68520535996,2555.0
81434.15821697564,2555.0
81434.15821697564,2429.0
86400.0,2429.0
# temp #4880
0.0,2234.0
75311.51583180764,2234.0
75311.51583180764,2555.0
76749.79994099123,2555.0
76749.79994099123,2667.0
77164.60029620213,2667.0
77164.60029620213,2555.0
83164.60029620213,2555.0
83164.60029620213,2429.0
85564.60029620213,2429.0
85564.60029620213,2234.0
86400.0,2234.0
# temp #4881
0.0,2234.0
21168.18689669017,2234.0
21168.18689669017,2555.0
25847.584907035347,2555.0
25847.584907035347,2667.0
26303.451111260805,2667.0
26303.451111260805,2555.0
32303.451111260805,2555.0
32303.451111260805,2429.0
34703.45111126081,2429.0
34703.45111126081,2234.0
38303.45111126081,2234.0
38303.45111126081,2429.0
39503.45111126081,2429.0
39503.45111126081,2234.0
45203.45111126081,2234.0
45203.45111126081,2429.0
50325.766516453594,2429.0
50325.766516453594,2555.0
52730.28997122311,2555.0
52730.28997122311,2429.0
78585.11363777799,2429.0
78585.11363777799,2555.0
84786.09172180296,2555.0
84786.09172180296,2429.0
86400.0,2429.0
# temp #4882
0.0,2234.0
78625.18788564486,2234.0
78625.18788564486,2555.0
86400.0,2555.0
# temp #4883
0.0,2234.0
6089.219019189478,2234.0
6089.219019189478,2667.0
38577.67010782845,2667.0
38577.67010782845,2555.0
39549.83605840244,2555.0
39549.83605840244,2429.0
77122.05157228747,2429.0
77122.05157228747,2555.0
79206.07693700587,2555.0
79206.07693700587,2429.0
85300.82477855032,2429.0
85300.82477855032,2883.0
86400.0,2883.0
# temp #4884
0.0,2234.0
5028.41429100372,2234.0
5028.41429100372,2667.0
29228.27866931912,2667.0
29228.27866931912,2555.0
29878.472340828743,2555.0
29878.472340828743,2667.0
47831.28993124702,2667.0
47831.28993124702,2555.0
48431.28993124702,2555.0
48431.28993124702,2667.0
68479.35660984369,2667.0
68479.35660984369,2555.0
72105.15822228046,2555.0
72105.15822228046,2429.0
86400.0,2429.0
# temp #4885
0.0,2234.0
45764.24299108331,2234.0
45764.24299108331,2555.0
46936.74282627181,2555.0
46936.74282627181,2667.0
47367.69960410894,2667.0
47367.69960410894,2555.0
47667.69960410894,2555.0
47667.69960410894,2667.0
51267.69960410894,2667.0
51267.69960410894,2555.0
52767.69960410894,2555.0
52767.69960410894,2429.0
53386.99036852923,2429.0
53386.99036852923,2234.0
82453.02429457662,2234.0
82453.02429457662,2429.0
86400.000002,2429.0
# temp #4886
0.0,2234.0
72303.66119008977,2234.0
72303.66119008977,2555.0
83644.6100355126,2555.0
83644.6100355126,2234.0
86400.0,2234.0
# temp #4887
0.0,2234.0
8182.712961919607,2234.0
8182.712961919607,2017.0
32843.170547811314,2017.0
32843.170547811314,2234.0
51386.29964715802,2234.0
51386.29964715802,2017.0
55268.843600945554,2017.0
55268.843600945554,2234.0
86400.0,2234.0
# temp #4888
0.0,2234.0
39901.31537695415,2234.0
39901.31537695415,2883.0
42301.31537695415,2883.0
42301.31537695415,2667.0
48704.71319819335,2667.0
48704.71319819335,2555.0
67871.32458372507,2555.0
67871.32458372507,2667.0
86400.000002,2667.0
# temp #4889
0.0,2234.0
19743.377882544886,2234.0
19743.377882544886,2555.0
51913.64958251362,2555.0
51913.64958251362,2429.0
52321.21292073281,2429.0
52321.21292073281,2555.0
75956.43361655531,2555.0
75956.43361655531,2429.0
76687.39712170792,2429.0
76687.39712170792,2555.0
77159.63728779463,2555.0
77159.63728779463,2429.0
77459.63728779463,2429.0
77459.63728779463,2555.0
77759.63728779463,2555.0
77759.63728779463,2429.0
78359.63728779463,2429.0
78359.63728779463,2555.0
82405.57962746827,2555.0
82405.57962746827,2429.0
85798.90930519906,2429.0
85798.90930519906,2555.0
86400.000002,2555.0
# temp #4890
0.0,2234.0
16410.99509345368,2234.0
16410.99509345368,2017.0
34560.86472398602,2017.0
34560.86472398602,2234.0
78794.09188586289,2234.0
78794.09188586289,2017.0
86400.000002,2017.0
# temp #4891
0.0,2234.0
4973.798228614033,2234.0
4973.798228614033,2667.0
45619.95345801116,2667.0
45619.95345801116,2555.0
46840.28817191721,2555.0
46840.28817191721,2667.0
72738.69245059324,2667.0
72738.69245059324,2555.0
73338.69245059324,2555.0
73338.69245059324,2667.0
86400.000002,2667.0
# temp #4892
0.0,2234.0
43629.61403983645,2234.0
43629.61403983645,2883.0
46029.61403983645,2883.0
46029.61403983645,2667.0
72289.56731683575,2667.0
72289.56731683575,2555.0
86400.000002,2555.0
# temp #4893
0.0,2234.0
2900.42933926452,2234.0
2900.42933926452,2667.0
41160.05042083562,2667.0
41160.05042083562,2555.0
42457.70593062044,2555.0
42457.70593062044,2667.0
57204.351560957744,2667.0
57204.351560957744,2555.0
60204.351560957744,2555.0
60204.351560957744,2667.0
86304.35156095774,2667.0
86304.35156095774,2883.0
86400.000002,2883.0
# temp #4894
0.0,2234.0
14354.181913146751,2234.0
14354.181913146751,2017.0
46064.48043873534,2017.0
46064.48043873534,2234.0
66437.78274832295,2234.0
66437.78274832295,2017.0
86400.0,2017.0
# temp #4895
0.0,2234.0
37155.09519742337,2234.0
37155.09519742337,2429.0
37755.03699649126,2429.0
37755.03699649126,2555.0
38291.69733468444,2555.0
38291.69733468444,2429.0
38788.859744695954,2429.0
38788.859744695954,2234.0
48828.14629634377,2234.0
48828.14629634377,2429.0
72386.26829450951,2429.0
72386.26829450951,2555.0
86400.000002,2555.0
# temp #4896
0.0,2234.0
33266.29681563937,2234.0
33266.29681563937,2017.0
50346.32625547239,2017.0
50346.32625547239,2234.0
76493.62546191552,2234.0
76493.62546191552,2017.0
86400.0,2017.0
# temp #4897
0.0,2234.0
25585.803475300785,2234.0
25585.803475300785,2555.0
31191.955136158507,2555.0
31191.955136158507,2429.0
50620.26911715512,2429.0
50620.26911715512,2234.0
51220.26911715512,2234.0
51220.26911715512,2429.0
53620.26911715512,2429.0
53620.26911715512,2555.0
63820.26911715512,2555.0
63820.26911715512,2667.0
86400.000002,2667.0
# temp #4898
0.0,2234.0
786.1616399371997,2234.0
786.1616399371997,2555.0
4467.241973429918,2555.0
4467.241973429918,2667.0
14367.241973429918,2667.0
14367.241973429918,2555.0
14840.44058136642,2555.0
14840.44058136642,2429.0
49421.342868357904,2429.0
49421.342868357904,2883.0
67345.0198911829,2883.0
67345.0198911829,2429.0
78153.14537873493,2429.0
78153.14537873493,2555.0
86400.000002,2555.0
# temp #4899
0.0,2234.0
2148.712397832424,2234.0
2148.712397832424,2667.0
28214.05479961541,2667.0
28214.05479961541,2555.0
28758.999504684474,2555.0
28758.999504684474,2429.0
46530.34831190017,2429.0
46530.34831190017,2883.0
73484.50793505182,2883.0
73484.50793505182,2429.0
86400.0,2429.0
# temp #4900
0.0,2234.0
35338.59285819345,2234.0
35338.59285819345,2017.0
67468.69125925006,2017.0
67468.69125925006,2234.0
86400.000002,2234.0
# temp #4901
0.0,2234.0
70518.10679321644,2234.0
70518.10679321644,2555.0
86400.0,2555.0
# temp #4902
0.0,2234.0
38409.86657172908,2234.0
38409.86657172908,2429.0
38979.38533010893,2429.0
38979.38533010893,2234.0
39584.36226323248,2234.0
39584.36226323248,2429.0
42818.75425027684,2429.0
42818.75425027684,2234.0
51292.23365143408,2234.0
51292.23365143408,2429.0
51930.91410587077,2429.0
51930.91410587077,2555.0
52281.07205929701,2555.0
52281.07205929701,2429.0
86400.0,2429.0
# temp #4903
0.0,2234.0
34018.753019627184,2234.0
34018.753019627184,2883.0
36418.753019627184,2883.0
36418.753019627184,2667.0
60517.608617129736,2667.0
60517.608617129736,2555.0
67044.06245076098,2555.0
67044.06245076098,2429.0
86400.000002,2429.0
# temp #4904
0.0,2234.0
50945.87509597186,2234.0
50945.87509597186,2883.0
53345.87509597186,2883.0
53345.87509597186,2667.0
54100.89828155469,2667.0
54100.89828155469,2555.0
60371.04272169527,2555.0
60371.04272169527,2667.0
75856.8182599498,2667.0
75856.8182599498,2555.0
77698.38150234427,2555.0
77698.38150234427,2429.0
86400.0,2429.0
# temp #4905
0.0,2234.0
3046.049532364123,2234.0
3046.049532364123,2667.0
46878.1842958415,2667.0
46878.1842958415,2555.0
48353.76563763712,2555.0
48353.76563763712,2667.0
82630.31869889238,2667.0
82630.31869889238,2555.0
82930.31869889238,2555.0
82930.31869889238,2667.0
83681.5403725952,2667.0
83681.5403725952,2555.0
84281.5403725952,2555.0
84281.5403725952,2667.0
86400.000002,2667.0
# temp #4906
0.0,2234.0
75700.59900863563,2234.0
75700.59900863563,2555.0
84272.83250901384,2555.0
84272.83250901384,2429.0
86400.000002,2429.0
# temp #4907
0.0,2234.0
37772.93272353709,2234.0
37772.93272353709,2555.0
65416.46440497135,2555.0
65416.46440497135,2429.0
86400.000002,2429.0
# temp #4908
0.0,2234.0
47479.49828740675,2234.0
47479.49828740675,2883.0
49879.49828740675,2883.0
49879.49828740675,2667.0
64348.19478665013,2667.0
64348.19478665013,2555.0
86400.0,2555.0
# temp #4909
0.0,2234.0
7162.0740610873345,2234.0
7162.0740610873345,2667.0
49141.156015684835,2667.0
49141.156015684835,2555.0
49582.98016819172,2555.0
49582.98016819172,2667.0
85837.84306836316,2667.0
85837.84306836316,2555.0
86400.000002,2555.0
# temp #4910
0.0,2234.0
56301.80718982593,2234.0
56301.80718982593,2555.0
73855.19930552693,2555.0
73855.19930552693,2429.0
86400.000002,2429.0
# temp #4911
0.0,2234.0
24244.118163781244,2234.0
24244.118163781244,2555.0
59093.26921231115,2555.0
59093.26921231115,2429.0
86400.000002,2429.0
# temp #4912
0.0,2234.0
31291.78506173194,2234.0
31291.78506173194,2017.0
61771.68611353264,2017.0
61771.68611353264,2234.0
84498.95511176439,2234.0
84498.95511176439,2017.0
86400.0,2017.0
# temp #4913
0.0,2234.0
54150.304716127,2234.0
54150.304716127,2429.0
54704.10789835733,2429.0
54704.10789835733,2555.0
57091.16299438757,2555.0
57091.16299438757,2429.0
86400.0,2429.0
# temp #4914
0.0,2234.0
13233.366725267844,2234.0
13233.366725267844,2555.0
48441.23783796095,2555.0
48441.23783796095,2429.0
48762.51049004496,2429.0
48762.51049004496,2555.0
49261.68118289207,2555.0
49261.68118289207,2429.0
50608.131082286134,2429.0
50608.131082286134,2555.0
51955.1085397834,2555.0
51955.1085397834,2429.0
52255.1085397834,2429.0
52255.1085397834,2555.0
53755.1085397834,2555.0
53755.1085397834,2429.0
63955.1085397834,2429.0
63955.1085397834,2234.0
86400.000002,2234.0
# temp #4915
0.0,2234.0
36779.501502402134,2234.0
36779.501502402134,2429.0
43679.501502402134,2429.0
43679.501502402134,2555.0
45479.501502402134,2555.0
45479.501502402134,2429.0
58379.501502402134,2429.0
58379.501502402134,2234.0
58679.501502402134,2234.0
58679.501502402134,2017.0
58979.501502402134,2017.0
58979.501502402134,2234.0
59279.501502402134,2234.0
59279.501502402134,2017.0
65295.19285338466,2017.0
65295.19285338466,2234.0
83411.15642676596,2234.0
83411.15642676596,2667.0
86400.0,2667.0
# temp #4916
0.0,2234.0
53963.00286550541,2234.0
53963.00286550541,2555.0
59697.8746569017,2555.0
59697.8746569017,2429.0
60296.42297015526,2429.0
60296.42297015526,2555.0
79118.84655870964,2555.0
79118.84655870964,2429.0
79869.73999226467,2429.0
79869.73999226467,2234.0
86400.0,2234.0
# temp #4917
0.0,2234.0
45152.05524782651,2234.0
45152.05524782651,2429.0
45452.05524782651,2429.0
45452.05524782651,2234.0
62956.10983525404,2234.0
62956.10983525404,2667.0
86400.000002,2667.0
# temp #4918
0.0,2234.0
44160.28451991734,2234.0
44160.28451991734,2555.0
81643.42481244823,2555.0
81643.42481244823,2429.0
82025.34861734604,2429.0
82025.34861734604,2555.0
86400.000002,2555.0
# temp #4919
0.0,2234.0
68771.96122629104,2234.0
68771.96122629104,2555.0
79595.21153324751,2555.0
79595.21153324751,2429.0
83141.17886179594,2429.0
83141.17886179594,2234.0
83741.17886179594,2234.0
83741.17886179594,2429.0
86141.17886179594,2429.0
86141.17886179594,2555.0
86400.0,2555.0
# temp #4920
0.0,2234.0
2732.191075058654,2234.0
2732.191075058654,2883.0
4021.554430271499,2883.0
4021.554430271499,2667.0
15905.815183860252,2667.0
15905.815183860252,2883.0
17411.526291235354,2883.0
17411.526291235354,2429.0
51376.97603199632,2429.0
51376.97603199632,2555.0
53587.33849532437,2555.0
53587.33849532437,2429.0
79282.25705393126,2429.0
79282.25705393126,2555.0
86400.000002,2555.0
# temp #4921
0.0,2234.0
16148.086234065708,2234.0
16148.086234065708,2883.0
17181.699784146625,2883.0
17181.699784146625,2667.0
21768.38505137712,2667.0
21768.38505137712,2883.0
35355.39443241433,2883.0
35355.39443241433,2667.0
41710.627138707794,2667.0
41710.627138707794,2234.0
63545.440263650395,2234.0
63545.440263650395,2429.0
75587.95694033617,2429.0
75587.95694033617,2555.0
86209.13085644135,2555.0
86209.13085644135,2667.0
86400.000002,2667.0
# temp #4922
0.0,2234.0
13626.41010778025,2234.0
13626.41010778025,2883.0
14525.631483318286,2883.0
14525.631483318286,2667.0
25991.797102591958,2667.0
25991.797102591958,2883.0
40961.76910239738,2883.0
40961.76910239738,2667.0
74625.4013010068,2667.0
74625.4013010068,2883.0
86400.000002,2883.0
# temp #4923
0.0,2234.0
4403.231583908201,2234.0
4403.231583908201,2017.0
9982.764218095692,2017.0
9982.764218095692,2234.0
27533.02095690743,2234.0
27533.02095690743,2017.0
37241.44864263945,2017.0
37241.44864263945,2234.0
59148.12102061698,2234.0
59148.12102061698,2017.0
86400.000002,2017.0
# temp #4924
0.0,2234.0
7585.832201270388,2234.0
7585.832201270388,2667.0
23206.898296228614,2667.0
23206.898296228614,2555.0
23765.980164217766,2555.0
23765.980164217766,2667.0
53982.89895902855,2667.0
53982.89895902855,2555.0
54582.89895902855,2555.0
54582.89895902855,2667.0
73391.86431106647,2667.0
73391.86431106647,2555.0
76736.07933644672,2555.0
76736.07933644672,2429.0
86400.000002,2429.0
# temp #4925
0.0,2234.0
80153.17160489505,2234.0
80153.17160489505,2555.0
86400.0,2555.0
# temp #4926
0.0,2234.0
10244.944072561339,2234.0
10244.944072561339,2429.0
17144.94407256134,2429.0
17144.94407256134,2555.0
18944.94407256134,2555.0
18944.94407256134,2429.0
31844.94407256134,2429.0
31844.94407256134,2234.0
32144.94407256134,2234.0
32144.94407256134,2017.0
32444.94407256134,2017.0
32444.94407256134,2234.0
32744.94407256134,2234.0
32744.94407256134,2017.0
51474.6539771324,2017.0
51474.6539771324,2234.0
51985.672424035154,2234.0
51985.672424035154,2429.0
77230.04097403027,2429.0
77230.04097403027,2555.0
86400.000002,2555.0
# temp #4927
0.0,2234.0
3085.083499643952,2234.0
3085.083499643952,2017.0
43770.50590845757,2017.0
43770.50590845757,2234.0
86400.000002,2234.0
# temp #4928
0.0,2234.0
2070.1674236683175,2234.0
2070.1674236683175,2667.0
23113.535924814645,2667.0
23113.535924814645,2555.0
23760.795066878203,2555.0
23760.795066878203,2667.0
30602.260666200895,2667.0
30602.260666200895,2555.0
30902.260666200895,2555.0
30902.260666200895,2667.0
31660.720151849095,2667.0
31660.720151849095,2555.0
32260.720151849095,2555.0
32260.720151849095,2667.0
61362.424106639824,2667.0
61362.424106639824,2555.0
77835.4287055554,2555.0
77835.4287055554,2667.0
86400.000002,2667.0
# temp #4929
0.0,2234.0
13879.056194541046,2234.0
13879.056194541046,2429.0
14211.175205837937,2429.0
14211.175205837937,2555.0
14570.78726096079,2555.0
14570.78726096079,2429.0
48269.22939685174,2429.0
48269.22939685174,2555.0
80845.47739222182,2555.0
80845.47739222182,2429.0
86400.000002,2429.0
# temp #4930
0.0,2234.0
64343.304791743874,2234.0
64343.304791743874,2883.0
66743.30479174387,2883.0
66743.30479174387,2667.0
77242.01784774197,2667.0
77242.01784774197,2883.0
86400.0,2883.0
# temp #4931
0.0,2234.0
39535.19941892009,2234.0
39535.19941892009,2883.0
41935.19941892009,2883.0
41935.19941892009,2667.0
54420.42613669764,2667.0
54420.42613669764,2883.0
74759.29930123966,2883.0
74759.29930123966,2429.0
86400.000002,2429.0
# temp #4932
0.0,2234.0
84224.10312441645,2234.0
84224.10312441645,2555.0
86400.000002,2555.0
# temp #4933
0.0,2234.0
15209.660786739552,2234.0
15209.660786739552,2555.0
18471.3330881903,2555.0
18471.3330881903,2667.0
18938.38590716478,2667.0
18938.38590716478,2555.0
19238.38590716478,2555.0
19238.38590716478,2667.0
45938.385907164775,2667.0
45938.385907164775,2555.0
61838.385907164775,2555.0
61838.385907164775,2234.0
65438.385907164775,2234.0
65438.385907164775,2429.0
75338.38590716477,2429.0
75338.38590716477,2555.0
75938.38590716477,2555.0
75938.38590716477,2667.0
86400.0,2667.0
# temp #4934
0.0,2234.0
8630.837812903339,2234.0
8630.837812903339,2667.0
19224.381255218763,2667.0
19224.381255218763,2555.0
20686.2547417637,2555.0
20686.2547417637,2667.0
41303.91694935971,2667.0
41303.91694935971,2555.0
41603.91694935971,2555.0
41603.91694935971,2667.0
42302.447357377976,2667.0
42302.447357377976,2555.0
42902.447357377976,2555.0
42902.447357377976,2667.0
55982.48954275624,2667.0
55982.48954275624,2555.0
74757.45238519741,2555.0
74757.45238519741,2429.0
78118.75846206678,2429.0
78118.75846206678,2234.0
86400.000002,2234.0
# temp #4935
0.0,2234.0
3257.261061994359,2234.0
3257.261061994359,2883.0
4940.191459050402,2883.0
4940.191459050402,2667.0
15422.907422622668,2667.0
15422.907422622668,2883.0
35600.89577506297,2883.0
35600.89577506297,2667.0
60164.26487588325,2667.0
60164.26487588325,2883.0
86400.0,2883.0
# temp #4936
0.0,2234.0
62379.84387762845,2234.0
62379.84387762845,2555.0
86400.000002,2555.0
# temp #4937
0.0,2234.0
2855.75207574293,2234.0
2855.75207574293,2883.0
4447.013374906965,2883.0
4447.013374906965,2667.0
14365.527026681231,2667.0
14365.527026681231,2883.0
29823.937304830182,2883.0
29823.937304830182,2667.0
48576.72862457112,2667.0
48576.72862457112,2555.0
60926.198770478375,2555.0
60926.198770478375,2667.0
79064.44382749034,2667.0
79064.44382749034,2555.0
86400.000002,2555.0
# temp #4938
0.0,2234.0
2129.03965828009,2234.0
2129.03965828009,2667.0
18411.463934043422,2667.0
18411.463934043422,2555.0
19581.286904448643,2555.0
19581.286904448643,2667.0
54310.63555839938,2667.0
54310.63555839938,2555.0
57310.63555839938,2555.0
57310.63555839938,2667.0
83410.63555839937,2667.0
83410.63555839937,2883.0
86400.000002,2883.0
# temp #4939
0.0,2234.0
30239.791835029613,2234.0
30239.791835029613,2555.0
45067.315191985115,2555.0
45067.315191985115,2429.0
64043.23234430049,2429.0
64043.23234430049,2234.0
70099.86798930915,2234.0
70099.86798930915,2429.0
72622.74965357503,2429.0
72622.74965357503,2234.0
86400.0,2234.0
# temp #4940
0.0,2234.0
18160.351338051263,2234.0
18160.351338051263,2017.0
74733.70093982668,2017.0
74733.70093982668,2234.0
86400.0,2234.0
# temp #4941
0.0,2234.0
5174.670156952926,2234.0
5174.670156952926,2667.0
15988.945177872669,2667.0
15988.945177872669,2555.0
16935.74718658347,2555.0
16935.74718658347,2667.0
34019.700727751486,2667.0
34019.700727751486,2555.0
37019.700727751486,2555.0
37019.700727751486,2667.0
63119.700727751486,2667.0
63119.700727751486,2883.0
86400.0,2883.0
# temp #4942
0.0,2234.0
70959.28387634922,2234.0
70959.28387634922,2555.0
83310.49492105376,2555.0
83310.49492105376,2234.0
86400.0,2234.0
# temp #4943
0.0,2234.0
34365.34781986848,2234.0
34365.34781986848,2429.0
34883.77334915568,2429.0
34883.77334915568,2234.0
35728.10686449521,2234.0
35728.10686449521,2429.0
41186.68982503005,2429.0
41186.68982503005,2234.0
42018.08124154341,2234.0
42018.08124154341,2429.0
42504.712336719975,2429.0
42504.712336719975,2234.0
61136.26759315377,2234.0
61136.26759315377,2667.0
67381.82705920191,2667.0
67381.82705920191,2234.0
86400.0,2234.0
# temp #4944
0.0,2234.0
7249.099356634544,2234.0
7249.099356634544,2667.0
54324.359665391974,2667.0
54324.359665391974,2555.0
54835.86572525092,2555.0
54835.86572525092,2667.0
70636.3407013938,2667.0
70636.3407013938,2555.0
71236.3407013938,2555.0
71236.3407013938,2667.0
86400.000002,2667.0
# temp #4945
0.0,2234.0
5274.279563454912,2234.0
5274.279563454912,2017.0
48970.74477695861,2017.0
48970.74477695861,2234.0
86400.000002,2234.0
# temp #4946
0.0,2234.0
7017.689494206572,2234.0
7017.689494206572,2667.0
17638.410203671086,2667.0
17638.410203671086,2555.0
18975.977404369045,2555.0
18975.977404369045,2667.0
25966.295488039035,2667.0
25966.295488039035,2555.0
26266.295488039035,2555.0
26266.295488039035,2667.0
26566.295488039035,2667.0
26566.295488039035,2555.0
29866.295488039035,2555.0
29866.295488039035,2667.0
55366.29548803903,2667.0
55366.29548803903,2883.0
86400.000002,2883.0
# temp #4947
0.0,2234.0
74373.7617033301,2234.0
74373.7617033301,2555.0
86400.000002,2555.0
# temp #4948
0.0,2234.0
32798.55554946699,2234.0
32798.55554946699,2017.0
33635.12193546631,2017.0
33635.12193546631,2234.0
56798.830146761626,2234.0
56798.830146761626,2017.0
86400.0,2017.0
# temp #4949
0.0,2234.0
39032.85769752693,2234.0
39032.85769752693,2555.0
42848.36958060042,2555.0
42848.36958060042,2667.0
49148.36958060042,2667.0
49148.36958060042,2555.0
50348.36958060042,2555.0
50348.36958060042,2429.0
86400.000002,2429.0
# temp #4950
0.0,2234.0
6530.357382399962,2234.0
6530.357382399962,2555.0
31926.10311051831,2555.0
31926.10311051831,2429.0
32239.760035858493,2429.0
32239.760035858493,2555.0
32586.770426994193,2555.0
32586.770426994193,2429.0
32945.68181054201,2429.0
32945.68181054201,2234.0
65231.59584256356,2234.0
65231.59584256356,2429.0
72796.62320755889,2429.0
72796.62320755889,2555.0
76576.7005550908,2555.0
76576.7005550908,2429.0
86400.0,2429.0
# temp #4951
0.0,2234.0
8089.578344207259,2234.0
8089.578344207259,2883.0
8629.656223137865,2883.0
8629.656223137865,2667.0
16209.134995448407,2667.0
16209.134995448407,2883.0
48894.35274407735,2883.0
48894.35274407735,2429.0
57725.89844700416,2429.0
57725.89844700416,2234.0
78995.52865012085,2234.0
78995.52865012085,2429.0
86400.0,2429.0
# temp #4952
0.0,2234.0
28947.242292738523,2234.0
28947.242292738523,2429.0
35847.24229273852,2429.0
35847.24229273852,2555.0
37647.24229273852,2555.0
37647.24229273852,2429.0
50547.24229273852,2429.0
50547.24229273852,2234.0
50847.24229273852,2234.0
50847.24229273852,2017.0
51147.24229273852,2017.0
51147.24229273852,2234.0
51447.24229273852,2234.0
51447.24229273852,2017.0
56458.640830102384,2017.0
56458.640830102384,2234.0
80481.33812088054,2234.0
80481.33812088054,2429.0
86400.0,2429.0
# temp #4953
0.0,2234.0
66747.96838047916,2234.0
66747.96838047916,2555.0
86400.000002,2555.0
# temp #4954
0.0,2234.0
5905.405339831487,2234.0
5905.405339831487,2667.0
11449.02977035381,2667.0
11449.02977035381,2555.0
12075.054201995956,2555.0
12075.054201995956,2667.0
30365.831238962717,2667.0
30365.831238962717,2555.0
30665.831238962717,2555.0
30665.831238962717,2667.0
31546.332255494788,2667.0
31546.332255494788,2555.0
32146.332255494788,2555.0
32146.332255494788,2667.0
59660.87924300229,2667.0
59660.87924300229,2555.0
61515.348607068896,2555.0
61515.348607068896,2429.0
65998.57415053995,2429.0
65998.57415053995,2234.0
69958.87817731129,2234.0
69958.87817731129,2667.0
72761.2709360663,2667.0
72761.2709360663,2555.0
86400.000002,2555.0
# temp #4955
0.0,2234.0
985.7418451923878,2234.0
985.7418451923878,2017.0
17982.877617515627,2017.0
17982.877617515627,2234.0
18427.284895163033,2234.0
18427.284895163033,2017.0
49460.09533284233,2017.0
49460.09533284233,2234.0
86400.0,2234.0
# temp #4956
0.0,2234.0
36583.82772377227,2234.0
36583.82772377227,2555.0
41442.93395380956,2555.0
41442.93395380956,2429.0
41934.99681630638,2429.0
41934.99681630638,2555.0
58908.12320862898,2555.0
58908.12320862898,2429.0
60247.630620421856,2429.0
60247.630620421856,2555.0
60725.597935589045,2555.0
60725.597935589045,2429.0
61025.597935589045,2429.0
61025.597935589045,2555.0
81425.59793558904,2555.0
81425.59793558904,2429.0
81725.59793558904,2429.0
81725.59793558904,2555.0
82325.59793558904,2555.0
82325.59793558904,2667.0
85973.60909571873,2667.0
85973.60909571873,2555.0
86400.000002,2555.0
# temp #4957
0.0,2234.0
47986.99968648144,2234.0
47986.99968648144,2429.0
48347.47064304539,2429.0
48347.47064304539,2555.0
51584.54633695074,2555.0
51584.54633695074,2429.0
59389.13811582607,2429.0
59389.13811582607,2555.0
82899.43745622878,2555.0
82899.43745622878,2429.0
85374.22868460418,2429.0
85374.22868460418,2667.0
86400.0,2667.0
# temp #4958
0.0,2234.0
15960.681756329726,2234.0
15960.681756329726,2883.0
16889.073228836063,2883.0
16889.073228836063,2667.0
20062.12484543212,2667.0
20062.12484543212,2883.0
37919.19168932364,2883.0
37919.19168932364,2429.0
54980.55823305623,2429.0
54980.55823305623,2555.0
73149.39473806882,2555.0
73149.39473806882,2429.0
85546.88489288093,2429.0
85546.88489288093,2234.0
86400.0,2234.0
# temp #4959
0.0,2234.0
32589.433244825344,2234.0
32589.433244825344,2429.0
32983.610698627315,2429.0
32983.610698627315,2555.0
35345.10230538436,2555.0
35345.10230538436,2429.0
54791.89520529472,2429.0
54791.89520529472,2883.0
86400.0,2883.0
# temp #4960
0.0,2234.0
5098.270188644529,2234.0
5098.270188644529,2017.0
45757.40532441997,2017.0
45757.40532441997,2234.0
71890.95590463841,2234.0
71890.95590463841,2017.0
86400.000002,2017.0
# temp #4961
0.0,2234.0
50508.036348852336,2234.0
50508.036348852336,2555.0
55017.11428519339,2555.0
55017.11428519339,2667.0
61317.11428519339,2667.0
61317.11428519339,2555.0
62517.11428519339,2555.0
62517.11428519339,2429.0
86400.0,2429.0
# temp #4962
0.0,2234.0
7904.707267228514,2234.0
7904.707267228514,2429.0
8321.561582316644,2429.0
8321.561582316644,2234.0
9081.037241360173,2234.0
9081.037241360173,2429.0
13480.178379965946,2429.0
13480.178379965946,2234.0
25312.92876892258,2234.0
25312.92876892258,2429.0
25877.1450806642,2429.0
25877.1450806642,2555.0
26800.495916814547,2555.0
26800.495916814547,2429.0
82900.49591681454,2429.0
82900.49591681454,2555.0
83200.49591681454,2555.0
83200.49591681454,2667.0
84700.49591681454,2667.0
84700.49591681454,2883.0
86200.49591681454,2883.0
86200.49591681454,2667.0
86400.0,2667.0
# temp #4963
0.0,2234.0
2274.1063526831567,2234.0
2274.1063526831567,2555.0
12469.458525348457,2555.0
12469.458525348457,2429.0
47611.62731470541,2429.0
47611.62731470541,2234.0
56390.47854195815,2234.0
56390.47854195815,2429.0
77161.88915935346,2429.0
77161.88915935346,2234.0
84719.0767967608,2234.0
84719.0767967608,2667.0
86400.000002,2667.0
# temp #4964
0.0,2234.0
5928.27903139405,2234.0
5928.27903139405,2667.0
52268.80537073594,2667.0
52268.80537073594,2555.0
53334.51617255342,2555.0
53334.51617255342,2667.0
71688.96715950688,2667.0
71688.96715950688,2555.0
71988.96715950688,2555.0
71988.96715950688,2429.0
74557.59754430038,2429.0
74557.59754430038,2555.0
86400.0,2555.0
# temp #4965
0.0,2234.0
8821.304955147207,2234.0
8821.304955147207,2429.0
9354.715352179483,2429.0
9354.715352179483,2234.0
9964.099392620847,2234.0
9964.099392620847,2429.0
10864.887788007036,2429.0
10864.887788007036,2234.0
33973.04329799954,2234.0
33973.04329799954,2429.0
34425.491137825884,2429.0
34425.491137825884,2555.0
35866.96103105788,2555.0
35866.96103105788,2429.0
36166.96103105788,2429.0
36166.96103105788,2555.0
56566.96103105787,2555.0
56566.96103105787,2429.0
56866.96103105787,2429.0
56866.96103105787,2555.0
57466.96103105787,2555.0
57466.96103105787,2667.0
58709.53940923792,2667.0
58709.53940923792,2555.0
69835.57641708758,2555.0
69835.57641708758,2667.0
79259.16064137127,2667.0
79259.16064137127,2883.0
86400.0,2883.0
# temp #4966
0.0,2234.0
8366.435037623161,2234.0
8366.435037623161,2667.0
50820.74668197893,2667.0
50820.74668197893,2555.0
52286.732578882955,2555.0
52286.732578882955,2667.0
68016.30863682368,2667.0
68016.30863682368,2555.0
68316.30863682368,2555.0
68316.30863682368,2429.0
82226.42582352275,2429.0
82226.42582352275,2883.0
86400.000002,2883.0
# temp #4967
0.0,2234.0
82766.79969741964,2234.0
82766.79969741964,2555.0
85068.93604081126,2555.0
85068.93604081126,2429.0
86400.0,2429.0
# temp #4968
0.0,2234.0
55331.28868618515,2234.0
55331.28868618515,2555.0
78691.85297854712,2555.0
78691.85297854712,2429.0
79000.90544060805,2429.0
79000.90544060805,2555.0
86400.000002,2555.0
# temp #4969
0.0,2234.0
34344.463780755184,2234.0
34344.463780755184,2555.0
61246.047378005474,2555.0
61246.047378005474,2429.0
70563.32559851,2429.0
70563.32559851,2234.0
71163.32559851,2234.0
71163.32559851,2429.0
73563.32559851,2429.0
73563.32559851,2555.0
83763.32559851,2555.0
83763.32559851,2667.0
86400.0,2667.0
# temp #4970
0.0,2234.0
77506.79915347138,2234.0
77506.79915347138,2883.0
79906.79915347138,2883.0
79906.79915347138,2667.0
85269.187241653,2667.0
85269.187241653,2883.0
86400.000002,2883.0
# temp #4971
0.0,2234.0
18237.387403962206,2234.0
18237.387403962206,2555.0
22785.449756914753,2555.0
22785.449756914753,2667.0
23196.40614059754,2667.0
23196.40614059754,2555.0
23496.40614059754,2555.0
23496.40614059754,2667.0
50196.40614059754,2667.0
50196.40614059754,2555.0
66096.40614059754,2555.0
66096.40614059754,2234.0
69696.40614059754,2234.0
69696.40614059754,2429.0
79596.40614059754,2429.0
79596.40614059754,2555.0
80196.40614059754,2555.0
80196.40614059754,2667.0
86400.0,2667.0
# temp #4972
0.0,2234.0
80940.22659170443,2234.0
80940.22659170443,2555.0
86400.0,2555.0
# temp #4973
0.0,2234.0
18506.711270730015,2234.0
18506.711270730015,2555.0
18977.44849941228,2555.0
18977.44849941228,2667.0
19364.58203347866,2667.0
19364.58203347866,2555.0
25364.58203347866,2555.0
25364.58203347866,2429.0
27764.58203347866,2429.0
27764.58203347866,2234.0
31364.58203347866,2234.0
31364.58203347866,2429.0
32564.58203347866,2429.0
32564.58203347866,2234.0
38264.582033478655,2234.0
38264.582033478655,2429.0
65649.42144008819,2429.0
65649.42144008819,2555.0
76279.97726413888,2555.0
76279.97726413888,2429.0
80740.9746856196,2429.0
80740.9746856196,2555.0
83488.55365149213,2555.0
83488.55365149213,2667.0
86400.0,2667.0
# temp #4974
0.0,2234.0
6525.946806510911,2234.0
6525.946806510911,2667.0
16768.375066621233,2667.0
16768.375066621233,2555.0
17629.46765427478,2555.0
17629.46765427478,2667.0
23476.881817029793,2667.0
23476.881817029793,2555.0
23776.881817029793,2555.0
23776.881817029793,2667.0
24076.881817029793,2667.0
24076.881817029793,2555.0
27376.881817029793,2555.0
27376.881817029793,2667.0
52876.88181702979,2667.0
52876.88181702979,2883.0
86400.0,2883.0
# temp #4975
0.0,2234.0
23024.0898054326,2234.0
23024.0898054326,2555.0
25688.947547343563,2555.0
25688.947547343563,2667.0
26258.732861140747,2667.0
26258.732861140747,2555.0
32258.732861140747,2555.0
32258.732861140747,2429.0
34658.73286114075,2429.0
34658.73286114075,2234.0
38258.73286114075,2234.0
38258.73286114075,2429.0
39458.73286114075,2429.0
39458.73286114075,2234.0
45158.73286114075,2234.0
45158.73286114075,2429.0
78724.211566709,2429.0
78724.211566709,2555.0
86400.0,2555.0
# temp #4976
0.0,2234.0
68670.76111848002,2234.0
68670.76111848002,2555.0
86400.000002,2555.0
# temp #4977
0.0,2234.0
31728.782832110304,2234.0
31728.782832110304,2555.0
33843.64446219988,2555.0
33843.64446219988,2429.0
68869.22922623345,2429.0
68869.22922623345,2234.0
69469.22922623345,2234.0
69469.22922623345,2429.0
86400.0,2429.0
# temp #4978
0.0,2234.0
59876.98764516973,2234.0
59876.98764516973,2555.0
71695.92163567433,2555.0
71695.92163567433,2429.0
72020.91203376187,2429.0
72020.91203376187,2555.0
86400.000002,2555.0
# temp #4979
0.0,2234.0
7372.503905673513,2234.0
7372.503905673513,2667.0
31187.453221343465,2667.0
31187.453221343465,2555.0
31880.326868500568,2555.0
31880.326868500568,2429.0
68924.24870075194,2429.0
68924.24870075194,2555.0
76162.60273859372,2555.0
76162.60273859372,2429.0
86400.000002,2429.0
# temp #4980
0.0,2234.0
7633.027775469238,2234.0
7633.027775469238,2667.0
31817.498350725517,2667.0
31817.498350725517,2555.0
32909.53020381276,2555.0
32909.53020381276,2667.0
49169.570551067605,2667.0
49169.570551067605,2555.0
49469.570551067605,2555.0
49469.570551067605,2429.0
49990.473965113066,2429.0
49990.473965113066,2555.0
56064.74385943731,2555.0
56064.74385943731,2429.0
60700.943906349145,2429.0
60700.943906349145,2234.0
73407.36874595752,2234.0
73407.36874595752,2667.0
86400.000002,2667.0
# temp #4981
0.0,2234.0
4520.429820707068,2234.0
4520.429820707068,2883.0
5831.294134980999,2883.0
5831.294134980999,2667.0
10110.2789694909,2667.0
10110.2789694909,2883.0
43732.757253362804,2883.0
43732.757253362804,2429.0
68211.96416357999,2429.0
68211.96416357999,2234.0
73218.31573660021,2234.0
73218.31573660021,2667.0
86400.0,2667.0
# temp #4982
0.0,2234.0
10707.743024406956,2234.0
10707.743024406956,2017.0
11796.993794292213,2017.0
11796.993794292213,2234.0
46731.883418932564,2234.0
46731.883418932564,2017.0
74471.24989321457,2017.0
74471.24989321457,2234.0
79724.67777058484,2234.0
79724.67777058484,2017.0
86400.0,2017.0
# temp #4983
0.0,2234.0
17317.558155348528,2234.0
17317.558155348528,2883.0
19018.341384851377,2883.0
19018.341384851377,2667.0
29550.06618190092,2667.0
29550.06618190092,2883.0
40607.2046492016,2883.0
40607.2046492016,2429.0
71228.76630993561,2429.0
71228.76630993561,2555.0
86400.0,2555.0
# temp #4984
0.0,2234.0
16744.302046671513,2234.0
16744.302046671513,2883.0
18342.534111952413,2883.0
18342.534111952413,2667.0
24645.22445315961,2667.0
24645.22445315961,2883.0
59095.01937003808,2883.0
59095.01937003808,2429.0
75107.67509134022,2429.0
75107.67509134022,2555.0
86400.0,2555.0
# temp #4985
0.0,2234.0
20209.786967025142,2234.0
20209.786967025142,2555.0
24295.375350024555,2555.0
24295.375350024555,2667.0
34195.37535002455,2667.0
34195.37535002455,2555.0
38257.38330474124,2555.0
38257.38330474124,2429.0
75884.42548206077,2429.0
75884.42548206077,2555.0
86400.0,2555.0
# temp #4986
0.0,2234.0
76352.85541056657,2234.0
76352.85541056657,2555.0
80887.85460360815,2555.0
80887.85460360815,2667.0
86400.0,2667.0
# temp #4987
0.0,2234.0
45400.38398411126,2234.0
45400.38398411126,2555.0
66318.57946850361,2555.0
66318.57946850361,2429.0
67691.85865558685,2429.0
67691.85865558685,2234.0
73213.14963635524,2234.0
73213.14963635524,2429.0
84812.7836524509,2429.0
84812.7836524509,2234.0
86400.000002,2234.0
# temp #4988
0.0,2234.0
6233.355193259195,2234.0
6233.355193259195,2555.0
27806.511930702258,2555.0
27806.511930702258,2429.0
60113.15017822199,2429.0
60113.15017822199,2234.0
67995.6289016409,2234.0
67995.6289016409,2429.0
74793.96461758298,2429.0
74793.96461758298,2234.0
75371.09355360737,2234.0
75371.09355360737,2555.0
76540.36687456538,2555.0
76540.36687456538,2429.0
82178.08799149936,2429.0
82178.08799149936,2883.0
86400.000002,2883.0
# temp #4989
0.0,2234.0
83361.77897835152,2234.0
83361.77897835152,2883.0
85761.77897835152,2883.0
85761.77897835152,2667.0
86400.000002,2667.0
# temp #4990
0.0,2234.0
38858.554555219605,2234.0
38858.554555219605,2555.0
42257.80234120321,2555.0
42257.80234120321,2429.0
42679.16580021848,2429.0
42679.16580021848,2555.0
44417.50252183993,2555.0
44417.50252183993,2429.0
44764.13727714681,2429.0
44764.13727714681,2234.0
54168.588249315515,2234.0
54168.588249315515,2429.0
78853.87211318595,2429.0
78853.87211318595,2555.0
81808.68509912399,2555.0
81808.68509912399,2429.0
86400.000002,2429.0
# temp #4991
0.0,2234.0
7549.277719203384,2234.0
7549.277719203384,2017.0
24408.11184542254,2017.0
24408.11184542254,2234.0
64817.0555368066,2234.0
64817.0555368066,2017.0
78327.62984870934,2017.0
78327.62984870934,2234.0
86400.0,2234.0
# temp #4992
0.0,2234.0
35144.732589530766,2234.0
35144.732589530766,2555.0
45797.113415203065,2555.0
45797.113415203065,2429.0
46115.86482489948,2429.0
46115.86482489948,2555.0
67869.175637397,2555.0
67869.175637397,2429.0
69102.03453905416,2429.0
69102.03453905416,2555.0
70303.91257654411,2555.0
70303.91257654411,2429.0
70603.91257654411,2429.0
70603.91257654411,2555.0
86400.0,2555.0
# temp #4993
0.0,2234.0
4361.352372821421,2234.0
4361.352372821421,2667.0
17053.07696841192,2667.0
17053.07696841192,2555.0
17746.845800592568,2555.0
17746.845800592568,2667.0
48859.74592070562,2667.0
48859.74592070562,2555.0
49159.74592070562,2555.0
49159.74592070562,2667.0
49459.74592070562,2667.0
49459.74592070562,2555.0
52759.74592070562,2555.0
52759.74592070562,2667.0
78259.74592070562,2667.0
78259.74592070562,2883.0
86400.000002,2883.0
# temp #4994
0.0,2234.0
3051.9682672340427,2234.0
3051.9682672340427,2429.0
3600.456506456249,2429.0
3600.456506456249,2555.0
8336.181917111391,2555.0
8336.181917111391,2429.0
39194.73636851181,2429.0
39194.73636851181,2555.0
53640.55376399775,2555.0
53640.55376399775,2667.0
86400.000002,2667.0
# temp #4995
0.0,2234.0
32926.222716202035,2234.0
32926.222716202035,2555.0
58811.810458009146,2555.0
58811.810458009146,2429.0
86400.0,2429.0
# temp #4996
0.0,2234.0
7881.259945873172,2234.0
7881.259945873172,2429.0
8266.257172822952,2429.0
8266.257172822952,2555.0
10296.600289642813,2555.0
10296.600289642813,2429.0
18630.449088709433,2429.0
18630.449088709433,2555.0
28695.01618961804,2555.0
28695.01618961804,2667.0
37868.25964779128,2667.0
37868.25964779128,2555.0
63882.79484817759,2555.0
63882.79484817759,2429.0
86400.000002,2429.0
# temp #4997
0.0,2234.0
42615.060217073195,2234.0
42615.060217073195,2017.0
47698.62910201774,2017.0
47698.62910201774,2234.0
76849.75645327942,2234.0
76849.75645327942,2017.0
86400.0,2017.0
# temp #4998
0.0,2234.0
3151.3650689274073,2234.0
3151.3650689274073,2883.0
14251.365068927407,2883.0
14251.365068927407,2555.0
14299.862610083073,2555.0
14299.862610083073,2429.0
21777.941263094544,2429.0
21777.941263094544,2555.0
40156.16611763836,2555.0
40156.16611763836,2667.0
48823.88456545305,2667.0
48823.88456545305,2555.0
63795.72164146231,2555.0
63795.72164146231,2429.0
77483.05811849424,2429.0
77483.05811849424,2555.0
86400.000002,2555.0
# temp #4999
0.0,2234.0
21199.382477905605,2234.0
21199.382477905605,2555.0
32115.16042188742,2555.0
32115.16042188742,2429.0
33210.92204810121,2429.0
33210.92204810121,2234.0
33810.92204810121,2234.0
33810.92204810121,2429.0
36210.92204810121,2429.0
36210.92204810121,2555.0
46410.92204810121,2555.0
46410.92204810121,2667.0
80463.4481168585,2667.0
80463.4481168585,2555.0
86400.0,2555.0
# temp #5000
0.0,2234.0
85262.12532499341,2234.0
85262.12532499341,2883.0
86400.000002,2883.0
# temp #5001
0.0,2234.0
4835.648768604734,2234.0
4835.648768604734,2667.0
15694.36406081077,2667.0
15694.36406081077,2555.0
16739.73830889445,2555.0
16739.73830889445,2667.0
38805.36763218698,2667.0
38805.36763218698,2555.0
39105.36763218698,2555.0
39105.36763218698,2429.0
64278.12624780928,2429.0
64278.12624780928,2555.0
72162.59177054746,2555.0
72162.59177054746,2429.0
77877.4753475329,2429.0
77877.4753475329,2234.0
86400.000002,2234.0
# temp #5002
0.0,2234.0
83891.33957717569,2234.0
83891.33957717569,2555.0
86400.0,2555.0
# temp #5003
0.0,2234.0
6706.989061553033,2234.0
6706.989061553033,2667.0
40920.89242993389,2667.0
40920.89242993389,2555.0
42166.50686461945,2555.0
42166.50686461945,2667.0
49754.702631267726,2667.0
49754.702631267726,2555.0
50054.702631267726,2555.0
50054.702631267726,2667.0
50701.439987286,2667.0
50701.439987286,2555.0
51301.439987286,2555.0
51301.439987286,2667.0
78664.59625179415,2667.0
78664.59625179415,2234.0
86400.000002,2234.0
# temp #5004
0.0,2234.0
71196.43410206772,2234.0
71196.43410206772,2883.0
73596.43410206772,2883.0
73596.43410206772,2667.0
86400.0,2667.0
# temp #5005
0.0,2234.0
29325.08798791096,2234.0
29325.08798791096,2429.0
29742.112335842106,2429.0
29742.112335842106,2555.0
33272.91069617496,2555.0
33272.91069617496,2429.0
41816.41781602521,2429.0
41816.41781602521,2555.0
55449.77465907578,2555.0
55449.77465907578,2667.0
86400.000002,2667.0
# temp #5006
0.0,2234.0
69228.3083091723,2234.0
69228.3083091723,2555.0
78404.16592292023,2555.0
78404.16592292023,2429.0
78778.13548429405,2429.0
78778.13548429405,2555.0
86400.0,2555.0
# temp #5007
0.0,2234.0
21648.82716257125,2234.0
21648.82716257125,2429.0
22248.82716257125,2429.0
22248.82716257125,2555.0
25031.90027307719,2555.0
25031.90027307719,2429.0
46965.32015455887,2429.0
46965.32015455887,2883.0
59608.36213426665,2883.0
59608.36213426665,2667.0
63902.596173807986,2667.0
63902.596173807986,2555.0
76036.98454191908,2555.0
76036.98454191908,2667.0
86400.0,2667.0
# temp #5008
0.0,2234.0
36365.1971731335,2234.0
36365.1971731335,2555.0
44079.26262728871,2555.0
44079.26262728871,2429.0
86400.000002,2429.0
# temp #5009
0.0,2234.0
16594.187649269592,2234.0
16594.187649269592,2883.0
27694.187649269592,2883.0
27694.187649269592,2555.0
32007.42919009645,2555.0
32007.42919009645,2429.0
52950.52830891219,2429.0
52950.52830891219,2234.0
69008.98516054732,2234.0
69008.98516054732,2667.0
86400.000002,2667.0
# temp #5010
0.0,2234.0
4796.449071750977,2234.0
4796.449071750977,2667.0
36767.988863470964,2667.0
36767.988863470964,2555.0
37975.229761912495,2555.0
37975.229761912495,2667.0
73544.03875472491,2667.0
73544.03875472491,2555.0
73844.03875472491,2555.0
73844.03875472491,2667.0
74144.03875472491,2667.0
74144.03875472491,2555.0
77444.03875472491,2555.0
77444.03875472491,2667.0
86400.0,2667.0
# temp #5011
0.0,2234.0
35238.575143693015,2234.0
35238.575143693015,2883.0
37638.575143693015,2883.0
37638.575143693015,2667.0
67213.73532086145,2667.0
67213.73532086145,2555.0
86400.000002,2555.0
# temp #5012
0.0,2234.0
18040.693450625986,2234.0
18040.693450625986,2555.0
43335.861103842035,2555.0
43335.861103842035,2429.0
70994.5830765646,2429.0
70994.5830765646,2883.0
86400.0,2883.0
# temp #5013
0.0,2234.0
22538.25678750873,2234.0
22538.25678750873,2429.0
29438.25678750873,2429.0
29438.25678750873,2555.0
31238.25678750873,2555.0
31238.25678750873,2429.0
44138.256787508726,2429.0
44138.256787508726,2234.0
44438.256787508726,2234.0
44438.256787508726,2017.0
44738.256787508726,2017.0
44738.256787508726,2234.0
45038.256787508726,2234.0
45038.256787508726,2017.0
65949.38229219988,2017.0
65949.38229219988,2234.0
76074.31258829312,2234.0
76074.31258829312,2667.0
86400.000002,2667.0
# temp #5014
0.0,2234.0
63051.459122425884,2234.0
63051.459122425884,2883.0
65451.459122425884,2883.0
65451.459122425884,2667.0
73658.74829390088,2667.0
73658.74829390088,2555.0
85180.32913352364,2555.0
85180.32913352364,2667.0
86400.0,2667.0
# temp #5015
0.0,2234.0
50852.93323646766,2234.0
50852.93323646766,2429.0
51369.11868054886,2429.0
51369.11868054886,2555.0
56088.351208087995,2555.0
56088.351208087995,2429.0
86400.0,2429.0
# temp #5016
0.0,2234.0
462.1112247928977,2234.0
462.1112247928977,2017.0
16646.006277389824,2017.0
16646.006277389824,2234.0
47360.74668662623,2234.0
47360.74668662623,2017.0
57376.06472242624,2017.0
57376.06472242624,2234.0
58855.59152718634,2234.0
58855.59152718634,2017.0
76984.32384403424,2017.0
76984.32384403424,2234.0
85893.21617279203,2234.0
85893.21617279203,2017.0
86400.0,2017.0
# temp #5017
0.0,2234.0
15505.03355667461,2234.0
15505.03355667461,2883.0
16528.36915876251,2883.0
16528.36915876251,2667.0
25507.91600646917,2667.0
25507.91600646917,2883.0
34456.12742369995,2883.0
34456.12742369995,2429.0
57531.93373326213,2429.0
57531.93373326213,2555.0
80453.47571277527,2555.0
80453.47571277527,2429.0
86400.000002,2429.0
# temp #5018
0.0,2234.0
42917.65452101827,2234.0
42917.65452101827,2555.0
50673.38692909107,2555.0
50673.38692909107,2667.0
64890.298194950454,2667.0
64890.298194950454,2234.0
86400.000002,2234.0
# temp #5019
0.0,2234.0
6135.758761852049,2234.0
6135.758761852049,2667.0
27236.736080073755,2667.0
27236.736080073755,2555.0
28338.044232060205,2555.0
28338.044232060205,2667.0
61469.39656804317,2667.0
61469.39656804317,2555.0
61769.39656804317,2555.0
61769.39656804317,2429.0
76534.89958767315,2429.0
76534.89958767315,2555.0
86400.000002,2555.0
# temp #5020
0.0,2234.0
5727.805841085502,2234.0
5727.805841085502,2667.0
32811.62315597758,2667.0
32811.62315597758,2555.0
33437.63040276244,2555.0
33437.63040276244,2667.0
49639.533743541695,2667.0
49639.533743541695,2555.0
50239.533743541695,2555.0
50239.533743541695,2667.0
65472.19574670308,2667.0
65472.19574670308,2555.0
65875.6901841145,2555.0
65875.6901841145,2429.0
72589.6321153734,2429.0
72589.6321153734,2555.0
79110.29751284515,2555.0
79110.29751284515,2429.0
85997.17125145254,2429.0
85997.17125145254,2234.0
86400.0,2234.0
# temp #5021
0.0,2234.0
14877.758403145712,2234.0
14877.758403145712,2883.0
25977.75840314571,2883.0
25977.75840314571,2555.0
31677.739342208955,2555.0
31677.739342208955,2429.0
56197.09598729388,2429.0
56197.09598729388,2883.0
73313.56187893545,2883.0
73313.56187893545,2429.0
86400.0,2429.0
# temp #5022
0.0,2234.0
34797.12265699637,2234.0
34797.12265699637,2555.0
40049.34522130062,2555.0
40049.34522130062,2667.0
49949.34522130062,2667.0
49949.34522130062,2555.0
54114.57307145466,2555.0
54114.57307145466,2429.0
65105.14111560771,2429.0
65105.14111560771,2234.0
65682.13472398931,2234.0
65682.13472398931,2667.0
77894.21646294651,2667.0
77894.21646294651,2234.0
85083.3329918096,2234.0
85083.3329918096,2429.0
86400.000002,2429.0
# temp #5023
0.0,2234.0
24884.726703702476,2234.0
24884.726703702476,2429.0
25219.483395363208,2429.0
25219.483395363208,2234.0
26065.722857625227,2234.0
26065.722857625227,2429.0
28312.28288628627,2429.0
28312.28288628627,2234.0
40754.447663621984,2234.0
40754.447663621984,2429.0
41742.57807000541,2429.0
41742.57807000541,2555.0
42991.7295256164,2555.0
42991.7295256164,2429.0
86400.000002,2429.0
# temp #5024
0.0,2234.0
7284.100757399575,2234.0
7284.100757399575,2017.0
57749.105601478375,2017.0
57749.105601478375,2234.0
58344.89536033944,2234.0
58344.89536033944,2017.0
65445.62999065966,2017.0
65445.62999065966,2234.0
81656.7545936443,2234.0
81656.7545936443,2017.0
86400.000002,2017.0
# temp #5025
0.0,2234.0
3315.336375148036,2234.0
3315.336375148036,2667.0
12163.477164949292,2667.0
12163.477164949292,2555.0
13049.60977972951,2555.0
13049.60977972951,2667.0
31558.43884872739,2667.0
31558.43884872739,2555.0
34558.43884872739,2555.0
34558.43884872739,2667.0
60658.43884872739,2667.0
60658.43884872739,2883.0
86400.0,2883.0
# temp #5026
0.0,2234.0
6895.85361625068,2234.0
6895.85361625068,2883.0
7799.330972624012,2883.0
7799.330972624012,2667.0
17023.835943290032,2667.0
17023.835943290032,2883.0
28824.328998592686,2883.0
28824.328998592686,2667.0
40063.997577619746,2667.0
40063.997577619746,2555.0
59395.28995568399,2555.0
59395.28995568399,2667.0
85837.85386139063,2667.0
85837.85386139063,2234.0
86400.0,2234.0
# temp #5027
0.0,2234.0
48162.346018734395,2234.0
48162.346018734395,2555.0
86400.000002,2555.0
# temp #5028
0.0,2234.0
22841.980232298374,2234.0
22841.980232298374,2555.0
35649.793896172196,2555.0
35649.793896172196,2667.0
39296.03225290775,2667.0
39296.03225290775,2555.0
58687.88859341294,2555.0
58687.88859341294,2429.0
86400.0,2429.0
# temp #5029
0.0,2234.0
37883.317049313344,2234.0
37883.317049313344,2429.0
38483.317049313344,2429.0
38483.317049313344,2555.0
42697.67495887355,2555.0
42697.67495887355,2429.0
77553.8958568359,2429.0
77553.8958568359,2555.0
80347.48642074411,2555.0
80347.48642074411,2667.0
86400.000002,2667.0
# temp #5030
0.0,2234.0
45358.22437412572,2234.0
45358.22437412572,2429.0
45843.57060994954,2429.0
45843.57060994954,2555.0
48032.93158281595,2555.0
48032.93158281595,2429.0
68950.41883732194,2429.0
68950.41883732194,2555.0
69923.28471208458,2555.0
69923.28471208458,2429.0
86400.000002,2429.0
# temp #5031
0.0,2234.0
19298.103483882736,2234.0
19298.103483882736,2429.0
19809.257593983788,2429.0
19809.257593983788,2555.0
24162.002244824547,2555.0
24162.002244824547,2429.0
60724.254718422904,2429.0
60724.254718422904,2555.0
79597.11988808123,2555.0
79597.11988808123,2429.0
86400.0,2429.0
# temp #5032
0.0,2234.0
10573.586946423167,2234.0
10573.586946423167,2883.0
12028.111244458707,2883.0
12028.111244458707,2667.0
16728.40453844983,2667.0
16728.40453844983,2883.0
31311.82315482293,2883.0
31311.82315482293,2429.0
60818.52047445719,2429.0
60818.52047445719,2234.0
63957.53513504752,2234.0
63957.53513504752,2429.0
86400.000002,2429.0
# temp #5033
0.0,2234.0
3650.4948376212274,2234.0
3650.4948376212274,2883.0
5027.9241857584575,2883.0
5027.9241857584575,2667.0
14786.067187646406,2667.0
14786.067187646406,2883.0
23711.303524347026,2883.0
23711.303524347026,2667.0
27611.967803374868,2667.0
27611.967803374868,2234.0
37773.46782675014,2234.0
37773.46782675014,2429.0
41518.88382006437,2429.0
41518.88382006437,2555.0
68516.50020712988,2555.0
68516.50020712988,2429.0
86400.0,2429.0
# temp #5034
0.0,2234.0
10667.98199848272,2234.0
10667.98199848272,2883.0
10997.265079664068,2883.0
10997.265079664068,2667.0
19887.565335351974,2667.0
19887.565335351974,2883.0
31086.850295495246,2883.0
31086.850295495246,2667.0
65319.88739536611,2667.0
65319.88739536611,2555.0
86400.0,2555.0
# temp #5035
0.0,2234.0
8511.21915872209,2234.0
8511.21915872209,2883.0
9811.09864069149,2883.0
9811.09864069149,2667.0
17600.54130710196,2667.0
17600.54130710196,2883.0
22146.58830163535,2883.0
22146.58830163535,2667.0
26740.915068075996,2667.0
26740.915068075996,2234.0
40262.27304919158,2234.0
40262.27304919158,2667.0
69213.51252696478,2667.0
69213.51252696478,2555.0
86400.0,2555.0
# temp #5036
0.0,2234.0
17210.591835156087,2234.0
17210.591835156087,2017.0
47819.10353028216,2017.0
47819.10353028216,2234.0
73194.88846692258,2234.0
73194.88846692258,2017.0
86400.000002,2017.0
# temp #5037
0.0,2234.0
30910.088279913183,2234.0
30910.088279913183,2429.0
31270.720350206833,2429.0
31270.720350206833,2234.0
31978.66588714533,2234.0
31978.66588714533,2429.0
32596.107179811228,2429.0
32596.107179811228,2234.0
45808.6478008423,2234.0
45808.6478008423,2429.0
46561.819905694574,2429.0
46561.819905694574,2234.0
57370.580260665156,2234.0
57370.580260665156,2429.0
66649.24409016968,2429.0
66649.24409016968,2555.0
86400.0,2555.0
# temp #5038
0.0,2234.0
61502.35827681609,2234.0
61502.35827681609,2555.0
83272.25479544142,2555.0
83272.25479544142,2429.0
86400.0,2429.0
# temp #5039
0.0,2234.0
51531.67624804192,2234.0
51531.67624804192,2555.0
55161.28612635658,2555.0
55161.28612635658,2667.0
55695.43962688186,2667.0
55695.43962688186,2555.0
55995.43962688186,2555.0
55995.43962688186,2667.0
82695.43962688185,2667.0
82695.43962688185,2555.0
86400.0,2555.0
# temp #5040
0.0,2234.0
6511.784441792407,2234.0
6511.784441792407,2667.0
32138.57434582897,2667.0
32138.57434582897,2555.0
33023.009116994224,2555.0
33023.009116994224,2667.0
56169.74671559875,2667.0
56169.74671559875,2555.0
56769.74671559875,2555.0
56769.74671559875,2667.0
76751.56483270695,2667.0
76751.56483270695,2555.0
77640.39914638271,2555.0
77640.39914638271,2429.0
86400.000002,2429.0
# temp #5041
0.0,2234.0
64324.626792361974,2234.0
64324.626792361974,2555.0
65995.02602834256,2555.0
65995.02602834256,2429.0
86400.000002,2429.0
# temp #5042
0.0,2234.0
1469.5643974235284,2234.0
1469.5643974235284,2667.0
36253.82179578301,2667.0
36253.82179578301,2555.0
36666.340148239404,2555.0
36666.340148239404,2667.0
40127.07199912985,2667.0
40127.07199912985,2555.0
43127.07199912985,2555.0
43127.07199912985,2667.0
69227.07199912984,2667.0
69227.07199912984,2883.0
86400.000002,2883.0
# temp #5043
0.0,2234.0
68313.16506103612,2234.0
68313.16506103612,2555.0
86400.0,2555.0
# temp #5044
0.0,2234.0
32579.36298837886,2234.0
32579.36298837886,2017.0
86400.0,2017.0
# temp #5045
0.0,2234.0
23150.516692386012,2234.0
23150.516692386012,2555.0
27099.050215445463,2555.0
27099.050215445463,2667.0
27638.79876395222,2667.0
27638.79876395222,2555.0
27938.79876395222,2555.0
27938.79876395222,2667.0
54638.79876395222,2667.0
54638.79876395222,2555.0
70538.79876395222,2555.0
70538.79876395222,2234.0
74138.79876395222,2234.0
74138.79876395222,2429.0
84038.79876395222,2429.0
84038.79876395222,2555.0
84638.79876395222,2555.0
84638.79876395222,2667.0
86400.0,2667.0
# temp #5046
0.0,2234.0
32884.4002701575,2234.0
32884.4002701575,2429.0
33185.9974582214,2429.0
33185.9974582214,2234.0
33981.98087804486,2234.0
33981.98087804486,2429.0
38657.42855330464,2429.0
38657.42855330464,2234.0
48580.03646463623,2234.0
48580.03646463623,2429.0
49463.51224563552,2429.0
49463.51224563552,2234.0
65819.0709794406,2234.0
65819.0709794406,2429.0
81811.58703819384,2429.0
81811.58703819384,2555.0
86400.0,2555.0
# temp #5047
0.0,2234.0
2633.9592549484228,2234.0
2633.9592549484228,2555.0
40252.88997329772,2555.0
40252.88997329772,2429.0
56536.15784682334,2429.0
56536.15784682334,2234.0
63352.29863554706,2234.0
63352.29863554706,2429.0
76528.42529488263,2429.0
76528.42529488263,2234.0
86400.000002,2234.0
# temp #5048
0.0,2234.0
65394.02582722252,2234.0
65394.02582722252,2555.0
86400.0,2555.0
# temp #5049
0.0,2234.0
9423.39103531558,2234.0
9423.39103531558,2429.0
16323.39103531558,2429.0
16323.39103531558,2555.0
18123.39103531558,2555.0
18123.39103531558,2429.0
31023.39103531558,2429.0
31023.39103531558,2234.0
31323.39103531558,2234.0
31323.39103531558,2017.0
31623.39103531558,2017.0
31623.39103531558,2234.0
31923.39103531558,2234.0
31923.39103531558,2017.0
45029.80654255953,2017.0
45029.80654255953,2234.0
47254.02532427106,2234.0
47254.02532427106,2429.0
68997.5016893819,2429.0
68997.5016893819,2234.0
86400.000002,2234.0
# temp #5050
0.0,2234.0
29592.895753146153,2234.0
29592.895753146153,2429.0
61692.89575314615,2429.0
61692.89575314615,2555.0
61992.89575314615,2555.0
61992.89575314615,2667.0
67984.90513747092,2667.0
67984.90513747092,2555.0
86400.000002,2555.0
# temp #5051
0.0,2234.0
5283.80750482902,2234.0
5283.80750482902,2429.0
5813.61454515718,2429.0
5813.61454515718,2555.0
9180.841314559804,2555.0
9180.841314559804,2429.0
45673.03095620592,2429.0
45673.03095620592,2555.0
61132.345281844035,2555.0
61132.345281844035,2667.0
64234.39173933585,2667.0
64234.39173933585,2555.0
80083.37841709146,2555.0
80083.37841709146,2429.0
86400.000002,2429.0
# temp #5052
0.0,2234.0
84592.29865351228,2234.0
84592.29865351228,2555.0
86284.7931092838,2555.0
86284.7931092838,2234.0
86400.0,2234.0
# temp #5053
0.0,2234.0
14495.348971174102,2234.0
14495.348971174102,2883.0
25595.348971174102,2883.0
25595.348971174102,2555.0
57290.16837780365,2555.0
57290.16837780365,2429.0
72837.21073740163,2429.0
72837.21073740163,2234.0
73093.88766763733,2234.0
73093.88766763733,2429.0
86400.000002,2429.0
# temp #5054
0.0,2234.0
5236.065316549503,2234.0
5236.065316549503,2667.0
17166.81657219306,2667.0
17166.81657219306,2555.0
18641.08321219683,2555.0
18641.08321219683,2429.0
47930.425072484664,2429.0
47930.425072484664,2555.0
56406.88475661447,2555.0
56406.88475661447,2667.0
84687.80708634296,2667.0
84687.80708634296,2555.0
86400.000002,2555.0
# temp #5055
0.0,2234.0
56413.02885529586,2234.0
56413.02885529586,2555.0
86400.0,2555.0
# temp #5056
0.0,2234.0
50652.75636767038,2234.0
50652.75636767038,2429.0
50954.21752918047,2429.0
50954.21752918047,2555.0
54363.652202370584,2555.0
54363.652202370584,2429.0
79775.24189664984,2429.0
79775.24189664984,2555.0
86400.0,2555.0
# temp #5057
0.0,2234.0
3013.7703521177177,2234.0
3013.7703521177177,2555.0
38922.995518846445,2555.0
38922.995518846445,2429.0
39407.164525450215,2429.0
39407.164525450215,2555.0
60078.3046857454,2555.0
60078.3046857454,2429.0
61059.37527660282,2429.0
61059.37527660282,2234.0
80632.3082830757,2234.0
80632.3082830757,2667.0
86400.0,2667.0
# temp #5058
0.0,2234.0
47394.89655329381,2234.0
47394.89655329381,2429.0
47694.89655329381,2429.0
47694.89655329381,2234.0
50098.3041897649,2234.0
50098.3041897649,2667.0
71853.59116934707,2667.0
71853.59116934707,2555.0
79298.15015236383,2555.0
79298.15015236383,2667.0
86400.000002,2667.0
# temp #5059
0.0,2234.0
16567.919132765383,2234.0
16567.919132765383,2017.0
64234.12359547802,2017.0
64234.12359547802,2234.0
82653.73258511537,2234.0
82653.73258511537,2017.0
86400.000002,2017.0
# temp #5060
0.0,2234.0
79995.42001902593,2234.0
79995.42001902593,2555.0
86400.000002,2555.0
# temp #5061
0.0,2234.0
48026.764522958554,2234.0
48026.764522958554,2429.0
48611.9365210645,2429.0
48611.9365210645,2555.0
53070.123515557505,2555.0
53070.123515557505,2429.0
62173.96449653899,2429.0
62173.96449653899,2555.0
69614.21869054904,2555.0
69614.21869054904,2667.0
86400.0,2667.0
# temp #5062
0.0,2234.0
59524.27709132899,2234.0
59524.27709132899,2555.0
86400.000002,2555.0
# temp #5063
0.0,2234.0
66203.18338747602,2234.0
66203.18338747602,2555.0
70988.2892427966,2555.0
70988.2892427966,2234.0
86400.0,2234.0
# temp #5064
0.0,2234.0
26131.913391267884,2234.0
26131.913391267884,2017.0
31420.755570335317,2017.0
31420.755570335317,2234.0
77996.04405309075,2234.0
77996.04405309075,2017.0
86400.0,2017.0
# temp #5065
0.0,2234.0
2284.229433978908,2234.0
2284.229433978908,2667.0
3923.316797730514,2667.0
3923.316797730514,2555.0
5047.227188316175,2555.0
5047.227188316175,2667.0
12884.510818007406,2667.0
12884.510818007406,2555.0
13484.510818007406,2555.0
13484.510818007406,2667.0
26943.26337485109,2667.0
26943.26337485109,2555.0
30270.705405087214,2555.0
30270.705405087214,2429.0
54493.75097828452,2429.0
54493.75097828452,2883.0
67158.9343461441,2883.0
67158.9343461441,2667.0
86400.0,2667.0
# temp #5066
0.0,2234.0
4584.680376551115,2234.0
4584.680376551115,2667.0
9069.196929386819,2667.0
9069.196929386819,2555.0
9649.482664070094,2555.0
9649.482664070094,2429.0
17008.21183403023,2429.0
17008.21183403023,2234.0
33554.08255518415,2234.0
33554.08255518415,2429.0
57591.60631746055,2429.0
57591.60631746055,2234.0
76039.51632622631,2234.0
76039.51632622631,2667.0
86400.0,2667.0
# temp #5067
0.0,2234.0
31771.156279463325,2234.0
31771.156279463325,2429.0
32371.156279463325,2429.0
32371.156279463325,2555.0
33225.544691551484,2555.0
33225.544691551484,2429.0
42958.32272088156,2429.0
42958.32272088156,2555.0
50288.51564498619,2555.0
50288.51564498619,2667.0
50894.8196577374,2667.0
50894.8196577374,2234.0
58103.37230963633,2234.0
58103.37230963633,2429.0
86400.000002,2429.0
# temp #5068
0.0,2234.0
32851.30809545517,2234.0
32851.30809545517,2429.0
33224.09796954598,2429.0
33224.09796954598,2555.0
34642.33180002775,2555.0
34642.33180002775,2429.0
69111.99470360298,2429.0
69111.99470360298,2555.0
69148.80967482459,2555.0
69148.80967482459,2429.0
86400.0,2429.0
# temp #5069
0.0,2234.0
57254.80012097397,2234.0
57254.80012097397,2429.0
86400.000002,2429.0
# temp #5070
0.0,2234.0
5040.2675497345635,2234.0
5040.2675497345635,2667.0
51345.19512390253,2667.0
51345.19512390253,2555.0
52483.61195584294,2555.0
52483.61195584294,2667.0
53122.42760772352,2667.0
53122.42760772352,2555.0
56122.42760772352,2555.0
56122.42760772352,2667.0
82222.42760772351,2667.0
82222.42760772351,2883.0
86400.000002,2883.0
# temp #5071
0.0,2234.0
56144.172696839094,2234.0
56144.172696839094,2429.0
86400.000002,2429.0
# temp #5072
0.0,2234.0
3791.2613302934924,2234.0
3791.2613302934924,2667.0
5221.519773476758,2667.0
5221.519773476758,2555.0
5569.9929238529885,2555.0
5569.9929238529885,2667.0
20848.65523295012,2667.0
20848.65523295012,2555.0
21448.65523295012,2555.0
21448.65523295012,2667.0
38091.25741089229,2667.0
38091.25741089229,2555.0
40600.14465639834,2555.0
40600.14465639834,2429.0
50764.07497068868,2429.0
50764.07497068868,2234.0
53255.265669222,2234.0
53255.265669222,2429.0
76569.99104737771,2429.0
76569.99104737771,2555.0
86400.0,2555.0
# temp #5073
0.0,2234.0
19058.622868917886,2234.0
19058.622868917886,2017.0
56881.873286934584,2017.0
56881.873286934584,2234.0
70344.3615732249,2234.0
70344.3615732249,2017.0
86400.000002,2017.0
# temp #5074
0.0,2234.0
3125.4424687474966,2234.0
3125.4424687474966,2883.0
3741.2446196191013,2883.0
3741.2446196191013,2667.0
6265.123576135375,2667.0
6265.123576135375,2883.0
26484.143461589705,2883.0
26484.143461589705,2667.0
36313.839165656835,2667.0
36313.839165656835,2234.0
55866.68987923768,2234.0
55866.68987923768,2667.0
60683.392993058085,2667.0
60683.392993058085,2555.0
69066.90677963199,2555.0
69066.90677963199,2429.0
86400.000002,2429.0
# temp #5075
0.0,2234.0
80998.20535762703,2234.0
80998.20535762703,2555.0
86400.000002,2555.0
# temp #5076
0.0,2234.0
13916.97712435853,2234.0
13916.97712435853,2883.0
14710.561193316245,2883.0
14710.561193316245,2667.0
20183.893740037456,2667.0
20183.893740037456,2883.0
31085.93692830764,2883.0
31085.93692830764,2667.0
57566.34690233041,2667.0
57566.34690233041,2555.0
67270.8551310003,2555.0
67270.8551310003,2429.0
86400.0,2429.0
# temp #5077
0.0,2234.0
61078.53465937078,2234.0
61078.53465937078,2555.0
68869.3354273215,2555.0
68869.3354273215,2234.0
86400.0,2234.0
# temp #5078
0.0,2234.0
7168.576011713596,2234.0
7168.576011713596,2667.0
17340.661843330603,2667.0
17340.661843330603,2555.0
18298.490874306302,2555.0
18298.490874306302,2667.0
31504.678339976825,2667.0
31504.678339976825,2555.0
31804.678339976825,2555.0
31804.678339976825,2667.0
32503.02511223127,2667.0
32503.02511223127,2555.0
33103.02511223127,2555.0
33103.02511223127,2667.0
65881.11894296018,2667.0
65881.11894296018,2555.0
74824.39391138034,2555.0
74824.39391138034,2429.0
81941.7320894776,2429.0
81941.7320894776,2555.0
86400.000002,2555.0
# temp #5079
0.0,2234.0
19871.305405721072,2234.0
19871.305405721072,2555.0
56971.2076501921,2555.0
56971.2076501921,2429.0
57564.650437678225,2429.0
57564.650437678225,2555.0
77512.11052732544,2555.0
77512.11052732544,2429.0
78838.53731565179,2429.0
78838.53731565179,2555.0
80071.99955703692,2555.0
80071.99955703692,2429.0
80371.99955703692,2429.0
80371.99955703692,2555.0
81871.99955703692,2555.0
81871.99955703692,2429.0
86400.0,2429.0
# temp #5080
0.0,2234.0
43962.15865155683,2234.0
43962.15865155683,2555.0
66074.69304646367,2555.0
66074.69304646367,2429.0
82390.23812036031,2429.0
82390.23812036031,2234.0
86400.0,2234.0
# temp #5081
0.0,2234.0
16637.244690628726,2234.0
16637.244690628726,2883.0
18299.531367863532,2883.0
18299.531367863532,2667.0
28474.63260577061,2667.0
28474.63260577061,2883.0
50680.20018003882,2883.0
50680.20018003882,2429.0
74218.34342395888,2429.0
74218.34342395888,2555.0
86400.0,2555.0
# temp #5082
0.0,2234.0
22517.463774885986,2234.0
22517.463774885986,2429.0
23117.463774885986,2429.0
23117.463774885986,2555.0
23805.657740961764,2555.0
23805.657740961764,2429.0
41580.15730571934,2429.0
41580.15730571934,2555.0
57800.326981907725,2555.0
57800.326981907725,2667.0
62863.64281398711,2667.0
62863.64281398711,2234.0
81123.94310531674,2234.0
81123.94310531674,2667.0
86400.000002,2667.0
# temp #5083
0.0,2234.0
48415.720108081594,2234.0
48415.720108081594,2555.0
53510.14674296603,2555.0
53510.14674296603,2667.0
63410.14674296603,2667.0
63410.14674296603,2555.0
63915.91724110768,2555.0
63915.91724110768,2429.0
86400.000002,2429.0
# temp #5084
0.0,2234.0
4182.732813223266,2234.0
4182.732813223266,2667.0
29384.400800708685,2667.0
29384.400800708685,2555.0
30566.999239660803,2555.0
30566.999239660803,2667.0
55363.95509045106,2667.0
55363.95509045106,2555.0
55663.95509045106,2555.0
55663.95509045106,2667.0
56302.25461462979,2667.0
56302.25461462979,2555.0
56902.25461462979,2555.0
56902.25461462979,2667.0
74659.81793068351,2667.0
74659.81793068351,2555.0
86400.000002,2555.0
# temp #5085
0.0,2234.0
7008.252582885327,2234.0
7008.252582885327,2667.0
10885.773481777871,2667.0
10885.773481777871,2555.0
11237.414446170444,2555.0
11237.414446170444,2667.0
21018.836842384193,2667.0
21018.836842384193,2555.0
21618.836842384193,2555.0
21618.836842384193,2667.0
42761.56634981745,2667.0
42761.56634981745,2555.0
44656.94812419825,2555.0
44656.94812419825,2429.0
69638.73271259946,2429.0
69638.73271259946,2555.0
75133.81469193847,2555.0
75133.81469193847,2429.0
86400.000002,2429.0
# temp #5086
0.0,2234.0
24549.542734259743,2234.0
24549.542734259743,2555.0
42260.97139930353,2555.0
42260.97139930353,2429.0
42666.34067923297,2429.0
42666.34067923297,2555.0
58766.833084565595,2555.0
58766.833084565595,2429.0
59750.711697014056,2429.0
59750.711697014056,2234.0
70128.37354447694,2234.0
70128.37354447694,2429.0
86400.000002,2429.0
# temp #5087
0.0,2234.0
47970.01725125593,2234.0
47970.01725125593,2429.0
48305.27755692602,2429.0
48305.27755692602,2555.0
51111.32584959269,2555.0
51111.32584959269,2429.0
68276.61831958687,2429.0
68276.61831958687,2555.0
78137.17310309877,2555.0
78137.17310309877,2429.0
86400.000002,2429.0
# temp #5088
0.0,2234.0
10116.755903000014,2234.0
10116.755903000014,2429.0
10618.703391985038,2429.0
10618.703391985038,2555.0
15244.331305311065,2555.0
15244.331305311065,2429.0
53051.511441380724,2429.0
53051.511441380724,2555.0
69695.63621480485,2555.0
69695.63621480485,2667.0
86400.0,2667.0
# temp #5089
0.0,2234.0
13278.264407068491,2234.0
13278.264407068491,2429.0
13809.953137370758,2429.0
13809.953137370758,2234.0
14587.682519922964,2234.0
14587.682519922964,2429.0
16863.66019982379,2429.0
16863.66019982379,2234.0
21961.485954606906,2234.0
21961.485954606906,2429.0
23081.14905674011,2429.0
23081.14905674011,2234.0
45399.39903623891,2234.0
45399.39903623891,2429.0
72428.13441676555,2429.0
72428.13441676555,2883.0
86400.000002,2883.0
# temp #5090
0.0,2234.0
29607.502712029967,2234.0
29607.502712029967,2017.0
81375.96176289955,2017.0
81375.96176289955,2234.0
86400.0,2234.0
# temp #5091
0.0,2234.0
8679.535223403947,2234.0
8679.535223403947,2667.0
35390.50015574322,2667.0
35390.50015574322,2555.0
36446.364761330195,2555.0
36446.364761330195,2667.0
46510.94264115673,2667.0
46510.94264115673,2555.0
49510.94264115673,2555.0
49510.94264115673,2667.0
75610.94264115673,2667.0
75610.94264115673,2883.0
86400.000002,2883.0
# temp #5092
0.0,2234.0
29146.58622401767,2234.0
29146.58622401767,2555.0
30133.44040056691,2555.0
30133.44040056691,2667.0
30667.57690238301,2667.0
30667.57690238301,2555.0
30967.57690238301,2555.0
30967.57690238301,2667.0
34567.57690238301,2667.0
34567.57690238301,2555.0
36067.57690238301,2555.0
36067.57690238301,2429.0
44058.84743831121,2429.0
44058.84743831121,2234.0
60782.51592745074,2234.0
60782.51592745074,2667.0
81523.32992786543,2667.0
81523.32992786543,2555.0
86400.000002,2555.0
# temp #5093
0.0,2234.0
35688.57649960556,2234.0
35688.57649960556,2555.0
40452.34028091655,2555.0
40452.34028091655,2667.0
40854.821811290465,2667.0
40854.821811290465,2555.0
46854.821811290465,2555.0
46854.821811290465,2429.0
49254.821811290465,2429.0
49254.821811290465,2234.0
52854.821811290465,2234.0
52854.821811290465,2429.0
54054.821811290465,2429.0
54054.821811290465,2234.0
59754.821811290465,2234.0
59754.821811290465,2429.0
78216.0373428371,2429.0
78216.0373428371,2883.0
86400.000002,2883.0
# temp #5094
0.0,2234.0
6384.809397580103,2234.0
6384.809397580103,2017.0
50567.69750956447,2017.0
50567.69750956447,2234.0
81830.40882088245,2234.0
81830.40882088245,2017.0
86400.000002,2017.0
# temp #5095
0.0,2234.0
13502.374611399138,2234.0
13502.374611399138,2555.0
30683.73914414552,2555.0
30683.73914414552,2429.0
37223.39879998472,2429.0
37223.39879998472,2234.0
37523.39879998472,2234.0
37523.39879998472,2017.0
72144.1964736907,2017.0
72144.1964736907,2883.0
86400.000002,2883.0
# temp #5096
0.0,2234.0
6305.935120163486,2234.0
6305.935120163486,2017.0
49672.64894759283,2017.0
49672.64894759283,2234.0
75195.46576291324,2234.0
75195.46576291324,2017.0
86400.0,2017.0
# temp #5097
0.0,2234.0
10915.047042723747,2234.0
10915.047042723747,2883.0
12654.777748533526,2883.0
12654.777748533526,2667.0
17750.844246335328,2667.0
17750.844246335328,2883.0
46347.27446150501,2883.0
46347.27446150501,2429.0
80793.20354510566,2429.0
80793.20354510566,2883.0
83895.98978769501,2883.0
83895.98978769501,2667.0
86400.0,2667.0
# temp #5098
0.0,2234.0
16183.08969216887,2234.0
16183.08969216887,2429.0
16695.172087359246,2429.0
16695.172087359246,2555.0
18372.719821217474,2555.0
18372.719821217474,2429.0
44564.277462218895,2429.0
44564.277462218895,2555.0
63225.47783015763,2555.0
63225.47783015763,2667.0
78253.55877033436,2667.0
78253.55877033436,2555.0
79335.50788848662,2555.0
79335.50788848662,2429.0
86400.0,2429.0
# temp #5099
0.0,2234.0
33176.86652331614,2234.0
33176.86652331614,2555.0
57713.42602958904,2555.0
57713.42602958904,2429.0
86400.000002,2429.0
# temp #5100
0.0,2234.0
16505.539673985913,2234.0
16505.539673985913,2429.0
16888.192041870207,2429.0
16888.192041870207,2555.0
20969.315877836198,2555.0
20969.315877836198,2429.0
35394.23119621351,2429.0
35394.23119621351,2555.0
36113.914543110885,2555.0
36113.914543110885,2429.0
72851.36985685678,2429.0
72851.36985685678,2555.0
77296.25468971209,2555.0
77296.25468971209,2667.0
86400.0,2667.0
# temp #5101
0.0,2234.0
2575.4634167533372,2234.0
2575.4634167533372,2017.0
10918.682107888162,2017.0
10918.682107888162,2234.0
44445.06570138038,2234.0
44445.06570138038,2017.0
79389.74557486364,2017.0
79389.74557486364,2234.0
85089.74557486364,2234.0
85089.74557486364,2429.0
86400.0,2429.0
# temp #5102
0.0,2234.0
27081.674460810613,2234.0
27081.674460810613,2429.0
27607.836769334976,2429.0
27607.836769334976,2234.0
28478.26866237447,2234.0
28478.26866237447,2429.0
33966.29998083227,2429.0
33966.29998083227,2234.0
47959.493958461106,2234.0
47959.493958461106,2429.0
48531.511613354094,2429.0
48531.511613354094,2234.0
57757.45363938623,2234.0
57757.45363938623,2429.0
86400.0,2429.0
# temp #5103
0.0,2234.0
8984.358798014002,2234.0
8984.358798014002,2555.0
21729.684776114304,2555.0
21729.684776114304,2429.0
22181.60198077094,2429.0
22181.60198077094,2555.0
41665.74075089303,2555.0
41665.74075089303,2429.0
42652.525257202804,2429.0
42652.525257202804,2555.0
43976.79299691227,2555.0
43976.79299691227,2429.0
44276.79299691227,2429.0
44276.79299691227,2555.0
45776.79299691227,2555.0
45776.79299691227,2429.0
55976.79299691227,2429.0
55976.79299691227,2234.0
86400.000002,2234.0
# temp #5104
0.0,2234.0
52151.45979146474,2234.0
52151.45979146474,2429.0
52481.9192132447,2429.0
52481.9192132447,2555.0
53973.697815695785,2555.0
53973.697815695785,2429.0
86400.000002,2429.0
# temp #5105
0.0,2234.0
1956.6596638876947,2234.0
1956.6596638876947,2667.0
30242.412608605813,2667.0
30242.412608605813,2555.0
30659.410000056963,2555.0
30659.410000056963,2667.0
37129.90571551491,2667.0
37129.90571551491,2555.0
37429.90571551491,2555.0
37429.90571551491,2667.0
38229.244261840366,2667.0
38229.244261840366,2555.0
38829.244261840366,2555.0
38829.244261840366,2667.0
40912.164734350525,2667.0
40912.164734350525,2883.0
51617.360221641145,2883.0
51617.360221641145,2667.0
69050.62041494531,2667.0
69050.62041494531,2555.0
82386.90657669214,2555.0
82386.90657669214,2667.0
86400.000002,2667.0
# temp #5106
0.0,2234.0
2396.73164812848,2234.0
2396.73164812848,2017.0
9801.709512434902,2017.0
9801.709512434902,2234.0
55877.30284295977,2234.0
55877.30284295977,2017.0
75948.51843221115,2017.0
75948.51843221115,2234.0
86400.0,2234.0
# temp #5107
0.0,2234.0
73841.73370976934,2234.0
73841.73370976934,2555.0
86400.0,2555.0
# temp #5108
0.0,2234.0
17237.026681727733,2234.0
17237.026681727733,2883.0
18839.501720177945,2883.0
18839.501720177945,2667.0
21322.255151672292,2667.0
21322.255151672292,2883.0
51885.766327357866,2883.0
51885.766327357866,2429.0
56862.77732995806,2429.0
56862.77732995806,2555.0
84119.5468332153,2555.0
84119.5468332153,2429.0
86400.0,2429.0
# temp #5109
0.0,2234.0
34556.69328309596,2234.0
34556.69328309596,2017.0
43557.66172092409,2017.0
43557.66172092409,2234.0
84667.08764852957,2234.0
84667.08764852957,2017.0
86400.000002,2017.0
# temp #5110
0.0,2234.0
18080.831192107875,2234.0
18080.831192107875,2017.0
70401.36022944936,2017.0
70401.36022944936,2234.0
86400.000002,2234.0
# temp #5111
0.0,2234.0
43007.95144960285,2234.0
43007.95144960285,2429.0
75107.95144960284,2429.0
75107.95144960284,2555.0
75407.95144960284,2555.0
75407.95144960284,2667.0
86400.0,2667.0
# temp #5112
0.0,2234.0
1842.838736297563,2234.0
1842.838736297563,2667.0
24866.47021500394,2667.0
24866.47021500394,2555.0
25529.92575326935,2555.0
25529.92575326935,2429.0
47060.792984697044,2429.0
47060.792984697044,2555.0
65277.80982814731,2555.0
65277.80982814731,2429.0
82053.65618644284,2429.0
82053.65618644284,2555.0
86400.000002,2555.0
# temp #5113
0.0,2234.0
18349.32086393237,2234.0
18349.32086393237,2429.0
18846.928343223408,2429.0
18846.928343223408,2234.0
19743.654934270307,2234.0
19743.654934270307,2429.0
22896.88298064284,2429.0
22896.88298064284,2234.0
24388.25025691185,2234.0
24388.25025691185,2429.0
25553.24560306035,2429.0
25553.24560306035,2234.0
36235.163250239566,2234.0
36235.163250239566,2429.0
43839.46377835237,2429.0
43839.46377835237,2883.0
75565.14647444712,2883.0
75565.14647444712,2429.0
86400.0,2429.0
# temp #5114
0.0,2234.0
13254.060798254797,2234.0
13254.060798254797,2555.0
36969.751960714355,2555.0
36969.751960714355,2429.0
51880.25065355469,2429.0
51880.25065355469,2234.0
56267.095894482925,2234.0
56267.095894482925,2429.0
71741.60034370144,2429.0
71741.60034370144,2234.0
86400.000002,2234.0
# temp #5115
0.0,2234.0
52582.742407755,2234.0
52582.742407755,2429.0
53144.191546272494,2429.0
53144.191546272494,2555.0
55865.871221479036,2555.0
55865.871221479036,2429.0
86400.0,2429.0
# temp #5116
0.0,2234.0
28528.331520175565,2234.0
28528.331520175565,2429.0
29112.315091397617,2429.0
29112.315091397617,2555.0
32131.693583261225,2555.0
32131.693583261225,2429.0
50087.32416727581,2429.0
50087.32416727581,2234.0
60233.497182838626,2234.0
60233.497182838626,2429.0
64890.15386011452,2429.0
64890.15386011452,2883.0
78226.6807932174,2883.0
78226.6807932174,2429.0
86400.0,2429.0
# temp #5117
0.0,2234.0
20788.58899008483,2234.0
20788.58899008483,2555.0
21732.210108940493,2555.0
21732.210108940493,2667.0
28032.210108940493,2667.0
28032.210108940493,2555.0
29232.210108940493,2555.0
29232.210108940493,2429.0
72432.21010894049,2429.0
72432.21010894049,2234.0
82489.6562447073,2234.0
82489.6562447073,2667.0
86400.000002,2667.0
# temp #5118
0.0,2234.0
38896.790366875946,2234.0
38896.790366875946,2555.0
54110.740161943264,2555.0
54110.740161943264,2429.0
86400.000002,2429.0
# temp #5119
0.0,2234.0
27007.816935516898,2234.0
27007.816935516898,2555.0
66294.08163931222,2555.0
66294.08163931222,2429.0
66653.05220496377,2429.0
66653.05220496377,2555.0
80399.50652816334,2555.0
80399.50652816334,2429.0
80825.29952418992,2429.0
80825.29952418992,2234.0
86400.0,2234.0
# temp #5120
0.0,2234.0
2751.9093995215376,2234.0
2751.9093995215376,2667.0
37308.079829067,2667.0
37308.079829067,2555.0
38118.90146350489,2555.0
38118.90146350489,2667.0
47485.94702943229,2667.0
47485.94702943229,2555.0
47785.94702943229,2555.0
47785.94702943229,2667.0
48601.000340050094,2667.0
48601.000340050094,2555.0
49201.000340050094,2555.0
49201.000340050094,2667.0
50882.28024984711,2667.0
50882.28024984711,2883.0
67381.22464441696,2883.0
67381.22464441696,2429.0
86400.0,2429.0
# temp #5121
0.0,2234.0
3876.789557165467,2234.0
3876.789557165467,2667.0
28148.224110575396,2667.0
28148.224110575396,2555.0
29264.588291337717,2555.0
29264.588291337717,2667.0
36560.108567099094,2667.0
36560.108567099094,2555.0
37160.108567099094,2555.0
37160.108567099094,2667.0
56536.19397177827,2667.0
56536.19397177827,2555.0
60796.99160463643,2555.0
60796.99160463643,2429.0
76453.79061629066,2429.0
76453.79061629066,2555.0
86400.0,2555.0
# temp #5122
0.0,2234.0
70969.80795019772,2234.0
70969.80795019772,2883.0
73369.80795019772,2883.0
73369.80795019772,2667.0
80142.23564530257,2667.0
80142.23564530257,2555.0
82580.07121717092,2555.0
82580.07121717092,2429.0
86400.000002,2429.0
# temp #5123
0.0,2234.0
9393.296159757303,2234.0
9393.296159757303,2883.0
10036.843328294346,2883.0
10036.843328294346,2667.0
18369.88639177289,2667.0
18369.88639177289,2883.0
37766.62448979915,2883.0
37766.62448979915,2429.0
40648.46578901634,2429.0
40648.46578901634,2883.0
56388.27511640267,2883.0
56388.27511640267,2667.0
57811.03657577188,2667.0
57811.03657577188,2234.0
62678.067950159326,2234.0
62678.067950159326,2667.0
66192.13924803773,2667.0
66192.13924803773,2555.0
79800.00919145533,2555.0
79800.00919145533,2667.0
86400.0,2667.0
# temp #5124
0.0,2234.0
67217.97485221177,2234.0
67217.97485221177,2883.0
69617.97485221177,2883.0
69617.97485221177,2667.0
86400.0,2667.0
# temp #5125
0.0,2234.0
37178.50977005438,2234.0
37178.50977005438,2429.0
37778.50977005438,2429.0
37778.50977005438,2555.0
40709.46486527101,2555.0
40709.46486527101,2429.0
60378.130864910796,2429.0
60378.130864910796,2555.0
68123.90061607586,2555.0
68123.90061607586,2667.0
73070.26046309622,2667.0
73070.26046309622,2555.0
86400.000002,2555.0
# temp #5126
0.0,2234.0
32772.45620114263,2234.0
32772.45620114263,2883.0
35172.45620114263,2883.0
35172.45620114263,2667.0
57757.64127653092,2667.0
57757.64127653092,2234.0
86400.0,2234.0
# temp #5127
0.0,2234.0
24207.432841532867,2234.0
24207.432841532867,2555.0
62677.245678682826,2555.0
62677.245678682826,2429.0
84326.83814086487,2429.0
84326.83814086487,2234.0
86400.000002,2234.0
# temp #5128
0.0,2234.0
26123.03010709584,2234.0
26123.03010709584,2429.0
26588.89807853848,2429.0
26588.89807853848,2234.0
27193.28113070224,2234.0
27193.28113070224,2429.0
31064.878643606793,2429.0
31064.878643606793,2234.0
33966.8813754106,2234.0
33966.8813754106,2429.0
34393.96296276246,2429.0
34393.96296276246,2555.0
35500.66232162063,2555.0
35500.66232162063,2429.0
35800.66232162063,2429.0
35800.66232162063,2555.0
36100.66232162063,2555.0
36100.66232162063,2429.0
36700.66232162063,2429.0
36700.66232162063,2555.0
37545.01370193903,2555.0
37545.01370193903,2429.0
61693.772252183415,2429.0
61693.772252183415,2555.0
69474.67903140934,2555.0
69474.67903140934,2667.0
86400.0,2667.0
# temp #5129
0.0,2234.0
1441.907974937931,2234.0
1441.907974937931,2667.0
20404.618791164834,2667.0
20404.618791164834,2555.0
21520.809688093144,2555.0
21520.809688093144,2667.0
33875.51109481138,2667.0
33875.51109481138,2555.0
34175.51109481138,2555.0
34175.51109481138,2667.0
35004.89999782295,2667.0
35004.89999782295,2555.0
35604.89999782295,2555.0
35604.89999782295,2667.0
57230.27930182872,2667.0
57230.27930182872,2234.0
85177.79629309663,2234.0
85177.79629309663,2429.0
86400.0,2429.0
# temp #5130
0.0,2234.0
15182.189409225251,2234.0
15182.189409225251,2883.0
16703.268305305395,2883.0
16703.268305305395,2667.0
20477.029134146873,2667.0
20477.029134146873,2883.0
32499.240244645633,2883.0
32499.240244645633,2667.0
75350.51111066715,2667.0
75350.51111066715,2883.0
86400.0,2883.0
# temp #5131
0.0,2234.0
40170.444131176926,2234.0
40170.444131176926,2429.0
40470.444131176926,2429.0
40470.444131176926,2234.0
45199.39295528457,2234.0
45199.39295528457,2429.0
50544.49424932246,2429.0
50544.49424932246,2555.0
56722.898894478574,2555.0
56722.898894478574,2429.0
86400.000002,2429.0
# temp #5132
0.0,2234.0
7995.596044999549,2234.0
7995.596044999549,2667.0
48866.26699038316,2667.0
48866.26699038316,2555.0
49964.60467104335,2555.0
49964.60467104335,2667.0
69742.83759661486,2667.0
69742.83759661486,2555.0
70042.83759661486,2555.0
70042.83759661486,2667.0
70342.83759661486,2667.0
70342.83759661486,2555.0
73642.83759661486,2555.0
73642.83759661486,2667.0
86400.0,2667.0
# temp #5133
0.0,2234.0
64455.6940131588,2234.0
64455.6940131588,2883.0
66855.69401315879,2883.0
66855.69401315879,2667.0
83337.84621718805,2667.0
83337.84621718805,2883.0
83918.49421297666,2883.0
83918.49421297666,2667.0
86400.000002,2667.0
# temp #5134
0.0,2234.0
14363.845599093476,2234.0
14363.845599093476,2429.0
14663.845599093476,2429.0
14663.845599093476,2234.0
22043.855959293436,2234.0
22043.855959293436,2429.0
28957.624934893105,2429.0
28957.624934893105,2555.0
36446.09333700501,2555.0
36446.09333700501,2429.0
60541.15586257541,2429.0
60541.15586257541,2234.0
77593.65229995457,2234.0
77593.65229995457,2429.0
86400.000002,2429.0
# temp #5135
0.0,2234.0
13296.846237103457,2234.0
13296.846237103457,2883.0
14983.310155360961,2883.0
14983.310155360961,2667.0
17736.497267824598,2667.0
17736.497267824598,2883.0
24150.634159636687,2883.0
24150.634159636687,2667.0
25508.115312899467,2667.0
25508.115312899467,2555.0
37023.427804629326,2555.0
37023.427804629326,2667.0
64233.42013643124,2667.0
64233.42013643124,2555.0
69813.73724390288,2555.0
69813.73724390288,2429.0
86400.0,2429.0
# temp #5136
0.0,2234.0
16756.74256542698,2234.0
16756.74256542698,2555.0
21052.28386712261,2555.0
21052.28386712261,2667.0
21566.45922388416,2667.0
21566.45922388416,2555.0
27566.45922388416,2555.0
27566.45922388416,2429.0
29966.45922388416,2429.0
29966.45922388416,2234.0
33566.459223884165,2234.0
33566.459223884165,2429.0
34766.459223884165,2429.0
34766.459223884165,2234.0
40466.459223884165,2234.0
40466.459223884165,2429.0
58578.73248634861,2429.0
58578.73248634861,2234.0
82914.51945828741,2234.0
82914.51945828741,2429.0
86400.000002,2429.0
# temp #5137
0.0,2234.0
4127.102549490519,2234.0
4127.102549490519,2883.0
5856.427906220779,2883.0
5856.427906220779,2667.0
8661.025605490431,2667.0
8661.025605490431,2883.0
12289.599223528057,2883.0
12289.599223528057,2429.0
26534.76296178997,2429.0
26534.76296178997,2555.0
39492.48020716478,2555.0
39492.48020716478,2429.0
50585.18422194757,2429.0
50585.18422194757,2555.0
61822.08134529647,2555.0
61822.08134529647,2429.0
86400.000002,2429.0
# temp #5138
0.0,2234.0
8855.865810834805,2234.0
8855.865810834805,2555.0
13658.13126128633,2555.0
13658.13126128633,2667.0
14006.14763258491,2667.0
14006.14763258491,2555.0
20006.14763258491,2555.0
20006.14763258491,2429.0
22406.14763258491,2429.0
22406.14763258491,2234.0
26006.14763258491,2234.0
26006.14763258491,2429.0
27206.14763258491,2429.0
27206.14763258491,2234.0
32906.14763258491,2234.0
32906.14763258491,2429.0
35554.26941590849,2429.0
35554.26941590849,2555.0
52911.799970758155,2555.0
52911.799970758155,2667.0
75224.50379293879,2667.0
75224.50379293879,2555.0
75346.2743083248,2555.0
75346.2743083248,2429.0
86400.0,2429.0
# temp #5139
0.0,2234.0
4517.81308518257,2234.0
4517.81308518257,2883.0
6078.918009786867,2883.0
6078.918009786867,2667.0
12794.286045455374,2667.0
12794.286045455374,2883.0
24082.31036087964,2883.0
24082.31036087964,2667.0
25986.119693261575,2667.0
25986.119693261575,2883.0
34087.76394159068,2883.0
34087.76394159068,2667.0
59028.534201951705,2667.0
59028.534201951705,2555.0
86243.00195777325,2555.0
86243.00195777325,2429.0
86400.000002,2429.0
# temp #5140
0.0,2234.0
12748.143044253813,2234.0
12748.143044253813,2429.0
13204.951398284176,2429.0
13204.951398284176,2555.0
16688.05431223009,2555.0
16688.05431223009,2429.0
45486.822088575005,2429.0
45486.822088575005,2555.0
57673.44472117258,2555.0
57673.44472117258,2429.0
86400.000002,2429.0
# temp #5141
0.0,2234.0
17974.034513672817,2234.0
17974.034513672817,2555.0
28581.938701495535,2555.0
28581.938701495535,2429.0
44038.12422417105,2429.0
44038.12422417105,2234.0
44638.12422417105,2234.0
44638.12422417105,2429.0
62938.12422417105,2429.0
62938.12422417105,2555.0
64438.12422417105,2555.0
64438.12422417105,2429.0
69458.22846223602,2429.0
69458.22846223602,2234.0
73637.46616761202,2234.0
73637.46616761202,2667.0
86400.000002,2667.0
# temp #5142
0.0,2234.0
23575.62574606855,2234.0
23575.62574606855,2429.0
55675.625746068545,2429.0
55675.625746068545,2555.0
55975.625746068545,2555.0
55975.625746068545,2667.0
68042.59680344258,2667.0
68042.59680344258,2555.0
69248.17265309393,2555.0
69248.17265309393,2429.0
77516.27496171277,2429.0
77516.27496171277,2555.0
86400.000002,2555.0
# temp #5143
0.0,2234.0
20677.130403625782,2234.0
20677.130403625782,2429.0
21136.222298769284,2429.0
21136.222298769284,2555.0
26230.16380774789,2555.0
26230.16380774789,2429.0
30712.54420315382,2429.0
30712.54420315382,2555.0
45455.00023823698,2555.0
45455.00023823698,2429.0
51008.42533162796,2429.0
51008.42533162796,2555.0
72304.67022126542,2555.0
72304.67022126542,2429.0
86400.0,2429.0
# temp #5144
0.0,2234.0
40136.93652777001,2234.0
40136.93652777001,2555.0
74433.42684956735,2555.0
74433.42684956735,2429.0
86400.000002,2429.0
# temp #5145
0.0,2234.0
772.5437363376841,2234.0
772.5437363376841,2667.0
27598.47304557916,2667.0
27598.47304557916,2555.0
29065.253706160005,2555.0
29065.253706160005,2667.0
52759.2507430818,2667.0
52759.2507430818,2555.0
53059.2507430818,2555.0
53059.2507430818,2429.0
74379.13302923554,2429.0
74379.13302923554,2883.0
86400.000002,2883.0
# temp #5146
0.0,2234.0
7513.503023958767,2234.0
7513.503023958767,2667.0
31959.162374306477,2667.0
31959.162374306477,2555.0
32384.97659889982,2555.0
32384.97659889982,2667.0
46920.89841321577,2667.0
46920.89841321577,2555.0
47220.89841321577,2555.0
47220.89841321577,2667.0
48046.86597380788,2667.0
48046.86597380788,2555.0
48646.86597380788,2555.0
48646.86597380788,2667.0
74633.64583917429,2667.0
74633.64583917429,2555.0
86400.000002,2555.0
# temp #5147
0.0,2234.0
47879.7958810581,2234.0
47879.7958810581,2429.0
48430.02904204187,2429.0
48430.02904204187,2555.0
49296.69981671032,2555.0
49296.69981671032,2429.0
79153.58577186709,2429.0
79153.58577186709,2555.0
86400.0,2555.0
# temp #5148
0.0,2234.0
22131.2204701826,2234.0
22131.2204701826,2017.0
72417.42956447417,2017.0
72417.42956447417,2234.0
86400.0,2234.0
# temp #5149
0.0,2234.0
6656.162402057089,2234.0
6656.162402057089,2429.0
7187.194280186668,2429.0
7187.194280186668,2234.0
8032.366695301607,2234.0
8032.366695301607,2429.0
11100.16019451432,2429.0
11100.16019451432,2234.0
11864.590009837411,2234.0
11864.590009837411,2429.0
12529.93199264165,2429.0
12529.93199264165,2555.0
13109.485233086161,2555.0
13109.485233086161,2429.0
13409.485233086161,2429.0
13409.485233086161,2555.0
13709.485233086161,2555.0
13709.485233086161,2429.0
14309.485233086161,2429.0
14309.485233086161,2555.0
15602.999479207212,2555.0
15602.999479207212,2429.0
58329.38555551228,2429.0
58329.38555551228,2883.0
76080.96419514624,2883.0
76080.96419514624,2667.0
86400.0,2667.0
# temp #5150
0.0,2234.0
3424.999829451554,2234.0
3424.999829451554,2883.0
5223.278210987338,2883.0
5223.278210987338,2667.0
15441.284435545096,2667.0
15441.284435545096,2883.0
36617.88947966416,2883.0
36617.88947966416,2429.0
64026.57446069644,2429.0
64026.57446069644,2555.0
86400.0,2555.0
# temp #5151
0.0,2234.0
6217.593913176098,2234.0
6217.593913176098,2667.0
24291.24128732365,2667.0
24291.24128732365,2555.0
25771.342717646625,2555.0
25771.342717646625,2667.0
61880.4487665184,2667.0
61880.4487665184,2555.0
62180.4487665184,2555.0
62180.4487665184,2667.0
63035.60650250876,2667.0
63035.60650250876,2555.0
63635.60650250876,2555.0
63635.60650250876,2667.0
86059.88236342093,2667.0
86059.88236342093,2234.0
86400.000002,2234.0
# temp #5152
0.0,2234.0
31096.054843976166,2234.0
31096.054843976166,2555.0
31599.681090284143,2555.0
31599.681090284143,2667.0
32144.99062551186,2667.0
32144.99062551186,2555.0
32444.99062551186,2555.0
32444.99062551186,2667.0
36044.990625511855,2667.0
36044.990625511855,2555.0
37544.990625511855,2555.0
37544.990625511855,2429.0
53570.32164700796,2429.0
53570.32164700796,2234.0
65513.28582961579,2234.0
65513.28582961579,2667.0
86400.0,2667.0
# temp #5153
0.0,2234.0
2352.875997824595,2234.0
2352.875997824595,2017.0
20394.302654312927,2017.0
20394.302654312927,2234.0
38234.860848588876,2234.0
38234.860848588876,2017.0
86400.0,2017.0
# temp #5154
0.0,2234.0
22430.29462080449,2234.0
22430.29462080449,2555.0
47187.24463430699,2555.0
47187.24463430699,2429.0
71590.91407768428,2429.0
71590.91407768428,2234.0
86400.0,2234.0
# temp #5155
0.0,2234.0
12146.432119142266,2234.0
12146.432119142266,2555.0
43542.1147259418,2555.0
43542.1147259418,2429.0
43904.54301622231,2429.0
43904.54301622231,2555.0
63642.01738794801,2555.0
63642.01738794801,2429.0
64436.467379867114,2429.0
64436.467379867114,2555.0
65525.81144522411,2555.0
65525.81144522411,2429.0
86400.0,2429.0
# temp #5156
0.0,2234.0
20835.2032778319,2234.0
20835.2032778319,2429.0
21294.589405925948,2429.0
21294.589405925948,2234.0
22048.31876344979,2234.0
22048.31876344979,2429.0
25238.41099077836,2429.0
25238.41099077836,2234.0
25965.600164327774,2234.0
25965.600164327774,2429.0
26734.505593311045,2429.0
26734.505593311045,2555.0
27563.591144979004,2555.0
27563.591144979004,2429.0
27863.591144979004,2429.0
27863.591144979004,2555.0
48263.591144979,2555.0
48263.591144979,2429.0
48563.591144979,2429.0
48563.591144979,2555.0
49163.591144979,2555.0
49163.591144979,2667.0
51303.36949888152,2667.0
51303.36949888152,2555.0
64867.24366012496,2555.0
64867.24366012496,2429.0
72455.6048580911,2429.0
72455.6048580911,2555.0
86400.0,2555.0
# temp #5157
0.0,2234.0
12788.139472785408,2234.0
12788.139472785408,2883.0
23888.139472785406,2883.0
23888.139472785406,2555.0
38964.47921243962,2555.0
38964.47921243962,2667.0
60534.75631799084,2667.0
60534.75631799084,2883.0
62782.69512020052,2883.0
62782.69512020052,2429.0
78416.90332107247,2429.0
78416.90332107247,2555.0
86400.0,2555.0
# temp #5158
0.0,2234.0
72461.72445835547,2234.0
72461.72445835547,2883.0
74861.72445835547,2883.0
74861.72445835547,2667.0
86400.000002,2667.0
# temp #5159
0.0,2234.0
29197.235826496035,2234.0
29197.235826496035,2555.0
63490.17003122718,2555.0
63490.17003122718,2429.0
77158.58536914458,2429.0
77158.58536914458,2234.0
86400.000002,2234.0
# temp #5160
0.0,2234.0
4746.949119586498,2234.0
4746.949119586498,2667.0
13349.269490945157,2667.0
13349.269490945157,2555.0
14317.56868741941,2555.0
14317.56868741941,2667.0
46627.083421521835,2667.0
46627.083421521835,2555.0
47227.083421521835,2555.0
47227.083421521835,2667.0
64474.57465867048,2667.0
64474.57465867048,2555.0
69320.81706861501,2555.0
69320.81706861501,2429.0
86400.000002,2429.0
# temp #5161
0.0,2234.0
14614.533089753244,2234.0
14614.533089753244,2883.0
16231.231118110012,2883.0
16231.231118110012,2667.0
26909.099540999166,2667.0
26909.099540999166,2883.0
40296.10378523358,2883.0
40296.10378523358,2667.0
60687.8689635778,2667.0
60687.8689635778,2555.0
86400.0,2555.0
# temp #5162
0.0,2234.0
23541.167299216617,2234.0
23541.167299216617,2555.0
27464.0224209521,2555.0
27464.0224209521,2429.0
31398.748766491193,2429.0
31398.748766491193,2234.0
38170.51790831611,2234.0
38170.51790831611,2429.0
58463.17917932757,2429.0
58463.17917932757,2234.0
78952.63691819274,2234.0
78952.63691819274,2667.0
86400.000002,2667.0
# temp #5163
0.0,2234.0
6718.089291779325,2234.0
6718.089291779325,2883.0
7534.424394392409,2883.0
7534.424394392409,2667.0
11699.868163070641,2667.0
11699.868163070641,2883.0
13156.964376708494,2883.0
13156.964376708494,2429.0
41344.10519753583,2429.0
41344.10519753583,2555.0
43844.61402066518,2555.0
43844.61402066518,2429.0
69258.78098357935,2429.0
69258.78098357935,2883.0
70528.6696990952,2883.0
70528.6696990952,2429.0
86400.0,2429.0
# temp #5164
0.0,2234.0
2303.522716811858,2234.0
2303.522716811858,2883.0
13403.522716811858,2883.0
13403.522716811858,2555.0
29130.35723192152,2555.0
29130.35723192152,2667.0
43891.83451014106,2667.0
43891.83451014106,2555.0
56015.239091520205,2555.0
56015.239091520205,2429.0
84840.48318970019,2429.0
84840.48318970019,2555.0
86400.0,2555.0
# temp #5165
0.0,2234.0
3715.2506683487454,2234.0
3715.2506683487454,2667.0
39546.97116608732,2667.0
39546.97116608732,2555.0
40508.30956161954,2555.0
40508.30956161954,2667.0
41445.95803949051,2667.0
41445.95803949051,2555.0
41745.95803949051,2555.0
41745.95803949051,2429.0
62785.72801987176,2429.0
62785.72801987176,2555.0
73551.47640975194,2555.0
73551.47640975194,2429.0
75445.57130124887,2429.0
75445.57130124887,2555.0
86400.0,2555.0
# temp #5166
0.0,2234.0
3683.173430571333,2234.0
3683.173430571333,2883.0
5015.591904544272,2883.0
5015.591904544272,2667.0
16720.120012387633,2667.0
16720.120012387633,2883.0
39100.48069451005,2883.0
39100.48069451005,2429.0
52405.13196371031,2429.0
52405.13196371031,2234.0
62249.784131418,2234.0
62249.784131418,2667.0
86400.0,2667.0
# temp #5167
0.0,2234.0
7787.374895811083,2234.0
7787.374895811083,2667.0
13308.409278444018,2667.0
13308.409278444018,2555.0
14532.00228956994,2555.0
14532.00228956994,2429.0
54089.257338526666,2429.0
54089.257338526666,2883.0
68175.75744814241,2883.0
68175.75744814241,2429.0
86400.0,2429.0
# temp #5168
0.0,2234.0
29611.76984093618,2234.0
29611.76984093618,2429.0
29911.76984093618,2429.0
29911.76984093618,2234.0
49349.492523050874,2234.0
49349.492523050874,2429.0
75765.12750636322,2429.0
75765.12750636322,2555.0
86400.0,2555.0
# temp #5169
0.0,2234.0
16533.80765549373,2234.0
16533.80765549373,2429.0
16915.74127280619,2429.0
16915.74127280619,2234.0
17562.422849424183,2234.0
17562.422849424183,2429.0
22244.995712349195,2429.0
22244.995712349195,2234.0
28187.324009696025,2234.0
28187.324009696025,2429.0
28959.201267594475,2429.0
28959.201267594475,2555.0
30343.40243409388,2555.0
30343.40243409388,2429.0
30643.40243409388,2429.0
30643.40243409388,2555.0
30943.40243409388,2555.0
30943.40243409388,2429.0
31543.40243409388,2429.0
31543.40243409388,2555.0
36631.52891504579,2555.0
36631.52891504579,2429.0
72885.10701376946,2429.0
72885.10701376946,2555.0
84121.91996611656,2555.0
84121.91996611656,2429.0
86400.0,2429.0
# temp #5170
0.0,2234.0
2441.736604319886,2234.0
2441.736604319886,2667.0
2860.742394905538,2667.0
2860.742394905538,2555.0
3641.655979212374,2555.0
3641.655979212374,2667.0
40212.02500441578,2667.0
40212.02500441578,2555.0
40812.02500441578,2555.0
40812.02500441578,2667.0
60331.49172042032,2667.0
60331.49172042032,2555.0
62412.80340228697,2555.0
62412.80340228697,2429.0
70083.97007239984,2429.0
70083.97007239984,2234.0
83656.21511964129,2234.0
83656.21511964129,2429.0
86400.000002,2429.0
# temp #5171
0.0,2234.0
38988.30806643237,2234.0
38988.30806643237,2429.0
39533.841815055355,2429.0
39533.841815055355,2234.0
40274.070188007325,2234.0
40274.070188007325,2429.0
43327.985465875834,2429.0
43327.985465875834,2234.0
66047.86643546542,2234.0
66047.86643546542,2429.0
67068.81792854985,2429.0
67068.81792854985,2555.0
68521.83014389595,2555.0
68521.83014389595,2429.0
86400.000002,2429.0
# temp #5172
0.0,2234.0
558.0134599702433,2234.0
558.0134599702433,2555.0
888.2126566255465,2555.0
888.2126566255465,2429.0
1464.9510397575796,2429.0
1464.9510397575796,2555.0
3292.375560826622,2555.0
3292.375560826622,2429.0
4609.512076503597,2429.0
4609.512076503597,2555.0
5564.480406953954,2555.0
5564.480406953954,2429.0
61664.48040695395,2429.0
61664.48040695395,2555.0
61964.48040695395,2555.0
61964.48040695395,2667.0
63464.48040695395,2667.0
63464.48040695395,2883.0
64964.48040695395,2883.0
64964.48040695395,2667.0
86400.0,2667.0
# temp #5173
0.0,2234.0
30494.629931752574,2234.0
30494.629931752574,2555.0
35158.93891258166,2555.0
35158.93891258166,2667.0
41458.93891258166,2667.0
41458.93891258166,2555.0
42658.93891258166,2555.0
42658.93891258166,2429.0
85858.93891258165,2429.0
85858.93891258165,2234.0
86400.000002,2234.0
# temp #5174
0.0,2234.0
4533.501544687898,2234.0
4533.501544687898,2667.0
12266.502098925414,2667.0
12266.502098925414,2555.0
13388.9526902698,2555.0
13388.9526902698,2429.0
41462.165355496116,2429.0
41462.165355496116,2883.0
60239.778020046666,2883.0
60239.778020046666,2667.0
77419.88340059762,2667.0
77419.88340059762,2234.0
86400.0,2234.0
# temp #5175
0.0,2234.0
11572.055161138998,2234.0
11572.055161138998,2429.0
11872.055161138998,2429.0
11872.055161138998,2234.0
24294.54121885356,2234.0
24294.54121885356,2429.0
25358.031494216997,2429.0
25358.031494216997,2555.0
32313.232456427075,2555.0
32313.232456427075,2429.0
39276.20829117951,2429.0
39276.20829117951,2234.0
44270.716228731915,2234.0
44270.716228731915,2429.0
70118.82976444905,2429.0
70118.82976444905,2555.0
86400.0,2555.0
# temp #5176
0.0,2234.0
44594.600962358534,2234.0
44594.600962358534,2555.0
46469.27954053973,2555.0
46469.27954053973,2429.0
46821.53737780173,2429.0
46821.53737780173,2555.0
50476.72879169696,2555.0
50476.72879169696,2429.0
51708.69321492501,2429.0
51708.69321492501,2555.0
52748.431792063646,2555.0
52748.431792063646,2429.0
86400.000002,2429.0
# temp #5177
0.0,2234.0
16595.398566406224,2234.0
16595.398566406224,2883.0
27695.398566406224,2883.0
27695.398566406224,2555.0
42246.5062433621,2555.0
42246.5062433621,2429.0
52603.77646212001,2429.0
52603.77646212001,2234.0
63699.42954804284,2234.0
63699.42954804284,2429.0
86400.0,2429.0
# temp #5178
0.0,2234.0
69041.89778119327,2234.0
69041.89778119327,2555.0
86400.000002,2555.0
# temp #5179
0.0,2234.0
11511.333499196917,2234.0
11511.333499196917,2017.0
15461.87374186702,2017.0
15461.87374186702,2234.0
59914.16930747219,2234.0
59914.16930747219,2017.0
86400.0,2017.0
# temp #5180
0.0,2234.0
58918.52161358111,2234.0
58918.52161358111,2555.0
75445.00762475656,2555.0
75445.00762475656,2429.0
86400.000002,2429.0
# temp #5181
0.0,2234.0
2172.21436353866,2234.0
2172.21436353866,2883.0
3072.838201909326,2883.0
3072.838201909326,2667.0
5499.629126256332,2667.0
5499.629126256332,2883.0
35479.84059252777,2883.0
35479.84059252777,2429.0
57277.248742408134,2429.0
57277.248742408134,2555.0
82743.48989571446,2555.0
82743.48989571446,2429.0
84403.88219025919,2429.0
84403.88219025919,2883.0
86400.0,2883.0
# temp #5182
0.0,2234.0
34908.44886386767,2234.0
34908.44886386767,2555.0
52392.364933085635,2555.0
52392.364933085635,2429.0
86400.0,2429.0
# temp #5183
0.0,2234.0
41329.46533311625,2234.0
41329.46533311625,2555.0
68226.08711190989,2555.0
68226.08711190989,2429.0
68785.17108606176,2429.0
68785.17108606176,2555.0
70933.7472994812,2555.0
70933.7472994812,2429.0
71913.36109656842,2429.0
71913.36109656842,2555.0
72353.06783672424,2555.0
72353.06783672424,2429.0
86400.000002,2429.0
# temp #5184
0.0,2234.0
2648.8662310643126,2234.0
2648.8662310643126,2667.0
46113.87651355472,2667.0
46113.87651355472,2555.0
47060.70343328175,2555.0
47060.70343328175,2667.0
73268.26272709297,2667.0
73268.26272709297,2555.0
73568.26272709297,2555.0
73568.26272709297,2667.0
73868.26272709297,2667.0
73868.26272709297,2555.0
77168.26272709297,2555.0
77168.26272709297,2667.0
86400.000002,2667.0
# temp #5185
0.0,2234.0
1767.3782675061377,2234.0
1767.3782675061377,2667.0
14244.13030240685,2667.0
14244.13030240685,2555.0
14957.135078217836,2555.0
14957.135078217836,2667.0
36037.52742048819,2667.0
36037.52742048819,2555.0
36337.52742048819,2555.0
36337.52742048819,2667.0
37063.010902237154,2667.0
37063.010902237154,2555.0
37663.010902237154,2555.0
37663.010902237154,2667.0
52116.94345716388,2667.0
52116.94345716388,2234.0
60773.56726750733,2234.0
60773.56726750733,2667.0
81160.76895366424,2667.0
81160.76895366424,2555.0
86400.000002,2555.0
# temp #5186
0.0,2234.0
28864.441252662804,2234.0
28864.441252662804,2555.0
30490.55108225439,2555.0
30490.55108225439,2667.0
31086.01858976763,2667.0
31086.01858976763,2555.0
31386.01858976763,2555.0
31386.01858976763,2667.0
58086.01858976763,2667.0
58086.01858976763,2555.0
73986.01858976763,2555.0
73986.01858976763,2234.0
77586.01858976763,2234.0
77586.01858976763,2429.0
86400.0,2429.0
# temp #5187
0.0,2234.0
39619.00260848925,2234.0
39619.00260848925,2555.0
64789.223448699355,2555.0
64789.223448699355,2429.0
86312.33029863799,2429.0
86312.33029863799,2234.0
86400.0,2234.0
# temp #5188
0.0,2234.0
17516.02328005247,2234.0
17516.02328005247,2883.0
18607.126386975873,2883.0
18607.126386975873,2667.0
24480.66555974074,2667.0
24480.66555974074,2883.0
56980.29846218416,2883.0
56980.29846218416,2429.0
62630.306590860724,2429.0
62630.306590860724,2883.0
86400.000002,2883.0
# temp #5189
0.0,2234.0
18670.11909876019,2234.0
18670.11909876019,2017.0
54510.1589233149,2017.0
54510.1589233149,2234.0
70126.84528590181,2234.0
70126.84528590181,2017.0
79341.9404526707,2017.0
79341.9404526707,2234.0
86400.000002,2234.0
# temp #5190
0.0,2234.0
1822.5326637737453,2234.0
1822.5326637737453,2883.0
3279.9545326502994,2883.0
3279.9545326502994,2667.0
14243.543694354596,2667.0
14243.543694354596,2883.0
14620.991149800831,2883.0
14620.991149800831,2555.0
17108.343477803286,2555.0
17108.343477803286,2429.0
21257.516850158576,2429.0
21257.516850158576,2555.0
52849.57199140919,2555.0
52849.57199140919,2429.0
57973.266662587426,2429.0
57973.266662587426,2555.0
69665.11889426039,2555.0
69665.11889426039,2429.0
77572.81994260849,2429.0
77572.81994260849,2234.0
86400.000002,2234.0
# temp #5191
0.0,2234.0
64390.78416328413,2234.0
64390.78416328413,2555.0
81113.79718382379,2555.0
81113.79718382379,2429.0
81586.12214096358,2429.0
81586.12214096358,2555.0
86400.000002,2555.0
# temp #5192
0.0,2234.0
8966.215086705053,2234.0
8966.215086705053,2883.0
10336.490593990313,2883.0
10336.490593990313,2667.0
22102.327390084978,2667.0
22102.327390084978,2883.0
30450.792562100112,2883.0
30450.792562100112,2667.0
68597.04967837317,2667.0
68597.04967837317,2883.0
76267.21747030971,2883.0
76267.21747030971,2667.0
86400.000002,2667.0
# temp #5193
0.0,2234.0
1024.6931022964418,2234.0
1024.6931022964418,2667.0
4815.470820455812,2667.0
4815.470820455812,2555.0
6101.218431978487,2555.0
6101.218431978487,2429.0
32747.313137236055,2429.0
32747.313137236055,2555.0
48698.43359549996,2555.0
48698.43359549996,2667.0
72633.11623160263,2667.0
72633.11623160263,2555.0
86400.0,2555.0
# temp #5194
0.0,2234.0
71764.07438451426,2234.0
71764.07438451426,2555.0
73507.81458523126,2555.0
73507.81458523126,2667.0
73856.1973308446,2667.0
73856.1973308446,2555.0
74156.1973308446,2555.0
74156.1973308446,2667.0
86400.000002,2667.0
# temp #5195
0.0,2234.0
45923.386021005,2234.0
45923.386021005,2429.0
78023.38602100499,2429.0
78023.38602100499,2555.0
78323.38602100499,2555.0
78323.38602100499,2667.0
86400.0,2667.0
# temp #5196
0.0,2234.0
2934.0075092855845,2234.0
2934.0075092855845,2555.0
4372.1310711465785,2555.0
4372.1310711465785,2667.0
4741.304343938828,2667.0
4741.304343938828,2555.0
5041.304343938828,2555.0
5041.304343938828,2667.0
31741.304343938828,2667.0
31741.304343938828,2555.0
47641.30434393883,2555.0
47641.30434393883,2234.0
51241.30434393883,2234.0
51241.30434393883,2429.0
61141.30434393883,2429.0
61141.30434393883,2555.0
61741.30434393883,2555.0
61741.30434393883,2667.0
74041.30434393883,2667.0
74041.30434393883,2883.0
86400.0,2883.0
# temp #5197
0.0,2234.0
3343.504661181942,2234.0
3343.504661181942,2667.0
35148.919686698355,2667.0
35148.919686698355,2555.0
35692.55557882134,2555.0
35692.55557882134,2667.0
43489.90061266814,2667.0
43489.90061266814,2555.0
43789.90061266814,2555.0
43789.90061266814,2667.0
44580.84096838721,2667.0
44580.84096838721,2555.0
45180.84096838721,2555.0
45180.84096838721,2667.0
73337.21825773829,2667.0
73337.21825773829,2555.0
86400.000002,2555.0
# temp #5198
0.0,2234.0
72994.6867237799,2234.0
72994.6867237799,2883.0
75394.6867237799,2883.0
75394.6867237799,2667.0
86400.000002,2667.0
# temp #5199
0.0,2234.0
3314.1784778097644,2234.0
3314.1784778097644,2883.0
3855.6510432623327,2883.0
3855.6510432623327,2667.0
12390.518815582618,2667.0
12390.518815582618,2883.0
35856.52773657348,2883.0
35856.52773657348,2429.0
53017.39454960917,2429.0
53017.39454960917,2555.0
60968.14437762369,2555.0
60968.14437762369,2667.0
71421.01490946954,2667.0
71421.01490946954,2555.0
80516.89344237094,2555.0
80516.89344237094,2429.0
86400.000002,2429.0
# temp #5200
0.0,2234.0
22372.353976685557,2234.0
22372.353976685557,2429.0
22895.512870140377,2429.0
22895.512870140377,2555.0
24572.890047915284,2555.0
24572.890047915284,2429.0
60127.91621116923,2429.0
60127.91621116923,2883.0
81342.3177116085,2883.0
81342.3177116085,2429.0
86400.0,2429.0
# temp #5201
0.0,2234.0
71412.44921477047,2234.0
71412.44921477047,2555.0
74985.49867782278,2555.0
74985.49867782278,2429.0
75386.93512596657,2429.0
75386.93512596657,2555.0
86400.0,2555.0
# temp #5202
0.0,2234.0
60940.038525452845,2234.0
60940.038525452845,2883.0
63340.038525452845,2883.0
63340.038525452845,2667.0
85716.05607024395,2667.0
85716.05607024395,2555.0
86400.000002,2555.0
# temp #5203
0.0,2234.0
53312.34822941479,2234.0
53312.34822941479,2555.0
71484.34879027774,2555.0
71484.34879027774,2429.0
71899.90870971234,2429.0
71899.90870971234,2555.0
75545.39178949782,2555.0
75545.39178949782,2429.0
77019.73999631593,2429.0
77019.73999631593,2555.0
77394.24659195358,2555.0
77394.24659195358,2429.0
77694.24659195358,2429.0
77694.24659195358,2555.0
79194.24659195358,2555.0
79194.24659195358,2429.0
86400.000002,2429.0
# temp #5204
0.0,2234.0
35951.366576598964,2234.0
35951.366576598964,2017.0
47297.75400990621,2017.0
47297.75400990621,2234.0
58162.69937725739,2234.0
58162.69937725739,2017.0
86400.0,2017.0
# temp #5205
0.0,2234.0
12469.379036547618,2234.0
12469.379036547618,2555.0
14679.43565840833,2555.0
14679.43565840833,2667.0
24579.43565840833,2667.0
24579.43565840833,2555.0
25910.239827213813,2555.0
25910.239827213813,2429.0
45883.60687815585,2429.0
45883.60687815585,2555.0
67768.68955555839,2555.0
67768.68955555839,2429.0
76590.80184004271,2429.0
76590.80184004271,2555.0
86400.000002,2555.0
# temp #5206
0.0,2234.0
3475.427968706936,2234.0
3475.427968706936,2667.0
47605.87902674452,2667.0
47605.87902674452,2555.0
48783.94251493738,2555.0
48783.94251493738,2667.0
56256.21146473569,2667.0
56256.21146473569,2555.0
56856.21146473569,2555.0
56856.21146473569,2667.0
74970.33551756758,2667.0
74970.33551756758,2555.0
76935.10985572358,2555.0
76935.10985572358,2429.0
86400.000002,2429.0
# temp #5207
0.0,2234.0
26780.313968751583,2234.0
26780.313968751583,2017.0
48750.58520170861,2017.0
48750.58520170861,2234.0
86400.0,2234.0
# temp #5208
0.0,2234.0
42370.17782991752,2234.0
42370.17782991752,2555.0
48980.35361529329,2555.0
48980.35361529329,2429.0
76526.24044662807,2429.0
76526.24044662807,2555.0
80042.79652498664,2555.0
80042.79652498664,2429.0
86400.000002,2429.0
# temp #5209
0.0,2234.0
31212.688532634642,2234.0
31212.688532634642,2429.0
31687.130728969354,2429.0
31687.130728969354,2555.0
34164.501482108615,2555.0
34164.501482108615,2429.0
39901.46047307645,2429.0
39901.46047307645,2234.0
48423.28188784887,2234.0
48423.28188784887,2429.0
64445.79439815135,2429.0
64445.79439815135,2555.0
75079.62802844124,2555.0
75079.62802844124,2667.0
86400.0,2667.0
# temp #5210
0.0,2234.0
48812.705133366406,2234.0
48812.705133366406,2555.0
55031.83072709945,2555.0
55031.83072709945,2429.0
64079.46266436485,2429.0
64079.46266436485,2234.0
68961.46836883856,2234.0
68961.46836883856,2429.0
86400.000002,2429.0
# temp #5211
0.0,2234.0
5221.057526255027,2234.0
5221.057526255027,2555.0
40017.667574482046,2555.0
40017.667574482046,2429.0
40362.408341676935,2429.0
40362.408341676935,2555.0
53911.75390637946,2555.0
53911.75390637946,2429.0
54226.83115226683,2429.0
54226.83115226683,2234.0
69981.98368584273,2234.0
69981.98368584273,2667.0
74116.48749732414,2667.0
74116.48749732414,2555.0
86400.0,2555.0
# temp #5212
0.0,2234.0
40279.803428146995,2234.0
40279.803428146995,2017.0
63539.20080349782,2017.0
63539.20080349782,2234.0
86400.000002,2234.0
# temp #5213
0.0,2234.0
7716.311608208345,2234.0
7716.311608208345,2667.0
33686.54159030412,2667.0
33686.54159030412,2555.0
34451.739057269886,2555.0
34451.739057269886,2667.0
48703.352630208254,2667.0
48703.352630208254,2555.0
49003.352630208254,2555.0
49003.352630208254,2667.0
49755.81612882671,2667.0
49755.81612882671,2555.0
50355.81612882671,2555.0
50355.81612882671,2667.0
72179.21137330124,2667.0
72179.21137330124,2555.0
79977.20662406647,2555.0
79977.20662406647,2667.0
86400.0,2667.0
# temp #5214
0.0,2234.0
57334.49824908749,2234.0
57334.49824908749,2555.0
60896.54419510626,2555.0
60896.54419510626,2667.0
67196.54419510625,2667.0
67196.54419510625,2555.0
68396.54419510625,2555.0
68396.54419510625,2429.0
86400.0,2429.0
# temp #5215
0.0,2234.0
52503.29626242165,2234.0
52503.29626242165,2429.0
53062.12733562571,2429.0
53062.12733562571,2555.0
56195.708177494824,2555.0
56195.708177494824,2429.0
62486.29190018401,2429.0
62486.29190018401,2555.0
66175.07637133823,2555.0
66175.07637133823,2667.0
86400.0,2667.0
# temp #5216
0.0,2234.0
37135.00637761318,2234.0
37135.00637761318,2555.0
41363.5854755994,2555.0
41363.5854755994,2667.0
41742.28826332838,2667.0
41742.28826332838,2555.0
42042.28826332838,2555.0
42042.28826332838,2667.0
68742.28826332837,2667.0
68742.28826332837,2555.0
84642.28826332837,2555.0
84642.28826332837,2234.0
86400.000002,2234.0
# temp #5217
0.0,2234.0
7429.853164474481,2234.0
7429.853164474481,2555.0
7849.717946327292,2555.0
7849.717946327292,2667.0
17749.71794632729,2667.0
17749.71794632729,2555.0
22094.252750999294,2555.0
22094.252750999294,2429.0
37861.18981966283,2429.0
37861.18981966283,2883.0
42745.722000324175,2883.0
42745.722000324175,2429.0
67855.66566560883,2429.0
67855.66566560883,2555.0
68673.3924586326,2555.0
68673.3924586326,2429.0
86400.0,2429.0
# temp #5218
0.0,2234.0
47834.09801961389,2234.0
47834.09801961389,2555.0
66513.3931135526,2555.0
66513.3931135526,2429.0
66978.56913695579,2429.0
66978.56913695579,2555.0
71344.20105465689,2555.0
71344.20105465689,2429.0
72156.1238655355,2429.0
72156.1238655355,2555.0
73214.42700619811,2555.0
73214.42700619811,2429.0
73514.42700619811,2429.0
73514.42700619811,2555.0
75014.42700619811,2555.0
75014.42700619811,2429.0
85214.42700619811,2429.0
85214.42700619811,2234.0
86400.0,2234.0
# temp #5219
0.0,2234.0
22082.03157987446,2234.0
22082.03157987446,2017.0
56458.8937665336,2017.0
56458.8937665336,2234.0
82960.9893076122,2234.0
82960.9893076122,2017.0
86400.000002,2017.0
# temp #5220
0.0,2234.0
8046.434955275619,2234.0
8046.434955275619,2667.0
21731.146246427674,2667.0
21731.146246427674,2555.0
22832.520431326706,2555.0
22832.520431326706,2667.0
25072.543674591,2667.0
25072.543674591,2555.0
25372.543674591,2555.0
25372.543674591,2667.0
25672.543674591,2667.0
25672.543674591,2555.0
28972.543674591,2555.0
28972.543674591,2667.0
54472.543674591,2667.0
54472.543674591,2883.0
86400.000002,2883.0
# temp #5221
0.0,2234.0
14145.881377626212,2234.0
14145.881377626212,2017.0
63992.114619305365,2017.0
63992.114619305365,2234.0
86400.0,2234.0
# temp #5222
0.0,2234.0
16602.26294905879,2234.0
16602.26294905879,2883.0
17615.77122684103,2883.0
17615.77122684103,2667.0
28120.410450361676,2667.0
28120.410450361676,2883.0
41702.654017880566,2883.0
41702.654017880566,2667.0
65891.82186888067,2667.0
65891.82186888067,2555.0
71372.3553174874,2555.0
71372.3553174874,2667.0
86400.000002,2667.0
# temp #5223
0.0,2234.0
44961.78540608381,2234.0
44961.78540608381,2555.0
69919.88658222837,2555.0
69919.88658222837,2429.0
70264.00584450459,2429.0
70264.00584450459,2555.0
82103.9320865879,2555.0
82103.9320865879,2429.0
82746.22633319815,2429.0
82746.22633319815,2555.0
84169.08548979556,2555.0
84169.08548979556,2429.0
84469.08548979556,2429.0
84469.08548979556,2555.0
86400.0,2555.0
# temp #5224
0.0,2234.0
7349.511435627938,2234.0
7349.511435627938,2555.0
38253.000097442426,2555.0
38253.000097442426,2429.0
38852.95083071106,2429.0
38852.95083071106,2555.0
49245.57241173462,2555.0
49245.57241173462,2429.0
50718.66122782231,2429.0
50718.66122782231,2555.0
51121.206600498415,2555.0
51121.206600498415,2429.0
51421.206600498415,2429.0
51421.206600498415,2555.0
71821.20660049842,2555.0
71821.20660049842,2429.0
72121.20660049842,2429.0
72121.20660049842,2555.0
72721.20660049842,2555.0
72721.20660049842,2667.0
86400.000002,2667.0
# temp #5225
0.0,2234.0
63107.004215894274,2234.0
63107.004215894274,2555.0
86400.0,2555.0
# temp #5226
0.0,2234.0
6400.800397200511,2234.0
6400.800397200511,2667.0
43720.73963885196,2667.0
43720.73963885196,2555.0
45161.928037879996,2555.0
45161.928037879996,2667.0
74321.00734042471,2667.0
74321.00734042471,2555.0
74621.00734042471,2555.0
74621.00734042471,2667.0
75389.28525256926,2667.0
75389.28525256926,2555.0
75989.28525256926,2555.0
75989.28525256926,2667.0
86400.000002,2667.0
# temp #5227
0.0,2234.0
40499.601892847575,2234.0
40499.601892847575,2017.0
60639.617430651575,2017.0
60639.617430651575,2234.0
86400.0,2234.0
# temp #5228
0.0,2234.0
81204.24010588323,2234.0
81204.24010588323,2555.0
81741.7650160147,2555.0
81741.7650160147,2667.0
82103.70126022027,2667.0
82103.70126022027,2555.0
86400.000002,2555.0
# temp #5229
0.0,2234.0
12850.533199799249,2234.0
12850.533199799249,2429.0
44950.53319979925,2429.0
44950.53319979925,2555.0
45250.53319979925,2555.0
45250.53319979925,2667.0
68001.14222830161,2667.0
68001.14222830161,2234.0
79494.20446911827,2234.0
79494.20446911827,2429.0
86400.000002,2429.0
# temp #5230
0.0,2234.0
41443.28213164118,2234.0
41443.28213164118,2555.0
42734.799767006196,2555.0
42734.799767006196,2667.0
52634.799767006196,2667.0
52634.799767006196,2555.0
57166.25463115052,2555.0
57166.25463115052,2429.0
81437.91314971169,2429.0
81437.91314971169,2555.0
86400.000002,2555.0
# temp #5231
0.0,2234.0
8387.169960513713,2234.0
8387.169960513713,2017.0
39343.92633154058,2017.0
39343.92633154058,2234.0
70902.35255383888,2234.0
70902.35255383888,2017.0
81099.52780022287,2017.0
81099.52780022287,2234.0
86400.0,2234.0
# temp #5232
0.0,2234.0
81504.76008758416,2234.0
81504.76008758416,2555.0
86400.000002,2555.0
# temp #5233
0.0,2234.0
18462.391354213472,2234.0
18462.391354213472,2555.0
38428.100301674574,2555.0
38428.100301674574,2429.0
46970.88020851371,2429.0
46970.88020851371,2234.0
48832.80434324407,2234.0
48832.80434324407,2429.0
58395.2334315749,2429.0
58395.2334315749,2234.0
73452.9183334904,2234.0
73452.9183334904,2667.0
83687.64363618103,2667.0
83687.64363618103,2555.0
84531.68785069139,2555.0
84531.68785069139,2429.0
86400.000002,2429.0
# temp #5234
0.0,2234.0
21573.51872941945,2234.0
21573.51872941945,2429.0
21899.947899207476,2429.0
21899.947899207476,2234.0
22694.792190450247,2234.0
22694.792190450247,2429.0
23629.370034928437,2429.0
23629.370034928437,2234.0
29983.472939464267,2234.0
29983.472939464267,2429.0
31366.41980640125,2429.0
31366.41980640125,2555.0
32726.611274736937,2555.0
32726.611274736937,2429.0
33026.61127473693,2429.0
33026.61127473693,2555.0
53426.61127473693,2555.0
53426.61127473693,2429.0
53726.61127473693,2429.0
53726.61127473693,2555.0
54326.61127473693,2555.0
54326.61127473693,2667.0
77894.2800787976,2667.0
77894.2800787976,2883.0
86400.0,2883.0
# temp #5235
0.0,2234.0
6648.3634799486035,2234.0
6648.3634799486035,2667.0
44633.73187263497,2667.0
44633.73187263497,2555.0
45763.34622655996,2555.0
45763.34622655996,2667.0
82944.17418278755,2667.0
82944.17418278755,2555.0
83244.17418278755,2555.0
83244.17418278755,2667.0
83544.17418278755,2667.0
83544.17418278755,2555.0
86400.0,2555.0
# temp #5236
0.0,2234.0
45522.83969535493,2234.0
45522.83969535493,2429.0
46069.643234624535,2429.0
46069.643234624535,2555.0
48432.29121880141,2555.0
48432.29121880141,2429.0
58922.604973241694,2429.0
58922.604973241694,2234.0
76616.09739633279,2234.0
76616.09739633279,2429.0
77755.10734340643,2429.0
77755.10734340643,2555.0
86400.0,2555.0
# temp #5237
0.0,2234.0
24387.747103488076,2234.0
24387.747103488076,2429.0
24757.14826632757,2429.0
24757.14826632757,2555.0
27914.45934560616,2555.0
27914.45934560616,2429.0
52357.61578597595,2429.0
52357.61578597595,2555.0
86198.78956025933,2555.0
86198.78956025933,2429.0
86400.000002,2429.0
# temp #5238
0.0,2234.0
18011.931572738107,2234.0
18011.931572738107,2555.0
53339.20232614038,2555.0
53339.20232614038,2429.0
53714.87882144285,2429.0
53714.87882144285,2555.0
69434.6440466121,2555.0
69434.6440466121,2429.0
70449.45047423245,2429.0
70449.45047423245,2555.0
71184.4283340499,2555.0
71184.4283340499,2429.0
86400.0,2429.0
# temp #5239
0.0,2234.0
56907.046760246165,2234.0
56907.046760246165,2555.0
86400.0,2555.0
# temp #5240
0.0,2234.0
17548.07385352906,2234.0
17548.07385352906,2429.0
18111.723301070742,2429.0
18111.723301070742,2234.0
18728.361221426167,2234.0
18728.361221426167,2429.0
23972.262197895907,2429.0
23972.262197895907,2234.0
41310.85497695021,2234.0
41310.85497695021,2429.0
42058.944624708965,2429.0
42058.944624708965,2555.0
42647.107934067026,2555.0
42647.107934067026,2429.0
42947.107934067026,2429.0
42947.107934067026,2555.0
43247.107934067026,2555.0
43247.107934067026,2429.0
43847.107934067026,2429.0
43847.107934067026,2555.0
45868.238738039516,2555.0
45868.238738039516,2429.0
69359.98173316475,2429.0
69359.98173316475,2234.0
77801.75622382667,2234.0
77801.75622382667,2555.0
79001.75622382667,2555.0
79001.75622382667,2883.0
85004.30802125485,2883.0
85004.30802125485,2429.0
86400.0,2429.0
# temp #5241
0.0,2234.0
73653.5525634885,2234.0
73653.5525634885,2555.0
80398.9057136234,2555.0
80398.9057136234,2429.0
80929.36452291907,2429.0
80929.36452291907,2555.0
86242.36235101709,2555.0
86242.36235101709,2429.0
86400.0,2429.0
# temp #5242
0.0,2234.0
77848.97964131089,2234.0
77848.97964131089,2883.0
80248.97964131089,2883.0
80248.97964131089,2667.0
86400.000002,2667.0
# temp #5243
0.0,2234.0
2325.3771570045506,2234.0
2325.3771570045506,2667.0
28399.67803868931,2667.0
28399.67803868931,2555.0
29341.371540050026,2555.0
29341.371540050026,2667.0
55721.099648997195,2667.0
55721.099648997195,2555.0
56321.099648997195,2555.0
56321.099648997195,2667.0
76328.59450271355,2667.0
76328.59450271355,2555.0
79683.02715299652,2555.0
79683.02715299652,2429.0
86400.000002,2429.0
# temp #5244
0.0,2234.0
23078.16007160582,2234.0
23078.16007160582,2429.0
29978.16007160582,2429.0
29978.16007160582,2555.0
31778.16007160582,2555.0
31778.16007160582,2429.0
44678.16007160582,2429.0
44678.16007160582,2234.0
44978.16007160582,2234.0
44978.16007160582,2017.0
45278.16007160582,2017.0
45278.16007160582,2234.0
45578.16007160582,2234.0
45578.16007160582,2017.0
55310.38538133726,2017.0
55310.38538133726,2234.0
66707.85619842354,2234.0
66707.85619842354,2429.0
75877.78817445507,2429.0
75877.78817445507,2234.0
86400.000002,2234.0
# temp #5245
0.0,2234.0
31083.47976347432,2234.0
31083.47976347432,2555.0
46576.28896431998,2555.0
46576.28896431998,2429.0
46925.663944752894,2429.0
46925.663944752894,2555.0
60937.08039068152,2555.0
60937.08039068152,2429.0
61614.98740680982,2429.0
61614.98740680982,2234.0
86400.0,2234.0
# temp #5246
0.0,2234.0
5771.486661792734,2234.0
5771.486661792734,2667.0
34175.748173100874,2667.0
34175.748173100874,2555.0
35174.19676962309,2555.0
35174.19676962309,2667.0
42265.372841293,2667.0
42265.372841293,2555.0
45265.372841293,2555.0
45265.372841293,2667.0
71365.37284129299,2667.0
71365.37284129299,2883.0
86400.0,2883.0
# temp #5247
0.0,2234.0
7466.974104638213,2234.0
7466.974104638213,2667.0
26311.938084312722,2667.0
26311.938084312722,2555.0
27180.36906898488,2555.0
27180.36906898488,2429.0
62888.826402020655,2429.0
62888.826402020655,2555.0
69453.09332816397,2555.0
69453.09332816397,2667.0
77263.84483727162,2667.0
77263.84483727162,2555.0
86400.000002,2555.0
# temp #5248
0.0,2234.0
6567.177736619488,2234.0
6567.177736619488,2883.0
17667.177736619487,2883.0
17667.177736619487,2555.0
38203.93376047723,2555.0
38203.93376047723,2667.0
81280.59180616403,2667.0
81280.59180616403,2883.0
83776.01320096293,2883.0
83776.01320096293,2667.0
86400.0,2667.0
# temp #5249
0.0,2234.0
3589.90151421167,2234.0
3589.90151421167,2667.0
46613.244635565214,2667.0
46613.244635565214,2555.0
47052.30956836604,2555.0
47052.30956836604,2667.0
82307.50857980458,2667.0
82307.50857980458,2555.0
82907.50857980458,2555.0
82907.50857980458,2667.0
86400.0,2667.0
# temp #5250
0.0,2234.0
61784.55628389493,2234.0
61784.55628389493,2555.0
66196.6372513678,2555.0
66196.6372513678,2667.0
66667.00564878994,2667.0
66667.00564878994,2555.0
66967.00564878994,2555.0
66967.00564878994,2667.0
86400.000002,2667.0
# temp #5251
0.0,2234.0
3226.3271585572516,2234.0
3226.3271585572516,2667.0
23180.224123341035,2667.0
23180.224123341035,2555.0
24499.225465510975,2555.0
24499.225465510975,2667.0
61636.279275454595,2667.0
61636.279275454595,2555.0
61936.279275454595,2555.0
61936.279275454595,2667.0
62815.57392936667,2667.0
62815.57392936667,2555.0
63415.57392936667,2555.0
63415.57392936667,2667.0
86400.0,2667.0
# temp #5252
0.0,2234.0
2643.705482804217,2234.0
2643.705482804217,2667.0
30394.298092299145,2667.0
30394.298092299145,2555.0
31881.574610271495,2555.0
31881.574610271495,2667.0
54954.03691304383,2667.0
54954.03691304383,2555.0
55254.03691304383,2555.0
55254.03691304383,2667.0
56108.846043795354,2667.0
56108.846043795354,2555.0
56708.846043795354,2555.0
56708.846043795354,2667.0
66557.99081129955,2667.0
66557.99081129955,2234.0
80800.89543750511,2234.0
80800.89543750511,2667.0
86400.000002,2667.0
# temp #5253
0.0,2234.0
86018.6738798395,2234.0
86018.6738798395,2555.0
86400.000002,2555.0
# temp #5254
0.0,2234.0
20145.514088287022,2234.0
20145.514088287022,2429.0
20559.14660166018,2429.0
20559.14660166018,2555.0
22899.602004094053,2555.0
22899.602004094053,2429.0
54557.5712160906,2429.0
54557.5712160906,2555.0
61594.884738908164,2555.0
61594.884738908164,2429.0
75984.09707809334,2429.0
75984.09707809334,2234.0
77193.50380443504,2234.0
77193.50380443504,2667.0
84013.92667894253,2667.0
84013.92667894253,2555.0
86400.0,2555.0
# temp #5255
0.0,2234.0
43164.90815465805,2234.0
43164.90815465805,2555.0
57165.1834365679,2555.0
57165.1834365679,2429.0
86400.0,2429.0
# temp #5256
0.0,2234.0
5841.629220382311,2234.0
5841.629220382311,2667.0
21053.024402190935,2667.0
21053.024402190935,2555.0
22096.81676665787,2555.0
22096.81676665787,2667.0
45971.0833613528,2667.0
45971.0833613528,2555.0
46271.0833613528,2555.0
46271.0833613528,2667.0
47115.98481873517,2667.0
47115.98481873517,2555.0
47715.98481873517,2555.0
47715.98481873517,2667.0
72296.18415269071,2667.0
72296.18415269071,2555.0
86400.0,2555.0
# temp #5257
0.0,2234.0
5463.5682127671325,2234.0
5463.5682127671325,2667.0
42020.35224703141,2667.0
42020.35224703141,2555.0
42440.76836616733,2555.0
42440.76836616733,2429.0
51809.239212842665,2429.0
51809.239212842665,2883.0
61509.86070034561,2883.0
61509.86070034561,2429.0
62718.25543614106,2429.0
62718.25543614106,2555.0
79116.44193101676,2555.0
79116.44193101676,2667.0
86400.000002,2667.0
# temp #5258
0.0,2234.0
66805.36149423571,2234.0
66805.36149423571,2555.0
70814.23119474204,2555.0
70814.23119474204,2667.0
71266.84891234619,2667.0
71266.84891234619,2555.0
71566.84891234619,2555.0
71566.84891234619,2667.0
75166.84891234619,2667.0
75166.84891234619,2555.0
76666.84891234619,2555.0
76666.84891234619,2429.0
77563.62160749269,2429.0
77563.62160749269,2234.0
86400.000002,2234.0
# temp #5259
0.0,2234.0
3396.3429014431317,2234.0
3396.3429014431317,2429.0
35496.34290144313,2429.0
35496.34290144313,2555.0
35796.34290144313,2555.0
35796.34290144313,2667.0
62641.140475845896,2667.0
62641.140475845896,2234.0
67133.78036243375,2234.0
67133.78036243375,2667.0
86400.0,2667.0
# temp #5260
0.0,2234.0
51755.382530554205,2234.0
51755.382530554205,2429.0
52324.294915655635,2429.0
52324.294915655635,2555.0
55185.09944477119,2555.0
55185.09944477119,2429.0
86400.0,2429.0
# temp #5261
0.0,2234.0
4798.78424720373,2234.0
4798.78424720373,2883.0
15898.78424720373,2883.0
15898.78424720373,2555.0
35112.81625041738,2555.0
35112.81625041738,2429.0
35705.64322555438,2429.0
35705.64322555438,2883.0
42874.87558498979,2883.0
42874.87558498979,2667.0
76408.45379142558,2667.0
76408.45379142558,2555.0
86400.0,2555.0
# temp #5262
0.0,2234.0
76227.39684563132,2234.0
76227.39684563132,2555.0
76842.63647999616,2555.0
76842.63647999616,2667.0
77293.95080131946,2667.0
77293.95080131946,2555.0
83293.95080131946,2555.0
83293.95080131946,2429.0
85693.95080131946,2429.0
85693.95080131946,2234.0
86400.000002,2234.0
# temp #5263
0.0,2234.0
2807.9712641425435,2234.0
2807.9712641425435,2555.0
6461.899479478599,2555.0
6461.899479478599,2429.0
7026.779631106184,2429.0
7026.779631106184,2555.0
21828.356096008796,2555.0
21828.356096008796,2429.0
22545.722485659648,2429.0
22545.722485659648,2555.0
23150.244690058757,2555.0
23150.244690058757,2429.0
23450.244690058757,2429.0
23450.244690058757,2555.0
23750.244690058757,2555.0
23750.244690058757,2429.0
24350.244690058757,2429.0
24350.244690058757,2555.0
27244.328876165677,2555.0
27244.328876165677,2429.0
59652.34548565932,2429.0
59652.34548565932,2883.0
73432.30395312422,2883.0
73432.30395312422,2667.0
86400.0,2667.0
# temp #5264
0.0,2234.0
74138.69359684178,2234.0
74138.69359684178,2555.0
78872.69125096501,2555.0
78872.69125096501,2429.0
79191.39123363422,2429.0
79191.39123363422,2555.0
80902.6802085573,2555.0
80902.6802085573,2429.0
81229.7607130604,2429.0
81229.7607130604,2555.0
82497.05525964966,2555.0
82497.05525964966,2429.0
82797.05525964966,2429.0
82797.05525964966,2555.0
84297.05525964966,2555.0
84297.05525964966,2429.0
86400.0,2429.0
# temp #5265
0.0,2234.0
6598.455403489062,2234.0
6598.455403489062,2667.0
11797.8423781693,2667.0
11797.8423781693,2555.0
13229.304463695737,2555.0
13229.304463695737,2429.0
21692.504829936664,2429.0
21692.504829936664,2555.0
57931.61443357823,2555.0
57931.61443357823,2429.0
73668.2611413533,2429.0
73668.2611413533,2555.0
78591.2960490212,2555.0
78591.2960490212,2429.0
86400.0,2429.0
# temp #5266
0.0,2234.0
51270.166838401936,2234.0
51270.166838401936,2555.0
52177.66534751282,2555.0
52177.66534751282,2429.0
52707.17217880302,2429.0
52707.17217880302,2555.0
72218.48974688911,2555.0
72218.48974688911,2429.0
73262.33568980826,2429.0
73262.33568980826,2234.0
86400.0,2234.0
# temp #5267
0.0,2234.0
76052.36958679745,2234.0
76052.36958679745,2555.0
86400.000002,2555.0
# temp #5268
0.0,2234.0
7037.6745264977235,2234.0
7037.6745264977235,2667.0
26966.62953472697,2667.0
26966.62953472697,2555.0
28075.258880434565,2555.0
28075.258880434565,2667.0
66055.55122077932,2667.0
66055.55122077932,2555.0
66355.55122077932,2555.0
66355.55122077932,2667.0
67111.54499212281,2667.0
67111.54499212281,2555.0
67711.54499212281,2555.0
67711.54499212281,2667.0
69356.02741639597,2667.0
69356.02741639597,2555.0
86400.000002,2555.0
# temp #5269
0.0,2234.0
912.8636682406069,2234.0
912.8636682406069,2555.0
3590.0443080347036,2555.0
3590.0443080347036,2667.0
4108.426065626555,2667.0
4108.426065626555,2555.0
10108.426065626554,2555.0
10108.426065626554,2429.0
12508.426065626554,2429.0
12508.426065626554,2234.0
16108.426065626554,2234.0
16108.426065626554,2429.0
17308.426065626554,2429.0
17308.426065626554,2234.0
23008.426065626554,2234.0
23008.426065626554,2429.0
56415.88312159293,2429.0
56415.88312159293,2555.0
86400.0,2555.0
# temp #5270
0.0,2234.0
34307.124137878425,2234.0
34307.124137878425,2017.0
34725.51421187819,2017.0
34725.51421187819,2234.0
64526.11321974547,2234.0
64526.11321974547,2017.0
79846.29610357808,2017.0
79846.29610357808,2234.0
86400.0,2234.0
# temp #5271
0.0,2234.0
4171.654059947469,2234.0
4171.654059947469,2667.0
7703.396862326192,2667.0
7703.396862326192,2555.0
8096.851153811442,2555.0
8096.851153811442,2667.0
22591.409252886664,2667.0
22591.409252886664,2555.0
22891.409252886664,2555.0
22891.409252886664,2667.0
23624.556988268163,2667.0
23624.556988268163,2555.0
24224.556988268163,2555.0
24224.556988268163,2667.0
37342.755376710564,2667.0
37342.755376710564,2555.0
70178.49625716919,2555.0
70178.49625716919,2429.0
86400.000002,2429.0
# temp #5272
0.0,2234.0
1520.638140686788,2234.0
1520.638140686788,2555.0
19697.53550437745,2555.0
19697.53550437745,2429.0
24886.74607125577,2429.0
24886.74607125577,2234.0
35432.912298641175,2234.0
35432.912298641175,2429.0
54962.94566430153,2429.0
54962.94566430153,2234.0
62312.89540641011,2234.0
62312.89540641011,2429.0
86400.000002,2429.0
# temp #5273
0.0,2234.0
52331.82145175525,2234.0
52331.82145175525,2555.0
55935.08960707114,2555.0
55935.08960707114,2429.0
56343.35388578475,2429.0
56343.35388578475,2555.0
66316.26300474165,2555.0
66316.26300474165,2429.0
66741.75562227612,2429.0
66741.75562227612,2234.0
71054.07041853761,2234.0
71054.07041853761,2667.0
86400.000002,2667.0
# temp #5274
0.0,2234.0
58913.681773818105,2234.0
58913.681773818105,2883.0
61313.681773818105,2883.0
61313.681773818105,2667.0
69511.14958645777,2667.0
69511.14958645777,2555.0
83514.14793469013,2555.0
83514.14793469013,2667.0
86400.000002,2667.0
# temp #5275
0.0,2234.0
12787.04648804851,2234.0
12787.04648804851,2017.0
25714.620586344976,2017.0
25714.620586344976,2234.0
70695.36932227203,2234.0
70695.36932227203,2017.0
86400.000002,2017.0
# temp #5276
0.0,2234.0
15762.151395622644,2234.0
15762.151395622644,2883.0
16381.02553810459,2883.0
16381.02553810459,2667.0
19858.909019362185,2667.0
19858.909019362185,2883.0
24303.52721102536,2883.0
24303.52721102536,2667.0
57016.86314879918,2667.0
57016.86314879918,2555.0
86400.000002,2555.0
# temp #5277
0.0,2234.0
5206.203348445707,2234.0
5206.203348445707,2429.0
37306.203348445706,2429.0
37306.203348445706,2555.0
37606.203348445706,2555.0
37606.203348445706,2667.0
38203.014968382195,2667.0
38203.014968382195,2234.0
70331.53740833513,2234.0
70331.53740833513,2429.0
76928.33280782217,2429.0
76928.33280782217,2555.0
86400.000002,2555.0
# temp #5278
0.0,2234.0
6246.557653555647,2234.0
6246.557653555647,2667.0
38863.5983112501,2667.0
38863.5983112501,2555.0
39537.38059422467,2555.0
39537.38059422467,2667.0
72203.08820761276,2667.0
72203.08820761276,2555.0
72803.08820761276,2555.0
72803.08820761276,2667.0
86400.000002,2667.0
# temp #5279
0.0,2234.0
80487.83105572221,2234.0
80487.83105572221,2555.0
86400.000002,2555.0
# temp #5280
0.0,2234.0
5681.263635400684,2234.0
5681.263635400684,2667.0
48845.68605017849,2667.0
48845.68605017849,2555.0
49888.516708603136,2555.0
49888.516708603136,2667.0
73429.22186327634,2667.0
73429.22186327634,2555.0
74029.22186327634,2555.0
74029.22186327634,2667.0
86400.000002,2667.0
# temp #5281
0.0,2234.0
7600.74292116333,2234.0
7600.74292116333,2667.0
40196.80461322424,2667.0
40196.80461322424,2555.0
41173.01719046664,2555.0
41173.01719046664,2429.0
58916.04847926648,2429.0
58916.04847926648,2555.0
70426.27761801706,2555.0
70426.27761801706,2667.0
86400.0,2667.0
# temp #5282
0.0,2234.0
4617.658835649491,2234.0
4617.658835649491,2667.0
13836.742980731655,2667.0
13836.742980731655,2555.0
14475.902468757708,2555.0
14475.902468757708,2429.0
21430.831697839316,2429.0
21430.831697839316,2555.0
34368.4069974348,2555.0
34368.4069974348,2429.0
57109.84645611608,2429.0
57109.84645611608,2555.0
68610.2606882807,2555.0
68610.2606882807,2667.0
86400.000002,2667.0
# temp #5283
0.0,2234.0
8015.965759358371,2234.0
8015.965759358371,2883.0
9605.40021818597,2883.0
9605.40021818597,2667.0
11749.701868719423,2667.0
11749.701868719423,2883.0
25499.30868039374,2883.0
25499.30868039374,2429.0
26263.9390252065,2429.0
26263.9390252065,2234.0
46376.905789179735,2234.0
46376.905789179735,2667.0
52573.08811289259,2667.0
52573.08811289259,2883.0
86400.0,2883.0
# temp #5284
0.0,2234.0
14163.236309168862,2234.0
14163.236309168862,2017.0
41773.59324325808,2017.0
41773.59324325808,2234.0
61994.29954220542,2234.0
61994.29954220542,2017.0
86400.000002,2017.0
# temp #5285
0.0,2234.0
72821.12232239453,2234.0
72821.12232239453,2555.0
86400.0,2555.0
# temp #5286
0.0,2234.0
39051.69018299785,2234.0
39051.69018299785,2555.0
60831.0590156587,2555.0
60831.0590156587,2429.0
61339.44082357922,2429.0
61339.44082357922,2555.0
73807.45982096998,2555.0
73807.45982096998,2429.0
75085.76958866326,2429.0
75085.76958866326,2555.0
75450.69320329932,2555.0
75450.69320329932,2429.0
75750.69320329932,2429.0
75750.69320329932,2555.0
86400.000002,2555.0
# temp #5287
0.0,2234.0
61656.26083763782,2234.0
61656.26083763782,2555.0
78357.96194260474,2555.0
78357.96194260474,2234.0
80070.92449308839,2234.0
80070.92449308839,2667.0
86400.0,2667.0
# temp #5288
0.0,2234.0
47718.22973219678,2234.0
47718.22973219678,2883.0
50118.22973219678,2883.0
50118.22973219678,2667.0
71675.5840103142,2667.0
71675.5840103142,2555.0
76683.50495612249,2555.0
76683.50495612249,2667.0
79982.39456210285,2667.0
79982.39456210285,2555.0
86400.000002,2555.0
# temp #5289
0.0,2234.0
2853.471007291228,2234.0
2853.471007291228,2667.0
16546.50532398373,2667.0
16546.50532398373,2555.0
16917.923218477517,2555.0
16917.923218477517,2429.0
18977.236320334487,2429.0
18977.236320334487,2234.0
30164.431679947305,2234.0
30164.431679947305,2429.0
63548.05529681036,2429.0
63548.05529681036,2555.0
78506.52592645494,2555.0
78506.52592645494,2429.0
86400.000002,2429.0
# temp #5290
0.0,2234.0
17069.031575554985,2234.0
17069.031575554985,2555.0
21437.53242027015,2555.0
21437.53242027015,2667.0
27737.53242027015,2667.0
27737.53242027015,2555.0
28937.53242027015,2555.0
28937.53242027015,2429.0
72137.53242027014,2429.0
72137.53242027014,2234.0
86400.0,2234.0
# temp #5291
0.0,2234.0
37027.4294435978,2234.0
37027.4294435978,2429.0
69127.4294435978,2429.0
69127.4294435978,2555.0
69427.4294435978,2555.0
69427.4294435978,2667.0
86400.000002,2667.0
# temp #5292
0.0,2234.0
4907.078575040215,2234.0
4907.078575040215,2667.0
22794.153073872443,2667.0
22794.153073872443,2555.0
23610.114830243405,2555.0
23610.114830243405,2667.0
41255.71125028656,2667.0
41255.71125028656,2555.0
44255.71125028656,2555.0
44255.71125028656,2667.0
70355.71125028655,2667.0
70355.71125028655,2883.0
86400.000002,2883.0
# temp #5293
0.0,2234.0
3105.3790787234907,2234.0
3105.3790787234907,2555.0
38108.89875995927,2555.0
38108.89875995927,2429.0
42050.554760126404,2429.0
42050.554760126404,2234.0
49564.818787411794,2234.0
49564.818787411794,2429.0
58903.38822130581,2429.0
58903.38822130581,2234.0
79737.76339581238,2234.0
79737.76339581238,2429.0
86400.000002,2429.0
# temp #5294
0.0,2234.0
12686.424490576612,2234.0
12686.424490576612,2429.0
13271.167003246957,2429.0
13271.167003246957,2555.0
14052.93996955734,2555.0
14052.93996955734,2429.0
16169.385512103328,2429.0
16169.385512103328,2234.0
36552.90686872323,2234.0
36552.90686872323,2667.0
58592.32710334474,2667.0
58592.32710334474,2555.0
86400.000002,2555.0
# temp #5295
0.0,2234.0
50052.069510170266,2234.0
50052.069510170266,2555.0
77147.51064407175,2555.0
77147.51064407175,2429.0
77735.90825102293,2429.0
77735.90825102293,2555.0
81321.54559891207,2555.0
81321.54559891207,2429.0
81678.32039406059,2429.0
81678.32039406059,2234.0
86400.0,2234.0
# temp #5296
0.0,2234.0
9273.521465063097,2234.0
9273.521465063097,2555.0
30561.698519624777,2555.0
30561.698519624777,2429.0
69717.97201428564,2429.0
69717.97201428564,2234.0
70017.97201428564,2234.0
70017.97201428564,2017.0
86400.000002,2017.0
# temp #5297
0.0,2234.0
68829.2029421311,2234.0
68829.2029421311,2555.0
70006.08333426063,2555.0
70006.08333426063,2667.0
76306.08333426063,2667.0
76306.08333426063,2555.0
77506.08333426063,2555.0
77506.08333426063,2429.0
86400.000002,2429.0
# temp #5298
0.0,2234.0
59874.85989066773,2234.0
59874.85989066773,2555.0
86400.000002,2555.0
# temp #5299
0.0,2234.0
73964.08595871182,2234.0
73964.08595871182,2555.0
86400.0,2555.0
# temp #5300
0.0,2234.0
32069.364663516175,2234.0
32069.364663516175,2429.0
64169.36466351617,2429.0
64169.36466351617,2555.0
64469.36466351617,2555.0
64469.36466351617,2667.0
86400.0,2667.0
# temp #5301
0.0,2234.0
17426.080206502233,2234.0
17426.080206502233,2555.0
37536.10493573361,2555.0
37536.10493573361,2429.0
71668.76526433045,2429.0
71668.76526433045,2234.0
71968.76526433045,2234.0
71968.76526433045,2017.0
84171.67620963884,2017.0
84171.67620963884,2234.0
86400.000002,2234.0
# temp #5302
0.0,2234.0
7642.958138021642,2234.0
7642.958138021642,2667.0
28371.63856825792,2667.0
28371.63856825792,2555.0
29321.370177855722,2555.0
29321.370177855722,2667.0
63601.23135556934,2667.0
63601.23135556934,2555.0
63901.23135556934,2555.0
63901.23135556934,2667.0
64533.76110827086,2667.0
64533.76110827086,2555.0
65133.76110827086,2555.0
65133.76110827086,2667.0
86400.000002,2667.0
# temp #5303
0.0,2234.0
29714.34438284487,2234.0
29714.34438284487,2555.0
33953.684078296654,2555.0
33953.684078296654,2667.0
34381.04401279707,2667.0
34381.04401279707,2555.0
40381.04401279707,2555.0
40381.04401279707,2429.0
42781.04401279707,2429.0
42781.04401279707,2234.0
46381.04401279707,2234.0
46381.04401279707,2429.0
47581.04401279707,2429.0
47581.04401279707,2234.0
53281.04401279707,2234.0
53281.04401279707,2429.0
76544.90824474487,2429.0
76544.90824474487,2555.0
85365.76651060024,2555.0
85365.76651060024,2429.0
86400.000002,2429.0
# temp #5304
0.0,2234.0
58485.19458209631,2234.0
58485.19458209631,2883.0
60885.19458209631,2883.0
60885.19458209631,2667.0
67505.36977357698,2667.0
67505.36977357698,2555.0
75107.97895614525,2555.0
75107.97895614525,2429.0
84717.86789882464,2429.0
84717.86789882464,2234.0
86400.000002,2234.0
# temp #5305
0.0,2234.0
2412.5285321613774,2234.0
2412.5285321613774,2883.0
3233.1593290669844,2883.0
3233.1593290669844,2667.0
10462.036512885243,2667.0
10462.036512885243,2883.0
20635.418432322334,2883.0
20635.418432322334,2429.0
33511.15618161858,2429.0
33511.15618161858,2555.0
67490.9859399777,2555.0
67490.9859399777,2429.0
86400.000002,2429.0
# temp #5306
0.0,2234.0
3637.0520411292096,2234.0
3637.0520411292096,2667.0
11752.401931188071,2667.0
11752.401931188071,2555.0
12115.33500251826,2555.0
12115.33500251826,2429.0
15057.18358224258,2429.0
15057.18358224258,2234.0
26945.908349566165,2234.0
26945.908349566165,2667.0
44144.12862493192,2667.0
44144.12862493192,2555.0
54533.4169961745,2555.0
54533.4169961745,2667.0
67307.91293587537,2667.0
67307.91293587537,2234.0
78293.99744498079,2234.0
78293.99744498079,2429.0
86400.0,2429.0
# temp #5307
0.0,2234.0
2066.916892491281,2234.0
2066.916892491281,2667.0
3623.619447858073,2667.0
3623.619447858073,2555.0
4844.824491650797,2555.0
4844.824491650797,2667.0
28167.38768164069,2667.0
28167.38768164069,2555.0
28467.38768164069,2555.0
28467.38768164069,2667.0
29253.744730073962,2667.0
29253.744730073962,2555.0
29853.744730073962,2555.0
29853.744730073962,2667.0
67651.91805514043,2667.0
67651.91805514043,2555.0
80789.68837691938,2555.0
80789.68837691938,2667.0
86400.000002,2667.0
# temp #5308
0.0,2234.0
5336.476294999012,2234.0
5336.476294999012,2667.0
24670.939639583234,2667.0
24670.939639583234,2555.0
25477.233203966174,2555.0
25477.233203966174,2667.0
45249.32108055801,2667.0
45249.32108055801,2555.0
45549.32108055801,2555.0
45549.32108055801,2667.0
46414.96835758445,2667.0
46414.96835758445,2555.0
47014.96835758445,2555.0
47014.96835758445,2667.0
57236.979880929,2667.0
57236.979880929,2234.0
86400.0,2234.0
# temp #5309
0.0,2234.0
2247.559738112614,2234.0
2247.559738112614,2667.0
6920.025401492605,2667.0
6920.025401492605,2555.0
8349.81854867656,2555.0
8349.81854867656,2429.0
27537.574438238524,2429.0
27537.574438238524,2234.0
34224.51781150886,2234.0
34224.51781150886,2429.0
46848.79672424869,2429.0
46848.79672424869,2555.0
82835.34980441911,2555.0
82835.34980441911,2429.0
84274.75370471367,2429.0
84274.75370471367,2555.0
86400.000002,2555.0
# temp #5310
0.0,2234.0
10461.49648348801,2234.0
10461.49648348801,2883.0
11777.486050757581,2883.0
11777.486050757581,2667.0
17300.883560534567,2667.0
17300.883560534567,2883.0
49305.21399043501,2883.0
49305.21399043501,2429.0
86400.0,2429.0
# temp #5311
0.0,2234.0
57771.98453235906,2234.0
57771.98453235906,2429.0
58071.98453235906,2429.0
58071.98453235906,2234.0
80459.42738573068,2234.0
80459.42738573068,2429.0
86400.0,2429.0
# temp #5312
0.0,2234.0
16291.197293135341,2234.0
16291.197293135341,2555.0
54747.43380455767,2555.0
54747.43380455767,2429.0
86400.000002,2429.0
# temp #5313
0.0,2234.0
8486.276355385782,2234.0
8486.276355385782,2667.0
12604.586080578158,2667.0
12604.586080578158,2555.0
13602.067192574033,2555.0
13602.067192574033,2667.0
17221.0058542667,2667.0
17221.0058542667,2555.0
20221.0058542667,2555.0
20221.0058542667,2667.0
46321.005854266696,2667.0
46321.005854266696,2883.0
86400.000002,2883.0
# temp #5314
0.0,2234.0
5958.637520740741,2234.0
5958.637520740741,2429.0
6320.500223664568,2429.0
6320.500223664568,2555.0
8850.418533710765,2555.0
8850.418533710765,2429.0
44196.623790543534,2429.0
44196.623790543534,2555.0
52040.738320816316,2555.0
52040.738320816316,2667.0
70026.30217359403,2667.0
70026.30217359403,2555.0
86400.000002,2555.0
# temp #5315
0.0,2234.0
6387.993962061592,2234.0
6387.993962061592,2667.0
12429.809681978079,2667.0
12429.809681978079,2555.0
13348.852075450124,2555.0
13348.852075450124,2667.0
27822.634720592763,2667.0
27822.634720592763,2555.0
30822.634720592763,2555.0
30822.634720592763,2667.0
56922.63472059276,2667.0
56922.63472059276,2883.0
86400.0,2883.0
# temp #5316
0.0,2234.0
16665.032452228483,2234.0
16665.032452228483,2555.0
44809.46184948553,2555.0
44809.46184948553,2429.0
45360.8970016474,2429.0
45360.8970016474,2555.0
61161.02095849347,2555.0
61161.02095849347,2429.0
61885.352095635615,2429.0
61885.352095635615,2234.0
86400.000002,2234.0
# temp #5317
0.0,2234.0
74881.08232389206,2234.0
74881.08232389206,2555.0
86400.0,2555.0
# temp #5318
0.0,2234.0
9355.118462909015,2234.0
9355.118462909015,2017.0
13307.322255615147,2017.0
13307.322255615147,2234.0
16236.268311738972,2234.0
16236.268311738972,2017.0
33304.47490601801,2017.0
33304.47490601801,2234.0
78914.47959314102,2234.0
78914.47959314102,2017.0
81960.61388268137,2017.0
81960.61388268137,2234.0
86400.000002,2234.0
# temp #5319
0.0,2234.0
16677.64165112749,2234.0
16677.64165112749,2555.0
21138.442806154493,2555.0
21138.442806154493,2429.0
21681.852839724164,2429.0
21681.852839724164,2555.0
29968.16585641355,2555.0
29968.16585641355,2429.0
30487.848331988796,2429.0
30487.848331988796,2234.0
51039.016102999456,2234.0
51039.016102999456,2429.0
86400.0,2429.0
# temp #5320
0.0,2234.0
21633.956073434096,2234.0
21633.956073434096,2555.0
54882.31400849765,2555.0
54882.31400849765,2429.0
55283.65428282415,2429.0
55283.65428282415,2555.0
63846.61623272115,2555.0
63846.61623272115,2429.0
64731.196263106554,2429.0
64731.196263106554,2555.0
65938.59206582421,2555.0
65938.59206582421,2429.0
66238.59206582421,2429.0
66238.59206582421,2555.0
86400.0,2555.0
# temp #5321
0.0,2234.0
76915.4421415413,2234.0
76915.4421415413,2555.0
86400.000002,2555.0
# temp #5322
0.0,2234.0
33413.66664650851,2234.0
33413.66664650851,2429.0
33968.16689462867,2429.0
33968.16689462867,2555.0
38377.72364707199,2555.0
38377.72364707199,2429.0
61720.13351786883,2429.0
61720.13351786883,2234.0
86400.0,2234.0
# temp #5323
0.0,2234.0
83552.73405499758,2234.0
83552.73405499758,2555.0
86400.0,2555.0
# temp #5324
0.0,2234.0
15194.521822105165,2234.0
15194.521822105165,2883.0
16877.529671438973,2883.0
16877.529671438973,2667.0
19372.44664980099,2667.0
19372.44664980099,2883.0
53300.451429002,2883.0
53300.451429002,2429.0
85782.10210176188,2429.0
85782.10210176188,2555.0
86400.0,2555.0
# temp #5325
0.0,2234.0
70954.05231993647,2234.0
70954.05231993647,2555.0
72919.09747745378,2555.0
72919.09747745378,2667.0
73228.9503581822,2667.0
73228.9503581822,2555.0
73528.9503581822,2555.0
73528.9503581822,2667.0
77128.9503581822,2667.0
77128.9503581822,2555.0
78628.9503581822,2555.0
78628.9503581822,2429.0
81188.63458929119,2429.0
81188.63458929119,2234.0
86400.0,2234.0
# temp #5326
0.0,2234.0
30566.357585554946,2234.0
30566.357585554946,2429.0
31064.452068437826,2429.0
31064.452068437826,2555.0
35117.658721958294,2555.0
35117.658721958294,2429.0
52180.22591716145,2429.0
52180.22591716145,2555.0
86400.000002,2555.0
# temp #5327
0.0,2234.0
32561.88595499844,2234.0
32561.88595499844,2017.0
70524.01979514399,2017.0
70524.01979514399,2234.0
79457.5532579329,2234.0
79457.5532579329,2017.0
86400.0,2017.0
# temp #5328
0.0,2234.0
67593.7307612272,2234.0
67593.7307612272,2883.0
69993.7307612272,2883.0
69993.7307612272,2667.0
86400.000002,2667.0
# temp #5329
0.0,2234.0
61607.287213113166,2234.0
61607.287213113166,2555.0
66849.57466609777,2555.0
66849.57466609777,2429.0
86400.0,2429.0
# temp #5330
0.0,2234.0
4605.4829818429425,2234.0
4605.4829818429425,2883.0
5807.870923331939,2883.0
5807.870923331939,2667.0
8155.087868194096,2667.0
8155.087868194096,2883.0
31565.323835914027,2883.0
31565.323835914027,2429.0
68178.4651593771,2429.0
68178.4651593771,2555.0
71539.61382976269,2555.0
71539.61382976269,2429.0
86400.000002,2429.0
# temp #5331
0.0,2234.0
37574.01188572404,2234.0
37574.01188572404,2555.0
63808.89068206308,2555.0
63808.89068206308,2429.0
64137.46212471744,2429.0
64137.46212471744,2555.0
64452.167900791406,2555.0
64452.167900791406,2429.0
64940.43555432001,2429.0
64940.43555432001,2555.0
66055.93434828335,2555.0
66055.93434828335,2429.0
66355.93434828335,2429.0
66355.93434828335,2555.0
66655.93434828335,2555.0
66655.93434828335,2429.0
67255.93434828335,2429.0
67255.93434828335,2555.0
69761.85846137816,2555.0
69761.85846137816,2429.0
86400.000002,2429.0
# temp #5332
0.0,2234.0
401.7035814933479,2234.0
401.7035814933479,2555.0
13754.552149912344,2555.0
13754.552149912344,2429.0
14135.27284730226,2429.0
14135.27284730226,2555.0
27895.610553631563,2555.0
27895.610553631563,2429.0
28338.74297125731,2429.0
28338.74297125731,2234.0
42765.47208151315,2234.0
42765.47208151315,2667.0
53418.01848958713,2667.0
53418.01848958713,2555.0
71652.40786776414,2555.0
71652.40786776414,2429.0
86400.000002,2429.0
# temp #5333
0.0,2234.0
21345.903228828687,2234.0
21345.903228828687,2017.0
63507.895696721986,2017.0
63507.895696721986,2234.0
78510.72441693397,2234.0
78510.72441693397,2017.0
86400.000002,2017.0
# temp #5334
0.0,2234.0
57719.3009670591,2234.0
57719.3009670591,2555.0
66885.70846240036,2555.0
66885.70846240036,2234.0
72687.60124524124,2234.0
72687.60124524124,2667.0
86400.000002,2667.0
# temp #5335
0.0,2234.0
35047.08663085476,2234.0
35047.08663085476,2429.0
41947.08663085476,2429.0
41947.08663085476,2555.0
43747.08663085476,2555.0
43747.08663085476,2429.0
56647.08663085476,2429.0
56647.08663085476,2234.0
56947.08663085476,2234.0
56947.08663085476,2017.0
57247.08663085476,2017.0
57247.08663085476,2234.0
57547.08663085476,2234.0
57547.08663085476,2017.0
63678.75318615698,2017.0
63678.75318615698,2234.0
84162.71704207176,2234.0
84162.71704207176,2667.0
86400.000002,2667.0
# temp #5336
0.0,2234.0
23880.82566848025,2234.0
23880.82566848025,2555.0
45564.689620491125,2555.0
45564.689620491125,2429.0
66793.48586713897,2429.0
66793.48586713897,2234.0
70805.11409088505,2234.0
70805.11409088505,2429.0
77696.74987052569,2429.0
77696.74987052569,2234.0
86400.000002,2234.0
# temp #5337
0.0,2234.0
63878.302520303994,2234.0
63878.302520303994,2883.0
66278.30252030399,2883.0
66278.30252030399,2667.0
86400.000002,2667.0
# temp #5338
0.0,2234.0
21643.18738302682,2234.0
21643.18738302682,2429.0
22052.97766013537,2429.0
22052.97766013537,2555.0
26101.685874746185,2555.0
26101.685874746185,2429.0
35918.314099987045,2429.0
35918.314099987045,2555.0
37773.58435329516,2555.0
37773.58435329516,2667.0
65326.346371625565,2667.0
65326.346371625565,2883.0
86400.0,2883.0
# temp #5339
0.0,2234.0
7539.9693691637385,2234.0
7539.9693691637385,2667.0
38271.0586528061,2667.0
38271.0586528061,2555.0
38964.993956848055,2555.0
38964.993956848055,2667.0
56494.797855801895,2667.0
56494.797855801895,2555.0
57094.797855801895,2555.0
57094.797855801895,2667.0
75166.7156503536,2667.0
75166.7156503536,2555.0
76587.28727297859,2555.0
76587.28727297859,2429.0
81973.23587983848,2429.0
81973.23587983848,2883.0
86400.000002,2883.0
# temp #5340
0.0,2234.0
32467.536795884378,2234.0
32467.536795884378,2017.0
71753.69675732219,2017.0
71753.69675732219,2234.0
85116.81526894683,2234.0
85116.81526894683,2017.0
86400.000002,2017.0
# temp #5341
0.0,2234.0
3822.1034891204918,2234.0
3822.1034891204918,2667.0
31696.882926346738,2667.0
31696.882926346738,2555.0
32162.050611292947,2555.0
32162.050611292947,2667.0
58634.11749224179,2667.0
58634.11749224179,2555.0
58934.11749224179,2555.0
58934.11749224179,2667.0
59234.11749224179,2667.0
59234.11749224179,2555.0
62534.11749224179,2555.0
62534.11749224179,2667.0
86400.000002,2667.0
# temp #5342
0.0,2234.0
71884.80340903625,2234.0
71884.80340903625,2883.0
74284.80340903625,2883.0
74284.80340903625,2667.0
86400.0,2667.0
# temp #5343
0.0,2234.0
6003.736118716189,2234.0
6003.736118716189,2667.0
17341.870957450014,2667.0
17341.870957450014,2555.0
18250.565622956496,2555.0
18250.565622956496,2667.0
38148.15519873519,2667.0
38148.15519873519,2555.0
38448.15519873519,2555.0
38448.15519873519,2667.0
38748.15519873519,2667.0
38748.15519873519,2555.0
42048.15519873519,2555.0
42048.15519873519,2667.0
67548.15519873518,2667.0
67548.15519873518,2883.0
86400.0,2883.0
# temp #5344
0.0,2234.0
23377.132816566158,2234.0
23377.132816566158,2017.0
54616.89869156108,2017.0
54616.89869156108,2234.0
73524.80220124127,2234.0
73524.80220124127,2017.0
86400.000002,2017.0
# temp #5345
0.0,2234.0
17964.21534761321,2234.0
17964.21534761321,2883.0
18748.662164574493,2883.0
18748.662164574493,2667.0
25304.158244258728,2667.0
25304.158244258728,2883.0
45229.22392731999,2883.0
45229.22392731999,2429.0
47543.23798671831,2429.0
47543.23798671831,2883.0
57381.62023911719,2883.0
57381.62023911719,2667.0
86400.0,2667.0
# temp #5346
0.0,2234.0
20385.33075805754,2234.0
20385.33075805754,2429.0
20781.411181529988,2429.0
20781.411181529988,2234.0
21668.824941501956,2234.0
21668.824941501956,2429.0
22668.809967418205,2429.0
22668.809967418205,2234.0
29113.488781917844,2234.0
29113.488781917844,2429.0
29426.746140606705,2429.0
29426.746140606705,2555.0
29997.71050214768,2555.0
29997.71050214768,2429.0
30297.71050214768,2429.0
30297.71050214768,2555.0
30597.71050214768,2555.0
30597.71050214768,2429.0
31197.71050214768,2429.0
31197.71050214768,2555.0
35360.05717143417,2555.0
35360.05717143417,2429.0
55592.345988750465,2429.0
55592.345988750465,2883.0
67358.98583410309,2883.0
67358.98583410309,2667.0
86400.0,2667.0
# temp #5347
0.0,2234.0
7828.11304992065,2234.0
7828.11304992065,2667.0
19764.55562578049,2667.0
19764.55562578049,2555.0
20816.575983515944,2555.0
20816.575983515944,2667.0
39917.90940589272,2667.0
39917.90940589272,2555.0
42917.90940589272,2555.0
42917.90940589272,2667.0
69017.90940589271,2667.0
69017.90940589271,2883.0
86400.000002,2883.0
# temp #5348
0.0,2234.0
8617.024601390587,2234.0
8617.024601390587,2667.0
36666.27230134328,2667.0
36666.27230134328,2555.0
37045.992715959444,2555.0
37045.992715959444,2667.0
61882.69483374899,2667.0
61882.69483374899,2555.0
62482.69483374899,2555.0
62482.69483374899,2667.0
82976.87676257921,2667.0
82976.87676257921,2555.0
86400.0,2555.0
# temp #5349
0.0,2234.0
9907.893963810058,2234.0
9907.893963810058,2017.0
41451.402013096966,2017.0
41451.402013096966,2234.0
79899.2698271759,2234.0
79899.2698271759,2017.0
86400.0,2017.0
# temp #5350
0.0,2234.0
8481.157974503005,2234.0
8481.157974503005,2667.0
38144.156251125976,2667.0
38144.156251125976,2555.0
38971.05681665708,2555.0
38971.05681665708,2429.0
71560.0369203603,2429.0
71560.0369203603,2555.0
86400.000002,2555.0
# temp #5351
0.0,2234.0
1596.489686239511,2234.0
1596.489686239511,2429.0
2150.6313598947604,2429.0
2150.6313598947604,2555.0
2704.8044408904393,2555.0
2704.8044408904393,2429.0
14258.561394922437,2429.0
14258.561394922437,2234.0
21440.623000985946,2234.0
21440.623000985946,2429.0
54645.48665655313,2429.0
54645.48665655313,2555.0
55793.97348908243,2555.0
55793.97348908243,2667.0
86400.0,2667.0
# temp #5352
0.0,2234.0
8156.4345472259465,2234.0
8156.4345472259465,2667.0
47271.21819038876,2667.0
47271.21819038876,2555.0
48401.55462459662,2555.0
48401.55462459662,2667.0
52190.566771756865,2667.0
52190.566771756865,2555.0
52490.566771756865,2555.0
52490.566771756865,2667.0
52790.566771756865,2667.0
52790.566771756865,2555.0
56090.566771756865,2555.0
56090.566771756865,2667.0
81590.56677175686,2667.0
81590.56677175686,2883.0
86400.0,2883.0
# temp #5353
0.0,2234.0
28110.32121323515,2234.0
28110.32121323515,2555.0
34730.703382682994,2555.0
34730.703382682994,2429.0
60178.64427168389,2429.0
60178.64427168389,2234.0
63781.68917787262,2234.0
63781.68917787262,2429.0
64309.14748844226,2429.0
64309.14748844226,2234.0
72176.47707306314,2234.0
72176.47707306314,2555.0
73376.47707306314,2555.0
73376.47707306314,2883.0
86400.0,2883.0
# temp #5354
0.0,2234.0
85194.1226686584,2234.0
85194.1226686584,2555.0
86400.000002,2555.0
# temp #5355
0.0,2234.0
26020.02024035901,2234.0
26020.02024035901,2555.0
27371.56920405105,2555.0
27371.56920405105,2429.0
71965.51295220852,2429.0
71965.51295220852,2883.0
86400.000002,2883.0
# temp #5356
0.0,2234.0
6445.719301491045,2234.0
6445.719301491045,2667.0
50265.72020323948,2667.0
50265.72020323948,2555.0
50813.287750538446,2555.0
50813.287750538446,2667.0
55154.958116076894,2667.0
55154.958116076894,2555.0
55454.958116076894,2555.0
55454.958116076894,2667.0
56290.505216130994,2667.0
56290.505216130994,2555.0
56890.505216130994,2555.0
56890.505216130994,2667.0
71076.6551078763,2667.0
71076.6551078763,2883.0
86400.000002,2883.0
# temp #5357
0.0,2234.0
10479.860628163444,2234.0
10479.860628163444,2017.0
22864.825989212844,2017.0
22864.825989212844,2234.0
23219.300100300465,2234.0
23219.300100300465,2017.0
43987.41050753743,2017.0
43987.41050753743,2234.0
68269.22864774243,2234.0
68269.22864774243,2017.0
77053.16429003143,2017.0
77053.16429003143,2234.0
86400.000002,2234.0
# temp #5358
0.0,2234.0
4326.2378114741305,2234.0
4326.2378114741305,2667.0
38500.86105347146,2667.0
38500.86105347146,2555.0
39370.71222646628,2555.0
39370.71222646628,2667.0
52411.401887401014,2667.0
52411.401887401014,2555.0
53011.401887401014,2555.0
53011.401887401014,2667.0
70186.3421409158,2667.0
70186.3421409158,2555.0
74553.74743219001,2555.0
74553.74743219001,2429.0
80422.35179438723,2429.0
80422.35179438723,2883.0
86400.0,2883.0
# temp #5359
0.0,2234.0
12337.480546161534,2234.0
12337.480546161534,2883.0
23437.480546161532,2883.0
23437.480546161532,2555.0
24688.28679677099,2555.0
24688.28679677099,2667.0
29430.353216431107,2667.0
29430.353216431107,2555.0
48633.88590349351,2555.0
48633.88590349351,2429.0
86400.000002,2429.0
# temp #5360
0.0,2234.0
28236.75887337886,2234.0
28236.75887337886,2555.0
39183.327846927576,2555.0
39183.327846927576,2429.0
39768.6171673704,2429.0
39768.6171673704,2555.0
52923.87359021232,2555.0
52923.87359021232,2429.0
53765.967350522995,2429.0
53765.967350522995,2234.0
71506.59467855004,2234.0
71506.59467855004,2667.0
86400.0,2667.0
# temp #5361
0.0,2234.0
1759.3267705058681,2234.0
1759.3267705058681,2555.0
2948.9910304080695,2555.0
2948.9910304080695,2667.0
9248.99103040807,2667.0
9248.99103040807,2555.0
10448.99103040807,2555.0
10448.99103040807,2429.0
53648.99103040807,2429.0
53648.99103040807,2234.0
82730.9685026994,2234.0
82730.9685026994,2429.0
86400.0,2429.0
# temp #5362
0.0,2234.0
60946.8835274689,2234.0
60946.8835274689,2883.0
63346.8835274689,2883.0
63346.8835274689,2667.0
86400.000002,2667.0
# temp #5363
0.0,2234.0
3660.563585674391,2234.0
3660.563585674391,2667.0
46214.95853480884,2667.0
46214.95853480884,2555.0
46610.11314787903,2555.0
46610.11314787903,2429.0
64006.20600697586,2429.0
64006.20600697586,2555.0
79401.82088543662,2555.0
79401.82088543662,2429.0
86400.0,2429.0
# temp #5364
0.0,2234.0
5258.672292390839,2234.0
5258.672292390839,2017.0
8222.976214718075,2017.0
8222.976214718075,2234.0
44665.28015770019,2234.0
44665.28015770019,2017.0
86129.2454564944,2017.0
86129.2454564944,2234.0
86400.0,2234.0
# temp #5365
0.0,2234.0
38852.28449916468,2234.0
38852.28449916468,2555.0
67008.76667713748,2555.0
67008.76667713748,2429.0
67397.1827028785,2429.0
67397.1827028785,2555.0
77464.324188279,2555.0
77464.324188279,2429.0
78420.87770649233,2429.0
78420.87770649233,2555.0
79467.51895272174,2555.0
79467.51895272174,2429.0
79767.51895272174,2429.0
79767.51895272174,2555.0
86400.000002,2555.0
# temp #5366
0.0,2234.0
18279.56430790946,2234.0
18279.56430790946,2017.0
53099.55109362491,2017.0
53099.55109362491,2234.0
69617.05916016363,2234.0
69617.05916016363,2017.0
86400.0,2017.0
# temp #5367
0.0,2234.0
17535.002323868688,2234.0
17535.002323868688,2883.0
18567.548126354817,2883.0
18567.548126354817,2667.0
25579.994310485203,2667.0
25579.994310485203,2883.0
30552.35202410259,2883.0
30552.35202410259,2667.0
58094.46319208947,2667.0
58094.46319208947,2555.0
86400.0,2555.0
# temp #5368
0.0,2234.0
1871.7148161493244,2234.0
1871.7148161493244,2017.0
41584.25150779077,2017.0
41584.25150779077,2234.0
73988.68699832821,2234.0
73988.68699832821,2017.0
84266.33260413074,2017.0
84266.33260413074,2234.0
86400.000002,2234.0
# temp #5369
0.0,2234.0
2443.52902234532,2234.0
2443.52902234532,2555.0
8311.060346569868,2555.0
8311.060346569868,2429.0
8823.834054381588,2429.0
8823.834054381588,2555.0
11200.488879438491,2555.0
11200.488879438491,2429.0
11836.241488438101,2429.0
11836.241488438101,2555.0
12898.51718656719,2555.0
12898.51718656719,2429.0
13198.51718656719,2429.0
13198.51718656719,2555.0
33598.51718656719,2555.0
33598.51718656719,2429.0
33898.51718656719,2429.0
33898.51718656719,2555.0
34498.51718656719,2555.0
34498.51718656719,2667.0
55436.09964223579,2667.0
55436.09964223579,2234.0
60440.43890023605,2234.0
60440.43890023605,2667.0
77662.90192455055,2667.0
77662.90192455055,2883.0
86400.000002,2883.0
# temp #5370
0.0,2234.0
37252.43041582872,2234.0
37252.43041582872,2555.0
66401.99314600324,2555.0
66401.99314600324,2429.0
77501.9036764512,2429.0
77501.9036764512,2234.0
77801.9036764512,2234.0
77801.9036764512,2017.0
86400.000002,2017.0
# temp #5371
0.0,2234.0
84383.5412038956,2234.0
84383.5412038956,2883.0
86400.000002,2883.0
# temp #5372
0.0,2234.0
21159.468645974997,2234.0
21159.468645974997,2429.0
21592.592697660442,2429.0
21592.592697660442,2234.0
22328.980334079828,2234.0
22328.980334079828,2429.0
26984.092650166716,2429.0
26984.092650166716,2234.0
34920.41736077518,2234.0
34920.41736077518,2429.0
35587.23329398782,2429.0
35587.23329398782,2555.0
36027.813064400114,2555.0
36027.813064400114,2429.0
36327.813064400114,2429.0
36327.813064400114,2555.0
36627.813064400114,2555.0
36627.813064400114,2429.0
37227.813064400114,2429.0
37227.813064400114,2555.0
41220.44340083376,2555.0
41220.44340083376,2429.0
67847.38765892108,2429.0
67847.38765892108,2234.0
86400.000002,2234.0
# temp #5373
0.0,2234.0
28563.504680525515,2234.0
28563.504680525515,2017.0
31843.492958648134,2017.0
31843.492958648134,2234.0
38458.103000605486,2234.0
38458.103000605486,2017.0
67138.52433152497,2017.0
67138.52433152497,2234.0
74353.11256656425,2234.0
74353.11256656425,2017.0
86400.000002,2017.0
# temp #5374
0.0,2234.0
19805.59198907577,2234.0
19805.59198907577,2555.0
58327.67295157538,2555.0
58327.67295157538,2429.0
86400.0,2429.0
# temp #5375
0.0,2234.0
48210.99973549136,2234.0
48210.99973549136,2429.0
80310.99973549135,2429.0
80310.99973549135,2555.0
80610.99973549135,2555.0
80610.99973549135,2667.0
86400.000002,2667.0
# temp #5376
0.0,2234.0
996.191348321736,2234.0
996.191348321736,2667.0
34081.99090703856,2667.0
34081.99090703856,2555.0
35011.95537184831,2555.0
35011.95537184831,2667.0
48834.7171977628,2667.0
48834.7171977628,2555.0
49134.7171977628,2555.0
49134.7171977628,2667.0
49897.44612677023,2667.0
49897.44612677023,2555.0
50497.44612677023,2555.0
50497.44612677023,2667.0
54340.90180944186,2667.0
54340.90180944186,2234.0
58698.53659810033,2234.0
58698.53659810033,2667.0
74572.81213549431,2667.0
74572.81213549431,2234.0
86400.0,2234.0
# temp #5377
0.0,2234.0
21353.71526840609,2234.0
21353.71526840609,2555.0
34083.55068268721,2555.0
34083.55068268721,2429.0
74844.24788283651,2429.0
74844.24788283651,2234.0
75444.24788283651,2234.0
75444.24788283651,2429.0
86400.000002,2429.0
# temp #5378
0.0,2234.0
6743.688951130027,2234.0
6743.688951130027,2667.0
13463.344588573094,2667.0
13463.344588573094,2555.0
14429.124998557385,2555.0
14429.124998557385,2667.0
35481.303353025585,2667.0
35481.303353025585,2555.0
35781.303353025585,2555.0
35781.303353025585,2667.0
36081.303353025585,2667.0
36081.303353025585,2555.0
39381.303353025585,2555.0
39381.303353025585,2667.0
64881.303353025585,2667.0
64881.303353025585,2883.0
86400.000002,2883.0
# temp #5379
0.0,2234.0
19573.602820839737,2234.0
19573.602820839737,2555.0
21576.297437539328,2555.0
21576.297437539328,2667.0
21890.263356221843,2667.0
21890.263356221843,2555.0
27890.263356221843,2555.0
27890.263356221843,2429.0
30290.263356221843,2429.0
30290.263356221843,2234.0
33890.26335622184,2234.0
33890.26335622184,2429.0
35090.26335622184,2429.0
35090.26335622184,2234.0
40790.26335622184,2234.0
40790.26335622184,2429.0
62325.00609545969,2429.0
62325.00609545969,2883.0
86400.000002,2883.0
# temp #5380
0.0,2234.0
33961.03490791284,2234.0
33961.03490791284,2555.0
63110.70369710216,2555.0
63110.70369710216,2429.0
70106.72419597396,2429.0
70106.72419597396,2234.0
70706.72419597396,2234.0
70706.72419597396,2429.0
86400.000002,2429.0
# temp #5381
0.0,2234.0
66203.99938279299,2234.0
66203.99938279299,2555.0
76699.17711226737,2555.0
76699.17711226737,2429.0
77231.18753484452,2429.0
77231.18753484452,2555.0
83297.03634318431,2555.0
83297.03634318431,2429.0
84036.5382134216,2429.0
84036.5382134216,2555.0
85056.59713663628,2555.0
85056.59713663628,2429.0
85356.59713663628,2429.0
85356.59713663628,2555.0
86400.0,2555.0
# temp #5382
0.0,2234.0
23889.545528241437,2234.0
23889.545528241437,2555.0
34735.520886001184,2555.0
34735.520886001184,2429.0
56917.03370672186,2429.0
56917.03370672186,2234.0
64386.924839881256,2234.0
64386.924839881256,2429.0
79831.66044303217,2429.0
79831.66044303217,2234.0
86400.0,2234.0
# temp #5383
0.0,2234.0
37888.41841891409,2234.0
37888.41841891409,2017.0
85775.91624394992,2017.0
85775.91624394992,2234.0
86400.000002,2234.0
# temp #5384
0.0,2234.0
24040.614674636166,2234.0
24040.614674636166,2555.0
29171.395263844173,2555.0
29171.395263844173,2667.0
29694.404087914158,2667.0
29694.404087914158,2555.0
35694.40408791416,2555.0
35694.40408791416,2429.0
38094.40408791416,2429.0
38094.40408791416,2234.0
41694.40408791416,2234.0
41694.40408791416,2429.0
42894.40408791416,2429.0
42894.40408791416,2234.0
48594.40408791416,2234.0
48594.40408791416,2429.0
50784.85167128966,2429.0
50784.85167128966,2667.0
84320.31316752547,2667.0
84320.31316752547,2555.0
86400.000002,2555.0
# temp #5385
0.0,2234.0
8325.36709313281,2234.0
8325.36709313281,2667.0
19507.857375056486,2667.0
19507.857375056486,2555.0
20502.939696446996,2555.0
20502.939696446996,2429.0
41376.39628637117,2429.0
41376.39628637117,2555.0
41601.462521776564,2555.0
41601.462521776564,2429.0
71272.2088220995,2429.0
71272.2088220995,2555.0
86400.000002,2555.0
# temp #5386
0.0,2234.0
6871.626983117313,2234.0
6871.626983117313,2883.0
7629.958992730827,2883.0
7629.958992730827,2667.0
18775.212272163484,2667.0
18775.212272163484,2883.0
34575.65243085847,2883.0
34575.65243085847,2429.0
46477.56430094597,2429.0
46477.56430094597,2234.0
66258.52522447241,2234.0
66258.52522447241,2667.0
74155.3052281961,2667.0
74155.3052281961,2555.0
86400.000002,2555.0
# temp #5387
0.0,2234.0
82543.1610958418,2234.0
82543.1610958418,2555.0
86400.000002,2555.0
# temp #5388
0.0,2234.0
6232.527771103197,2234.0
6232.527771103197,2429.0
6532.527771103197,2429.0
6532.527771103197,2234.0
27555.865712114613,2234.0
27555.865712114613,2429.0
62872.94218386525,2429.0
62872.94218386525,2555.0
86400.000002,2555.0
# temp #5389
0.0,2234.0
7887.6336308196205,2234.0
7887.6336308196205,2667.0
20137.160094897266,2667.0
20137.160094897266,2555.0
20965.900005935695,2555.0
20965.900005935695,2667.0
23489.446340734143,2667.0
23489.446340734143,2555.0
23789.446340734143,2555.0
23789.446340734143,2667.0
24396.724829915915,2667.0
24396.724829915915,2555.0
24996.724829915915,2555.0
24996.724829915915,2667.0
74446.9357347116,2667.0
74446.9357347116,2883.0
86400.0,2883.0
# temp #5390
0.0,2234.0
30934.913115506064,2234.0
30934.913115506064,2429.0
31272.895480063748,2429.0
31272.895480063748,2555.0
35377.83667605837,2555.0
35377.83667605837,2429.0
42287.00222291519,2429.0
42287.00222291519,2555.0
60717.807097476914,2555.0
60717.807097476914,2429.0
86400.0,2429.0
# temp #5391
0.0,2234.0
78235.0869684946,2234.0
78235.0869684946,2555.0
81349.40126880539,2555.0
81349.40126880539,2667.0
81661.4252232481,2667.0
81661.4252232481,2555.0
86400.0,2555.0
# temp #5392
0.0,2234.0
59208.925428497605,2234.0
59208.925428497605,2555.0
68962.9908118397,2555.0
68962.9908118397,2234.0
86142.51394320745,2234.0
86142.51394320745,2429.0
86400.0,2429.0
# temp #5393
0.0,2234.0
50147.10015649908,2234.0
50147.10015649908,2429.0
82247.10015649907,2429.0
82247.10015649907,2555.0
82547.10015649907,2555.0
82547.10015649907,2667.0
83458.52828859353,2667.0
83458.52828859353,2555.0
86400.000002,2555.0
# temp #5394
0.0,2234.0
77752.96543305741,2234.0
77752.96543305741,2555.0
86400.0,2555.0
# temp #5395
0.0,2234.0
10166.968480171638,2234.0
10166.968480171638,2883.0
21266.968480171636,2883.0
21266.968480171636,2555.0
41003.65069792607,2555.0
41003.65069792607,2667.0
48151.338671171114,2667.0
48151.338671171114,2555.0
80734.18174639811,2555.0
80734.18174639811,2429.0
86400.000002,2429.0
# temp #5396
0.0,2234.0
38264.392502163544,2234.0
38264.392502163544,2429.0
38564.392502163544,2429.0
38564.392502163544,2234.0
48432.7677311143,2234.0
48432.7677311143,2555.0
49632.7677311143,2555.0
49632.7677311143,2883.0
84604.78886228522,2883.0
84604.78886228522,2429.0
86400.0,2429.0
# temp #5397
0.0,2234.0
2067.7863638615236,2234.0
2067.7863638615236,2667.0
35835.54778285325,2667.0
35835.54778285325,2555.0
36656.16309586913,2555.0
36656.16309586913,2429.0
64827.81209035312,2429.0
64827.81209035312,2555.0
66705.61624467374,2555.0
66705.61624467374,2429.0
86400.000002,2429.0
# temp #5398
0.0,2234.0
81948.71035167018,2234.0
81948.71035167018,2555.0
86400.0,2555.0
# temp #5399
0.0,2234.0
64300.76443282889,2234.0
64300.76443282889,2555.0
69822.85498981366,2555.0
69822.85498981366,2429.0
70212.4367769342,2429.0
70212.4367769342,2555.0
85401.0706117144,2555.0
85401.0706117144,2429.0
86269.15800541175,2429.0
86269.15800541175,2555.0
86400.0,2555.0
# temp #5400
0.0,2234.0
5269.9006711598495,2234.0
5269.9006711598495,2883.0
5788.015811378137,2883.0
5788.015811378137,2667.0
9120.2378930524,2667.0
9120.2378930524,2883.0
38377.86461035722,2883.0
38377.86461035722,2429.0
64226.14211481997,2429.0
64226.14211481997,2555.0
69681.16174838507,2555.0
69681.16174838507,2429.0
86400.0,2429.0
# temp #5401
0.0,2234.0
3303.9573802147065,2234.0
3303.9573802147065,2667.0
40741.92533860915,2667.0
40741.92533860915,2555.0
42028.535347664736,2555.0
42028.535347664736,2667.0
44999.27719782573,2667.0
44999.27719782573,2555.0
45299.27719782573,2555.0
45299.27719782573,2667.0
45943.44609214459,2667.0
45943.44609214459,2555.0
46543.44609214459,2555.0
46543.44609214459,2667.0
66638.07934080252,2667.0
66638.07934080252,2555.0
73145.28793422507,2555.0
73145.28793422507,2429.0
86400.000002,2429.0
# temp #5402
0.0,2234.0
72596.90356969369,2234.0
72596.90356969369,2555.0
86400.0,2555.0
# temp #5403
0.0,2234.0
66506.43904816826,2234.0
66506.43904816826,2555.0
86400.000002,2555.0
# temp #5404
0.0,2234.0
49260.76607170981,2234.0
49260.76607170981,2429.0
49609.67486745213,2429.0
49609.67486745213,2555.0
53395.25664208923,2555.0
53395.25664208923,2429.0
75511.17474900094,2429.0
75511.17474900094,2234.0
86400.0,2234.0
# temp #5405
0.0,2234.0
18522.736005834307,2234.0
18522.736005834307,2555.0
52704.34152691161,2555.0
52704.34152691161,2429.0
53036.98134985754,2429.0
53036.98134985754,2555.0
61705.27724674904,2555.0
61705.27724674904,2429.0
63099.39599814826,2429.0
63099.39599814826,2555.0
64546.950787073016,2555.0
64546.950787073016,2429.0
64846.950787073016,2429.0
64846.950787073016,2555.0
66346.95078707302,2555.0
66346.95078707302,2429.0
76546.95078707302,2429.0
76546.95078707302,2234.0
86400.0,2234.0
# temp #5406
0.0,2234.0
14228.409097250555,2234.0
14228.409097250555,2883.0
15912.099601607773,2883.0
15912.099601607773,2667.0
27146.560139930814,2667.0
27146.560139930814,2883.0
47087.21240102314,2883.0
47087.21240102314,2429.0
47780.94306886197,2429.0
47780.94306886197,2555.0
66494.83766974883,2555.0
66494.83766974883,2667.0
86400.000002,2667.0
# temp #5407
0.0,2234.0
8482.927109207958,2234.0
8482.927109207958,2429.0
15382.927109207958,2429.0
15382.927109207958,2555.0
17182.927109207958,2555.0
17182.927109207958,2429.0
30082.927109207958,2429.0
30082.927109207958,2234.0
30382.927109207958,2234.0
30382.927109207958,2017.0
30682.927109207958,2017.0
30682.927109207958,2234.0
30982.927109207958,2234.0
30982.927109207958,2017.0
31589.072584337555,2017.0
31589.072584337555,2234.0
57109.86518450081,2234.0
57109.86518450081,2429.0
79498.99682658724,2429.0
79498.99682658724,2234.0
86400.0,2234.0
# temp #5408
0.0,2234.0
7220.352117391304,2234.0
7220.352117391304,2883.0
7588.5398597689355,2883.0
7588.5398597689355,2667.0
18308.31728233025,2667.0
18308.31728233025,2883.0
44541.45195276943,2883.0
44541.45195276943,2429.0
48262.1001938358,2429.0
48262.1001938358,2555.0
52144.90376925097,2555.0
52144.90376925097,2667.0
72757.59058347905,2667.0
72757.59058347905,2555.0
76807.89948587773,2555.0
76807.89948587773,2429.0
84606.84534288013,2429.0
84606.84534288013,2555.0
86400.0,2555.0
# temp #5409
0.0,2234.0
21168.77489543986,2234.0
21168.77489543986,2555.0
22178.582628560256,2555.0
22178.582628560256,2667.0
32078.582628560256,2667.0
32078.582628560256,2555.0
35562.19803441782,2555.0
35562.19803441782,2429.0
50753.84917811026,2429.0
50753.84917811026,2883.0
71236.61947811488,2883.0
71236.61947811488,2429.0
86400.000002,2429.0
# temp #5410
0.0,2234.0
4962.118430016563,2234.0
4962.118430016563,2883.0
16062.118430016562,2883.0
16062.118430016562,2555.0
28914.057914866135,2555.0
28914.057914866135,2667.0
49326.56131794211,2667.0
49326.56131794211,2234.0
57560.41967121419,2234.0
57560.41967121419,2667.0
77148.91458798667,2667.0
77148.91458798667,2555.0
86400.0,2555.0
# temp #5411
0.0,2234.0
16176.385168684648,2234.0
16176.385168684648,2017.0
50742.506911698736,2017.0
50742.506911698736,2234.0
79243.80336049946,2234.0
79243.80336049946,2017.0
86400.000002,2017.0
# temp #5412
0.0,2234.0
19311.03482949548,2234.0
19311.03482949548,2017.0
40283.64432030358,2017.0
40283.64432030358,2234.0
62163.751443056404,2234.0
62163.751443056404,2017.0
72360.62458050439,2017.0
72360.62458050439,2234.0
86400.0,2234.0
# temp #5413
0.0,2234.0
14664.755193586463,2234.0
14664.755193586463,2555.0
17219.670102861714,2555.0
17219.670102861714,2667.0
23519.67010286171,2667.0
23519.67010286171,2555.0
24719.67010286171,2555.0
24719.67010286171,2429.0
67919.67010286171,2429.0
67919.67010286171,2234.0
77764.14380476344,2234.0
77764.14380476344,2429.0
86400.000002,2429.0
# temp #5414
0.0,2234.0
12518.191353650765,2234.0
12518.191353650765,2555.0
14970.063012745233,2555.0
14970.063012745233,2429.0
36033.253561612226,2429.0
36033.253561612226,2234.0
37829.35628816486,2234.0
37829.35628816486,2429.0
47768.72772336938,2429.0
47768.72772336938,2234.0
60502.75895562956,2234.0
60502.75895562956,2667.0
86315.93646802941,2667.0
86315.93646802941,2555.0
86400.000002,2555.0
# temp #5415
0.0,2234.0
1950.0669397646564,2234.0
1950.0669397646564,2667.0
26648.321943380874,2667.0
26648.321943380874,2555.0
27807.71080835257,2555.0
27807.71080835257,2429.0
30584.70610887744,2429.0
30584.70610887744,2555.0
63976.10463411549,2555.0
63976.10463411549,2429.0
86400.0,2429.0
# temp #5416
0.0,2234.0
55157.71396968049,2234.0
55157.71396968049,2555.0
55604.18578118552,2555.0
55604.18578118552,2667.0
65504.18578118552,2667.0
65504.18578118552,2555.0
66259.18689735701,2555.0
66259.18689735701,2429.0
86400.0,2429.0
# temp #5417
0.0,2234.0
8542.891746852549,2234.0
8542.891746852549,2667.0
45189.27492576186,2667.0
45189.27492576186,2555.0
45726.96632717271,2555.0
45726.96632717271,2667.0
54844.39664043021,2667.0
54844.39664043021,2555.0
55144.39664043021,2555.0
55144.39664043021,2667.0
55952.890725131154,2667.0
55952.890725131154,2555.0
56552.890725131154,2555.0
56552.890725131154,2667.0
64242.372807534426,2667.0
64242.372807534426,2555.0
79556.19000499138,2555.0
79556.19000499138,2667.0
86400.000002,2667.0
# temp #5418
0.0,2234.0
83850.37577629556,2234.0
83850.37577629556,2555.0
85559.24637622667,2555.0
85559.24637622667,2667.0
85878.31458889415,2667.0
85878.31458889415,2555.0
86400.000002,2555.0
# temp #5419
0.0,2234.0
8403.207132266836,2234.0
8403.207132266836,2555.0
9618.043457320893,2555.0
9618.043457320893,2667.0
9941.96969799232,2667.0
9941.96969799232,2555.0
10241.96969799232,2555.0
10241.96969799232,2667.0
36941.96969799232,2667.0
36941.96969799232,2555.0
52841.96969799232,2555.0
52841.96969799232,2234.0
56441.96969799232,2234.0
56441.96969799232,2429.0
66341.96969799232,2429.0
66341.96969799232,2555.0
66941.96969799232,2555.0
66941.96969799232,2667.0
79241.96969799232,2667.0
79241.96969799232,2883.0
86400.0,2883.0
# temp #5420
0.0,2234.0
7563.862276682632,2234.0
7563.862276682632,2667.0
42492.2118120594,2667.0
42492.2118120594,2555.0
42916.42542562914,2555.0
42916.42542562914,2667.0
69115.13050475625,2667.0
69115.13050475625,2555.0
69415.13050475625,2555.0
69415.13050475625,2667.0
70186.45139804577,2667.0
70186.45139804577,2555.0
70786.45139804577,2555.0
70786.45139804577,2667.0
86400.000002,2667.0
# temp #5421
0.0,2234.0
32030.189656605948,2234.0
32030.189656605948,2429.0
32566.558331320997,2429.0
32566.558331320997,2555.0
35963.89431178105,2555.0
35963.89431178105,2429.0
44182.78811308556,2429.0
44182.78811308556,2555.0
48872.14992740192,2555.0
48872.14992740192,2667.0
74381.32137525828,2667.0
74381.32137525828,2234.0
86400.000002,2234.0
# temp #5422
0.0,2234.0
10331.207630597055,2234.0
10331.207630597055,2429.0
17231.207630597055,2429.0
17231.207630597055,2555.0
19031.207630597055,2555.0
19031.207630597055,2429.0
31931.207630597055,2429.0
31931.207630597055,2234.0
32231.207630597055,2234.0
32231.207630597055,2017.0
32531.207630597055,2017.0
32531.207630597055,2234.0
32831.207630597055,2234.0
32831.207630597055,2017.0
36430.99696494173,2017.0
36430.99696494173,2234.0
68464.50331730302,2234.0
68464.50331730302,2429.0
86400.000002,2429.0
# temp #5423
0.0,2234.0
8387.251492403448,2234.0
8387.251492403448,2017.0
40818.91867239028,2017.0
40818.91867239028,2234.0
77936.31796287374,2234.0
77936.31796287374,2017.0
86400.000002,2017.0
# temp #5424
0.0,2234.0
28661.467866087336,2234.0
28661.467866087336,2017.0
29318.906824802983,2017.0
29318.906824802983,2234.0
40709.03744450771,2234.0
40709.03744450771,2017.0
86400.000002,2017.0
# temp #5425
0.0,2234.0
6796.497681364419,2234.0
6796.497681364419,2667.0
42173.633554810665,2667.0
42173.633554810665,2555.0
43597.95299568214,2555.0
43597.95299568214,2667.0
64697.59880283383,2667.0
64697.59880283383,2555.0
65297.59880283383,2555.0
65297.59880283383,2667.0
84342.03006445897,2667.0
84342.03006445897,2555.0
86400.0,2555.0
# temp #5426
0.0,2234.0
28084.688551677395,2234.0
28084.688551677395,2555.0
59348.3938902151,2555.0
59348.3938902151,2429.0
59695.67188073417,2429.0
59695.67188073417,2555.0
67656.4804846421,2555.0
67656.4804846421,2429.0
69025.81616453828,2429.0
69025.81616453828,2555.0
70093.51068148391,2555.0
70093.51068148391,2429.0
70393.51068148391,2429.0
70393.51068148391,2555.0
71893.51068148391,2555.0
71893.51068148391,2429.0
82093.51068148391,2429.0
82093.51068148391,2234.0
86400.000002,2234.0
# temp #5427
0.0,2234.0
78242.64024475125,2234.0
78242.64024475125,2883.0
80642.64024475125,2883.0
80642.64024475125,2667.0
86400.0,2667.0
# temp #5428
0.0,2234.0
59337.485390086666,2234.0
59337.485390086666,2555.0
80254.10033182708,2555.0
80254.10033182708,2429.0
80599.45942531341,2429.0
80599.45942531341,2555.0
86400.000002,2555.0
# temp #5429
0.0,2234.0
66616.28211806528,2234.0
66616.28211806528,2555.0
85332.3510959046,2555.0
85332.3510959046,2234.0
86400.000002,2234.0
# temp #5430
0.0,2234.0
1763.288145605475,2234.0
1763.288145605475,2667.0
7308.323411643506,2667.0
7308.323411643506,2555.0
8526.041568629445,2555.0
8526.041568629445,2667.0
28828.59062086791,2667.0
28828.59062086791,2555.0
29128.59062086791,2555.0
29128.59062086791,2429.0
54356.65850064252,2429.0
54356.65850064252,2555.0
86400.000002,2555.0
# temp #5431
0.0,2234.0
57114.64996060822,2234.0
57114.64996060822,2555.0
59122.99191320781,2555.0
59122.99191320781,2234.0
69318.56937215198,2234.0
69318.56937215198,2667.0
73194.534505927,2667.0
73194.534505927,2555.0
77011.66957591195,2555.0
77011.66957591195,2429.0
78714.80750769842,2429.0
78714.80750769842,2555.0
86297.40377368871,2555.0
86297.40377368871,2667.0
86400.0,2667.0
# temp #5432
0.0,2234.0
64326.10898567365,2234.0
64326.10898567365,2555.0
86400.000002,2555.0
# temp #5433
0.0,2234.0
83407.746312744,2234.0
83407.746312744,2555.0
86400.000002,2555.0
# temp #5434
0.0,2234.0
35911.90559640527,2234.0
35911.90559640527,2883.0
38311.90559640527,2883.0
38311.90559640527,2667.0
52756.9811133435,2667.0
52756.9811133435,2555.0
70323.74305191915,2555.0
70323.74305191915,2667.0
77747.52617462074,2667.0
77747.52617462074,2555.0
86400.0,2555.0
# temp #5435
0.0,2234.0
29045.374072110284,2234.0
29045.374072110284,2429.0
29460.83561559208,2429.0
29460.83561559208,2555.0
30247.554627852518,2555.0
30247.554627852518,2429.0
33095.33011028544,2429.0
33095.33011028544,2555.0
47669.81692817063,2555.0
47669.81692817063,2667.0
56243.02436308936,2667.0
56243.02436308936,2883.0
86400.000002,2883.0
# temp #5436
0.0,2234.0
73080.43006751688,2234.0
73080.43006751688,2555.0
86400.000002,2555.0
# temp #5437
0.0,2234.0
19467.48282434419,2234.0
19467.48282434419,2555.0
23558.869974059056,2555.0
23558.869974059056,2667.0
24045.155643462207,2667.0
24045.155643462207,2555.0
30045.155643462207,2555.0
30045.155643462207,2429.0
32445.155643462207,2429.0
32445.155643462207,2234.0
36045.15564346221,2234.0
36045.15564346221,2429.0
37245.15564346221,2429.0
37245.15564346221,2234.0
42945.15564346221,2234.0
42945.15564346221,2429.0
55611.88494530507,2429.0
55611.88494530507,2234.0
71679.30829455146,2234.0
71679.30829455146,2667.0
75514.50842614287,2667.0
75514.50842614287,2883.0
78061.5638470743,2883.0
78061.5638470743,2429.0
86400.000002,2429.0
# temp #5438
0.0,2234.0
27898.078346159313,2234.0
27898.078346159313,2429.0
28498.078346159313,2429.0
28498.078346159313,2555.0
33377.242308016874,2555.0
33377.242308016874,2429.0
34264.63378763293,2429.0
34264.63378763293,2555.0
63950.49165403472,2555.0
63950.49165403472,2429.0
72597.86134455354,2429.0
72597.86134455354,2555.0
81463.81916678512,2555.0
81463.81916678512,2429.0
86400.000002,2429.0
# temp #5439
0.0,2234.0
40811.50841640775,2234.0
40811.50841640775,2429.0
41370.800666045405,2429.0
41370.800666045405,2555.0
42276.984481047846,2555.0
42276.984481047846,2429.0
68381.76596579143,2429.0
68381.76596579143,2555.0
78188.24208076113,2555.0
78188.24208076113,2667.0
86400.0,2667.0
# temp #5440
0.0,2234.0
50367.057412024595,2234.0
50367.057412024595,2555.0
57172.38102369011,2555.0
57172.38102369011,2429.0
57647.31990185101,2429.0
57647.31990185101,2555.0
58571.29263009411,2555.0
58571.29263009411,2429.0
59392.2537756851,2429.0
59392.2537756851,2555.0
60311.341815604836,2555.0
60311.341815604836,2429.0
86400.000002,2429.0
# temp #5441
0.0,2234.0
1625.811392418109,2234.0
1625.811392418109,2667.0
41959.885868662976,2667.0
41959.885868662976,2555.0
42510.636198660366,2555.0
42510.636198660366,2667.0
43670.06950797514,2667.0
43670.06950797514,2555.0
43970.06950797514,2555.0
43970.06950797514,2667.0
44270.06950797514,2667.0
44270.06950797514,2555.0
47570.06950797514,2555.0
47570.06950797514,2667.0
73070.06950797513,2667.0
73070.06950797513,2883.0
86400.0,2883.0
# temp #5442
0.0,2234.0
28129.325234703723,2234.0
28129.325234703723,2017.0
81998.39499020019,2017.0
81998.39499020019,2234.0
86400.0,2234.0
# temp #5443
0.0,2234.0
62630.676344060346,2234.0
62630.676344060346,2555.0
86400.000002,2555.0
# temp #5444
0.0,2234.0
4049.243003223092,2234.0
4049.243003223092,2017.0
27233.117603743452,2017.0
27233.117603743452,2234.0
37531.163585884504,2234.0
37531.163585884504,2017.0
46099.023694871,2017.0
46099.023694871,2234.0
69242.30225938374,2234.0
69242.30225938374,2017.0
86400.000002,2017.0
# temp #5445
0.0,2234.0
27166.961746942256,2234.0
27166.961746942256,2429.0
34066.96174694225,2429.0
34066.96174694225,2555.0
35866.96174694225,2555.0
35866.96174694225,2429.0
48766.96174694225,2429.0
48766.96174694225,2234.0
49066.96174694225,2234.0
49066.96174694225,2017.0
49366.96174694225,2017.0
49366.96174694225,2234.0
49666.96174694225,2234.0
49666.96174694225,2017.0
52974.69987357036,2017.0
52974.69987357036,2234.0
56400.60048596934,2234.0
56400.60048596934,2667.0
82342.75921303779,2667.0
82342.75921303779,2883.0
86400.000002,2883.0
# temp #5446
0.0,2234.0
25446.10426090658,2234.0
25446.10426090658,2429.0
26034.096604445953,2429.0
26034.096604445953,2555.0
26551.440843427557,2555.0
26551.440843427557,2429.0
52724.80619468261,2429.0
52724.80619468261,2555.0
83269.38301941847,2555.0
83269.38301941847,2429.0
86400.000002,2429.0
# temp #5447
0.0,2234.0
8504.147066641599,2234.0
8504.147066641599,2429.0
9003.55506297201,2429.0
9003.55506297201,2234.0
9699.43582972046,2234.0
9699.43582972046,2429.0
11694.54519173596,2429.0
11694.54519173596,2234.0
15602.022473188117,2234.0
15602.022473188117,2429.0
16646.8687602086,2429.0
16646.8687602086,2234.0
20927.236990467645,2234.0
20927.236990467645,2429.0
32707.3545207968,2429.0
32707.3545207968,2555.0
35465.18230307848,2555.0
35465.18230307848,2429.0
59411.92660394591,2429.0
59411.92660394591,2555.0
78124.71712203698,2555.0
78124.71712203698,2429.0
86400.000002,2429.0
# temp #5448
0.0,2234.0
32508.01405138337,2234.0
32508.01405138337,2555.0
57869.08554621042,2555.0
57869.08554621042,2429.0
58337.781435507364,2429.0
58337.781435507364,2555.0
77268.00280613826,2555.0
77268.00280613826,2429.0
77896.79127519486,2429.0
77896.79127519486,2234.0
84417.5425847294,2234.0
84417.5425847294,2429.0
86400.0,2429.0
# temp #5449
0.0,2234.0
31900.365800340664,2234.0
31900.365800340664,2429.0
64000.36580034066,2429.0
64000.36580034066,2555.0
64300.36580034066,2555.0
64300.36580034066,2667.0
66817.93722838629,2667.0
66817.93722838629,2883.0
75306.03080971632,2883.0
75306.03080971632,2429.0
79007.65706179664,2429.0
79007.65706179664,2555.0
83772.47563563287,2555.0
83772.47563563287,2667.0
86400.0,2667.0
# temp #5450
0.0,2234.0
32249.542495328937,2234.0
32249.542495328937,2017.0
53411.36346040294,2017.0
53411.36346040294,2234.0
84499.17890885846,2234.0
84499.17890885846,2017.0
86400.0,2017.0
# temp #5451
0.0,2234.0
37114.37447166536,2234.0
37114.37447166536,2883.0
39514.37447166536,2883.0
39514.37447166536,2667.0
39926.32307598833,2667.0
39926.32307598833,2555.0
47044.061315828,2555.0
47044.061315828,2667.0
75801.038706908,2667.0
75801.038706908,2555.0
85774.8005297268,2555.0
85774.8005297268,2429.0
86400.0,2429.0
# temp #5452
0.0,2234.0
50509.28337543737,2234.0
50509.28337543737,2883.0
52909.28337543737,2883.0
52909.28337543737,2667.0
67952.76616495103,2667.0
67952.76616495103,2555.0
70311.182177905,2555.0
70311.182177905,2667.0
85983.13056570478,2667.0
85983.13056570478,2555.0
86400.0,2555.0
# temp #5453
0.0,2234.0
82396.84398877436,2234.0
82396.84398877436,2555.0
86400.000002,2555.0
# temp #5454
0.0,2234.0
8643.474537134172,2234.0
8643.474537134172,2667.0
55849.76213551127,2667.0
55849.76213551127,2555.0
56755.726449703805,2555.0
56755.726449703805,2667.0
82916.14566058853,2667.0
82916.14566058853,2555.0
83216.14566058853,2555.0
83216.14566058853,2667.0
83920.94940715471,2667.0
83920.94940715471,2555.0
84520.94940715471,2555.0
84520.94940715471,2667.0
86400.000002,2667.0
# temp #5455
0.0,2234.0
31442.853178898808,2234.0
31442.853178898808,2429.0
31780.586300860163,2429.0
31780.586300860163,2555.0
35937.423460255384,2555.0
35937.423460255384,2429.0
41786.3702899078,2429.0
41786.3702899078,2234.0
77324.71723111813,2234.0
77324.71723111813,2429.0
86400.0,2429.0
# temp #5456
0.0,2234.0
14174.705164460467,2234.0
14174.705164460467,2883.0
14967.368187638933,2883.0
14967.368187638933,2667.0
26379.963154415604,2667.0
26379.963154415604,2883.0
28355.651092180055,2883.0
28355.651092180055,2429.0
49142.089408147156,2429.0
49142.089408147156,2234.0
55252.06268650946,2234.0
55252.06268650946,2667.0
63708.162320754505,2667.0
63708.162320754505,2555.0
84789.66070830358,2555.0
84789.66070830358,2429.0
86400.0,2429.0
# temp #5457
0.0,2234.0
7317.477265326307,2234.0
7317.477265326307,2555.0
12210.986551735552,2555.0
12210.986551735552,2429.0
12577.659951732496,2429.0
12577.659951732496,2555.0
21077.049024892043,2555.0
21077.049024892043,2429.0
22190.298173180785,2429.0
22190.298173180785,2234.0
42159.425436006866,2234.0
42159.425436006866,2429.0
70138.84092452937,2429.0
70138.84092452937,2234.0
72153.53881926277,2234.0
72153.53881926277,2667.0
81973.00864309074,2667.0
81973.00864309074,2555.0
86400.0,2555.0
# temp #5458
0.0,2234.0
2506.0291430912916,2234.0
2506.0291430912916,2017.0
17104.62328051217,2017.0
17104.62328051217,2234.0
43677.033594762914,2234.0
43677.033594762914,2017.0
76335.26513110848,2017.0
76335.26513110848,2234.0
82713.78536531703,2234.0
82713.78536531703,2017.0
86400.000002,2017.0
# temp #5459
0.0,2234.0
82318.73500370422,2234.0
82318.73500370422,2555.0
86400.0,2555.0
# temp #5460
0.0,2234.0
67963.61920614728,2234.0
67963.61920614728,2555.0
80294.93433097379,2555.0
80294.93433097379,2429.0
80807.08663612606,2429.0
80807.08663612606,2555.0
86400.0,2555.0
# temp #5461
0.0,2234.0
731.3856689957902,2234.0
731.3856689957902,2667.0
22144.278572103944,2667.0
22144.278572103944,2555.0
23621.922865672972,2555.0
23621.922865672972,2429.0
52220.297344867155,2429.0
52220.297344867155,2555.0
60755.62114762144,2555.0
60755.62114762144,2667.0
72209.84692834319,2667.0
72209.84692834319,2555.0
86400.000002,2555.0
# temp #5462
0.0,2234.0
27288.25689372607,2234.0
27288.25689372607,2017.0
39518.48814664409,2017.0
39518.48814664409,2234.0
78984.56601239742,2234.0
78984.56601239742,2017.0
86400.0,2017.0
# temp #5463
0.0,2234.0
3164.9747340939944,2234.0
3164.9747340939944,2667.0
19736.105396412313,2667.0
19736.105396412313,2555.0
20463.19999024272,2555.0
20463.19999024272,2667.0
53954.27104805131,2667.0
53954.27104805131,2555.0
54254.27104805131,2555.0
54254.27104805131,2667.0
54554.27104805131,2667.0
54554.27104805131,2555.0
57854.27104805131,2555.0
57854.27104805131,2667.0
83354.2710480513,2667.0
83354.2710480513,2883.0
86400.0,2883.0
# temp #5464
0.0,2234.0
5802.687569009141,2234.0
5802.687569009141,2883.0
6398.011991078966,2883.0
6398.011991078966,2667.0
8452.832820801996,2667.0
8452.832820801996,2883.0
22606.298060039993,2883.0
22606.298060039993,2667.0
42345.69061675575,2667.0
42345.69061675575,2883.0
57197.28006867227,2883.0
57197.28006867227,2667.0
86400.000002,2667.0
# temp #5465
0.0,2234.0
42952.970413304865,2234.0
42952.970413304865,2555.0
46613.748512486934,2555.0
46613.748512486934,2429.0
74579.74188113585,2429.0
74579.74188113585,2555.0
86400.0,2555.0
# temp #5466
0.0,2234.0
16991.51828507893,2234.0
16991.51828507893,2883.0
28091.51828507893,2883.0
28091.51828507893,2555.0
29717.507725604813,2555.0
29717.507725604813,2429.0
55379.76505171974,2429.0
55379.76505171974,2883.0
77715.45116538183,2883.0
77715.45116538183,2429.0
82899.74498609082,2429.0
82899.74498609082,2883.0
86400.000002,2883.0
# temp #5467
0.0,2234.0
15908.417698228734,2234.0
15908.417698228734,2429.0
16208.417698228734,2429.0
16208.417698228734,2234.0
26367.879135394473,2234.0
26367.879135394473,2667.0
37796.513443579905,2667.0
37796.513443579905,2555.0
45035.76409961098,2555.0
45035.76409961098,2667.0
66463.64542362282,2667.0
66463.64542362282,2883.0
85729.23016953284,2883.0
85729.23016953284,2667.0
86400.0,2667.0
# temp #5468
0.0,2234.0
19192.134717106823,2234.0
19192.134717106823,2429.0
19492.134717106823,2429.0
19492.134717106823,2234.0
52830.66165733618,2234.0
52830.66165733618,2429.0
55261.021857848405,2429.0
55261.021857848405,2667.0
55344.10498270301,2667.0
55344.10498270301,2555.0
55935.74150910137,2555.0
55935.74150910137,2429.0
76003.94495464863,2429.0
76003.94495464863,2555.0
83183.91617909075,2555.0
83183.91617909075,2667.0
86400.0,2667.0
# temp #5469
0.0,2234.0
61819.86392266118,2234.0
61819.86392266118,2555.0
64458.32661723253,2555.0
64458.32661723253,2667.0
70758.32661723252,2667.0
70758.32661723252,2555.0
71958.32661723252,2555.0
71958.32661723252,2429.0
86400.000002,2429.0
# temp #5470
0.0,2234.0
11990.234914398754,2234.0
11990.234914398754,2555.0
18487.141335499477,2555.0
18487.141335499477,2429.0
37510.775690269664,2429.0
37510.775690269664,2234.0
38110.775690269664,2234.0
38110.775690269664,2429.0
40510.775690269664,2429.0
40510.775690269664,2555.0
50710.775690269664,2555.0
50710.775690269664,2667.0
80762.48554950581,2667.0
80762.48554950581,2555.0
86400.0,2555.0
# temp #5471
0.0,2234.0
56449.52656617389,2234.0
56449.52656617389,2883.0
58849.52656617389,2883.0
58849.52656617389,2667.0
86400.000002,2667.0
# temp #5472
0.0,2234.0
13354.75302168634,2234.0
13354.75302168634,2429.0
13881.944526918234,2429.0
13881.944526918234,2555.0
18026.58802662045,2555.0
18026.58802662045,2429.0
48770.80737508369,2429.0
48770.80737508369,2555.0
81635.44632664417,2555.0
81635.44632664417,2429.0
86400.0,2429.0
# temp #5473
0.0,2234.0
31554.165191715587,2234.0
31554.165191715587,2555.0
53731.23794090935,2555.0
53731.23794090935,2429.0
86400.0,2429.0
# temp #5474
0.0,2234.0
18369.615339394662,2234.0
18369.615339394662,2017.0
25434.657306550074,2017.0
25434.657306550074,2234.0
56879.36600712129,2234.0
56879.36600712129,2017.0
86400.0,2017.0
# temp #5475
0.0,2234.0
5019.1141539718965,2234.0
5019.1141539718965,2017.0
53577.37394934521,2017.0
53577.37394934521,2234.0
57579.643279127784,2234.0
57579.643279127784,2017.0
73313.1453478709,2017.0
73313.1453478709,2234.0
86400.0,2234.0
# temp #5476
0.0,2234.0
3786.461908905768,2234.0
3786.461908905768,2667.0
5017.42465873249,2667.0
5017.42465873249,2555.0
5599.166372744367,2555.0
5599.166372744367,2667.0
31484.425270697106,2667.0
31484.425270697106,2555.0
34484.4252706971,2555.0
34484.4252706971,2667.0
60584.4252706971,2667.0
60584.4252706971,2883.0
86400.000002,2883.0
# temp #5477
0.0,2234.0
26925.201406795535,2234.0
26925.201406795535,2017.0
57409.8178875167,2017.0
57409.8178875167,2234.0
79095.68883203903,2234.0
79095.68883203903,2017.0
86400.000002,2017.0
# temp #5478
0.0,2234.0
5864.674555300736,2234.0
5864.674555300736,2429.0
6164.674555300736,2429.0
6164.674555300736,2234.0
11383.125313161874,2234.0
11383.125313161874,2667.0
30099.225290631883,2667.0
30099.225290631883,2555.0
45973.51354840213,2555.0
45973.51354840213,2429.0
55665.349796460956,2429.0
55665.349796460956,2883.0
86400.000002,2883.0
# temp #5479
0.0,2234.0
40028.53365631309,2234.0
40028.53365631309,2555.0
47428.508016862914,2555.0
47428.508016862914,2429.0
47983.60062742141,2429.0
47983.60062742141,2555.0
67082.12967370638,2555.0
67082.12967370638,2429.0
67554.15223552847,2429.0
67554.15223552847,2555.0
68271.62207546645,2555.0
68271.62207546645,2429.0
68571.62207546645,2429.0
68571.62207546645,2555.0
68871.62207546645,2555.0
68871.62207546645,2429.0
69471.62207546645,2429.0
69471.62207546645,2555.0
71154.31176493877,2555.0
71154.31176493877,2429.0
86400.0,2429.0
# temp #5480
0.0,2234.0
42091.35398610961,2234.0
42091.35398610961,2883.0
44491.35398610961,2883.0
44491.35398610961,2667.0
67660.40650215,2667.0
67660.40650215,2555.0
69753.98514457047,2555.0
69753.98514457047,2429.0
86400.000002,2429.0
# temp #5481
0.0,2234.0
6050.4131362074995,2234.0
6050.4131362074995,2667.0
45763.760870578706,2667.0
45763.760870578706,2555.0
46532.340896199465,2555.0
46532.340896199465,2429.0
53646.615055971786,2429.0
53646.615055971786,2234.0
56068.029968929484,2234.0
56068.029968929484,2667.0
77481.03020146956,2667.0
77481.03020146956,2883.0
82495.9862370277,2883.0
82495.9862370277,2667.0
86400.000002,2667.0
# temp #5482
0.0,2234.0
2022.9311516275632,2234.0
2022.9311516275632,2429.0
2466.618380066939,2429.0
2466.618380066939,2555.0
3481.4376694383104,2555.0
3481.4376694383104,2429.0
31213.32740366925,2429.0
31213.32740366925,2883.0
43891.839943290695,2883.0
43891.839943290695,2667.0
80436.32556411905,2667.0
80436.32556411905,2555.0
86400.000002,2555.0
# temp #5483
0.0,2234.0
37333.88184257784,2234.0
37333.88184257784,2555.0
41957.221392123036,2555.0
41957.221392123036,2667.0
42530.282056960285,2667.0
42530.282056960285,2555.0
48530.282056960285,2555.0
48530.282056960285,2429.0
50930.282056960285,2429.0
50930.282056960285,2234.0
54530.282056960285,2234.0
54530.282056960285,2429.0
55730.282056960285,2429.0
55730.282056960285,2234.0
61430.282056960285,2234.0
61430.282056960285,2429.0
71907.3387230281,2429.0
71907.3387230281,2234.0
74292.47559090146,2234.0
74292.47559090146,2667.0
81922.27155072616,2667.0
81922.27155072616,2555.0
86400.000002,2555.0
# temp #5484
0.0,2234.0
4476.449931459502,2234.0
4476.449931459502,2429.0
4909.956817142666,2429.0
4909.956817142666,2555.0
10007.016199640932,2555.0
10007.016199640932,2429.0
18670.640582777563,2429.0
18670.640582777563,2555.0
33596.85097681359,2555.0
33596.85097681359,2667.0
40589.303332054995,2667.0
40589.303332054995,2555.0
65172.64268856963,2555.0
65172.64268856963,2429.0
86400.0,2429.0
# temp #5485
0.0,2234.0
1559.142334526405,2234.0
1559.142334526405,2667.0
27531.231259438213,2667.0
27531.231259438213,2555.0
28458.623802079823,2555.0
28458.623802079823,2667.0
65922.18492748217,2667.0
65922.18492748217,2555.0
66222.18492748217,2555.0
66222.18492748217,2667.0
66522.18492748217,2667.0
66522.18492748217,2555.0
69822.18492748217,2555.0
69822.18492748217,2667.0
86400.000002,2667.0
# temp #5486
0.0,2234.0
24148.4798203921,2234.0
24148.4798203921,2429.0
24537.09435858764,2429.0
24537.09435858764,2555.0
28252.036953577775,2555.0
28252.036953577775,2429.0
38583.76954242122,2429.0
38583.76954242122,2555.0
43001.257760636516,2555.0
43001.257760636516,2429.0
54026.69062579517,2429.0
54026.69062579517,2555.0
73537.73696729915,2555.0
73537.73696729915,2429.0
86400.000002,2429.0
# temp #5487
0.0,2234.0
29545.856164488945,2234.0
29545.856164488945,2017.0
43312.15244592168,2017.0
43312.15244592168,2234.0
58634.14446129464,2234.0
58634.14446129464,2017.0
86400.0,2017.0
# temp #5488
0.0,2234.0
19641.48352816701,2234.0
19641.48352816701,2555.0
52911.65643094574,2555.0
52911.65643094574,2429.0
55319.172921753496,2429.0
55319.172921753496,2555.0
60840.43811720331,2555.0
60840.43811720331,2429.0
86400.000002,2429.0
# temp #5489
0.0,2234.0
65379.35253989417,2234.0
65379.35253989417,2555.0
84652.37283529714,2555.0
84652.37283529714,2234.0
86400.000002,2234.0
# temp #5490
0.0,2234.0
27285.86161087733,2234.0
27285.86161087733,2555.0
66007.05403571484,2555.0
66007.05403571484,2429.0
66358.90162142461,2429.0
66358.90162142461,2555.0
79174.67598400546,2555.0
79174.67598400546,2429.0
79535.8689706307,2429.0
79535.8689706307,2234.0
86400.000002,2234.0
# temp #5491
0.0,2234.0
2985.2858230238785,2234.0
2985.2858230238785,2667.0
24489.990160055462,2667.0
24489.990160055462,2555.0
25963.315552286807,2555.0
25963.315552286807,2667.0
32158.276933268648,2667.0
32158.276933268648,2555.0
32458.276933268648,2555.0
32458.276933268648,2667.0
33253.15947588534,2667.0
33253.15947588534,2555.0
33853.15947588534,2555.0
33853.15947588534,2667.0
53109.27860608791,2667.0
53109.27860608791,2234.0
69186.53289936484,2234.0
69186.53289936484,2429.0
73155.67580990029,2429.0
73155.67580990029,2555.0
83933.02832054907,2555.0
83933.02832054907,2429.0
86400.0,2429.0
# temp #5492
0.0,2234.0
1905.4992028512063,2234.0
1905.4992028512063,2667.0
33709.75392898545,2667.0
33709.75392898545,2555.0
34284.83025692403,2555.0
34284.83025692403,2667.0
58281.957894656814,2667.0
58281.957894656814,2555.0
58581.957894656814,2555.0
58581.957894656814,2667.0
58881.957894656814,2667.0
58881.957894656814,2555.0
62181.957894656814,2555.0
62181.957894656814,2667.0
86400.000002,2667.0
# temp #5493
0.0,2234.0
4937.403474678286,2234.0
4937.403474678286,2667.0
46824.68114539516,2667.0
46824.68114539516,2555.0
48088.11808086467,2555.0
48088.11808086467,2667.0
73428.209002479,2667.0
73428.209002479,2555.0
73728.209002479,2555.0
73728.209002479,2667.0
74353.97182591261,2667.0
74353.97182591261,2555.0
74953.97182591261,2555.0
74953.97182591261,2667.0
86400.000002,2667.0
# temp #5494
0.0,2234.0
31641.407560464,2234.0
31641.407560464,2017.0
82256.58666375095,2017.0
82256.58666375095,2234.0
86400.000002,2234.0
# temp #5495
0.0,2234.0
31171.35588875972,2234.0
31171.35588875972,2017.0
49143.81970418618,2017.0
49143.81970418618,2234.0
54843.81970418618,2234.0
54843.81970418618,2429.0
68855.73160350324,2429.0
68855.73160350324,2555.0
86400.0,2555.0
# temp #5496
0.0,2234.0
35776.06728009415,2234.0
35776.06728009415,2429.0
36105.59496784118,2429.0
36105.59496784118,2555.0
40901.803616224795,2555.0
40901.803616224795,2429.0
41681.57421320212,2429.0
41681.57421320212,2555.0
46298.433307022795,2555.0
46298.433307022795,2429.0
48255.28714866378,2429.0
48255.28714866378,2667.0
66223.82951010951,2667.0
66223.82951010951,2234.0
86400.000002,2234.0
# temp #5497
0.0,2234.0
71480.74853313157,2234.0
71480.74853313157,2555.0
72053.63824891394,2555.0
72053.63824891394,2667.0
78353.63824891394,2667.0
78353.63824891394,2555.0
79553.63824891394,2555.0
79553.63824891394,2429.0
86400.000002,2429.0
# temp #5498
0.0,2234.0
62576.167974388234,2234.0
62576.167974388234,2555.0
86400.000002,2555.0
# temp #5499
0.0,2234.0
716.4587244624272,2234.0
716.4587244624272,2667.0
12233.06641916279,2667.0
12233.06641916279,2555.0
12925.010202848354,2555.0
12925.010202848354,2667.0
28911.635390133604,2667.0
28911.635390133604,2555.0
29211.635390133604,2555.0
29211.635390133604,2667.0
30086.422518803745,2667.0
30086.422518803745,2555.0
30686.422518803745,2555.0
30686.422518803745,2667.0
57056.423360877685,2667.0
57056.423360877685,2555.0
59076.97223389988,2555.0
59076.97223389988,2667.0
86400.0,2667.0
# temp #5500
0.0,2234.0
34073.26480562334,2234.0
34073.26480562334,2555.0
34779.77466015146,2555.0
34779.77466015146,2667.0
41079.77466015146,2667.0
41079.77466015146,2555.0
42279.77466015146,2555.0
42279.77466015146,2429.0
85479.77466015145,2429.0
85479.77466015145,2234.0
86400.000002,2234.0
# temp #5501
0.0,2234.0
2922.5608501816173,2234.0
2922.5608501816173,2667.0
41012.112823943615,2667.0
41012.112823943615,2555.0
42428.07349374053,2555.0
42428.07349374053,2667.0
58306.182703259416,2667.0
58306.182703259416,2555.0
58906.182703259416,2555.0
58906.182703259416,2667.0
79654.62337417995,2667.0
79654.62337417995,2555.0
83488.63575516736,2555.0
83488.63575516736,2429.0
86400.000002,2429.0
# temp #5502
0.0,2234.0
11711.38867638074,2234.0
11711.38867638074,2883.0
12593.762950063685,2883.0
12593.762950063685,2667.0
21304.843738884665,2667.0
21304.843738884665,2883.0
26352.253045421097,2883.0
26352.253045421097,2429.0
48639.29848226254,2429.0
48639.29848226254,2555.0
55798.41713039205,2555.0
55798.41713039205,2429.0
75949.96752133594,2429.0
75949.96752133594,2234.0
86400.0,2234.0
# temp #5503
0.0,2234.0
57092.53794963007,2234.0
57092.53794963007,2555.0
75298.74537584839,2555.0
75298.74537584839,2429.0
75827.17557332946,2429.0
75827.17557332946,2555.0
86400.000002,2555.0
# temp #5504
0.0,2234.0
15062.097699218433,2234.0
15062.097699218433,2883.0
16616.85338839889,2883.0
16616.85338839889,2667.0
22841.807161434557,2667.0
22841.807161434557,2883.0
45307.346175913706,2883.0
45307.346175913706,2429.0
77612.7221440198,2429.0
77612.7221440198,2555.0
83155.67814493553,2555.0
83155.67814493553,2429.0
86400.0,2429.0
# temp #5505
0.0,2234.0
4975.250172056259,2234.0
4975.250172056259,2017.0
41985.071470309056,2017.0
41985.071470309056,2234.0
47685.071470309056,2234.0
47685.071470309056,2429.0
73067.76114979295,2429.0
73067.76114979295,2555.0
86178.77518355382,2555.0
86178.77518355382,2667.0
86400.000002,2667.0
# temp #5506
0.0,2234.0
33755.30150625855,2234.0
33755.30150625855,2555.0
41580.641524214305,2555.0
41580.641524214305,2667.0
77997.38096175717,2667.0
77997.38096175717,2555.0
86400.000002,2555.0
# temp #5507
0.0,2234.0
13717.533113854008,2234.0
13717.533113854008,2883.0
14174.685293482618,2883.0
14174.685293482618,2667.0
23707.642162777483,2667.0
23707.642162777483,2883.0
26065.914011257704,2883.0
26065.914011257704,2429.0
57885.034330445356,2429.0
57885.034330445356,2555.0
76827.67075288577,2555.0
76827.67075288577,2667.0
86400.000002,2667.0
# temp #5508
0.0,2234.0
36413.65632866509,2234.0
36413.65632866509,2883.0
38813.65632866509,2883.0
38813.65632866509,2667.0
49127.821410424076,2667.0
49127.821410424076,2555.0
66438.7354756007,2555.0
66438.7354756007,2429.0
85671.44924404567,2429.0
85671.44924404567,2234.0
86400.000002,2234.0
# temp #5509
0.0,2234.0
4742.565476289019,2234.0
4742.565476289019,2883.0
15842.565476289019,2883.0
15842.565476289019,2555.0
40828.27775257174,2555.0
40828.27775257174,2429.0
44538.1134151714,2429.0
44538.1134151714,2555.0
75835.56135327091,2555.0
75835.56135327091,2429.0
86400.0,2429.0
# temp #5510
0.0,2234.0
3522.72635428235,2234.0
3522.72635428235,2667.0
13745.643024262974,2667.0
13745.643024262974,2555.0
14626.955259614626,2555.0
14626.955259614626,2667.0
29459.86787730363,2667.0
29459.86787730363,2555.0
32459.86787730363,2555.0
32459.86787730363,2667.0
58559.86787730363,2667.0
58559.86787730363,2883.0
86400.000002,2883.0
# temp #5511
0.0,2234.0
38289.32458986529,2234.0
38289.32458986529,2017.0
49824.73181937822,2017.0
49824.73181937822,2234.0
86400.0,2234.0
# temp #5512
0.0,2234.0
63642.03978767619,2234.0
63642.03978767619,2555.0
72151.65731697345,2555.0
72151.65731697345,2429.0
75210.11663912797,2429.0
75210.11663912797,2234.0
84380.68004348317,2234.0
84380.68004348317,2429.0
86400.0,2429.0
# temp #5513
0.0,2234.0
5340.235914266669,2234.0
5340.235914266669,2555.0
33653.99029024411,2555.0
33653.99029024411,2429.0
34018.16847093869,2429.0
34018.16847093869,2555.0
42836.80456022267,2555.0
42836.80456022267,2429.0
43370.47126537655,2429.0
43370.47126537655,2555.0
44706.17557244842,2555.0
44706.17557244842,2429.0
45006.17557244842,2429.0
45006.17557244842,2555.0
46506.17557244842,2555.0
46506.17557244842,2429.0
56706.17557244842,2429.0
56706.17557244842,2234.0
86400.0,2234.0
# temp #5514
0.0,2234.0
73043.14567681869,2234.0
73043.14567681869,2555.0
86400.0,2555.0
# temp #5515
0.0,2234.0
37790.90386165772,2234.0
37790.90386165772,2429.0
38101.44526257646,2429.0
38101.44526257646,2555.0
40212.13624931407,2555.0
40212.13624931407,2429.0
41183.65036631004,2429.0
41183.65036631004,2555.0
51953.432363457985,2555.0
51953.432363457985,2429.0
70172.21256291961,2429.0
70172.21256291961,2555.0
86400.0,2555.0
# temp #5516
0.0,2234.0
65214.71099678894,2234.0
65214.71099678894,2555.0
83173.60833243003,2555.0
83173.60833243003,2429.0
86400.000002,2429.0
# temp #5517
0.0,2234.0
57432.78836994433,2234.0
57432.78836994433,2555.0
57878.68087640964,2555.0
57878.68087640964,2667.0
64178.68087640964,2667.0
64178.68087640964,2555.0
65378.68087640964,2555.0
65378.68087640964,2429.0
86400.000002,2429.0
# temp #5518
0.0,2234.0
71517.59250790348,2234.0
71517.59250790348,2555.0
72416.10228829087,2555.0
72416.10228829087,2667.0
72757.25758478513,2667.0
72757.25758478513,2555.0
73057.25758478513,2555.0
73057.25758478513,2667.0
76657.25758478513,2667.0
76657.25758478513,2555.0
78157.25758478513,2555.0
78157.25758478513,2429.0
86400.000002,2429.0
# temp #5519
0.0,2234.0
10195.442642597483,2234.0
10195.442642597483,2429.0
10736.862000217663,2429.0
10736.862000217663,2555.0
12329.289398482071,2555.0
12329.289398482071,2429.0
27117.66040739604,2429.0
27117.66040739604,2555.0
39613.33915530705,2555.0
39613.33915530705,2667.0
53732.696826732725,2667.0
53732.696826732725,2555.0
59911.109137628235,2555.0
59911.109137628235,2429.0
86400.0,2429.0
# temp #5520
0.0,2234.0
49522.465266287334,2234.0
49522.465266287334,2429.0
81622.46526628733,2429.0
81622.46526628733,2555.0
81922.46526628733,2555.0
81922.46526628733,2667.0
86400.000002,2667.0
# temp #5521
0.0,2234.0
22470.527769578624,2234.0
22470.527769578624,2017.0
77547.31769138017,2017.0
77547.31769138017,2234.0
86400.000002,2234.0
# temp #5522
0.0,2234.0
5845.063060009853,2234.0
5845.063060009853,2667.0
13796.933403681034,2667.0
13796.933403681034,2555.0
14344.78952845093,2555.0
14344.78952845093,2667.0
27414.88144495525,2667.0
27414.88144495525,2555.0
27714.88144495525,2555.0
27714.88144495525,2429.0
73626.13657428884,2429.0
73626.13657428884,2883.0
86400.0,2883.0
# temp #5523
0.0,2234.0
36848.17699876149,2234.0
36848.17699876149,2429.0
37426.35107974057,2429.0
37426.35107974057,2555.0
37829.438780271455,2555.0
37829.438780271455,2429.0
60590.602036169745,2429.0
60590.602036169745,2555.0
75406.36018028019,2555.0
75406.36018028019,2667.0
86400.000002,2667.0
# temp #5524
0.0,2234.0
59932.43019869552,2234.0
59932.43019869552,2555.0
86400.0,2555.0
# temp #5525
0.0,2234.0
38391.690921178095,2234.0
38391.690921178095,2555.0
43422.50915688929,2555.0
43422.50915688929,2667.0
43861.74705766608,2667.0
43861.74705766608,2555.0
44161.74705766608,2555.0
44161.74705766608,2667.0
70861.74705766607,2667.0
70861.74705766607,2555.0
86400.0,2555.0
# temp #5526
0.0,2234.0
36440.496696950875,2234.0
36440.496696950875,2017.0
54937.947595305755,2017.0
54937.947595305755,2234.0
64741.28167703749,2234.0
64741.28167703749,2017.0
86400.000002,2017.0
# temp #5527
0.0,2234.0
16468.24076115154,2234.0
16468.24076115154,2883.0
16818.510442413393,2883.0
16818.510442413393,2667.0
18729.006196581762,2667.0
18729.006196581762,2883.0
20435.288472776305,2883.0
20435.288472776305,2667.0
45524.77996407543,2667.0
45524.77996407543,2883.0
64361.65432669224,2883.0
64361.65432669224,2429.0
74089.81082187967,2429.0
74089.81082187967,2555.0
86400.000002,2555.0
# temp #5528
0.0,2234.0
15807.037213118749,2234.0
15807.037213118749,2555.0
44187.93697021902,2555.0
44187.93697021902,2429.0
44780.578562663875,2429.0
44780.578562663875,2555.0
55039.2998892814,2555.0
55039.2998892814,2429.0
55445.97700734158,2429.0
55445.97700734158,2234.0
69621.3022455806,2234.0
69621.3022455806,2667.0
86400.000002,2667.0
# temp #5529
0.0,2234.0
82116.56604597812,2234.0
82116.56604597812,2555.0
86400.0,2555.0
# temp #5530
0.0,2234.0
29283.94836019725,2234.0
29283.94836019725,2429.0
29675.917262979787,2429.0
29675.917262979787,2234.0
30442.35150951427,2234.0
30442.35150951427,2429.0
35452.494813292295,2429.0
35452.494813292295,2234.0
49764.201466203674,2234.0
49764.201466203674,2429.0
50339.86355792732,2429.0
50339.86355792732,2234.0
63362.60098982603,2234.0
63362.60098982603,2667.0
71552.74088806474,2667.0
71552.74088806474,2555.0
86400.0,2555.0
# temp #5531
0.0,2234.0
4294.298836402596,2234.0
4294.298836402596,2667.0
18012.46373187751,2667.0
18012.46373187751,2555.0
18425.78078415245,2555.0
18425.78078415245,2667.0
37809.17248162442,2667.0
37809.17248162442,2555.0
38409.17248162442,2555.0
38409.17248162442,2667.0
57042.142061423525,2667.0
57042.142061423525,2555.0
59289.228900801405,2555.0
59289.228900801405,2429.0
86400.0,2429.0
# temp #5532
0.0,2234.0
6593.340868013912,2234.0
6593.340868013912,2667.0
15461.708821495999,2667.0
15461.708821495999,2555.0
16703.8226115983,2555.0
16703.8226115983,2667.0
32356.843991694048,2667.0
32356.843991694048,2555.0
32656.843991694048,2555.0
32656.843991694048,2667.0
32956.84399169405,2667.0
32956.84399169405,2555.0
36256.84399169405,2555.0
36256.84399169405,2667.0
61756.84399169405,2667.0
61756.84399169405,2883.0
86400.0,2883.0
# temp #5533
0.0,2234.0
1519.4068360375243,2234.0
1519.4068360375243,2667.0
7240.842538629659,2667.0
7240.842538629659,2555.0
7926.348594320008,2555.0
7926.348594320008,2429.0
31529.10356987268,2429.0
31529.10356987268,2555.0
34947.441147873185,2555.0
34947.441147873185,2429.0
43698.5811078921,2429.0
43698.5811078921,2555.0
59249.01925586165,2555.0
59249.01925586165,2667.0
65222.76539253072,2667.0
65222.76539253072,2555.0
86400.000002,2555.0
# temp #5534
0.0,2234.0
4459.854939021171,2234.0
4459.854939021171,2667.0
26816.015212191272,2667.0
26816.015212191272,2555.0
27485.11787275784,2555.0
27485.11787275784,2429.0
35189.90786222276,2429.0
35189.90786222276,2555.0
61766.069368715405,2555.0
61766.069368715405,2429.0
86400.0,2429.0
# temp #5535
0.0,2234.0
28989.995636930693,2234.0
28989.995636930693,2429.0
29289.995636930693,2429.0
29289.995636930693,2234.0
47064.76972040255,2234.0
47064.76972040255,2429.0
86400.0,2429.0
# temp #5536
0.0,2234.0
84629.90607514513,2234.0
84629.90607514513,2555.0
86400.000002,2555.0
# temp #5537
0.0,2234.0
4132.00209599454,2234.0
4132.00209599454,2429.0
36232.00209599454,2429.0
36232.00209599454,2555.0
36532.00209599454,2555.0
36532.00209599454,2667.0
65085.77050168533,2667.0
65085.77050168533,2234.0
75105.03427705262,2234.0
75105.03427705262,2667.0
86400.000002,2667.0
# temp #5538
0.0,2234.0
35328.91376239713,2234.0
35328.91376239713,2883.0
37728.91376239713,2883.0
37728.91376239713,2667.0
38057.44479044806,2667.0
38057.44479044806,2883.0
50095.0004655635,2883.0
50095.0004655635,2667.0
61255.33153724391,2667.0
61255.33153724391,2555.0
67721.46288680378,2555.0
67721.46288680378,2667.0
80294.85102847684,2667.0
80294.85102847684,2883.0
86400.000002,2883.0
# temp #5539
0.0,2234.0
56086.2580878893,2234.0
56086.2580878893,2555.0
58234.16861579754,2555.0
58234.16861579754,2667.0
58594.54653309659,2667.0
58594.54653309659,2555.0
58894.54653309659,2555.0
58894.54653309659,2667.0
62494.54653309659,2667.0
62494.54653309659,2555.0
63994.54653309659,2555.0
63994.54653309659,2429.0
75404.08145415132,2429.0
75404.08145415132,2234.0
86400.0,2234.0
# temp #5540
0.0,2234.0
78824.97144159862,2234.0
78824.97144159862,2555.0
82229.9247280229,2555.0
82229.9247280229,2667.0
86400.0,2667.0
# temp #5541
0.0,2234.0
9143.766490230339,2234.0
9143.766490230339,2017.0
55960.039339168005,2017.0
55960.039339168005,2234.0
86400.0,2234.0
# temp #5542
0.0,2234.0
46217.18171329704,2234.0
46217.18171329704,2555.0
80922.93274698315,2555.0
80922.93274698315,2429.0
86400.0,2429.0
# temp #5543
0.0,2234.0
55299.0539566381,2234.0
55299.0539566381,2555.0
57147.62890746352,2555.0
57147.62890746352,2667.0
57466.99886934367,2667.0
57466.99886934367,2555.0
57766.99886934367,2555.0
57766.99886934367,2667.0
84466.99886934366,2667.0
84466.99886934366,2555.0
86400.0,2555.0
# temp #5544
0.0,2234.0
6895.07753297221,2234.0
6895.07753297221,2555.0
36437.52957258839,2555.0
36437.52957258839,2429.0
36914.06792190392,2429.0
36914.06792190392,2555.0
61161.67032178492,2555.0
61161.67032178492,2429.0
62185.55271327496,2429.0
62185.55271327496,2555.0
63004.5167092234,2555.0
63004.5167092234,2429.0
63304.5167092234,2429.0
63304.5167092234,2555.0
63604.5167092234,2555.0
63604.5167092234,2429.0
64204.5167092234,2429.0
64204.5167092234,2555.0
68972.36372306944,2555.0
68972.36372306944,2429.0
84308.30174116419,2429.0
84308.30174116419,2883.0
86400.000002,2883.0
# temp #5545
0.0,2234.0
3192.510973918252,2234.0
3192.510973918252,2667.0
34792.73622294422,2667.0
34792.73622294422,2555.0
35401.96312449407,2555.0
35401.96312449407,2667.0
67130.53279614543,2667.0
67130.53279614543,2555.0
67430.53279614543,2555.0
67430.53279614543,2667.0
68106.57500296367,2667.0
68106.57500296367,2555.0
68706.57500296367,2555.0
68706.57500296367,2667.0
69707.94418794104,2667.0
69707.94418794104,2555.0
84520.37351480687,2555.0
84520.37351480687,2429.0
86400.000002,2429.0
# temp #5546
0.0,2234.0
66684.45107981097,2234.0
66684.45107981097,2555.0
76559.74549278617,2555.0
76559.74549278617,2234.0
86400.000002,2234.0
# temp #5547
0.0,2234.0
61424.901232752025,2234.0
61424.901232752025,2555.0
65888.897952321,2555.0
65888.897952321,2667.0
72188.897952321,2667.0
72188.897952321,2555.0
73388.897952321,2555.0
73388.897952321,2429.0
86400.000002,2429.0
# temp #5548
0.0,2234.0
47993.76658347902,2234.0
47993.76658347902,2555.0
85644.78680973408,2555.0
85644.78680973408,2429.0
86400.0,2429.0
# temp #5549
0.0,2234.0
57700.5833244184,2234.0
57700.5833244184,2555.0
69495.03693419974,2555.0
69495.03693419974,2234.0
86400.000002,2234.0
# temp #5550
0.0,2234.0
5191.157590155491,2234.0
5191.157590155491,2667.0
41812.48705324252,2667.0
41812.48705324252,2555.0
42558.63228833769,2555.0
42558.63228833769,2667.0
68241.81092006621,2667.0
68241.81092006621,2555.0
68841.81092006621,2555.0
68841.81092006621,2667.0
83220.28362953571,2667.0
83220.28362953571,2555.0
83844.53435854522,2555.0
83844.53435854522,2429.0
86400.0,2429.0
# temp #5551
0.0,2234.0
32313.180953054693,2234.0
32313.180953054693,2429.0
32613.180953054693,2429.0
32613.180953054693,2234.0
55061.54370785226,2234.0
55061.54370785226,2429.0
58427.76972628199,2429.0
58427.76972628199,2555.0
86400.000002,2555.0
# temp #5552
0.0,2234.0
50338.041925197474,2234.0
50338.041925197474,2429.0
50885.81731596497,2429.0
50885.81731596497,2555.0
54990.25846102741,2555.0
54990.25846102741,2429.0
86400.000002,2429.0
# temp #5553
0.0,2234.0
6956.398115353661,2234.0
6956.398115353661,2667.0
55258.11127745547,2667.0
55258.11127745547,2555.0
56350.7760910783,2555.0
56350.7760910783,2667.0
69424.07720522025,2667.0
69424.07720522025,2555.0
69724.07720522025,2555.0
69724.07720522025,2429.0
82655.52987819539,2429.0
82655.52987819539,2234.0
83314.06513983385,2234.0
83314.06513983385,2667.0
86249.78631993291,2667.0
86249.78631993291,2555.0
86400.000002,2555.0
# temp #5554
0.0,2234.0
4803.456660476514,2234.0
4803.456660476514,2667.0
35370.00088195782,2667.0
35370.00088195782,2555.0
36383.912861882716,2555.0
36383.912861882716,2667.0
40752.20982141328,2667.0
40752.20982141328,2555.0
41052.20982141328,2555.0
41052.20982141328,2667.0
41742.56089793053,2667.0
41742.56089793053,2555.0
42342.56089793053,2555.0
42342.56089793053,2667.0
78266.40803294723,2667.0
78266.40803294723,2555.0
86400.000002,2555.0
# temp #5555
0.0,2234.0
35681.232524500236,2234.0
35681.232524500236,2555.0
59778.084776247866,2555.0
59778.084776247866,2429.0
60133.67970655674,2429.0
60133.67970655674,2555.0
74462.47910396197,2555.0
74462.47910396197,2429.0
75289.7756308783,2429.0
75289.7756308783,2555.0
76771.75739812666,2555.0
76771.75739812666,2429.0
77071.75739812666,2429.0
77071.75739812666,2555.0
78571.75739812666,2555.0
78571.75739812666,2429.0
86400.0,2429.0
# temp #5556
0.0,2234.0
3338.6650204891343,2234.0
3338.6650204891343,2667.0
48309.16932451074,2667.0
48309.16932451074,2555.0
49098.738165968105,2555.0
49098.738165968105,2667.0
60494.42053232343,2667.0
60494.42053232343,2555.0
63494.42053232343,2555.0
63494.42053232343,2667.0
86400.000002,2667.0
# temp #5557
0.0,2234.0
45003.02786689718,2234.0
45003.02786689718,2555.0
51098.38809308131,2555.0
51098.38809308131,2429.0
51500.33812627663,2429.0
51500.33812627663,2555.0
72431.93061745261,2555.0
72431.93061745261,2429.0
73210.30228324236,2429.0
73210.30228324236,2234.0
78363.33624087276,2234.0
78363.33624087276,2429.0
86400.000002,2429.0
# temp #5558
0.0,2234.0
23896.700622746725,2234.0
23896.700622746725,2429.0
24454.161730944183,2429.0
24454.161730944183,2555.0
27492.682681395676,2555.0
27492.682681395676,2429.0
66795.09804944975,2429.0
66795.09804944975,2883.0
69318.19819926751,2883.0
69318.19819926751,2667.0
75140.53723595572,2667.0
75140.53723595572,2234.0
83680.5169003783,2234.0
83680.5169003783,2667.0
86400.000002,2667.0
# temp #5559
0.0,2234.0
51947.75731649716,2234.0
51947.75731649716,2555.0
52387.84301730339,2555.0
52387.84301730339,2667.0
52889.7657374153,2667.0
52889.7657374153,2555.0
58889.7657374153,2555.0
58889.7657374153,2429.0
61289.7657374153,2429.0
61289.7657374153,2234.0
64889.7657374153,2234.0
64889.7657374153,2429.0
66089.76573741529,2429.0
66089.76573741529,2234.0
71789.76573741529,2234.0
71789.76573741529,2429.0
86400.0,2429.0
# temp #5560
0.0,2234.0
24515.25039765984,2234.0
24515.25039765984,2555.0
38574.12334308029,2555.0
38574.12334308029,2429.0
69172.45951050428,2429.0
69172.45951050428,2555.0
86400.000002,2555.0
# temp #5561
0.0,2234.0
19908.715817495253,2234.0
19908.715817495253,2429.0
20484.127466822978,2429.0
20484.127466822978,2555.0
23845.736154983755,2555.0
23845.736154983755,2429.0
50924.766048579484,2429.0
50924.766048579484,2883.0
64477.23058923148,2883.0
64477.23058923148,2429.0
86400.0,2429.0
# temp #5562
0.0,2234.0
13184.494572482074,2234.0
13184.494572482074,2555.0
16114.774148189465,2555.0
16114.774148189465,2429.0
29690.214334451597,2429.0
29690.214334451597,2234.0
35339.813266927384,2234.0
35339.813266927384,2429.0
36540.98704769277,2429.0
36540.98704769277,2234.0
49991.92150770687,2234.0
49991.92150770687,2667.0
54835.685363668024,2667.0
54835.685363668024,2555.0
71700.0949234469,2555.0
71700.0949234469,2429.0
86400.000002,2429.0
# temp #5563
0.0,2234.0
75161.19640062099,2234.0
75161.19640062099,2555.0
78126.82985903231,2555.0
78126.82985903231,2429.0
86400.000002,2429.0
# temp #5564
0.0,2234.0
25154.84000849538,2234.0
25154.84000849538,2017.0
69224.65296867305,2017.0
69224.65296867305,2234.0
72848.96352491343,2234.0
72848.96352491343,2017.0
86023.61645568164,2017.0
86023.61645568164,2234.0
86400.0,2234.0
# temp #5565
0.0,2234.0
33222.12257087231,2234.0
33222.12257087231,2555.0
43725.07883124054,2555.0
43725.07883124054,2667.0
62442.20694880933,2667.0
62442.20694880933,2555.0
66718.51972402075,2555.0
66718.51972402075,2429.0
68856.60890000874,2429.0
68856.60890000874,2555.0
78140.80766339322,2555.0
78140.80766339322,2429.0
79628.77870872618,2429.0
79628.77870872618,2555.0
86400.0,2555.0
# temp #5566
0.0,2234.0
7975.316372327507,2234.0
7975.316372327507,2017.0
37035.28088615276,2017.0
37035.28088615276,2234.0
69153.19407996722,2234.0
69153.19407996722,2017.0
84726.40621690081,2017.0
84726.40621690081,2234.0
86400.0,2234.0
# temp #5567
0.0,2234.0
26846.496634022336,2234.0
26846.496634022336,2555.0
48068.68094557431,2555.0
48068.68094557431,2429.0
48413.84241976776,2429.0
48413.84241976776,2555.0
53608.30842058641,2555.0
53608.30842058641,2429.0
54501.072112633854,2429.0
54501.072112633854,2555.0
55246.94665863645,2555.0
55246.94665863645,2429.0
55546.94665863645,2429.0
55546.94665863645,2555.0
55846.94665863645,2555.0
55846.94665863645,2429.0
56446.94665863645,2429.0
56446.94665863645,2555.0
59529.941770504236,2555.0
59529.941770504236,2429.0
60498.28285630793,2429.0
60498.28285630793,2555.0
67056.08489024454,2555.0
67056.08489024454,2429.0
74484.96915833095,2429.0
74484.96915833095,2555.0
86400.000002,2555.0
# temp #5568
0.0,2234.0
10229.778534220533,2234.0
10229.778534220533,2429.0
10529.778534220533,2429.0
10529.778534220533,2234.0
28087.0649925666,2234.0
28087.0649925666,2429.0
32894.72235061695,2429.0
32894.72235061695,2883.0
46616.04931822514,2883.0
46616.04931822514,2667.0
70839.67626029627,2667.0
70839.67626029627,2555.0
85866.0109492019,2555.0
85866.0109492019,2667.0
86400.000002,2667.0
# temp #5569
0.0,2234.0
68472.37529007254,2234.0
68472.37529007254,2555.0
69731.91661764869,2555.0
69731.91661764869,2667.0
70130.4813276278,2667.0
70130.4813276278,2555.0
76130.4813276278,2555.0
76130.4813276278,2429.0
78530.4813276278,2429.0
78530.4813276278,2234.0
82130.4813276278,2234.0
82130.4813276278,2429.0
83330.4813276278,2429.0
83330.4813276278,2234.0
86400.000002,2234.0
# temp #5570
0.0,2234.0
3915.0411752751106,2234.0
3915.0411752751106,2667.0
10347.993474220859,2667.0
10347.993474220859,2555.0
11820.369738293813,2555.0
11820.369738293813,2429.0
35834.41084907391,2429.0
35834.41084907391,2234.0
43100.616343715235,2234.0
43100.616343715235,2429.0
86400.000002,2429.0
# temp #5571
0.0,2234.0
65886.39165849892,2234.0
65886.39165849892,2555.0
86400.0,2555.0
# temp #5572
0.0,2234.0
1146.9696871004999,2234.0
1146.9696871004999,2667.0
18292.573840124536,2667.0
18292.573840124536,2555.0
18872.232583863664,2555.0
18872.232583863664,2667.0
52330.161951296046,2667.0
52330.161951296046,2555.0
52930.161951296046,2555.0
52930.161951296046,2667.0
71990.87456949057,2667.0
71990.87456949057,2555.0
75859.74438898267,2555.0
75859.74438898267,2429.0
79835.21728646012,2429.0
79835.21728646012,2234.0
86400.000002,2234.0
# temp #5573
0.0,2234.0
29100.234732404355,2234.0
29100.234732404355,2017.0
48244.634239794694,2017.0
48244.634239794694,2234.0
77613.93453343773,2234.0
77613.93453343773,2017.0
86400.0,2017.0
# temp #5574
0.0,2234.0
11803.099933848718,2234.0
11803.099933848718,2555.0
47243.04615918082,2555.0
47243.04615918082,2429.0
51983.51477596444,2429.0
51983.51477596444,2234.0
52583.51477596444,2234.0
52583.51477596444,2429.0
70883.51477596443,2429.0
70883.51477596443,2555.0
72383.51477596443,2555.0
72383.51477596443,2429.0
83379.90059119185,2429.0
83379.90059119185,2234.0
86400.0,2234.0
# temp #5575
0.0,2234.0
5276.37121025473,2234.0
5276.37121025473,2667.0
15001.839273073714,2667.0
15001.839273073714,2555.0
16106.904883333485,2555.0
16106.904883333485,2667.0
19615.412227087658,2667.0
19615.412227087658,2555.0
19915.412227087658,2555.0
19915.412227087658,2667.0
20215.412227087658,2667.0
20215.412227087658,2555.0
23515.412227087658,2555.0
23515.412227087658,2667.0
49015.412227087654,2667.0
49015.412227087654,2883.0
86400.000002,2883.0
# temp #5576
0.0,2234.0
12698.95928297192,2234.0
12698.95928297192,2017.0
37686.09409346246,2017.0
37686.09409346246,2234.0
76289.44590878674,2234.0
76289.44590878674,2017.0
86400.000002,2017.0
# temp #5577
0.0,2234.0
32744.55004208722,2234.0
32744.55004208722,2017.0
41262.84821396694,2017.0
41262.84821396694,2234.0
62818.55627484621,2234.0
62818.55627484621,2017.0
86400.0,2017.0
# temp #5578
0.0,2234.0
1903.8342167856174,2234.0
1903.8342167856174,2667.0
4555.4136156337345,2667.0
4555.4136156337345,2555.0
5981.14491684828,2555.0
5981.14491684828,2667.0
13608.705779048618,2667.0
13608.705779048618,2555.0
13908.705779048618,2555.0
13908.705779048618,2667.0
14730.789203848693,2667.0
14730.789203848693,2555.0
15330.789203848693,2555.0
15330.789203848693,2667.0
19393.22952339426,2667.0
19393.22952339426,2555.0
25985.97409743816,2555.0
25985.97409743816,2667.0
37526.57911721618,2667.0
37526.57911721618,2555.0
53042.40672632588,2555.0
53042.40672632588,2429.0
73913.39895932471,2429.0
73913.39895932471,2555.0
86400.000002,2555.0
# temp #5579
0.0,2234.0
8138.014079094866,2234.0
8138.014079094866,2667.0
29993.575502280153,2667.0
29993.575502280153,2555.0
30881.449530646212,2555.0
30881.449530646212,2667.0
35314.2840437824,2667.0
35314.2840437824,2555.0
35614.2840437824,2555.0
35614.2840437824,2667.0
36291.570200119175,2667.0
36291.570200119175,2555.0
36891.570200119175,2555.0
36891.570200119175,2667.0
52179.200588981636,2667.0
52179.200588981636,2555.0
55236.97286525277,2555.0
55236.97286525277,2667.0
73351.83154796252,2667.0
73351.83154796252,2234.0
86400.0,2234.0
# temp #5580
0.0,2234.0
14404.082045797259,2234.0
14404.082045797259,2429.0
15004.082045797259,2429.0
15004.082045797259,2555.0
17744.9585926719,2555.0
17744.9585926719,2429.0
45840.18243388273,2429.0
45840.18243388273,2234.0
57246.215644245975,2234.0
57246.215644245975,2667.0
67566.49970461149,2667.0
67566.49970461149,2234.0
77067.49751195313,2234.0
77067.49751195313,2429.0
86400.000002,2429.0
# temp #5581
0.0,2234.0
16554.35246585403,2234.0
16554.35246585403,2883.0
17277.812651032586,2883.0
17277.812651032586,2667.0
27017.899930570282,2667.0
27017.899930570282,2883.0
28821.30293631927,2883.0
28821.30293631927,2429.0
32314.004867454067,2429.0
32314.004867454067,2234.0
40492.82145949547,2234.0
40492.82145949547,2667.0
72619.42715013867,2667.0
72619.42715013867,2883.0
86400.0,2883.0
# temp #5582
0.0,2234.0
3018.619587365538,2234.0
3018.619587365538,2883.0
4596.15797738079,2883.0
4596.15797738079,2667.0
11837.345415819436,2667.0
11837.345415819436,2883.0
21827.779724914584,2883.0
21827.779724914584,2667.0
32863.24511342683,2667.0
32863.24511342683,2234.0
47213.411321444444,2234.0
47213.411321444444,2429.0
51165.28991272208,2429.0
51165.28991272208,2555.0
80217.05100112596,2555.0
80217.05100112596,2429.0
80755.38979098202,2429.0
80755.38979098202,2555.0
86400.000002,2555.0
# temp #5583
0.0,2234.0
57132.53840985709,2234.0
57132.53840985709,2555.0
61901.20599316434,2555.0
61901.20599316434,2429.0
70897.26920994,2429.0
70897.26920994,2234.0
71497.26920994,2234.0
71497.26920994,2429.0
73897.26920994,2429.0
73897.26920994,2555.0
84097.26920994,2555.0
84097.26920994,2667.0
86400.0,2667.0
# temp #5584
0.0,2234.0
16737.020017812032,2234.0
16737.020017812032,2017.0
45668.725340114914,2017.0
45668.725340114914,2234.0
51221.02002077737,2234.0
51221.02002077737,2017.0
86400.0,2017.0
# temp #5585
0.0,2234.0
26201.737517234873,2234.0
26201.737517234873,2429.0
33101.73751723487,2429.0
33101.73751723487,2555.0
34901.73751723487,2555.0
34901.73751723487,2429.0
47801.73751723487,2429.0
47801.73751723487,2234.0
48101.73751723487,2234.0
48101.73751723487,2017.0
48401.73751723487,2017.0
48401.73751723487,2234.0
48701.73751723487,2234.0
48701.73751723487,2017.0
54474.93875864894,2017.0
54474.93875864894,2234.0
62021.133291441954,2234.0
62021.133291441954,2667.0
85223.06251677219,2667.0
85223.06251677219,2555.0
86400.000002,2555.0
# temp #5586
0.0,2234.0
55833.415640657775,2234.0
55833.415640657775,2555.0
86400.000002,2555.0
# temp #5587
0.0,2234.0
23129.135305993263,2234.0
23129.135305993263,2429.0
23429.135305993263,2429.0
23429.135305993263,2234.0
27725.82840425894,2234.0
27725.82840425894,2667.0
28151.559486240152,2667.0
28151.559486240152,2883.0
34655.509422020994,2883.0
34655.509422020994,2429.0
62532.06453567837,2429.0
62532.06453567837,2234.0
67066.23776585331,2234.0
67066.23776585331,2667.0
86400.0,2667.0
# temp #5588
0.0,2234.0
36929.09874930047,2234.0
36929.09874930047,2429.0
37262.19793162309,2429.0
37262.19793162309,2555.0
39791.89726836049,2555.0
39791.89726836049,2429.0
46908.76231093426,2429.0
46908.76231093426,2555.0
78564.73370266614,2555.0
78564.73370266614,2429.0
86400.000002,2429.0
# temp #5589
0.0,2234.0
7643.37174310349,2234.0
7643.37174310349,2883.0
18743.37174310349,2883.0
18743.37174310349,2555.0
24276.117342570797,2555.0
24276.117342570797,2429.0
72312.77627111413,2429.0
72312.77627111413,2883.0
82619.02520922014,2883.0
82619.02520922014,2667.0
86400.000002,2667.0
# temp #5590
0.0,2234.0
17896.098797768358,2234.0
17896.098797768358,2429.0
18343.375844391998,2429.0
18343.375844391998,2555.0
19577.21660609823,2555.0
19577.21660609823,2429.0
42166.46857643501,2429.0
42166.46857643501,2555.0
59762.27474575864,2555.0
59762.27474575864,2667.0
86400.000002,2667.0
# temp #5591
0.0,2234.0
19052.025540615432,2234.0
19052.025540615432,2429.0
25952.025540615432,2429.0
25952.025540615432,2555.0
27752.025540615432,2555.0
27752.025540615432,2429.0
40652.02554061543,2429.0
40652.02554061543,2234.0
40952.02554061543,2234.0
40952.02554061543,2017.0
41252.02554061543,2017.0
41252.02554061543,2234.0
41552.02554061543,2234.0
41552.02554061543,2017.0
50399.06730756629,2017.0
50399.06730756629,2234.0
78871.9777735183,2234.0
78871.9777735183,2429.0
86400.0,2429.0
# temp #5592
0.0,2234.0
50301.689687557526,2234.0
50301.689687557526,2555.0
86361.05433544145,2555.0
86361.05433544145,2429.0
86400.000002,2429.0
# temp #5593
0.0,2234.0
5653.653425700032,2234.0
5653.653425700032,2667.0
21830.785761284646,2667.0
21830.785761284646,2555.0
22878.436207096096,2555.0
22878.436207096096,2429.0
25418.128844699826,2429.0
25418.128844699826,2667.0
52093.623312818825,2667.0
52093.623312818825,2555.0
60725.6727523869,2555.0
60725.6727523869,2429.0
86400.0,2429.0
# temp #5594
0.0,2234.0
54273.72175727506,2234.0
54273.72175727506,2555.0
68862.4978180742,2555.0
68862.4978180742,2429.0
86400.0,2429.0
# temp #5595
0.0,2234.0
6604.096610820853,2234.0
6604.096610820853,2667.0
47807.02205265407,2667.0
47807.02205265407,2555.0
48718.23980037589,2555.0
48718.23980037589,2429.0
55560.989790433094,2429.0
55560.989790433094,2234.0
70445.8408310311,2234.0
70445.8408310311,2429.0
86400.0,2429.0
# temp #5596
0.0,2234.0
2674.2502514971425,2234.0
2674.2502514971425,2667.0
49924.000398349024,2667.0
49924.000398349024,2555.0
50919.45262821392,2555.0
50919.45262821392,2667.0
52821.68583150488,2667.0
52821.68583150488,2555.0
53121.68583150488,2555.0
53121.68583150488,2667.0
53827.04015909695,2667.0
53827.04015909695,2555.0
54427.04015909695,2555.0
54427.04015909695,2667.0
80664.99953577296,2667.0
80664.99953577296,2555.0
86400.000002,2555.0
# temp #5597
0.0,2234.0
54258.44468157739,2234.0
54258.44468157739,2555.0
65719.31856195444,2555.0
65719.31856195444,2429.0
66059.44862170146,2429.0
66059.44862170146,2555.0
79181.27569018399,2555.0
79181.27569018399,2429.0
79650.87535909844,2429.0
79650.87535909844,2234.0
86400.000002,2234.0
# temp #5598
0.0,2234.0
38867.33844713309,2234.0
38867.33844713309,2017.0
81675.1730520744,2017.0
81675.1730520744,2234.0
86400.000002,2234.0
# temp #5599
0.0,2234.0
31870.89574313723,2234.0
31870.89574313723,2429.0
32170.89574313723,2429.0
32170.89574313723,2234.0
50389.42202730105,2234.0
50389.42202730105,2429.0
77622.18577272726,2429.0
77622.18577272726,2234.0
86400.0,2234.0
# temp #5600
0.0,2234.0
17949.23121663742,2234.0
17949.23121663742,2883.0
18416.1247180542,2883.0
18416.1247180542,2667.0
21703.703545010652,2667.0
21703.703545010652,2883.0
47415.44542845805,2883.0
47415.44542845805,2429.0
69006.37049758808,2429.0
69006.37049758808,2555.0
82221.47260727362,2555.0
82221.47260727362,2667.0
86400.000002,2667.0
# temp #5601
0.0,2234.0
8234.43574011326,2234.0
8234.43574011326,2883.0
8882.439015456477,2883.0
8882.439015456477,2667.0
11938.488759426402,2667.0
11938.488759426402,2883.0
39343.86678524316,2883.0
39343.86678524316,2429.0
59239.48971200736,2429.0
59239.48971200736,2234.0
59905.776924337275,2234.0
59905.776924337275,2429.0
82761.98904050981,2429.0
82761.98904050981,2555.0
86400.0,2555.0
# temp #5602
0.0,2234.0
24842.194131016735,2234.0
24842.194131016735,2429.0
25442.194131016735,2429.0
25442.194131016735,2555.0
28059.601511433724,2555.0
28059.601511433724,2429.0
31753.838507202458,2429.0
31753.838507202458,2555.0
40306.05735329446,2555.0
40306.05735329446,2883.0
70459.48351195549,2883.0
70459.48351195549,2429.0
86400.000002,2429.0
# temp #5603
0.0,2234.0
6641.296289465391,2234.0
6641.296289465391,2883.0
7302.449963078835,2883.0
7302.449963078835,2667.0
13038.117358088493,2667.0
13038.117358088493,2883.0
38700.42596461717,2883.0
38700.42596461717,2429.0
39097.572637279525,2429.0
39097.572637279525,2555.0
55453.93389877864,2555.0
55453.93389877864,2429.0
79595.4942616867,2429.0
79595.4942616867,2234.0
86400.000002,2234.0
# temp #5604
0.0,2234.0
6122.566067869776,2234.0
6122.566067869776,2667.0
7180.143319652417,2667.0
7180.143319652417,2555.0
8402.75411421899,2555.0
8402.75411421899,2429.0
46958.227894851014,2429.0
46958.227894851014,2883.0
74280.5355229648,2883.0
74280.5355229648,2429.0
86400.000002,2429.0
# temp #5605
0.0,2234.0
7127.028248109856,2234.0
7127.028248109856,2883.0
8020.521423686297,2883.0
8020.521423686297,2667.0
16942.229882790707,2667.0
16942.229882790707,2883.0
45731.38828917873,2883.0
45731.38828917873,2429.0
46634.439148264944,2429.0
46634.439148264944,2883.0
59144.75465377328,2883.0
59144.75465377328,2667.0
83717.02393793968,2667.0
83717.02393793968,2555.0
86400.0,2555.0
# temp #5606
0.0,2234.0
7432.081479881891,2234.0
7432.081479881891,2883.0
18532.08147988189,2883.0
18532.08147988189,2555.0
45735.87392026093,2555.0
45735.87392026093,2429.0
73640.76526374556,2429.0
73640.76526374556,2555.0
86400.0,2555.0
# temp #5607
0.0,2234.0
7225.27098893188,2234.0
7225.27098893188,2017.0
63847.018391825266,2017.0
63847.018391825266,2234.0
86400.000002,2234.0
# temp #5608
0.0,2234.0
74362.90531237611,2234.0
74362.90531237611,2555.0
79316.68439554052,2555.0
79316.68439554052,2667.0
85616.68439554052,2667.0
85616.68439554052,2555.0
86400.000002,2555.0
# temp #5609
0.0,2234.0
24284.998070262372,2234.0
24284.998070262372,2555.0
43176.422626711435,2555.0
43176.422626711435,2667.0
65747.30571205729,2667.0
65747.30571205729,2234.0
79583.61844257453,2234.0
79583.61844257453,2667.0
86400.000002,2667.0
# temp #5610
0.0,2234.0
19390.700349421244,2234.0
19390.700349421244,2429.0
19894.766815379266,2429.0
19894.766815379266,2555.0
23202.29956582189,2555.0
23202.29956582189,2429.0
65988.86382887141,2429.0
65988.86382887141,2883.0
86400.0,2883.0
# temp #5611
0.0,2234.0
59321.21838668828,2234.0
59321.21838668828,2555.0
86400.0,2555.0
# temp #5612
0.0,2234.0
27331.558934133503,2234.0
27331.558934133503,2555.0
28526.636552670974,2555.0
28526.636552670974,2429.0
29115.01620160416,2429.0
29115.01620160416,2555.0
50379.52066194267,2555.0
50379.52066194267,2429.0
50800.89525924996,2429.0
50800.89525924996,2555.0
51253.75203983859,2555.0
51253.75203983859,2429.0
51553.75203983859,2429.0
51553.75203983859,2555.0
51853.75203983859,2555.0
51853.75203983859,2429.0
52453.75203983859,2429.0
52453.75203983859,2555.0
55614.43881327287,2555.0
55614.43881327287,2429.0
64398.04956146982,2429.0
64398.04956146982,2555.0
86400.000002,2555.0
# temp #5613
0.0,2234.0
73507.65681329649,2234.0
73507.65681329649,2555.0
75507.17686959542,2555.0
75507.17686959542,2234.0
86400.000002,2234.0
# temp #5614
0.0,2234.0
12403.895897464829,2234.0
12403.895897464829,2017.0
24159.261259110648,2017.0
24159.261259110648,2234.0
34606.199224339805,2234.0
34606.199224339805,2017.0
35824.89259173163,2017.0
35824.89259173163,2234.0
71925.06011598745,2234.0
71925.06011598745,2017.0
86400.0,2017.0
# temp #5615
0.0,2234.0
645.3813678352162,2234.0
645.3813678352162,2667.0
20270.885997824374,2667.0
20270.885997824374,2555.0
21561.107201222334,2555.0
21561.107201222334,2667.0
31676.616129535258,2667.0
31676.616129535258,2555.0
32276.616129535258,2555.0
32276.616129535258,2667.0
45469.140787725344,2667.0
45469.140787725344,2555.0
49981.021573324695,2555.0
49981.021573324695,2429.0
77027.83955207562,2429.0
77027.83955207562,2883.0
85800.20653107205,2883.0
85800.20653107205,2429.0
86400.0,2429.0
# temp #5616
0.0,2234.0
39251.18144927547,2234.0
39251.18144927547,2429.0
39774.976079631604,2429.0
39774.976079631604,2234.0
40657.10589692463,2234.0
40657.10589692463,2429.0
46157.7382848831,2429.0
46157.7382848831,2234.0
51010.23609868717,2234.0
51010.23609868717,2429.0
52097.97117942945,2429.0
52097.97117942945,2234.0
71922.30121828617,2234.0
71922.30121828617,2667.0
79723.96761341953,2667.0
79723.96761341953,2555.0
86400.0,2555.0
# temp #5617
0.0,2234.0
79578.52496935522,2234.0
79578.52496935522,2555.0
85484.1905660229,2555.0
85484.1905660229,2429.0
86400.0,2429.0
# temp #5618
0.0,2234.0
8129.100190429019,2234.0
8129.100190429019,2883.0
9072.881750087256,2883.0
9072.881750087256,2667.0
16141.441955440681,2667.0
16141.441955440681,2883.0
47205.47574399972,2883.0
47205.47574399972,2429.0
75933.74433922583,2429.0
75933.74433922583,2883.0
86400.000002,2883.0
# temp #5619
0.0,2234.0
5654.337721550838,2234.0
5654.337721550838,2667.0
44800.72809476406,2667.0
44800.72809476406,2555.0
45368.00675857813,2555.0
45368.00675857813,2667.0
46681.775951315656,2667.0
46681.775951315656,2555.0
46981.775951315656,2555.0
46981.775951315656,2667.0
47668.47251707223,2667.0
47668.47251707223,2555.0
48268.47251707223,2555.0
48268.47251707223,2667.0
86400.0,2667.0
# temp #5620
0.0,2234.0
79632.46364481749,2234.0
79632.46364481749,2555.0
86400.0,2555.0
# temp #5621
0.0,2234.0
85240.39814262652,2234.0
85240.39814262652,2883.0
86400.0,2883.0
# temp #5622
0.0,2234.0
4497.325096372516,2234.0
4497.325096372516,2667.0
21419.609674089592,2667.0
21419.609674089592,2555.0
22603.2588851871,2555.0
22603.2588851871,2667.0
37214.183191931814,2667.0
37214.183191931814,2555.0
37814.183191931814,2555.0
37814.183191931814,2667.0
52177.58518501651,2667.0
52177.58518501651,2555.0
53600.29952160549,2555.0
53600.29952160549,2429.0
55575.685067893945,2429.0
55575.685067893945,2555.0
67981.68909286616,2555.0
67981.68909286616,2429.0
74624.34767049273,2429.0
74624.34767049273,2234.0
86400.000002,2234.0
# temp #5623
0.0,2234.0
13356.129070487807,2234.0
13356.129070487807,2429.0
13656.129070487807,2429.0
13656.129070487807,2234.0
46869.80939554051,2234.0
46869.80939554051,2429.0
79296.61378255115,2429.0
79296.61378255115,2555.0
86400.000002,2555.0
# temp #5624
0.0,2234.0
25106.771815381948,2234.0
25106.771815381948,2429.0
32006.771815381948,2429.0
32006.771815381948,2555.0
33806.771815381944,2555.0
33806.771815381944,2429.0
46706.771815381944,2429.0
46706.771815381944,2234.0
47006.771815381944,2234.0
47006.771815381944,2017.0
47306.771815381944,2017.0
47306.771815381944,2234.0
47606.771815381944,2234.0
47606.771815381944,2017.0
58646.202280581936,2017.0
58646.202280581936,2234.0
73519.76230402944,2234.0
73519.76230402944,2429.0
86400.0,2429.0
# temp #5625
0.0,2234.0
6752.862125239336,2234.0
6752.862125239336,2883.0
8363.071063673126,2883.0
8363.071063673126,2667.0
18099.00405441877,2667.0
18099.00405441877,2883.0
24688.03287923802,2883.0
24688.03287923802,2429.0
60196.90408241005,2429.0
60196.90408241005,2555.0
75732.55909038709,2555.0
75732.55909038709,2667.0
86400.000002,2667.0
# temp #5626
0.0,2234.0
43361.59461652861,2234.0
43361.59461652861,2429.0
43770.16146315728,2429.0
43770.16146315728,2555.0
44538.18966394757,2555.0
44538.18966394757,2429.0
73464.15237640032,2429.0
73464.15237640032,2234.0
86400.0,2234.0
# temp #5627
0.0,2234.0
52184.86663615332,2234.0
52184.86663615332,2555.0
63091.11949084327,2555.0
63091.11949084327,2429.0
86400.000002,2429.0
# temp #5628
0.0,2234.0
41514.10198230297,2234.0
41514.10198230297,2429.0
42114.10198230297,2429.0
42114.10198230297,2555.0
43806.02870341391,2555.0
43806.02870341391,2429.0
62303.64262629302,2429.0
62303.64262629302,2883.0
64548.722454230316,2883.0
64548.722454230316,2429.0
64873.311572265826,2429.0
64873.311572265826,2234.0
86400.000002,2234.0
# temp #5629
0.0,2234.0
34003.24068304618,2234.0
34003.24068304618,2429.0
34348.06281246711,2429.0
34348.06281246711,2555.0
37090.15656255652,2555.0
37090.15656255652,2429.0
38954.98442568351,2429.0
38954.98442568351,2555.0
73693.29475080596,2555.0
73693.29475080596,2429.0
86400.000002,2429.0
# temp #5630
0.0,2234.0
965.6496518058702,2234.0
965.6496518058702,2667.0
2371.2328190915287,2667.0
2371.2328190915287,2555.0
3102.5647290050983,2555.0
3102.5647290050983,2429.0
27460.314146429304,2429.0
27460.314146429304,2883.0
53173.56981479097,2883.0
53173.56981479097,2429.0
73521.40754973516,2429.0
73521.40754973516,2555.0
78009.93131194265,2555.0
78009.93131194265,2667.0
86400.0,2667.0
# temp #5631
0.0,2234.0
11763.803912862206,2234.0
11763.803912862206,2883.0
12305.017584026793,2883.0
12305.017584026793,2667.0
21342.614797269925,2667.0
21342.614797269925,2883.0
24544.245169172067,2883.0
24544.245169172067,2667.0
43831.964406464256,2667.0
43831.964406464256,2234.0
79519.42866572646,2234.0
79519.42866572646,2429.0
86400.0,2429.0
# temp #5632
0.0,2234.0
29468.500735075217,2234.0
29468.500735075217,2429.0
36368.50073507521,2429.0
36368.50073507521,2555.0
38168.50073507521,2555.0
38168.50073507521,2429.0
51068.50073507521,2429.0
51068.50073507521,2234.0
51368.50073507521,2234.0
51368.50073507521,2017.0
51668.50073507521,2017.0
51668.50073507521,2234.0
51968.50073507521,2234.0
51968.50073507521,2017.0
62189.781708084054,2017.0
62189.781708084054,2234.0
78964.02855645865,2234.0
78964.02855645865,2667.0
86400.000002,2667.0
# temp #5633
0.0,2234.0
3214.6256170934066,2234.0
3214.6256170934066,2883.0
3842.9146544309333,2883.0
3842.9146544309333,2667.0
11086.864628456533,2667.0
11086.864628456533,2883.0
25343.921143049378,2883.0
25343.921143049378,2429.0
29529.246772849005,2429.0
29529.246772849005,2234.0
41784.023736440584,2234.0
41784.023736440584,2429.0
49622.92592239101,2429.0
49622.92592239101,2234.0
50783.18366354798,2234.0
50783.18366354798,2667.0
86400.0,2667.0
# temp #5634
0.0,2234.0
8314.460906060414,2234.0
8314.460906060414,2667.0
26213.92318422441,2667.0
26213.92318422441,2555.0
26823.0953821214,2555.0
26823.0953821214,2667.0
35701.83853735217,2667.0
35701.83853735217,2555.0
36001.83853735217,2555.0
36001.83853735217,2429.0
65893.72862158345,2429.0
65893.72862158345,2234.0
86400.000002,2234.0
# temp #5635
0.0,2234.0
23519.45072198287,2234.0
23519.45072198287,2555.0
54769.75287068637,2555.0
54769.75287068637,2429.0
86400.000002,2429.0
# temp #5636
0.0,2234.0
34820.782883302316,2234.0
34820.782883302316,2429.0
35120.782883302316,2429.0
35120.782883302316,2234.0
40430.01786000096,2234.0
40430.01786000096,2429.0
75413.88261602262,2429.0
75413.88261602262,2555.0
77353.55784469286,2555.0
77353.55784469286,2667.0
86400.000002,2667.0
# temp #5637
0.0,2234.0
7347.1516725607235,2234.0
7347.1516725607235,2667.0
43623.554953071296,2667.0
43623.554953071296,2555.0
44305.22619697732,2555.0
44305.22619697732,2667.0
58491.743867425255,2667.0
58491.743867425255,2555.0
58791.743867425255,2555.0
58791.743867425255,2667.0
59594.4980834378,2667.0
59594.4980834378,2555.0
60194.4980834378,2555.0
60194.4980834378,2667.0
75315.27161824053,2667.0
75315.27161824053,2555.0
86400.000002,2555.0
# temp #5638
0.0,2234.0
60252.48351625633,2234.0
60252.48351625633,2555.0
86400.0,2555.0
# temp #5639
0.0,2234.0
6615.372303756886,2234.0
6615.372303756886,2555.0
21736.966508044865,2555.0
21736.966508044865,2429.0
62833.20798890201,2429.0
62833.20798890201,2234.0
63433.20798890201,2234.0
63433.20798890201,2429.0
65833.20798890201,2429.0
65833.20798890201,2555.0
76033.20798890201,2555.0
76033.20798890201,2667.0
86400.000002,2667.0
# temp #5640
0.0,2234.0
10041.132286400536,2234.0
10041.132286400536,2555.0
11869.83501717914,2555.0
11869.83501717914,2429.0
18756.22754276265,2429.0
18756.22754276265,2234.0
19356.22754276265,2234.0
19356.22754276265,2429.0
21756.22754276265,2429.0
21756.22754276265,2555.0
31956.22754276265,2555.0
31956.22754276265,2667.0
60080.80756303389,2667.0
60080.80756303389,2555.0
66906.25521282201,2555.0
66906.25521282201,2667.0
80177.26243038198,2667.0
80177.26243038198,2555.0
86400.0,2555.0
# temp #5641
0.0,2234.0
7769.907551282087,2234.0
7769.907551282087,2667.0
35496.52900469956,2667.0
35496.52900469956,2555.0
36868.37173809764,2555.0
36868.37173809764,2667.0
43642.30432924815,2667.0
43642.30432924815,2555.0
43942.30432924815,2555.0
43942.30432924815,2429.0
61893.9469527919,2429.0
61893.9469527919,2883.0
71971.75708408469,2883.0
71971.75708408469,2667.0
86400.0,2667.0
# temp #5642
0.0,2234.0
42261.539440322675,2234.0
42261.539440322675,2429.0
42861.539440322675,2429.0
42861.539440322675,2555.0
46194.724567327656,2555.0
46194.724567327656,2429.0
56360.30427482911,2429.0
56360.30427482911,2555.0
78986.04404947256,2555.0
78986.04404947256,2429.0
86400.000002,2429.0
# temp #5643
0.0,2234.0
44896.359108947225,2234.0
44896.359108947225,2429.0
45196.359108947225,2429.0
45196.359108947225,2234.0
57460.179865267135,2234.0
57460.179865267135,2667.0
79453.38531613817,2667.0
79453.38531613817,2234.0
86400.000002,2234.0
# temp #5644
0.0,2234.0
1121.9459091313183,2234.0
1121.9459091313183,2667.0
42411.58209464048,2667.0
42411.58209464048,2555.0
43300.51164014731,2555.0
43300.51164014731,2429.0
63054.29378547707,2429.0
63054.29378547707,2555.0
74456.89853501973,2555.0
74456.89853501973,2429.0
81266.17699039636,2429.0
81266.17699039636,2555.0
86400.000002,2555.0
# temp #5645
0.0,2234.0
37993.53448441253,2234.0
37993.53448441253,2555.0
51499.02633782477,2555.0
51499.02633782477,2429.0
76424.23705514522,2429.0
76424.23705514522,2234.0
77024.23705514522,2234.0
77024.23705514522,2429.0
79424.23705514522,2429.0
79424.23705514522,2555.0
86400.000002,2555.0
# temp #5646
0.0,2234.0
79184.526669723,2234.0
79184.526669723,2883.0
81584.526669723,2883.0
81584.526669723,2667.0
86400.000002,2667.0
# temp #5647
0.0,2234.0
18348.992011416703,2234.0
18348.992011416703,2017.0
60039.852985739715,2017.0
60039.852985739715,2234.0
86400.0,2234.0
# temp #5648
0.0,2234.0
7970.817701378837,2234.0
7970.817701378837,2429.0
8441.386414412409,2429.0
8441.386414412409,2234.0
9333.742722077295,2234.0
9333.742722077295,2429.0
13356.37531899847,2429.0
13356.37531899847,2234.0
25899.11916756537,2234.0
25899.11916756537,2429.0
27229.347866191532,2429.0
27229.347866191532,2555.0
27801.45665283781,2555.0
27801.45665283781,2429.0
28101.45665283781,2429.0
28101.45665283781,2555.0
28401.45665283781,2555.0
28401.45665283781,2429.0
29001.45665283781,2429.0
29001.45665283781,2555.0
31877.911333995875,2555.0
31877.911333995875,2429.0
55428.91365147662,2429.0
55428.91365147662,2883.0
69306.48990785705,2883.0
69306.48990785705,2429.0
84241.20523107705,2429.0
84241.20523107705,2555.0
86400.000002,2555.0
# temp #5649
0.0,2234.0
14848.835788154978,2234.0
14848.835788154978,2883.0
25948.83578815498,2883.0
25948.83578815498,2555.0
30013.570637209345,2555.0
30013.570637209345,2667.0
71859.67597081327,2667.0
71859.67597081327,2883.0
86400.000002,2883.0
# temp #5650
0.0,2234.0
80725.3797648009,2234.0
80725.3797648009,2555.0
86400.000002,2555.0
# temp #5651
0.0,2234.0
49024.42779599224,2234.0
49024.42779599224,2429.0
49420.80428448972,2429.0
49420.80428448972,2555.0
50740.397666743964,2555.0
50740.397666743964,2429.0
55348.55937045068,2429.0
55348.55937045068,2555.0
57353.95290395246,2555.0
57353.95290395246,2667.0
68114.39348773567,2667.0
68114.39348773567,2555.0
71422.7122690296,2555.0
71422.7122690296,2667.0
86400.0,2667.0
# temp #5652
0.0,2234.0
1818.1509345537054,2234.0
1818.1509345537054,2667.0
32897.698362520896,2667.0
32897.698362520896,2555.0
33755.97946762574,2555.0
33755.97946762574,2667.0
40663.741203979596,2667.0
40663.741203979596,2555.0
40963.741203979596,2555.0
40963.741203979596,2667.0
41687.466088193476,2667.0
41687.466088193476,2555.0
42287.466088193476,2555.0
42287.466088193476,2667.0
58168.5728003271,2667.0
58168.5728003271,2555.0
68274.56825645642,2555.0
68274.56825645642,2667.0
80053.67697626354,2667.0
80053.67697626354,2555.0
86400.000002,2555.0
# temp #5653
0.0,2234.0
76819.3526624702,2234.0
76819.3526624702,2555.0
86400.000002,2555.0
# temp #5654
0.0,2234.0
59995.648321858615,2234.0
59995.648321858615,2883.0
62395.648321858615,2883.0
62395.648321858615,2667.0
62581.260241102435,2667.0
62581.260241102435,2555.0
86400.0,2555.0
# temp #5655
0.0,2234.0
16343.959431443365,2234.0
16343.959431443365,2429.0
16943.959431443363,2429.0
16943.959431443363,2555.0
21980.07280575112,2555.0
21980.07280575112,2429.0
27777.682791533884,2429.0
27777.682791533884,2555.0
42594.25860426855,2555.0
42594.25860426855,2667.0
48788.15365503543,2667.0
48788.15365503543,2555.0
77515.63053033316,2555.0
77515.63053033316,2429.0
86400.000002,2429.0
# temp #5656
0.0,2234.0
33055.52242468111,2234.0
33055.52242468111,2429.0
33404.058664734475,2429.0
33404.058664734475,2555.0
36142.964846338145,2555.0
36142.964846338145,2429.0
57103.175175888464,2429.0
57103.175175888464,2555.0
85469.01333234274,2555.0
85469.01333234274,2429.0
86400.000002,2429.0
# temp #5657
0.0,2234.0
7257.9747933894405,2234.0
7257.9747933894405,2883.0
8662.295798328707,2883.0
8662.295798328707,2667.0
20697.100205090832,2667.0
20697.100205090832,2883.0
41011.65346910712,2883.0
41011.65346910712,2429.0
62791.70505178628,2429.0
62791.70505178628,2555.0
69259.29024608342,2555.0
69259.29024608342,2667.0
86400.0,2667.0
# temp #5658
0.0,2234.0
6242.627569427715,2234.0
6242.627569427715,2555.0
8339.512150618248,2555.0
8339.512150618248,2667.0
14639.512150618248,2667.0
14639.512150618248,2555.0
15839.512150618248,2555.0
15839.512150618248,2429.0
59039.51215061825,2429.0
59039.51215061825,2234.0
86400.0,2234.0
# temp #5659
0.0,2234.0
1728.5821747966113,2234.0
1728.5821747966113,2429.0
2303.2140857074414,2429.0
2303.2140857074414,2555.0
7046.148895332591,2555.0
7046.148895332591,2429.0
18358.581275073815,2429.0
18358.581275073815,2555.0
35744.03206275311,2555.0
35744.03206275311,2429.0
48565.42687593029,2429.0
48565.42687593029,2555.0
59591.11874001102,2555.0
59591.11874001102,2667.0
86400.000002,2667.0
# temp #5660
0.0,2234.0
29215.972824138593,2234.0
29215.972824138593,2555.0
68456.68263856789,2555.0
68456.68263856789,2429.0
86400.0,2429.0
# temp #5661
0.0,2234.0
7946.380013669843,2234.0
7946.380013669843,2667.0
19813.988763140518,2667.0
19813.988763140518,2555.0
21299.56440883689,2555.0
21299.56440883689,2667.0
24091.823289915923,2667.0
24091.823289915923,2555.0
24391.823289915923,2555.0
24391.823289915923,2429.0
64184.43328533323,2429.0
64184.43328533323,2883.0
82974.15543459357,2883.0
82974.15543459357,2667.0
85538.40652853252,2667.0
85538.40652853252,2883.0
86400.000002,2883.0
# temp #5662
0.0,2234.0
33169.43934503943,2234.0
33169.43934503943,2429.0
33769.43934503943,2429.0
33769.43934503943,2555.0
36182.333045639105,2555.0
36182.333045639105,2429.0
71753.72444484384,2429.0
71753.72444484384,2883.0
79737.25968785585,2883.0
79737.25968785585,2667.0
86400.0,2667.0
# temp #5663
0.0,2234.0
46515.26982025244,2234.0
46515.26982025244,2555.0
69631.65792971851,2555.0
69631.65792971851,2429.0
86400.0,2429.0
# temp #5664
0.0,2234.0
13724.151362269187,2234.0
13724.151362269187,2883.0
15209.223166597078,2883.0
15209.223166597078,2667.0
23571.229807077907,2667.0
23571.229807077907,2883.0
41078.6678564502,2883.0
41078.6678564502,2667.0
50469.65648629703,2667.0
50469.65648629703,2555.0
62156.66182392744,2555.0
62156.66182392744,2429.0
65835.44780812228,2429.0
65835.44780812228,2555.0
70324.10984456075,2555.0
70324.10984456075,2429.0
86400.000002,2429.0
# temp #5665
0.0,2234.0
4088.7077329214667,2234.0
4088.7077329214667,2883.0
4893.124987045303,2883.0
4893.124987045303,2667.0
11912.349005788567,2667.0
11912.349005788567,2883.0
31963.83401455824,2883.0
31963.83401455824,2429.0
57835.62763903757,2429.0
57835.62763903757,2555.0
58540.64324861394,2555.0
58540.64324861394,2429.0
66405.5579083739,2429.0
66405.5579083739,2555.0
85731.23523273972,2555.0
85731.23523273972,2667.0
86400.000002,2667.0
# temp #5666
0.0,2234.0
7068.870359100403,2234.0
7068.870359100403,2667.0
53959.00592668914,2667.0
53959.00592668914,2555.0
54672.641929937534,2555.0
54672.641929937534,2667.0
74330.88436550462,2667.0
74330.88436550462,2555.0
77330.88436550462,2555.0
77330.88436550462,2667.0
86400.0,2667.0
# temp #5667
0.0,2234.0
1858.795782364905,2234.0
1858.795782364905,2667.0
18835.96397477668,2667.0
18835.96397477668,2555.0
19396.851226477887,2555.0
19396.851226477887,2667.0
34512.33961789404,2667.0
34512.33961789404,2555.0
34812.33961789404,2555.0
34812.33961789404,2667.0
35466.5438604774,2667.0
35466.5438604774,2555.0
36066.5438604774,2555.0
36066.5438604774,2667.0
45516.592914727524,2667.0
45516.592914727524,2883.0
73859.03908854818,2883.0
73859.03908854818,2429.0
73972.12806805038,2429.0
73972.12806805038,2555.0
79862.89871823975,2555.0
79862.89871823975,2667.0
86400.000002,2667.0
# temp #5668
0.0,2234.0
52719.501959206544,2234.0
52719.501959206544,2555.0
82554.43677585573,2555.0
82554.43677585573,2429.0
86400.000002,2429.0
# temp #5669
0.0,2234.0
41624.46136975196,2234.0
41624.46136975196,2429.0
42109.83478759882,2429.0
42109.83478759882,2555.0
42842.60208082852,2555.0
42842.60208082852,2429.0
48180.47722682823,2429.0
48180.47722682823,2555.0
49665.96723964904,2555.0
49665.96723964904,2667.0
58770.13885485941,2667.0
58770.13885485941,2555.0
61237.81683747658,2555.0
61237.81683747658,2429.0
86400.000002,2429.0
# temp #5670
0.0,2234.0
6564.919157512487,2234.0
6564.919157512487,2429.0
6932.576506189072,2429.0
6932.576506189072,2555.0
8659.181470773185,2555.0
8659.181470773185,2429.0
28532.268017018218,2429.0
28532.268017018218,2555.0
59802.51402393916,2555.0
59802.51402393916,2429.0
77582.88800599986,2429.0
77582.88800599986,2234.0
86400.0,2234.0
# temp #5671
0.0,2234.0
49668.348733289175,2234.0
49668.348733289175,2555.0
77937.36849739218,2555.0
77937.36849739218,2429.0
78280.78945500312,2429.0
78280.78945500312,2555.0
86400.0,2555.0
# temp #5672
0.0,2234.0
25464.574515447024,2234.0
25464.574515447024,2429.0
26064.574515447024,2429.0
26064.574515447024,2555.0
27718.526491150264,2555.0
27718.526491150264,2429.0
49471.58435981256,2429.0
49471.58435981256,2555.0
59363.33470100072,2555.0
59363.33470100072,2667.0
73441.60168839154,2667.0
73441.60168839154,2883.0
86400.000002,2883.0
# temp #5673
0.0,2234.0
6490.136313135737,2234.0
6490.136313135737,2667.0
30604.44659243804,2667.0
30604.44659243804,2555.0
31693.027790612545,2555.0
31693.027790612545,2429.0
58306.22152481229,2429.0
58306.22152481229,2555.0
86400.000002,2555.0
# temp #5674
0.0,2234.0
72446.3649386773,2234.0
72446.3649386773,2555.0
76171.24778274448,2555.0
76171.24778274448,2667.0
76511.6988330614,2667.0
76511.6988330614,2555.0
76811.6988330614,2555.0
76811.6988330614,2667.0
80411.6988330614,2667.0
80411.6988330614,2555.0
81911.6988330614,2555.0
81911.6988330614,2429.0
86400.000002,2429.0
# temp #5675
0.0,2234.0
39789.523726631895,2234.0
39789.523726631895,2429.0
46689.523726631895,2429.0
46689.523726631895,2555.0
48489.523726631895,2555.0
48489.523726631895,2429.0
61389.523726631895,2429.0
61389.523726631895,2234.0
61689.523726631895,2234.0
61689.523726631895,2017.0
61989.523726631895,2017.0
61989.523726631895,2234.0
62289.523726631895,2234.0
62289.523726631895,2017.0
75196.69738768136,2017.0
75196.69738768136,2234.0
83922.28329190986,2234.0
83922.28329190986,2429.0
86400.000002,2429.0
# temp #5676
0.0,2234.0
12950.034864619376,2234.0
12950.034864619376,2555.0
28544.761412171654,2555.0
28544.761412171654,2429.0
28847.126458771534,2429.0
28847.126458771534,2555.0
52029.31842030958,2555.0
52029.31842030958,2429.0
52496.76823262126,2429.0
52496.76823262126,2555.0
53295.41679890827,2555.0
53295.41679890827,2429.0
53595.41679890827,2429.0
53595.41679890827,2555.0
53895.41679890827,2555.0
53895.41679890827,2429.0
54495.41679890827,2429.0
54495.41679890827,2555.0
55334.16319945828,2555.0
55334.16319945828,2429.0
58304.7893016832,2429.0
58304.7893016832,2555.0
65658.84584777524,2555.0
65658.84584777524,2667.0
71426.10303119292,2667.0
71426.10303119292,2555.0
77739.40082949122,2555.0
77739.40082949122,2667.0
78391.41318770127,2667.0
78391.41318770127,2555.0
86400.0,2555.0
# temp #5677
0.0,2234.0
53657.794978679165,2234.0
53657.794978679165,2429.0
85757.79497867916,2429.0
85757.79497867916,2555.0
86057.79497867916,2555.0
86057.79497867916,2667.0
86400.0,2667.0
# temp #5678
0.0,2234.0
61864.71540138592,2234.0
61864.71540138592,2883.0
64264.71540138592,2883.0
64264.71540138592,2667.0
68989.28972503637,2667.0
68989.28972503637,2555.0
72966.72633388081,2555.0
72966.72633388081,2429.0
86400.0,2429.0
# temp #5679
0.0,2234.0
45286.77946308163,2234.0
45286.77946308163,2429.0
45691.27466117498,2429.0
45691.27466117498,2555.0
46837.55192344543,2555.0
46837.55192344543,2429.0
80351.35937926827,2429.0
80351.35937926827,2555.0
86400.000002,2555.0
# temp #5680
0.0,2234.0
1537.8513820935043,2234.0
1537.8513820935043,2429.0
2080.811282037758,2429.0
2080.811282037758,2555.0
6875.347481458449,2555.0
6875.347481458449,2429.0
31139.59262359422,2429.0
31139.59262359422,2883.0
61914.00951237885,2883.0
61914.00951237885,2429.0
86400.0,2429.0
# temp #5681
0.0,2234.0
21668.50901562721,2234.0
21668.50901562721,2555.0
28278.089937055487,2555.0
28278.089937055487,2429.0
28701.384751196023,2429.0
28701.384751196023,2555.0
51050.850158650435,2555.0
51050.850158650435,2429.0
51659.22317651567,2429.0
51659.22317651567,2234.0
75585.00019144268,2234.0
75585.00019144268,2429.0
86400.000002,2429.0
# temp #5682
0.0,2234.0
40519.82032419183,2234.0
40519.82032419183,2017.0
58555.40887545796,2017.0
58555.40887545796,2234.0
59653.25890984388,2234.0
59653.25890984388,2017.0
85128.9494702127,2017.0
85128.9494702127,2234.0
86400.0,2234.0
# temp #5683
0.0,2234.0
57521.31892070174,2234.0
57521.31892070174,2555.0
63153.86734320782,2555.0
63153.86734320782,2234.0
82810.26644767262,2234.0
82810.26644767262,2667.0
86400.0,2667.0
# temp #5684
0.0,2234.0
6045.995304104873,2234.0
6045.995304104873,2667.0
48905.003777216196,2667.0
48905.003777216196,2555.0
49905.55978200865,2555.0
49905.55978200865,2667.0
66286.57321643551,2667.0
66286.57321643551,2555.0
66886.57321643551,2555.0
66886.57321643551,2667.0
81605.18817922568,2667.0
81605.18817922568,2555.0
84982.94235302602,2555.0
84982.94235302602,2429.0
85816.76303283313,2429.0
85816.76303283313,2555.0
86400.000002,2555.0
# temp #5685
0.0,2234.0
79917.32409205289,2234.0
79917.32409205289,2883.0
82317.32409205289,2883.0
82317.32409205289,2667.0
86135.08356786334,2667.0
86135.08356786334,2555.0
86400.0,2555.0
# temp #5686
0.0,2234.0
61214.47459501215,2234.0
61214.47459501215,2555.0
61621.45922700875,2555.0
61621.45922700875,2667.0
62167.98885168974,2667.0
62167.98885168974,2555.0
62467.98885168974,2555.0
62467.98885168974,2667.0
86400.0,2667.0
# temp #5687
0.0,2234.0
31705.07219298743,2234.0
31705.07219298743,2017.0
65287.80757100323,2017.0
65287.80757100323,2234.0
86400.000002,2234.0
# temp #5688
0.0,2234.0
6200.334692141042,2234.0
6200.334692141042,2667.0
42056.805415987044,2667.0
42056.805415987044,2555.0
42793.65209850949,2555.0
42793.65209850949,2667.0
76794.38767670655,2667.0
76794.38767670655,2555.0
77094.38767670655,2555.0
77094.38767670655,2667.0
77709.59571122659,2667.0
77709.59571122659,2555.0
78309.59571122659,2555.0
78309.59571122659,2667.0
86400.0,2667.0
# temp #5689
0.0,2234.0
26699.413003586233,2234.0
26699.413003586233,2555.0
37657.01000886038,2555.0
37657.01000886038,2667.0
84575.37210937591,2667.0
84575.37210937591,2883.0
86400.000002,2883.0
# temp #5690
0.0,2234.0
3650.352519680747,2234.0
3650.352519680747,2667.0
27406.88394766767,2667.0
27406.88394766767,2555.0
28774.69399266411,2555.0
28774.69399266411,2667.0
61515.3788520489,2667.0
61515.3788520489,2555.0
61815.3788520489,2555.0
61815.3788520489,2429.0
62819.76900415031,2429.0
62819.76900415031,2555.0
81813.88927723748,2555.0
81813.88927723748,2667.0
86400.0,2667.0
# temp #5691
0.0,2234.0
21038.04327885155,2234.0
21038.04327885155,2555.0
57574.772990145735,2555.0
57574.772990145735,2429.0
57951.704090810395,2429.0
57951.704090810395,2555.0
82267.79434718193,2555.0
82267.79434718193,2429.0
82805.61208112632,2429.0
82805.61208112632,2234.0
83613.97499176675,2234.0
83613.97499176675,2429.0
86400.0,2429.0
# temp #5692
0.0,2234.0
12383.31669056788,2234.0
12383.31669056788,2429.0
12983.31669056788,2429.0
12983.31669056788,2555.0
17001.228352356702,2555.0
17001.228352356702,2429.0
36652.45211503934,2429.0
36652.45211503934,2234.0
43992.67634886783,2234.0
43992.67634886783,2667.0
48177.58573531174,2667.0
48177.58573531174,2555.0
84084.65632188601,2555.0
84084.65632188601,2429.0
86400.000002,2429.0
# temp #5693
0.0,2234.0
326.897157356143,2234.0
326.897157356143,2555.0
723.478908254765,2555.0
723.478908254765,2667.0
1039.7963381605223,2667.0
1039.7963381605223,2555.0
1339.7963381605223,2555.0
1339.7963381605223,2667.0
28039.796338160522,2667.0
28039.796338160522,2555.0
43939.79633816052,2555.0
43939.79633816052,2234.0
47539.79633816052,2234.0
47539.79633816052,2429.0
57439.79633816052,2429.0
57439.79633816052,2555.0
58039.79633816052,2555.0
58039.79633816052,2667.0
70339.79633816052,2667.0
70339.79633816052,2883.0
73821.705012233,2883.0
73821.705012233,2555.0
86400.000002,2555.0
# temp #5694
0.0,2234.0
8109.045217791573,2234.0
8109.045217791573,2017.0
30989.745962899182,2017.0
30989.745962899182,2234.0
67916.89686868341,2234.0
67916.89686868341,2017.0
86400.0,2017.0
# temp #5695
0.0,2234.0
29114.20229072683,2234.0
29114.20229072683,2555.0
33501.13093180117,2555.0
33501.13093180117,2667.0
39801.13093180117,2667.0
39801.13093180117,2555.0
41001.13093180117,2555.0
41001.13093180117,2429.0
84201.13093180116,2429.0
84201.13093180116,2234.0
86400.000002,2234.0
# temp #5696
0.0,2234.0
69075.17669617664,2234.0
69075.17669617664,2555.0
76573.70521535631,2555.0
76573.70521535631,2234.0
86237.00682395138,2234.0
86237.00682395138,2429.0
86400.0,2429.0
# temp #5697
0.0,2234.0
794.2268621642143,2234.0
794.2268621642143,2667.0
28115.19258411136,2667.0
28115.19258411136,2555.0
29113.573852437552,2555.0
29113.573852437552,2667.0
60300.8078248473,2667.0
60300.8078248473,2555.0
60600.8078248473,2555.0
60600.8078248473,2429.0
62793.86937995443,2429.0
62793.86937995443,2667.0
74024.20501776507,2667.0
74024.20501776507,2555.0
86400.000002,2555.0
# temp #5698
0.0,2234.0
7300.205766968431,2234.0
7300.205766968431,2667.0
54183.016684977345,2667.0
54183.016684977345,2555.0
55464.697164623074,2555.0
55464.697164623074,2429.0
82551.94714532701,2429.0
82551.94714532701,2555.0
86400.0,2555.0
# temp #5699
0.0,2234.0
21274.31677761488,2234.0
21274.31677761488,2429.0
53374.31677761488,2429.0
53374.31677761488,2555.0
53674.31677761488,2555.0
53674.31677761488,2667.0
86400.0,2667.0
# temp #5700
0.0,2234.0
9522.090274211952,2234.0
9522.090274211952,2883.0
10312.719589238988,2883.0
10312.719589238988,2667.0
21881.022507883612,2667.0
21881.022507883612,2883.0
41412.54637199455,2883.0
41412.54637199455,2429.0
42960.61895373278,2429.0
42960.61895373278,2883.0
43895.07469483652,2883.0
43895.07469483652,2667.0
65672.3142898176,2667.0
65672.3142898176,2555.0
66060.88380846196,2555.0
66060.88380846196,2667.0
86400.0,2667.0
# temp #5701
0.0,2234.0
6463.176993839444,2234.0
6463.176993839444,2667.0
24805.217676493343,2667.0
24805.217676493343,2555.0
25771.12502062228,2555.0
25771.12502062228,2667.0
43474.530678195886,2667.0
43474.530678195886,2555.0
44074.530678195886,2555.0
44074.530678195886,2667.0
63268.695365404725,2667.0
63268.695365404725,2555.0
66318.84980737233,2555.0
66318.84980737233,2429.0
86400.000002,2429.0
# temp #5702
0.0,2234.0
59139.88124707248,2234.0
59139.88124707248,2555.0
59957.40474066697,2555.0
59957.40474066697,2234.0
71359.05716365669,2234.0
71359.05716365669,2429.0
75146.88949584961,2429.0
75146.88949584961,2555.0
75843.9237263985,2555.0
75843.9237263985,2667.0
86400.000002,2667.0
# temp #5703
0.0,2234.0
59093.4568357654,2234.0
59093.4568357654,2555.0
63396.19421625976,2555.0
63396.19421625976,2667.0
63717.742962646305,2667.0
63717.742962646305,2555.0
69717.74296264631,2555.0
69717.74296264631,2429.0
72117.74296264631,2429.0
72117.74296264631,2234.0
75717.74296264631,2234.0
75717.74296264631,2429.0
76917.74296264631,2429.0
76917.74296264631,2234.0
82617.74296264631,2234.0
82617.74296264631,2429.0
86400.0,2429.0
# temp #5704
0.0,2234.0
16520.596471312456,2234.0
16520.596471312456,2429.0
48620.596471312456,2429.0
48620.596471312456,2555.0
48920.596471312456,2555.0
48920.596471312456,2667.0
74700.49271055032,2667.0
74700.49271055032,2555.0
86400.0,2555.0
# temp #5705
0.0,2234.0
6364.340320648626,2234.0
6364.340320648626,2883.0
6756.38055629097,2883.0
6756.38055629097,2667.0
18395.570363011215,2667.0
18395.570363011215,2883.0
36632.41401175038,2883.0
36632.41401175038,2429.0
40268.52705006023,2429.0
40268.52705006023,2555.0
41255.1164492732,2555.0
41255.1164492732,2429.0
60796.45353255329,2429.0
60796.45353255329,2555.0
62844.6985642193,2555.0
62844.6985642193,2429.0
86400.000002,2429.0
# temp #5706
0.0,2234.0
44242.55866259337,2234.0
44242.55866259337,2555.0
49332.0335992612,2555.0
49332.0335992612,2429.0
86400.000002,2429.0
# temp #5707
0.0,2234.0
58982.25442366675,2234.0
58982.25442366675,2555.0
85536.35483672844,2555.0
85536.35483672844,2429.0
86400.000002,2429.0
# temp #5708
0.0,2234.0
18203.63256738056,2234.0
18203.63256738056,2555.0
28292.04861356412,2555.0
28292.04861356412,2429.0
28811.948497197598,2429.0
28811.948497197598,2555.0
38773.50437168498,2555.0
38773.50437168498,2429.0
39169.667733111426,2429.0
39169.667733111426,2555.0
39490.849469066605,2555.0
39490.849469066605,2429.0
39790.849469066605,2429.0
39790.849469066605,2555.0
41290.849469066605,2555.0
41290.849469066605,2429.0
51490.849469066605,2429.0
51490.849469066605,2234.0
86400.000002,2234.0
# temp #5709
0.0,2234.0
18573.082286864523,2234.0
18573.082286864523,2555.0
25503.24702956714,2555.0
25503.24702956714,2429.0
25818.13729782589,2429.0
25818.13729782589,2555.0
26259.56090083346,2555.0
26259.56090083346,2429.0
27125.24119522423,2429.0
27125.24119522423,2555.0
28039.103415794674,2555.0
28039.103415794674,2429.0
28339.103415794674,2429.0
28339.103415794674,2555.0
48739.10341579467,2555.0
48739.10341579467,2429.0
49039.10341579467,2429.0
49039.10341579467,2555.0
49639.10341579467,2555.0
49639.10341579467,2667.0
51257.67306550407,2667.0
51257.67306550407,2234.0
54606.499649165205,2234.0
54606.499649165205,2667.0
77127.20455066301,2667.0
77127.20455066301,2883.0
83705.24606066757,2883.0
83705.24606066757,2667.0
86400.000002,2667.0
# temp #5710
0.0,2234.0
61352.463744208224,2234.0
61352.463744208224,2555.0
83058.57234871948,2555.0
83058.57234871948,2429.0
83477.99994593953,2429.0
83477.99994593953,2555.0
86400.000002,2555.0
# temp #5711
0.0,2234.0
41735.61190918554,2234.0
41735.61190918554,2429.0
42128.99771200028,2429.0
42128.99771200028,2555.0
45281.677819951445,2555.0
45281.677819951445,2429.0
65029.828121443294,2429.0
65029.828121443294,2555.0
84432.56102206653,2555.0
84432.56102206653,2429.0
86400.0,2429.0
# temp #5712
0.0,2234.0
14542.377622704955,2234.0
14542.377622704955,2555.0
15298.368250345813,2555.0
15298.368250345813,2429.0
15736.697331257166,2429.0
15736.697331257166,2555.0
17695.804458833303,2555.0
17695.804458833303,2429.0
19007.382855447944,2429.0
19007.382855447944,2555.0
20042.130138049837,2555.0
20042.130138049837,2429.0
76142.13013804983,2429.0
76142.13013804983,2555.0
76442.13013804983,2555.0
76442.13013804983,2667.0
77942.13013804983,2667.0
77942.13013804983,2883.0
79442.13013804983,2883.0
79442.13013804983,2667.0
86400.0,2667.0
# temp #5713
0.0,2234.0
49957.1270643035,2234.0
49957.1270643035,2555.0
74309.50058090968,2555.0
74309.50058090968,2429.0
74810.26054183023,2429.0
74810.26054183023,2555.0
86400.000002,2555.0
# temp #5714
0.0,2234.0
4545.978189865128,2234.0
4545.978189865128,2555.0
22426.396848773587,2555.0
22426.396848773587,2429.0
48481.754892831676,2429.0
48481.754892831676,2234.0
49081.754892831676,2234.0
49081.754892831676,2429.0
67381.75489283167,2429.0
67381.75489283167,2555.0
68881.75489283167,2555.0
68881.75489283167,2429.0
80142.65228149017,2429.0
80142.65228149017,2234.0
86400.0,2234.0
# temp #5715
0.0,2234.0
2966.3405010709544,2234.0
2966.3405010709544,2667.0
37729.73344833591,2667.0
37729.73344833591,2555.0
38539.63544438594,2555.0
38539.63544438594,2667.0
42743.89259393793,2667.0
42743.89259393793,2555.0
43043.89259393793,2555.0
43043.89259393793,2667.0
43343.89259393793,2667.0
43343.89259393793,2555.0
46643.89259393793,2555.0
46643.89259393793,2667.0
72143.89259393793,2667.0
72143.89259393793,2883.0
86400.0,2883.0
# temp #5716
0.0,2234.0
30125.55426929612,2234.0
30125.55426929612,2555.0
43701.264427579015,2555.0
43701.264427579015,2429.0
45792.77825800237,2429.0
45792.77825800237,2234.0
46392.77825800237,2234.0
46392.77825800237,2429.0
48792.77825800237,2429.0
48792.77825800237,2555.0
58992.77825800237,2555.0
58992.77825800237,2667.0
62026.13057547715,2667.0
62026.13057547715,2555.0
75244.86060147174,2555.0
75244.86060147174,2429.0
86400.000002,2429.0
# temp #5717
0.0,2234.0
38449.96530502104,2234.0
38449.96530502104,2017.0
72641.31280411968,2017.0
72641.31280411968,2234.0
86400.000002,2234.0
# temp #5718
0.0,2234.0
8978.40866034385,2234.0
8978.40866034385,2883.0
20078.408660343848,2883.0
20078.408660343848,2555.0
22896.64530884475,2555.0
22896.64530884475,2429.0
71269.38232826069,2429.0
71269.38232826069,2883.0
78931.3840496354,2883.0
78931.3840496354,2667.0
86400.000002,2667.0
# temp #5719
0.0,2234.0
9601.101155206563,2234.0
9601.101155206563,2429.0
10004.981482517907,2429.0
10004.981482517907,2555.0
12294.939970714042,2555.0
12294.939970714042,2429.0
34125.790065410554,2429.0
34125.790065410554,2234.0
36428.94124151208,2234.0
36428.94124151208,2429.0
52174.380715610474,2429.0
52174.380715610474,2555.0
72646.62957277616,2555.0
72646.62957277616,2429.0
82795.39400332143,2429.0
82795.39400332143,2555.0
86400.000002,2555.0
# temp #5720
0.0,2234.0
80987.72189123557,2234.0
80987.72189123557,2555.0
81941.95943679662,2555.0
81941.95943679662,2429.0
86400.0,2429.0
# temp #5721
0.0,2234.0
40217.62806996704,2234.0
40217.62806996704,2429.0
40707.781590381644,2429.0
40707.781590381644,2555.0
41952.08316505887,2555.0
41952.08316505887,2429.0
77120.40714465549,2429.0
77120.40714465549,2555.0
86400.0,2555.0
# temp #5722
0.0,2234.0
29391.864389344122,2234.0
29391.864389344122,2555.0
67110.35540176091,2555.0
67110.35540176091,2429.0
86400.0,2429.0
# temp #5723
0.0,2234.0
68985.28486972209,2234.0
68985.28486972209,2883.0
71385.28486972209,2883.0
71385.28486972209,2667.0
76811.99821501505,2667.0
76811.99821501505,2883.0
86400.0,2883.0
# temp #5724
0.0,2234.0
10692.742259893568,2234.0
10692.742259893568,2883.0
12039.574252115564,2883.0
12039.574252115564,2667.0
20360.889291018248,2667.0
20360.889291018248,2883.0
37107.418080233045,2883.0
37107.418080233045,2667.0
57430.818488169476,2667.0
57430.818488169476,2883.0
68623.20455275477,2883.0
68623.20455275477,2667.0
86400.000002,2667.0
# temp #5725
0.0,2234.0
82358.09416249396,2234.0
82358.09416249396,2555.0
86400.000002,2555.0
# temp #5726
0.0,2234.0
26490.301289199855,2234.0
26490.301289199855,2429.0
27013.62011963502,2429.0
27013.62011963502,2555.0
29229.66217109934,2555.0
29229.66217109934,2429.0
51071.998706460006,2429.0
51071.998706460006,2555.0
62337.72813146935,2555.0
62337.72813146935,2667.0
76868.9348101616,2667.0
76868.9348101616,2883.0
86400.000002,2883.0
# temp #5727
0.0,2234.0
4966.651753289626,2234.0
4966.651753289626,2429.0
5280.706292786636,2429.0
5280.706292786636,2555.0
6341.153282322922,2555.0
6341.153282322922,2429.0
11392.768048192376,2429.0
11392.768048192376,2234.0
35418.583934172064,2234.0
35418.583934172064,2429.0
46770.23271631916,2429.0
46770.23271631916,2234.0
49460.16246699729,2234.0
49460.16246699729,2429.0
64169.72754551099,2429.0
64169.72754551099,2555.0
86400.000002,2555.0
# temp #5728
0.0,2234.0
30905.59057630599,2234.0
30905.59057630599,2017.0
39844.48661645875,2017.0
39844.48661645875,2234.0
57255.36048542709,2234.0
57255.36048542709,2017.0
85353.96642875859,2017.0
85353.96642875859,2234.0
86400.0,2234.0
# temp #5729
0.0,2234.0
26055.909274751324,2234.0
26055.909274751324,2017.0
57815.27814022266,2017.0
57815.27814022266,2234.0
62753.180303284906,2234.0
62753.180303284906,2017.0
86400.000002,2017.0
# temp #5730
0.0,2234.0
8025.0252701807785,2234.0
8025.0252701807785,2667.0
30453.23816416786,2667.0
30453.23816416786,2555.0
31091.489472985275,2555.0
31091.489472985275,2429.0
48480.09933752475,2429.0
48480.09933752475,2555.0
69077.96808059794,2555.0
69077.96808059794,2667.0
70597.5331404945,2667.0
70597.5331404945,2883.0
79770.31501724852,2883.0
79770.31501724852,2667.0
86400.0,2667.0
# temp #5731
0.0,2234.0
1308.3160697948188,2234.0
1308.3160697948188,2667.0
49529.00732641575,2667.0
49529.00732641575,2555.0
49829.98853491154,2555.0
49829.98853491154,2429.0
72282.77354256717,2429.0
72282.77354256717,2555.0
86392.9805017775,2555.0
86400.000002,2667.0
# temp #5732
0.0,2234.0
4461.239027394914,2234.0
4461.239027394914,2667.0
18765.310092922304,2667.0
18765.310092922304,2555.0
19219.85998274759,2555.0
19219.85998274759,2667.0
49884.93156381884,2667.0
49884.93156381884,2555.0
50184.93156381884,2555.0
50184.93156381884,2667.0
51082.94099012857,2667.0
51082.94099012857,2555.0
51682.94099012857,2555.0
51682.94099012857,2667.0
63151.08577336652,2667.0
63151.08577336652,2234.0
86191.59374863376,2234.0
86191.59374863376,2429.0
86400.0,2429.0
# temp #5733
0.0,2234.0
49452.55206541625,2234.0
49452.55206541625,2555.0
53037.25502605085,2555.0
53037.25502605085,2429.0
53493.04062821903,2429.0
53493.04062821903,2555.0
70758.35286970252,2555.0
70758.35286970252,2429.0
71244.87141540741,2429.0
71244.87141540741,2234.0
86400.000002,2234.0
# temp #5734
0.0,2234.0
5880.120923509822,2234.0
5880.120923509822,2429.0
37980.12092350982,2429.0
37980.12092350982,2555.0
38280.12092350982,2555.0
38280.12092350982,2667.0
42096.51747343596,2667.0
42096.51747343596,2555.0
61583.999247523025,2555.0
61583.999247523025,2429.0
78082.60853877291,2429.0
78082.60853877291,2555.0
86400.000002,2555.0
# temp #5735
0.0,2234.0
10607.852605590599,2234.0
10607.852605590599,2883.0
10990.191959682854,2883.0
10990.191959682854,2667.0
19745.56234977208,2667.0
19745.56234977208,2883.0
36534.53353154474,2883.0
36534.53353154474,2667.0
64156.41801359599,2667.0
64156.41801359599,2555.0
80072.21634148156,2555.0
80072.21634148156,2667.0
86400.0,2667.0
# temp #5736
0.0,2234.0
4644.872817490251,2234.0
4644.872817490251,2667.0
30618.286276445728,2667.0
30618.286276445728,2555.0
31835.370794800114,2555.0
31835.370794800114,2429.0
64367.975766537726,2429.0
64367.975766537726,2555.0
72523.63205510193,2555.0
72523.63205510193,2667.0
86400.000002,2667.0
# temp #5737
0.0,2234.0
17874.90377286449,2234.0
17874.90377286449,2555.0
18867.775959684514,2555.0
18867.775959684514,2429.0
31833.178523671813,2429.0
31833.178523671813,2555.0
51172.15617934708,2555.0
51172.15617934708,2667.0
63804.26805044991,2667.0
63804.26805044991,2555.0
76080.70852810053,2555.0
76080.70852810053,2667.0
83326.26425537748,2667.0
83326.26425537748,2883.0
84544.97544744519,2883.0
84544.97544744519,2667.0
86400.000002,2667.0
# temp #5738
0.0,2234.0
1885.9752012882384,2234.0
1885.9752012882384,2429.0
2185.975201288238,2429.0
2185.975201288238,2234.0
12384.08995983191,2234.0
12384.08995983191,2667.0
46875.84961233661,2667.0
46875.84961233661,2555.0
47433.42964919285,2555.0
47433.42964919285,2667.0
48280.86698222906,2667.0
48280.86698222906,2883.0
67757.25531578065,2883.0
67757.25531578065,2429.0
84993.38702978568,2429.0
84993.38702978568,2555.0
86400.000002,2555.0
# temp #5739
0.0,2234.0
17219.93736906443,2234.0
17219.93736906443,2883.0
28319.93736906443,2883.0
28319.93736906443,2555.0
34001.733169262305,2555.0
34001.733169262305,2667.0
71421.62938287949,2667.0
71421.62938287949,2555.0
86400.0,2555.0
# temp #5740
0.0,2234.0
15344.594698701987,2234.0
15344.594698701987,2555.0
46490.83855238278,2555.0
46490.83855238278,2429.0
46827.41340456997,2429.0
46827.41340456997,2555.0
57074.08507566434,2555.0
57074.08507566434,2429.0
58307.489560148686,2429.0
58307.489560148686,2555.0
59687.45410123375,2555.0
59687.45410123375,2429.0
59987.45410123375,2429.0
59987.45410123375,2555.0
80387.45410123376,2555.0
80387.45410123376,2429.0
80687.45410123376,2429.0
80687.45410123376,2555.0
81287.45410123376,2555.0
81287.45410123376,2667.0
86400.0,2667.0
# temp #5741
0.0,2234.0
11888.070714776406,2234.0
11888.070714776406,2555.0
39380.384654807865,2555.0
39380.384654807865,2429.0
39840.854980959564,2429.0
39840.854980959564,2555.0
40649.62055459619,2555.0
40649.62055459619,2429.0
41467.25901479368,2429.0
41467.25901479368,2234.0
62325.76992614196,2234.0
62325.76992614196,2429.0
86400.000002,2429.0
# temp #5742
0.0,2234.0
18570.68231427111,2234.0
18570.68231427111,2017.0
70870.6623434555,2017.0
70870.6623434555,2234.0
86400.0,2234.0
# temp #5743
0.0,2234.0
55404.23885998317,2234.0
55404.23885998317,2555.0
77950.74549531566,2555.0
77950.74549531566,2429.0
78337.8699475201,2429.0
78337.8699475201,2555.0
86400.0,2555.0
# temp #5744
0.0,2234.0
5000.875239260496,2234.0
5000.875239260496,2667.0
38988.08673969471,2667.0
38988.08673969471,2555.0
39659.09572304227,2555.0
39659.09572304227,2667.0
57059.26307884512,2667.0
57059.26307884512,2555.0
57359.26307884512,2555.0
57359.26307884512,2667.0
57993.3683469426,2667.0
57993.3683469426,2555.0
58593.3683469426,2555.0
58593.3683469426,2667.0
86400.0,2667.0
# temp #5745
0.0,2234.0
67872.86533713342,2234.0
67872.86533713342,2555.0
71569.30388363545,2555.0
71569.30388363545,2667.0
72044.64929639363,2667.0
72044.64929639363,2555.0
72344.64929639363,2555.0
72344.64929639363,2667.0
75944.64929639363,2667.0
75944.64929639363,2555.0
77444.64929639363,2555.0
77444.64929639363,2429.0
80014.0942084836,2429.0
80014.0942084836,2234.0
86400.0,2234.0
# temp #5746
0.0,2234.0
5058.200256200508,2234.0
5058.200256200508,2555.0
5582.680437806995,2555.0
5582.680437806995,2667.0
6164.451143774205,2667.0
6164.451143774205,2555.0
6464.451143774205,2555.0
6464.451143774205,2667.0
33164.451143774204,2667.0
33164.451143774204,2555.0
49064.451143774204,2555.0
49064.451143774204,2234.0
52664.451143774204,2234.0
52664.451143774204,2429.0
62564.451143774204,2429.0
62564.451143774204,2555.0
63164.451143774204,2555.0
63164.451143774204,2667.0
75464.4511437742,2667.0
75464.4511437742,2883.0
86400.000002,2883.0
# temp #5747
0.0,2234.0
23748.980255308565,2234.0
23748.980255308565,2429.0
30648.980255308565,2429.0
30648.980255308565,2555.0
32448.980255308565,2555.0
32448.980255308565,2429.0
45348.98025530856,2429.0
45348.98025530856,2234.0
45648.98025530856,2234.0
45648.98025530856,2017.0
45948.98025530856,2017.0
45948.98025530856,2234.0
46248.98025530856,2234.0
46248.98025530856,2017.0
60024.51817381662,2017.0
60024.51817381662,2234.0
64353.05824668613,2234.0
64353.05824668613,2667.0
67945.47155625187,2667.0
67945.47155625187,2555.0
73959.74587728271,2555.0
73959.74587728271,2667.0
83123.78976980691,2667.0
83123.78976980691,2555.0
86400.000002,2555.0
# temp #5748
0.0,2234.0
12914.259683294224,2234.0
12914.259683294224,2883.0
13849.990323325621,2883.0
13849.990323325621,2667.0
20490.404238668274,2667.0
20490.404238668274,2883.0
33636.326804501005,2883.0
33636.326804501005,2429.0
64769.895767583526,2429.0
64769.895767583526,2555.0
86400.0,2555.0
# temp #5749
0.0,2234.0
19390.38151300047,2234.0
19390.38151300047,2555.0
45468.63378190902,2555.0
45468.63378190902,2429.0
45841.20550530498,2429.0
45841.20550530498,2555.0
57091.941229021184,2555.0
57091.941229021184,2429.0
57640.4625870986,2429.0
57640.4625870986,2234.0
80129.01295954363,2234.0
80129.01295954363,2429.0
86400.000002,2429.0
# temp #5750
0.0,2234.0
27449.082718323916,2234.0
27449.082718323916,2555.0
31121.559158060703,2555.0
31121.559158060703,2667.0
53126.14922518843,2667.0
53126.14922518843,2555.0
66972.86739810371,2555.0
66972.86739810371,2667.0
86400.0,2667.0
# temp #5751
0.0,2234.0
12314.565110066907,2234.0
12314.565110066907,2017.0
16146.946001099424,2017.0
16146.946001099424,2234.0
62664.908721903346,2234.0
62664.908721903346,2017.0
77224.00320419112,2017.0
77224.00320419112,2234.0
86400.000002,2234.0
# temp #5752
0.0,2234.0
43928.68779231795,2234.0
43928.68779231795,2555.0
69638.57727125289,2555.0
69638.57727125289,2429.0
79406.6852733493,2429.0
79406.6852733493,2234.0
79706.6852733493,2234.0
79706.6852733493,2017.0
86400.0,2017.0
# temp #5753
0.0,2234.0
7738.060598191807,2234.0
7738.060598191807,2667.0
45018.81199227647,2667.0
45018.81199227647,2555.0
46376.35068520904,2555.0
46376.35068520904,2667.0
57969.267528620556,2667.0
57969.267528620556,2555.0
60969.267528620556,2555.0
60969.267528620556,2667.0
86400.000002,2667.0
# temp #5754
0.0,2234.0
21966.238297149543,2234.0
21966.238297149543,2429.0
22566.238297149543,2429.0
22566.238297149543,2555.0
27459.196813032035,2555.0
27459.196813032035,2429.0
59074.06951391605,2429.0
59074.06951391605,2555.0
64572.21764533316,2555.0
64572.21764533316,2429.0
86400.000002,2429.0
# temp #5755
0.0,2234.0
8575.782037409956,2234.0
8575.782037409956,2555.0
10901.308779395187,2555.0
10901.308779395187,2429.0
11393.68839855306,2429.0
11393.68839855306,2555.0
25180.783878802325,2555.0
25180.783878802325,2429.0
25636.302479985174,2429.0
25636.302479985174,2555.0
26120.25975964498,2555.0
26120.25975964498,2429.0
26420.25975964498,2429.0
26420.25975964498,2555.0
26720.25975964498,2555.0
26720.25975964498,2429.0
27320.25975964498,2429.0
27320.25975964498,2555.0
28096.20988823008,2555.0
28096.20988823008,2429.0
52799.59916726221,2429.0
52799.59916726221,2234.0
67773.0251959758,2234.0
67773.0251959758,2667.0
86400.000002,2667.0
# temp #5756
0.0,2234.0
48920.33122885042,2234.0
48920.33122885042,2429.0
49220.33122885042,2429.0
49220.33122885042,2234.0
58197.85826965236,2234.0
58197.85826965236,2667.0
72458.50718112198,2667.0
72458.50718112198,2555.0
84898.5643949127,2555.0
84898.5643949127,2667.0
86400.0,2667.0
# temp #5757
0.0,2234.0
35296.25285672956,2234.0
35296.25285672956,2429.0
35861.54835303315,2429.0
35861.54835303315,2234.0
36658.48512158264,2234.0
36658.48512158264,2429.0
38473.056835052565,2429.0
38473.056835052565,2234.0
60495.189301623046,2234.0
60495.189301623046,2429.0
61994.57032126376,2429.0
61994.57032126376,2555.0
62323.13676816413,2555.0
62323.13676816413,2429.0
62623.13676816413,2429.0
62623.13676816413,2555.0
83023.13676816413,2555.0
83023.13676816413,2429.0
83323.13676816413,2429.0
83323.13676816413,2555.0
83923.13676816413,2555.0
83923.13676816413,2667.0
86400.0,2667.0
# temp #5758
0.0,2234.0
1498.7943045096474,2234.0
1498.7943045096474,2667.0
12489.27362537943,2667.0
12489.27362537943,2555.0
13838.921889150517,2555.0
13838.921889150517,2667.0
47448.01253867336,2667.0
47448.01253867336,2555.0
47748.01253867336,2555.0
47748.01253867336,2667.0
48502.580752805814,2667.0
48502.580752805814,2555.0
49102.580752805814,2555.0
49102.580752805814,2667.0
86400.0,2667.0
# temp #5759
0.0,2234.0
36209.18486975134,2234.0
36209.18486975134,2429.0
36647.54728549161,2429.0
36647.54728549161,2234.0
37266.01020230447,2234.0
37266.01020230447,2429.0
40909.79343589862,2429.0
40909.79343589862,2234.0
56117.00331657194,2234.0
56117.00331657194,2429.0
56875.017463322736,2429.0
56875.017463322736,2234.0
75860.87939254941,2234.0
75860.87939254941,2667.0
86400.000002,2667.0
# temp #5760
0.0,2234.0
58086.289658490576,2234.0
58086.289658490576,2555.0
86400.000002,2555.0
# temp #5761
0.0,2234.0
26821.99569116347,2234.0
26821.99569116347,2555.0
31519.675338710662,2555.0
31519.675338710662,2667.0
31863.25349856634,2667.0
31863.25349856634,2555.0
32163.25349856634,2555.0
32163.25349856634,2667.0
35763.253498566344,2667.0
35763.253498566344,2555.0
37263.253498566344,2555.0
37263.253498566344,2429.0
43249.85039485619,2429.0
43249.85039485619,2234.0
57506.24027748127,2234.0
57506.24027748127,2429.0
82503.96906996613,2429.0
82503.96906996613,2555.0
83004.64455729818,2555.0
83004.64455729818,2667.0
86400.0,2667.0
# temp #5762
0.0,2234.0
3285.0445622345437,2234.0
3285.0445622345437,2667.0
43394.50922200923,2667.0
43394.50922200923,2555.0
44384.8648325773,2555.0
44384.8648325773,2667.0
81566.66707398837,2667.0
81566.66707398837,2555.0
81866.66707398837,2555.0
81866.66707398837,2667.0
82166.66707398837,2667.0
82166.66707398837,2555.0
85466.66707398837,2555.0
85466.66707398837,2667.0
86400.000002,2667.0
# temp #5763
0.0,2234.0
27674.43450316787,2234.0
27674.43450316787,2017.0
78199.1391466465,2017.0
78199.1391466465,2234.0
86400.0,2234.0
# temp #5764
0.0,2234.0
38070.60719244183,2234.0
38070.60719244183,2555.0
40799.52241955326,2555.0
40799.52241955326,2667.0
41251.29796187394,2667.0
41251.29796187394,2555.0
41551.29796187394,2555.0
41551.29796187394,2667.0
45151.29796187394,2667.0
45151.29796187394,2555.0
46651.29796187394,2555.0
46651.29796187394,2429.0
51261.08358884231,2429.0
51261.08358884231,2234.0
69991.90843077378,2234.0
69991.90843077378,2429.0
86400.0,2429.0
# temp #5765
0.0,2234.0
81978.2154117711,2234.0
81978.2154117711,2555.0
86400.000002,2555.0
# temp #5766
0.0,2234.0
1972.3077655769885,2234.0
1972.3077655769885,2883.0
3098.562032589689,2883.0
3098.562032589689,2667.0
11522.315533692017,2667.0
11522.315533692017,2883.0
21531.667331932113,2883.0
21531.667331932113,2667.0
39617.06611560658,2667.0
39617.06611560658,2555.0
45369.85468436033,2555.0
45369.85468436033,2667.0
80894.79682054372,2667.0
80894.79682054372,2555.0
86400.0,2555.0
# temp #5767
0.0,2234.0
7786.76972994581,2234.0
7786.76972994581,2555.0
11461.704286281021,2555.0
11461.704286281021,2667.0
21361.70428628102,2667.0
21361.70428628102,2555.0
24511.387850437317,2555.0
24511.387850437317,2429.0
44774.66149914545,2429.0
44774.66149914545,2555.0
76678.88076170349,2555.0
76678.88076170349,2429.0
86400.0,2429.0
# temp #5768
0.0,2234.0
18730.899130180478,2234.0
18730.899130180478,2429.0
19330.899130180478,2429.0
19330.899130180478,2555.0
22836.331500113014,2555.0
22836.331500113014,2429.0
24968.5798262246,2429.0
24968.5798262246,2555.0
35180.58958416805,2555.0
35180.58958416805,2667.0
52773.70242322796,2667.0
52773.70242322796,2555.0
55707.46808631812,2555.0
55707.46808631812,2429.0
86400.0,2429.0
# temp #5769
0.0,2234.0
24692.77555542067,2234.0
24692.77555542067,2017.0
42278.359522065155,2017.0
42278.359522065155,2234.0
86400.000002,2234.0
# temp #5770
0.0,2234.0
50769.787492789335,2234.0
50769.787492789335,2555.0
70966.70058248566,2555.0
70966.70058248566,2667.0
86400.000002,2667.0
# temp #5771
0.0,2234.0
62786.99655532837,2234.0
62786.99655532837,2555.0
72945.45255478006,2555.0
72945.45255478006,2234.0
73324.64481310453,2234.0
73324.64481310453,2667.0
84365.18686346244,2667.0
84365.18686346244,2883.0
86400.000002,2883.0
# temp #5772
0.0,2234.0
8564.000306557866,2234.0
8564.000306557866,2017.0
37997.251731203876,2017.0
37997.251731203876,2234.0
46267.708701035015,2234.0
46267.708701035015,2017.0
86400.0,2017.0
# temp #5773
0.0,2234.0
13972.064348682763,2234.0
13972.064348682763,2429.0
14458.817122271286,2429.0
14458.817122271286,2555.0
16956.564105441797,2555.0
16956.564105441797,2429.0
31341.795941675085,2429.0
31341.795941675085,2883.0
40153.28072248959,2883.0
40153.28072248959,2667.0
45791.133474837996,2667.0
45791.133474837996,2234.0
57188.38711855934,2234.0
57188.38711855934,2667.0
61962.49136694242,2667.0
61962.49136694242,2555.0
66977.8250879841,2555.0
66977.8250879841,2667.0
86400.0,2667.0
# temp #5774
0.0,2234.0
59092.28042315227,2234.0
59092.28042315227,2555.0
73816.37845218649,2555.0
73816.37845218649,2429.0
74272.978493711,2429.0
74272.978493711,2555.0
86400.000002,2555.0
# temp #5775
0.0,2234.0
24066.12670803443,2234.0
24066.12670803443,2017.0
37010.807625297464,2017.0
37010.807625297464,2234.0
77824.45502830671,2234.0
77824.45502830671,2017.0
86400.000002,2017.0
# temp #5776
0.0,2234.0
74455.70473191328,2234.0
74455.70473191328,2555.0
86400.000002,2555.0
# temp #5777
0.0,2234.0
33087.03691496049,2234.0
33087.03691496049,2555.0
36290.18426046242,2555.0
36290.18426046242,2667.0
36608.581301104285,2667.0
36608.581301104285,2555.0
42608.581301104285,2555.0
42608.581301104285,2429.0
45008.581301104285,2429.0
45008.581301104285,2234.0
48608.581301104285,2234.0
48608.581301104285,2429.0
49808.581301104285,2429.0
49808.581301104285,2234.0
55508.581301104285,2234.0
55508.581301104285,2429.0
86400.0,2429.0
# temp #5778
0.0,2234.0
4016.617070487701,2234.0
4016.617070487701,2883.0
5746.554964478129,2883.0
5746.554964478129,2667.0
12930.950384563768,2667.0
12930.950384563768,2883.0
20566.069004405294,2883.0
20566.069004405294,2429.0
37724.07662796323,2429.0
37724.07662796323,2555.0
51851.821854827,2555.0
51851.821854827,2667.0
60678.402717201985,2667.0
60678.402717201985,2234.0
71923.55542459992,2234.0
71923.55542459992,2667.0
86400.0,2667.0
# temp #5779
0.0,2234.0
8353.88846830465,2234.0
8353.88846830465,2667.0
35364.23114638311,2667.0
35364.23114638311,2555.0
36035.52239255515,2555.0
36035.52239255515,2429.0
60186.24880725985,2429.0
60186.24880725985,2555.0
79307.74761107752,2555.0
79307.74761107752,2429.0
86400.000002,2429.0
# temp #5780
0.0,2234.0
14613.448885828258,2234.0
14613.448885828258,2017.0
53971.64948615246,2017.0
53971.64948615246,2234.0
75956.61481772551,2234.0
75956.61481772551,2017.0
86400.0,2017.0
# temp #5781
0.0,2234.0
570.7060276530683,2234.0
570.7060276530683,2017.0
55928.93989901059,2017.0
55928.93989901059,2234.0
62016.98715635576,2234.0
62016.98715635576,2017.0
69515.59597738089,2017.0
69515.59597738089,2234.0
77775.07910812275,2234.0
77775.07910812275,2017.0
86400.000002,2017.0
# temp #5782
0.0,2234.0
8267.703235801311,2234.0
8267.703235801311,2883.0
8844.587756926196,2883.0
8844.587756926196,2667.0
13664.64761781972,2667.0
13664.64761781972,2883.0
38552.65524492134,2883.0
38552.65524492134,2429.0
67208.42294711621,2429.0
67208.42294711621,2234.0
84412.50942321496,2234.0
84412.50942321496,2667.0
86400.0,2667.0
# temp #5783
0.0,2234.0
2933.14685986843,2234.0
2933.14685986843,2555.0
4893.175842426718,2555.0
4893.175842426718,2667.0
5227.900852030144,2667.0
5227.900852030144,2555.0
5527.900852030144,2555.0
5527.900852030144,2667.0
9127.900852030143,2667.0
9127.900852030143,2555.0
10627.900852030143,2555.0
10627.900852030143,2429.0
16466.878441977315,2429.0
16466.878441977315,2234.0
30922.75392003358,2234.0
30922.75392003358,2429.0
33480.07995318622,2429.0
33480.07995318622,2555.0
37069.78922942654,2555.0
37069.78922942654,2667.0
66099.7777480865,2667.0
66099.7777480865,2234.0
70158.27715073248,2234.0
70158.27715073248,2429.0
86400.0,2429.0
# temp #5784
0.0,2234.0
36749.311122042134,2234.0
36749.311122042134,2555.0
59756.93437701558,2555.0
59756.93437701558,2429.0
60113.13916216606,2429.0
60113.13916216606,2555.0
68142.97560718843,2555.0
68142.97560718843,2429.0
69474.82202318498,2429.0
69474.82202318498,2555.0
69961.05496245438,2555.0
69961.05496245438,2429.0
70261.05496245438,2429.0
70261.05496245438,2555.0
70561.05496245438,2555.0
70561.05496245438,2429.0
71161.05496245438,2429.0
71161.05496245438,2555.0
74821.82399402374,2555.0
74821.82399402374,2429.0
85625.28478188907,2429.0
85625.28478188907,2555.0
86400.000002,2555.0
# temp #5785
0.0,2234.0
56400.65142824315,2234.0
56400.65142824315,2555.0
83046.34963679129,2555.0
83046.34963679129,2429.0
83421.74019052183,2429.0
83421.74019052183,2555.0
86400.0,2555.0
# temp #5786
0.0,2234.0
53242.14998306707,2234.0
53242.14998306707,2555.0
82542.78799560854,2555.0
82542.78799560854,2429.0
86400.000002,2429.0
# temp #5787
0.0,2234.0
77873.62832715736,2234.0
77873.62832715736,2555.0
80472.12235461922,2555.0
80472.12235461922,2667.0
86400.0,2667.0
# temp #5788
0.0,2234.0
67715.79687504563,2234.0
67715.79687504563,2555.0
77540.72084503714,2555.0
77540.72084503714,2234.0
86400.0,2234.0
# temp #5789
0.0,2234.0
40327.55272504874,2234.0
40327.55272504874,2555.0
48900.98873306998,2555.0
48900.98873306998,2429.0
49411.61816760433,2429.0
49411.61816760433,2555.0
70614.33765075637,2555.0
70614.33765075637,2429.0
71304.37530640048,2429.0
71304.37530640048,2555.0
72244.39309572337,2555.0
72244.39309572337,2429.0
72544.39309572337,2429.0
72544.39309572337,2555.0
86400.0,2555.0
# temp #5790
0.0,2234.0
14731.839678436521,2234.0
14731.839678436521,2883.0
25831.83967843652,2883.0
25831.83967843652,2555.0
46483.973756153144,2555.0
46483.973756153144,2667.0
74059.65430042708,2667.0
74059.65430042708,2234.0
86400.0,2234.0
# temp #5791
0.0,2234.0
19379.091082094237,2234.0
19379.091082094237,2429.0
19810.649772151373,2429.0
19810.649772151373,2234.0
20452.082365192473,2234.0
20452.082365192473,2429.0
25818.70653689839,2429.0
25818.70653689839,2234.0
44398.793342057616,2234.0
44398.793342057616,2429.0
45467.04207742587,2429.0
45467.04207742587,2555.0
46423.291091434665,2555.0
46423.291091434665,2429.0
86400.000002,2429.0
# temp #5792
0.0,2234.0
66332.76581133252,2234.0
66332.76581133252,2555.0
73883.66603634787,2555.0
73883.66603634787,2429.0
74252.32769215947,2429.0
74252.32769215947,2555.0
83238.58030778357,2555.0
83238.58030778357,2429.0
84168.28928492033,2429.0
84168.28928492033,2555.0
84801.92537144759,2555.0
84801.92537144759,2429.0
85101.92537144759,2429.0
85101.92537144759,2555.0
86400.0,2555.0
# temp #5793
0.0,2234.0
31301.962869660932,2234.0
31301.962869660932,2555.0
39764.424799382694,2555.0
39764.424799382694,2429.0
40177.2676977329,2429.0
40177.2676977329,2555.0
61652.110638865284,2555.0
61652.110638865284,2429.0
62425.75344156941,2429.0
62425.75344156941,2555.0
63503.40455558618,2555.0
63503.40455558618,2429.0
63803.40455558618,2429.0
63803.40455558618,2555.0
64103.40455558618,2555.0
64103.40455558618,2429.0
64703.40455558618,2429.0
64703.40455558618,2555.0
69079.77056291421,2555.0
69079.77056291421,2429.0
83756.64551085794,2429.0
83756.64551085794,2234.0
86400.000002,2234.0
# temp #5794
0.0,2234.0
34209.884199919186,2234.0
34209.884199919186,2429.0
41109.884199919186,2429.0
41109.884199919186,2555.0
42909.884199919186,2555.0
42909.884199919186,2429.0
55809.884199919186,2429.0
55809.884199919186,2234.0
56109.884199919186,2234.0
56109.884199919186,2017.0
56409.884199919186,2017.0
56409.884199919186,2234.0
56709.884199919186,2234.0
56709.884199919186,2017.0
72684.71902075691,2017.0
72684.71902075691,2234.0
83873.81514587907,2234.0
83873.81514587907,2667.0
86400.000002,2667.0
# temp #5795
0.0,2234.0
49909.04190677684,2234.0
49909.04190677684,2883.0
52309.04190677684,2883.0
52309.04190677684,2667.0
72946.15811936092,2667.0
72946.15811936092,2883.0
86400.000002,2883.0
# temp #5796
0.0,2234.0
15001.764805172572,2234.0
15001.764805172572,2429.0
47101.76480517257,2429.0
47101.76480517257,2555.0
47401.76480517257,2555.0
47401.76480517257,2667.0
69324.79978641495,2667.0
69324.79978641495,2555.0
81502.15118473861,2555.0
81502.15118473861,2429.0
86400.000002,2429.0
# temp #5797
0.0,2234.0
82338.68890909945,2234.0
82338.68890909945,2555.0
86400.0,2555.0
# temp #5798
0.0,2234.0
44881.47349201609,2234.0
44881.47349201609,2429.0
76981.47349201608,2429.0
76981.47349201608,2555.0
77281.47349201608,2555.0
77281.47349201608,2667.0
86400.0,2667.0
# temp #5799
0.0,2234.0
31181.63026773837,2234.0
31181.63026773837,2555.0
39596.06379030739,2555.0
39596.06379030739,2429.0
39985.546892532155,2429.0
39985.546892532155,2555.0
54839.48704821524,2555.0
54839.48704821524,2429.0
55146.287429588854,2429.0
55146.287429588854,2555.0
56550.69198820275,2555.0
56550.69198820275,2429.0
86400.0,2429.0
# temp #5800
0.0,2234.0
30852.290791086856,2234.0
30852.290791086856,2429.0
31169.052756275054,2429.0
31169.052756275054,2234.0
31850.8313162718,2234.0
31850.8313162718,2429.0
35010.87381094695,2429.0
35010.87381094695,2234.0
42465.518358489506,2234.0
42465.518358489506,2429.0
43209.447085973814,2429.0
43209.447085973814,2234.0
45144.38620128204,2234.0
45144.38620128204,2429.0
61185.58380352334,2429.0
61185.58380352334,2555.0
78090.48135448249,2555.0
78090.48135448249,2667.0
86400.0,2667.0
# temp #5801
0.0,2234.0
40276.36888185516,2234.0
40276.36888185516,2555.0
61016.38969026972,2555.0
61016.38969026972,2429.0
70581.19638548234,2429.0
70581.19638548234,2555.0
72021.43413727173,2555.0
72021.43413727173,2667.0
84409.11140162499,2667.0
84409.11140162499,2555.0
86400.0,2555.0
# temp #5802
0.0,2234.0
3154.788626474329,2234.0
3154.788626474329,2667.0
39310.531109198935,2667.0
39310.531109198935,2555.0
39634.898001607515,2555.0
39634.898001607515,2667.0
74134.76071315819,2667.0
74134.76071315819,2555.0
74434.76071315819,2555.0
74434.76071315819,2667.0
75101.70592444485,2667.0
75101.70592444485,2555.0
75701.70592444485,2555.0
75701.70592444485,2667.0
75823.81815263072,2667.0
75823.81815263072,2555.0
86400.0,2555.0
# temp #5803
0.0,2234.0
17654.236138751734,2234.0
17654.236138751734,2883.0
18490.044709201906,2883.0
18490.044709201906,2667.0
21710.633747256365,2667.0
21710.633747256365,2883.0
24402.394105237912,2883.0
24402.394105237912,2429.0
43083.82013083902,2429.0
43083.82013083902,2555.0
67569.46656075308,2555.0
67569.46656075308,2429.0
69766.39925425408,2429.0
69766.39925425408,2667.0
75000.25103960653,2667.0
75000.25103960653,2234.0
86400.000002,2234.0
# temp #5804
0.0,2234.0
69364.18705957478,2234.0
69364.18705957478,2555.0
82872.6323205745,2555.0
82872.6323205745,2429.0
86400.0,2429.0
# temp #5805
0.0,2234.0
11636.51973854285,2234.0
11636.51973854285,2883.0
13000.449285982178,2883.0
13000.449285982178,2667.0
17332.644687476568,2667.0
17332.644687476568,2883.0
42968.12214120292,2883.0
42968.12214120292,2429.0
47984.499445441186,2429.0
47984.499445441186,2234.0
61070.11417730247,2234.0
61070.11417730247,2429.0
68687.50635925682,2429.0
68687.50635925682,2555.0
74156.44033653663,2555.0
74156.44033653663,2667.0
86400.000002,2667.0
# temp #5806
0.0,2234.0
69861.30128740333,2234.0
69861.30128740333,2883.0
72261.30128740333,2883.0
72261.30128740333,2667.0
86400.0,2667.0
# temp #5807
0.0,2234.0
4390.296352445149,2234.0
4390.296352445149,2667.0
33919.72363202367,2667.0
33919.72363202367,2555.0
35125.827651307925,2555.0
35125.827651307925,2667.0
44282.22695016303,2667.0
44282.22695016303,2555.0
44882.22695016303,2555.0
44882.22695016303,2667.0
63991.98557906785,2667.0
63991.98557906785,2555.0
67907.62222618797,2555.0
67907.62222618797,2429.0
73265.08835507558,2429.0
73265.08835507558,2555.0
86400.000002,2555.0
# temp #5808
0.0,2234.0
30954.118318785917,2234.0
30954.118318785917,2555.0
54156.29173570779,2555.0
54156.29173570779,2429.0
54575.83379417193,2429.0
54575.83379417193,2555.0
78131.04548295961,2555.0
78131.04548295961,2429.0
79155.07961623372,2429.0
79155.07961623372,2555.0
80390.73694255204,2555.0
80390.73694255204,2429.0
80690.73694255204,2429.0
80690.73694255204,2555.0
86400.0,2555.0
# temp #5809
0.0,2234.0
4469.785480527208,2234.0
4469.785480527208,2017.0
20575.865318952132,2017.0
20575.865318952132,2234.0
53730.137731740266,2234.0
53730.137731740266,2017.0
71191.42040731387,2017.0
71191.42040731387,2234.0
86400.000002,2234.0
# temp #5810
0.0,2234.0
78751.23314391823,2234.0
78751.23314391823,2555.0
86400.000002,2555.0
# temp #5811
0.0,2234.0
22409.513333486397,2234.0
22409.513333486397,2017.0
55496.47831250915,2017.0
55496.47831250915,2234.0
80522.18399816194,2234.0
80522.18399816194,2017.0
86400.0,2017.0
# temp #5812
0.0,2234.0
29527.944488637153,2234.0
29527.944488637153,2017.0
50248.986432468526,2017.0
50248.986432468526,2234.0
80255.78655735591,2234.0
80255.78655735591,2017.0
86400.0,2017.0
# temp #5813
0.0,2234.0
26592.221878236163,2234.0
26592.221878236163,2429.0
58692.22187823616,2429.0
58692.22187823616,2555.0
58992.22187823616,2555.0
58992.22187823616,2667.0
86400.0,2667.0
# temp #5814
0.0,2234.0
20740.906988200735,2234.0
20740.906988200735,2555.0
24760.686583234932,2555.0
24760.686583234932,2429.0
37640.96932725516,2429.0
37640.96932725516,2234.0
38240.96932725516,2234.0
38240.96932725516,2429.0
40640.96932725516,2429.0
40640.96932725516,2555.0
50840.96932725516,2555.0
50840.96932725516,2667.0
86400.000002,2667.0
# temp #5815
0.0,2234.0
7330.635758349673,2234.0
7330.635758349673,2429.0
7855.05058199633,2429.0
7855.05058199633,2555.0
11567.585535650143,2555.0
11567.585535650143,2429.0
11905.462092300879,2429.0
11905.462092300879,2234.0
38776.81294174399,2234.0
38776.81294174399,2429.0
70770.04280460534,2429.0
70770.04280460534,2555.0
72141.89223933501,2555.0
72141.89223933501,2667.0
86400.000002,2667.0
# temp #5816
0.0,2234.0
20487.92739529163,2234.0
20487.92739529163,2555.0
49546.86547592283,2555.0
49546.86547592283,2429.0
83439.06707391144,2429.0
83439.06707391144,2234.0
84039.06707391144,2234.0
84039.06707391144,2429.0
86400.000002,2429.0
# temp #5817
0.0,2234.0
43308.57710384299,2234.0
43308.57710384299,2429.0
43891.61183349789,2429.0
43891.61183349789,2555.0
46362.35170885921,2555.0
46362.35170885921,2429.0
62263.30020935276,2429.0
62263.30020935276,2555.0
86400.0,2555.0
# temp #5818
0.0,2234.0
26629.737178981308,2234.0
26629.737178981308,2555.0
62165.70689356887,2555.0
62165.70689356887,2429.0
86400.0,2429.0
# temp #5819
0.0,2234.0
34782.19846752473,2234.0
34782.19846752473,2555.0
57728.60028217548,2555.0
57728.60028217548,2429.0
79414.66790358537,2429.0
79414.66790358537,2234.0
79714.66790358537,2234.0
79714.66790358537,2017.0
86400.000002,2017.0
# temp #5820
0.0,2234.0
9828.300001518803,2234.0
9828.300001518803,2883.0
10292.206108127722,2883.0
10292.206108127722,2667.0
14807.690470106902,2667.0
14807.690470106902,2883.0
30188.357275072492,2883.0
30188.357275072492,2429.0
48597.87991940976,2429.0
48597.87991940976,2555.0
54021.5152591467,2555.0
54021.5152591467,2667.0
70477.2541590035,2667.0
70477.2541590035,2883.0
76010.80318931492,2883.0
76010.80318931492,2667.0
82611.66053214112,2667.0
82611.66053214112,2555.0
86400.0,2555.0
# temp #5821
0.0,2234.0
19218.3532365365,2234.0
19218.3532365365,2429.0
19551.197631494146,2429.0
19551.197631494146,2555.0
22515.71294164751,2555.0
22515.71294164751,2429.0
35663.57721837704,2429.0
35663.57721837704,2555.0
38459.469228540554,2555.0
38459.469228540554,2667.0
72430.04838607741,2667.0
72430.04838607741,2555.0
86400.000002,2555.0
# temp #5822
0.0,2234.0
46810.727430414416,2234.0
46810.727430414416,2555.0
67107.27845770308,2555.0
67107.27845770308,2429.0
74529.84566059896,2429.0
74529.84566059896,2234.0
75129.84566059896,2234.0
75129.84566059896,2429.0
86400.000002,2429.0
# temp #5823
0.0,2234.0
21392.097234330144,2234.0
21392.097234330144,2429.0
21728.77450101078,2429.0
21728.77450101078,2555.0
26808.727051690224,2555.0
26808.727051690224,2429.0
34767.01089448762,2429.0
34767.01089448762,2555.0
57674.471865780666,2555.0
57674.471865780666,2429.0
84619.85459569843,2429.0
84619.85459569843,2555.0
86400.000002,2555.0
# temp #5824
0.0,2234.0
1713.0019876873123,2234.0
1713.0019876873123,2667.0
2032.3476353427397,2667.0
2032.3476353427397,2555.0
3208.0850157653913,2555.0
3208.0850157653913,2667.0
41421.86310156249,2667.0
41421.86310156249,2555.0
41721.86310156249,2555.0
41721.86310156249,2667.0
42449.401007127024,2667.0
42449.401007127024,2555.0
43049.401007127024,2555.0
43049.401007127024,2667.0
70461.50706599002,2667.0
70461.50706599002,2555.0
77943.28687805684,2555.0
77943.28687805684,2429.0
86400.0,2429.0
# temp #5825
0.0,2234.0
4453.573005809449,2234.0
4453.573005809449,2883.0
5971.412422391586,2883.0
5971.412422391586,2667.0
15542.223236267455,2667.0
15542.223236267455,2883.0
21563.298494112678,2883.0
21563.298494112678,2667.0
46434.779655584134,2667.0
46434.779655584134,2555.0
54430.4273566464,2555.0
54430.4273566464,2667.0
85663.25501811226,2667.0
85663.25501811226,2555.0
86400.000002,2555.0
# temp #5826
0.0,2234.0
24128.372278623287,2234.0
24128.372278623287,2429.0
24728.372278623287,2429.0
24728.372278623287,2555.0
25225.248627550904,2555.0
25225.248627550904,2429.0
32064.294036780488,2429.0
32064.294036780488,2555.0
67200.55182580838,2555.0
67200.55182580838,2429.0
85199.1809289437,2429.0
85199.1809289437,2555.0
86400.000002,2555.0
# temp #5827
0.0,2234.0
6891.577035142111,2234.0
6891.577035142111,2667.0
42753.736915974885,2667.0
42753.736915974885,2555.0
43626.076072803706,2555.0
43626.076072803706,2667.0
65464.226908748984,2667.0
65464.226908748984,2555.0
65764.22690874898,2555.0
65764.22690874898,2429.0
74649.33544476518,2429.0
74649.33544476518,2234.0
78971.03098765948,2234.0
78971.03098765948,2667.0
86400.0,2667.0
# temp #5828
0.0,2234.0
4081.290209968575,2234.0
4081.290209968575,2883.0
5806.894119037316,2883.0
5806.894119037316,2667.0
8172.966652759352,2667.0
8172.966652759352,2883.0
30339.85911807977,2883.0
30339.85911807977,2429.0
38132.22573115491,2429.0
38132.22573115491,2234.0
50315.08836506401,2234.0
50315.08836506401,2429.0
61699.45229014848,2429.0
61699.45229014848,2883.0
76171.36159606745,2883.0
76171.36159606745,2429.0
86400.0,2429.0
# temp #5829
0.0,2234.0
2943.592206062749,2234.0
2943.592206062749,2883.0
4712.796804285608,2883.0
4712.796804285608,2667.0
7390.425933036022,2667.0
7390.425933036022,2883.0
21960.87261296343,2883.0
21960.87261296343,2667.0
30774.12618992385,2667.0
30774.12618992385,2883.0
60288.84971207009,2883.0
60288.84971207009,2429.0
73260.18874479925,2429.0
73260.18874479925,2555.0
75630.8293440845,2555.0
75630.8293440845,2429.0
86400.0,2429.0
# temp #5830
0.0,2234.0
36927.98373196275,2234.0
36927.98373196275,2555.0
62531.666312785834,2555.0
62531.666312785834,2429.0
86400.0,2429.0
# temp #5831
0.0,2234.0
3143.6977089615543,2234.0
3143.6977089615543,2667.0
49685.6175960973,2667.0
49685.6175960973,2555.0
50716.402926016606,2555.0
50716.402926016606,2667.0
71740.01576760785,2667.0
71740.01576760785,2555.0
72040.01576760785,2555.0
72040.01576760785,2667.0
72340.01576760785,2667.0
72340.01576760785,2555.0
75640.01576760785,2555.0
75640.01576760785,2667.0
86400.0,2667.0
# temp #5832
0.0,2234.0
6544.919500825928,2234.0
6544.919500825928,2667.0
13896.04810983874,2667.0
13896.04810983874,2555.0
14667.704893229531,2555.0
14667.704893229531,2429.0
52447.1317755757,2429.0
52447.1317755757,2555.0
64646.31992855576,2555.0
64646.31992855576,2667.0
86400.0,2667.0
# temp #5833
0.0,2234.0
617.9576925002038,2234.0
617.9576925002038,2017.0
18816.4351830259,2017.0
18816.4351830259,2234.0
58433.290405198946,2234.0
58433.290405198946,2017.0
86400.0,2017.0
# temp #5834
0.0,2234.0
38520.52826425061,2234.0
38520.52826425061,2429.0
45420.52826425061,2429.0
45420.52826425061,2555.0
47220.52826425061,2555.0
47220.52826425061,2429.0
60120.52826425061,2429.0
60120.52826425061,2234.0
60420.52826425061,2234.0
60420.52826425061,2017.0
60720.52826425061,2017.0
60720.52826425061,2234.0
61020.52826425061,2234.0
61020.52826425061,2017.0
76545.3484106809,2017.0
76545.3484106809,2234.0
80965.64625338653,2234.0
80965.64625338653,2429.0
86400.000002,2429.0
# temp #5835
0.0,2234.0
79321.57198665665,2234.0
79321.57198665665,2555.0
86400.000002,2555.0
# temp #5836
0.0,2234.0
1458.112888550386,2234.0
1458.112888550386,2667.0
46822.29482622352,2667.0
46822.29482622352,2555.0
47376.21011256707,2555.0
47376.21011256707,2667.0
85225.63204583713,2667.0
85225.63204583713,2555.0
86400.000002,2555.0
# temp #5837
0.0,2234.0
38103.91475383659,2234.0
38103.91475383659,2555.0
75837.76825109964,2555.0
75837.76825109964,2429.0
85767.19525570517,2429.0
85767.19525570517,2234.0
86067.19525570517,2234.0
86067.19525570517,2017.0
86400.0,2017.0
# temp #5838
0.0,2234.0
32406.029816949744,2234.0
32406.029816949744,2429.0
32996.83243841865,2429.0
32996.83243841865,2555.0
34775.995774799965,2555.0
34775.995774799965,2429.0
43029.26971488632,2429.0
43029.26971488632,2883.0
67855.06875116844,2883.0
67855.06875116844,2429.0
75971.6144874925,2429.0
75971.6144874925,2234.0
86400.0,2234.0
# temp #5839
0.0,2234.0
19817.660465254452,2234.0
19817.660465254452,2429.0
20117.660465254452,2429.0
20117.660465254452,2234.0
34528.99398913142,2234.0
34528.99398913142,2667.0
65034.968755021706,2667.0
65034.968755021706,2555.0
83568.1339482777,2555.0
83568.1339482777,2667.0
86400.000002,2667.0
# temp #5840
0.0,2234.0
551.7950642388314,2234.0
551.7950642388314,2017.0
8221.418976271525,2017.0
8221.418976271525,2234.0
21462.463165959347,2234.0
21462.463165959347,2017.0
32361.03719361127,2017.0
32361.03719361127,2234.0
43535.13306425885,2234.0
43535.13306425885,2017.0
74943.99937307464,2017.0
74943.99937307464,2234.0
86400.000002,2234.0
# temp #5841
0.0,2234.0
6690.677813650111,2234.0
6690.677813650111,2667.0
25877.404525992468,2667.0
25877.404525992468,2555.0
27163.345990539536,2555.0
27163.345990539536,2667.0
35288.447124534294,2667.0
35288.447124534294,2555.0
38288.447124534294,2555.0
38288.447124534294,2667.0
64388.447124534294,2667.0
64388.447124534294,2883.0
86400.0,2883.0
# temp #5842
0.0,2234.0
5128.308881563135,2234.0
5128.308881563135,2667.0
13166.45708391443,2667.0
13166.45708391443,2555.0
14207.87761313841,2555.0
14207.87761313841,2667.0
15329.643964371646,2667.0
15329.643964371646,2555.0
15929.643964371646,2555.0
15929.643964371646,2667.0
37422.36619640608,2667.0
37422.36619640608,2555.0
39189.22550578137,2555.0
39189.22550578137,2429.0
39223.750143544756,2429.0
39223.750143544756,2555.0
64435.15523434618,2555.0
64435.15523434618,2429.0
86400.000002,2429.0
# temp #5843
0.0,2234.0
8775.655831047336,2234.0
8775.655831047336,2883.0
10292.109470721336,2883.0
10292.109470721336,2667.0
15766.499872994611,2667.0
15766.499872994611,2883.0
31819.4534276845,2883.0
31819.4534276845,2667.0
41288.705216255046,2667.0
41288.705216255046,2555.0
70224.32976120619,2555.0
70224.32976120619,2429.0
83485.71685510689,2429.0
83485.71685510689,2555.0
86400.000002,2555.0
# temp #5844
0.0,2234.0
31044.289952237163,2234.0
31044.289952237163,2017.0
35940.67692342215,2017.0
35940.67692342215,2234.0
44397.9201848153,2234.0
44397.9201848153,2017.0
67722.22126694396,2017.0
67722.22126694396,2234.0
86400.0,2234.0
# temp #5845
0.0,2234.0
19077.52165363636,2234.0
19077.52165363636,2429.0
25977.52165363636,2429.0
25977.52165363636,2555.0
27777.52165363636,2555.0
27777.52165363636,2429.0
40677.52165363636,2429.0
40677.52165363636,2234.0
40977.52165363636,2234.0
40977.52165363636,2017.0
41277.52165363636,2017.0
41277.52165363636,2234.0
41577.52165363636,2234.0
41577.52165363636,2017.0
44732.182013452984,2017.0
44732.182013452984,2234.0
60021.46396706812,2234.0
60021.46396706812,2429.0
78528.78583981656,2429.0
78528.78583981656,2883.0
78785.7874356676,2883.0
78785.7874356676,2429.0
86400.000002,2429.0
# temp #5846
0.0,2234.0
28988.683040114123,2234.0
28988.683040114123,2555.0
30293.658243538815,2555.0
30293.658243538815,2667.0
30890.574323083278,2667.0
30890.574323083278,2555.0
31190.574323083278,2555.0
31190.574323083278,2667.0
34790.57432308328,2667.0
34790.57432308328,2555.0
36290.57432308328,2555.0
36290.57432308328,2429.0
55141.37680975255,2429.0
55141.37680975255,2234.0
83087.21268831288,2234.0
83087.21268831288,2429.0
86400.0,2429.0
# temp #5847
0.0,2234.0
4656.588812498377,2234.0
4656.588812498377,2429.0
36756.588812498376,2429.0
36756.588812498376,2555.0
37056.588812498376,2555.0
37056.588812498376,2667.0
63485.40019788779,2667.0
63485.40019788779,2555.0
73565.68765849806,2555.0
73565.68765849806,2667.0
86400.0,2667.0
# temp #5848
0.0,2234.0
41546.91612522584,2234.0
41546.91612522584,2429.0
48446.91612522584,2429.0
48446.91612522584,2555.0
50246.91612522584,2555.0
50246.91612522584,2429.0
63146.91612522584,2429.0
63146.91612522584,2234.0
63446.91612522584,2234.0
63446.91612522584,2017.0
63746.91612522584,2017.0
63746.91612522584,2234.0
64046.91612522584,2234.0
64046.91612522584,2017.0
77117.26482489613,2017.0
77117.26482489613,2234.0
86400.0,2234.0
# temp #5849
0.0,2234.0
7313.028672407382,2234.0
7313.028672407382,2429.0
7613.028672407382,2429.0
7613.028672407382,2234.0
13432.624206575567,2234.0
13432.624206575567,2667.0
38591.19253386744,2667.0
38591.19253386744,2234.0
47057.34305873048,2234.0
47057.34305873048,2429.0
72061.14933982027,2429.0
72061.14933982027,2555.0
77811.79039527198,2555.0
77811.79039527198,2429.0
85569.72355500331,2429.0
85569.72355500331,2883.0
86400.000002,2883.0
# temp #5850
0.0,2234.0
7936.587623739617,2234.0
7936.587623739617,2667.0
16070.155378826898,2667.0
16070.155378826898,2555.0
16791.021017753523,2555.0
16791.021017753523,2667.0
51896.56539845747,2667.0
51896.56539845747,2555.0
52196.56539845747,2555.0
52196.56539845747,2667.0
52496.56539845747,2667.0
52496.56539845747,2555.0
55796.56539845747,2555.0
55796.56539845747,2667.0
81296.56539845746,2667.0
81296.56539845746,2883.0
86400.0,2883.0
# temp #5851
0.0,2234.0
9038.52630914189,2234.0
9038.52630914189,2429.0
9471.33666104637,2429.0
9471.33666104637,2234.0
10264.018525136635,2234.0
10264.018525136635,2429.0
14358.198933536187,2429.0
14358.198933536187,2234.0
21489.758031489328,2234.0
21489.758031489328,2429.0
22302.96877396759,2429.0
22302.96877396759,2234.0
49500.22339511198,2234.0
49500.22339511198,2429.0
51273.43957638369,2429.0
51273.43957638369,2555.0
72156.50987711271,2555.0
72156.50987711271,2429.0
81896.60678948277,2429.0
81896.60678948277,2234.0
86400.000002,2234.0
# temp #5852
0.0,2234.0
20384.88938030787,2234.0
20384.88938030787,2429.0
20684.88938030787,2429.0
20684.88938030787,2234.0
23615.31022859272,2234.0
23615.31022859272,2429.0
70714.01179467795,2429.0
70714.01179467795,2883.0
78758.88906985057,2883.0
78758.88906985057,2667.0
86400.000002,2667.0
# temp #5853
0.0,2234.0
77367.03541274184,2234.0
77367.03541274184,2555.0
83451.17277712563,2555.0
83451.17277712563,2234.0
86400.0,2234.0
# temp #5854
0.0,2234.0
5857.321490370669,2234.0
5857.321490370669,2883.0
6329.238605475985,2883.0
6329.238605475985,2667.0
14894.319151388481,2667.0
14894.319151388481,2883.0
16630.253652040847,2883.0
16630.253652040847,2429.0
30179.079828760587,2429.0
30179.079828760587,2555.0
56750.03789558542,2555.0
56750.03789558542,2429.0
66189.3370545935,2429.0
66189.3370545935,2555.0
86400.000002,2555.0
# temp #5855
0.0,2234.0
29617.851248290393,2234.0
29617.851248290393,2017.0
58246.29159411416,2017.0
58246.29159411416,2234.0
59781.12725615502,2234.0
59781.12725615502,2017.0
86400.0,2017.0
# temp #5856
0.0,2234.0
55899.164763651796,2234.0
55899.164763651796,2429.0
56279.78487163783,2429.0
56279.78487163783,2555.0
57345.69471068681,2555.0
57345.69471068681,2429.0
78956.37287744322,2429.0
78956.37287744322,2555.0
85862.09095939995,2555.0
85862.09095939995,2429.0
86400.0,2429.0
# temp #5857
0.0,2234.0
79723.30513272902,2234.0
79723.30513272902,2883.0
82123.30513272902,2883.0
82123.30513272902,2667.0
86400.0,2667.0
# temp #5858
0.0,2234.0
3416.2707665702333,2234.0
3416.2707665702333,2667.0
37850.77568069101,2667.0
37850.77568069101,2555.0
38967.17260731385,2555.0
38967.17260731385,2667.0
56189.317524083905,2667.0
56189.317524083905,2555.0
56489.317524083905,2555.0
56489.317524083905,2429.0
57060.72760205717,2429.0
57060.72760205717,2234.0
59838.87028489263,2234.0
59838.87028489263,2667.0
68907.28859673256,2667.0
68907.28859673256,2555.0
85684.16918052828,2555.0
85684.16918052828,2429.0
86400.000002,2429.0
# temp #5859
0.0,2234.0
30809.22985542566,2234.0
30809.22985542566,2555.0
66093.12681863086,2555.0
66093.12681863086,2429.0
67649.88059713507,2429.0
67649.88059713507,2555.0
71891.13493727056,2555.0
71891.13493727056,2429.0
81557.17360654382,2429.0
81557.17360654382,2555.0
86400.000002,2555.0
# temp #5860
0.0,2234.0
68972.21055964475,2234.0
68972.21055964475,2555.0
75014.39671854024,2555.0
75014.39671854024,2429.0
75611.02042389104,2429.0
75611.02042389104,2555.0
86400.000002,2555.0
# temp #5861
0.0,2234.0
5930.531925405377,2234.0
5930.531925405377,2667.0
13076.35116549209,2667.0
13076.35116549209,2555.0
13810.715178865941,2555.0
13810.715178865941,2667.0
34598.909450392246,2667.0
34598.909450392246,2555.0
35198.909450392246,2555.0
35198.909450392246,2667.0
52410.77366794926,2667.0
52410.77366794926,2555.0
54184.57525398117,2555.0
54184.57525398117,2429.0
79455.95636854415,2429.0
79455.95636854415,2555.0
86400.0,2555.0
# temp #5862
0.0,2234.0
41681.13623466343,2234.0
41681.13623466343,2883.0
44081.13623466343,2883.0
44081.13623466343,2667.0
68072.63873380143,2667.0
68072.63873380143,2555.0
85773.33189777564,2555.0
85773.33189777564,2429.0
86400.000002,2429.0
# temp #5863
0.0,2234.0
14266.908798948863,2234.0
14266.908798948863,2429.0
14852.037230995486,2429.0
14852.037230995486,2234.0
15556.90459040925,2234.0
15556.90459040925,2429.0
17742.381554190073,2429.0
17742.381554190073,2234.0
21115.015276568014,2234.0
21115.015276568014,2429.0
22342.42963031866,2429.0
22342.42963031866,2555.0
23300.010663410652,2555.0
23300.010663410652,2429.0
79400.01066341065,2429.0
79400.01066341065,2555.0
79700.01066341065,2555.0
79700.01066341065,2667.0
81200.01066341065,2667.0
81200.01066341065,2883.0
82700.01066341065,2883.0
82700.01066341065,2667.0
86400.000002,2667.0
# temp #5864
0.0,2234.0
9446.61370078102,2234.0
9446.61370078102,2555.0
14626.589813176546,2555.0
14626.589813176546,2667.0
14962.632155860778,2667.0
14962.632155860778,2555.0
20962.632155860778,2555.0
20962.632155860778,2429.0
23362.632155860778,2429.0
23362.632155860778,2234.0
26962.632155860778,2234.0
26962.632155860778,2429.0
28162.632155860778,2429.0
28162.632155860778,2234.0
33862.632155860774,2234.0
33862.632155860774,2429.0
67346.98312652763,2429.0
67346.98312652763,2883.0
86400.0,2883.0
# temp #5865
0.0,2234.0
69960.10163321627,2234.0
69960.10163321627,2555.0
86400.000002,2555.0
# temp #5866
0.0,2234.0
8313.09493579902,2234.0
8313.09493579902,2667.0
30350.26387113613,2667.0
30350.26387113613,2555.0
30874.65597053525,2555.0
30874.65597053525,2667.0
42491.75764506218,2667.0
42491.75764506218,2555.0
42791.75764506218,2555.0
42791.75764506218,2429.0
55372.74792187383,2429.0
55372.74792187383,2555.0
63648.987833107836,2555.0
63648.987833107836,2429.0
74422.26432035679,2429.0
74422.26432035679,2555.0
76386.9086491177,2555.0
76386.9086491177,2429.0
86400.0,2429.0
# temp #5867
0.0,2234.0
8621.318720653655,2234.0
8621.318720653655,2017.0
58315.5560117215,2017.0
58315.5560117215,2234.0
73502.01054476203,2234.0
73502.01054476203,2017.0
86400.000002,2017.0
# temp #5868
0.0,2234.0
1744.3969473475593,2234.0
1744.3969473475593,2555.0
19004.33832497802,2555.0
19004.33832497802,2429.0
19367.30494780932,2429.0
19367.30494780932,2555.0
19750.325950048868,2555.0
19750.325950048868,2429.0
21024.742556177083,2429.0
21024.742556177083,2555.0
22438.5351494886,2555.0
22438.5351494886,2429.0
22738.5351494886,2429.0
22738.5351494886,2555.0
43138.5351494886,2555.0
43138.5351494886,2429.0
43438.5351494886,2429.0
43438.5351494886,2555.0
44038.5351494886,2555.0
44038.5351494886,2667.0
86400.0,2667.0
# temp #5869
0.0,2234.0
48126.94122358226,2234.0
48126.94122358226,2555.0
52015.487544843934,2555.0
52015.487544843934,2667.0
58315.487544843934,2667.0
58315.487544843934,2555.0
59515.487544843934,2555.0
59515.487544843934,2429.0
86400.0,2429.0
# temp #5870
0.0,2234.0
10322.750399331564,2234.0
10322.750399331564,2555.0
12606.586275226438,2555.0
12606.586275226438,2667.0
13004.604984540494,2667.0
13004.604984540494,2555.0
19004.604984540496,2555.0
19004.604984540496,2429.0
21404.604984540496,2429.0
21404.604984540496,2234.0
25004.604984540496,2234.0
25004.604984540496,2429.0
26204.604984540496,2429.0
26204.604984540496,2234.0
31904.604984540496,2234.0
31904.604984540496,2429.0
46291.94152993151,2429.0
46291.94152993151,2555.0
65706.94991627244,2555.0
65706.94991627244,2429.0
82701.38257113287,2429.0
82701.38257113287,2555.0
86400.0,2555.0
# temp #5871
0.0,2234.0
23782.142976019535,2234.0
23782.142976019535,2429.0
24153.518442926,2429.0
24153.518442926,2555.0
26918.096880731176,2555.0
26918.096880731176,2429.0
37291.532184253454,2429.0
37291.532184253454,2555.0
43529.0637533879,2555.0
43529.0637533879,2667.0
78435.63370127232,2667.0
78435.63370127232,2555.0
86400.000002,2555.0
# temp #5872
0.0,2234.0
43771.43886722625,2234.0
43771.43886722625,2555.0
77083.24267608115,2555.0
77083.24267608115,2429.0
86400.000002,2429.0
# temp #5873
0.0,2234.0
84173.87771154755,2234.0
84173.87771154755,2555.0
86400.000002,2555.0
# temp #5874
0.0,2234.0
59620.911995507784,2234.0
59620.911995507784,2555.0
64869.50097936206,2555.0
64869.50097936206,2429.0
76804.94492012078,2429.0
76804.94492012078,2234.0
77404.94492012078,2234.0
77404.94492012078,2429.0
79804.94492012078,2429.0
79804.94492012078,2555.0
86400.000002,2555.0
# temp #5875
0.0,2234.0
8544.936409872027,2234.0
8544.936409872027,2667.0
13235.05099753384,2667.0
13235.05099753384,2555.0
13946.187369455587,2555.0
13946.187369455587,2667.0
51609.55476367381,2667.0
51609.55476367381,2555.0
52209.55476367381,2555.0
52209.55476367381,2667.0
73792.90410464165,2667.0
73792.90410464165,2555.0
74171.83234167752,2555.0
74171.83234167752,2429.0
86400.000002,2429.0
# temp #5876
0.0,2234.0
44121.6639768798,2234.0
44121.6639768798,2555.0
82975.55524357596,2555.0
82975.55524357596,2429.0
83314.51625609772,2429.0
83314.51625609772,2555.0
86400.000002,2555.0
# temp #5877
0.0,2234.0
8675.601718411783,2234.0
8675.601718411783,2667.0
16304.683766886596,2667.0
16304.683766886596,2555.0
17409.93994753808,2555.0
17409.93994753808,2429.0
21691.03106358089,2429.0
21691.03106358089,2555.0
54486.50707737544,2555.0
54486.50707737544,2429.0
67244.53539995012,2429.0
67244.53539995012,2234.0
79252.98418994063,2234.0
79252.98418994063,2429.0
86400.000002,2429.0
# temp #5878
0.0,2234.0
64205.35565607717,2234.0
64205.35565607717,2555.0
86400.0,2555.0
# temp #5879
0.0,2234.0
32333.82280475926,2234.0
32333.82280475926,2429.0
32640.030821040276,2429.0
32640.030821040276,2234.0
33342.8908930393,2234.0
33342.8908930393,2429.0
37631.76723921206,2429.0
37631.76723921206,2234.0
40437.5112916343,2234.0
40437.5112916343,2429.0
40836.192501126796,2429.0
40836.192501126796,2234.0
56875.37603646052,2234.0
56875.37603646052,2429.0
86400.000002,2429.0
# temp #5880
0.0,2234.0
8322.055195178838,2234.0
8322.055195178838,2883.0
19422.055195178837,2883.0
19422.055195178837,2555.0
54785.35845943262,2555.0
54785.35845943262,2429.0
77793.43334657607,2429.0
77793.43334657607,2555.0
83892.3799728742,2555.0
83892.3799728742,2667.0
86400.000002,2667.0
# temp #5881
0.0,2234.0
26253.53715636302,2234.0
26253.53715636302,2555.0
42818.98901348469,2555.0
42818.98901348469,2429.0
70778.41879462359,2429.0
70778.41879462359,2234.0
71378.41879462359,2234.0
71378.41879462359,2429.0
86400.0,2429.0
# temp #5882
0.0,2234.0
42079.91223670543,2234.0
42079.91223670543,2429.0
42539.99241180719,2429.0
42539.99241180719,2555.0
44008.27405415476,2555.0
44008.27405415476,2429.0
73347.31146069245,2429.0
73347.31146069245,2883.0
86400.0,2883.0
# temp #5883
0.0,2234.0
81526.75457359293,2234.0
81526.75457359293,2555.0
86400.0,2555.0
# temp #5884
0.0,2234.0
2874.1118768462916,2234.0
2874.1118768462916,2429.0
3174.1118768462916,2429.0
3174.1118768462916,2234.0
16054.649240942674,2234.0
16054.649240942674,2429.0
44710.00800433104,2429.0
44710.00800433104,2555.0
64402.61043605862,2555.0
64402.61043605862,2429.0
81008.85518474971,2429.0
81008.85518474971,2555.0
86400.0,2555.0
# temp #5885
0.0,2234.0
21244.243721198294,2234.0
21244.243721198294,2017.0
72762.85881469959,2017.0
72762.85881469959,2234.0
86400.0,2234.0
# temp #5886
0.0,2234.0
4496.8168577877805,2234.0
4496.8168577877805,2883.0
5005.903688049875,2883.0
5005.903688049875,2667.0
9204.938471526839,2667.0
9204.938471526839,2883.0
20110.649341740645,2883.0
20110.649341740645,2667.0
50182.98939617817,2667.0
50182.98939617817,2883.0
77930.11531352533,2883.0
77930.11531352533,2429.0
86400.0,2429.0
# temp #5887
0.0,2234.0
20449.949246621694,2234.0
20449.949246621694,2429.0
27349.949246621694,2429.0
27349.949246621694,2555.0
29149.949246621694,2555.0
29149.949246621694,2429.0
42049.94924662169,2429.0
42049.94924662169,2234.0
42349.94924662169,2234.0
42349.94924662169,2017.0
42649.94924662169,2017.0
42649.94924662169,2234.0
42949.94924662169,2234.0
42949.94924662169,2017.0
60768.89822857921,2017.0
60768.89822857921,2234.0
83392.31718583034,2234.0
83392.31718583034,2429.0
86400.0,2429.0
# temp #5888
0.0,2234.0
17470.272969966758,2234.0
17470.272969966758,2429.0
18055.266933445822,2429.0
18055.266933445822,2234.0
18939.68359222636,2234.0
18939.68359222636,2429.0
22056.29873746075,2429.0
22056.29873746075,2234.0
24149.224115512337,2234.0
24149.224115512337,2429.0
24998.33574991208,2429.0
24998.33574991208,2555.0
25737.040328211155,2555.0
25737.040328211155,2429.0
26037.040328211155,2429.0
26037.040328211155,2555.0
26337.040328211155,2555.0
26337.040328211155,2429.0
26937.040328211155,2429.0
26937.040328211155,2555.0
29405.398845649328,2555.0
29405.398845649328,2429.0
31978.872793028135,2429.0
31978.872793028135,2555.0
54873.77692821902,2555.0
54873.77692821902,2429.0
61108.6764540989,2429.0
61108.6764540989,2234.0
64772.770852362744,2234.0
64772.770852362744,2667.0
76003.45043276904,2667.0
76003.45043276904,2555.0
86400.000002,2555.0
# temp #5889
0.0,2234.0
37990.95220102464,2234.0
37990.95220102464,2429.0
44890.95220102464,2429.0
44890.95220102464,2555.0
46690.95220102464,2555.0
46690.95220102464,2429.0
59590.95220102464,2429.0
59590.95220102464,2234.0
59890.95220102464,2234.0
59890.95220102464,2017.0
60190.95220102464,2017.0
60190.95220102464,2234.0
60490.95220102464,2234.0
60490.95220102464,2017.0
73021.10943321606,2017.0
73021.10943321606,2234.0
84036.35016235059,2234.0
84036.35016235059,2667.0
86400.0,2667.0
# temp #5890
0.0,2234.0
61878.84658605327,2234.0
61878.84658605327,2555.0
62503.98027675693,2555.0
62503.98027675693,2667.0
62879.60353782401,2667.0
62879.60353782401,2555.0
68879.603537824,2555.0
68879.603537824,2429.0
71279.603537824,2429.0
71279.603537824,2234.0
74879.603537824,2234.0
74879.603537824,2429.0
76079.603537824,2429.0
76079.603537824,2234.0
81779.603537824,2234.0
81779.603537824,2429.0
86400.0,2429.0
# temp #5891
0.0,2234.0
83788.18909360563,2234.0
83788.18909360563,2883.0
86188.18909360563,2883.0
86188.18909360563,2667.0
86400.000002,2667.0
# temp #5892
0.0,2234.0
2068.926020292565,2234.0
2068.926020292565,2017.0
59063.95387086087,2017.0
59063.95387086087,2234.0
86141.08266639525,2234.0
86141.08266639525,2017.0
86400.000002,2017.0
# temp #5893
0.0,2234.0
27427.48633869924,2234.0
27427.48633869924,2017.0
65833.94388388844,2017.0
65833.94388388844,2234.0
83221.01752152668,2234.0
83221.01752152668,2017.0
86400.000002,2017.0
# temp #5894
0.0,2234.0
42801.79471175653,2234.0
42801.79471175653,2555.0
55048.77825498116,2555.0
55048.77825498116,2429.0
62845.26420354378,2429.0
62845.26420354378,2234.0
66542.88416071796,2234.0
66542.88416071796,2429.0
82163.44318678604,2429.0
82163.44318678604,2234.0
82885.99661523478,2234.0
82885.99661523478,2667.0
84675.66897736398,2667.0
84675.66897736398,2234.0
86400.000002,2234.0
# temp #5895
0.0,2234.0
7747.254555649125,2234.0
7747.254555649125,2883.0
8565.786734945143,2883.0
8565.786734945143,2667.0
12800.034290738404,2667.0
12800.034290738404,2883.0
38697.23724445794,2883.0
38697.23724445794,2429.0
68266.98560637888,2429.0
68266.98560637888,2234.0
75867.72714606488,2234.0
75867.72714606488,2429.0
86400.000002,2429.0
# temp #5896
0.0,2234.0
1618.8608549768107,2234.0
1618.8608549768107,2555.0
3934.0915641747424,2555.0
3934.0915641747424,2667.0
10234.091564174742,2667.0
10234.091564174742,2555.0
11434.091564174742,2555.0
11434.091564174742,2429.0
54634.09156417474,2429.0
54634.09156417474,2234.0
70869.12079900503,2234.0
70869.12079900503,2667.0
82624.85383318271,2667.0
82624.85383318271,2555.0
86400.000002,2555.0
# temp #5897
0.0,2234.0
29840.38318600506,2234.0
29840.38318600506,2429.0
30440.38318600506,2429.0
30440.38318600506,2555.0
30836.959304474298,2555.0
30836.959304474298,2429.0
56759.19292985928,2429.0
56759.19292985928,2234.0
72958.01970551258,2234.0
72958.01970551258,2429.0
77418.1070647901,2429.0
77418.1070647901,2234.0
86400.000002,2234.0
# temp #5898
0.0,2234.0
8687.63947938569,2234.0
8687.63947938569,2667.0
34794.27074831911,2667.0
34794.27074831911,2555.0
35790.35098501482,2555.0
35790.35098501482,2667.0
48913.443793728955,2667.0
48913.443793728955,2555.0
49513.443793728955,2555.0
49513.443793728955,2667.0
64263.055459829055,2667.0
64263.055459829055,2555.0
68232.6432649512,2555.0
68232.6432649512,2429.0
77341.63232697175,2429.0
77341.63232697175,2555.0
86400.0,2555.0
# temp #5899
0.0,2234.0
71288.31123628188,2234.0
71288.31123628188,2883.0
73688.31123628188,2883.0
73688.31123628188,2667.0
75241.88781429548,2667.0
75241.88781429548,2555.0
86400.000002,2555.0
# temp #5900
0.0,2234.0
7182.029309752398,2234.0
7182.029309752398,2883.0
8865.87281143293,2883.0
8865.87281143293,2667.0
16406.46873889491,2667.0
16406.46873889491,2883.0
44219.6785445558,2883.0
44219.6785445558,2429.0
44574.02300534305,2429.0
44574.02300534305,2555.0
53923.36059899536,2555.0
53923.36059899536,2429.0
73835.8681276208,2429.0
73835.8681276208,2883.0
86400.0,2883.0
# temp #5901
0.0,2234.0
63701.439858530655,2234.0
63701.439858530655,2883.0
66101.43985853065,2883.0
66101.43985853065,2667.0
86400.000002,2667.0
# temp #5902
0.0,2234.0
46789.05555303209,2234.0
46789.05555303209,2429.0
47189.77986259852,2429.0
47189.77986259852,2555.0
50655.58996929322,2555.0
50655.58996929322,2429.0
74766.11704733224,2429.0
74766.11704733224,2555.0
86400.000002,2555.0
# temp #5903
0.0,2234.0
65738.66828922182,2234.0
65738.66828922182,2555.0
71537.02108967118,2555.0
71537.02108967118,2234.0
74371.25631377567,2234.0
74371.25631377567,2429.0
86400.0,2429.0
# temp #5904
0.0,2234.0
23726.158574642617,2234.0
23726.158574642617,2429.0
24026.158574642617,2429.0
24026.158574642617,2234.0
46556.99386708439,2234.0
46556.99386708439,2429.0
47304.96715949849,2429.0
47304.96715949849,2555.0
74858.32776264289,2555.0
74858.32776264289,2429.0
84518.39707572946,2429.0
84518.39707572946,2883.0
86400.0,2883.0
# temp #5905
0.0,2234.0
1898.849776410498,2234.0
1898.849776410498,2667.0
40327.485482487835,2667.0
40327.485482487835,2555.0
41402.022081054754,2555.0
41402.022081054754,2667.0
68151.4531749068,2667.0
68151.4531749068,2555.0
68451.4531749068,2555.0
68451.4531749068,2667.0
69207.22910903861,2667.0
69207.22910903861,2555.0
69807.22910903861,2555.0
69807.22910903861,2667.0
86400.000002,2667.0
# temp #5906
0.0,2234.0
2715.4817723901942,2234.0
2715.4817723901942,2883.0
4213.38203062769,2883.0
4213.38203062769,2667.0
10516.266678320244,2667.0
10516.266678320244,2883.0
27143.309283116836,2883.0
27143.309283116836,2667.0
51113.627594942234,2667.0
51113.627594942234,2234.0
61950.31619088259,2234.0
61950.31619088259,2429.0
86400.000002,2429.0
# temp #5907
0.0,2234.0
72041.2656848319,2234.0
72041.2656848319,2555.0
86400.0,2555.0
# temp #5908
0.0,2234.0
1850.6475178990513,2234.0
1850.6475178990513,2883.0
2936.2902724184096,2883.0
2936.2902724184096,2667.0
15170.339690730909,2667.0
15170.339690730909,2883.0
25206.06630260591,2883.0
25206.06630260591,2555.0
26406.06630260591,2555.0
26406.06630260591,2883.0
35349.67783670873,2883.0
35349.67783670873,2429.0
61571.99774065521,2429.0
61571.99774065521,2555.0
82510.79395220151,2555.0
82510.79395220151,2429.0
86400.000002,2429.0
# temp #5909
0.0,2234.0
29461.905972473327,2234.0
29461.905972473327,2429.0
30061.905972473327,2429.0
30061.905972473327,2555.0
34653.275895304985,2555.0
34653.275895304985,2429.0
61221.68572351803,2429.0
61221.68572351803,2555.0
71921.50894033258,2555.0
71921.50894033258,2667.0
86400.000002,2667.0
# temp #5910
0.0,2234.0
28114.000069932084,2234.0
28114.000069932084,2555.0
31372.01080117375,2555.0
31372.01080117375,2667.0
31847.46601385996,2667.0
31847.46601385996,2555.0
32147.46601385996,2555.0
32147.46601385996,2667.0
35747.466013859965,2667.0
35747.466013859965,2555.0
37247.466013859965,2555.0
37247.466013859965,2429.0
40515.487911994576,2429.0
40515.487911994576,2234.0
55044.805965595886,2234.0
55044.805965595886,2429.0
86400.0,2429.0
# temp #5911
0.0,2234.0
17818.98973658681,2234.0
17818.98973658681,2017.0
44656.477533560246,2017.0
44656.477533560246,2234.0
86400.000002,2234.0
# temp #5912
0.0,2234.0
52748.202018952004,2234.0
52748.202018952004,2883.0
55148.202018952004,2883.0
55148.202018952004,2667.0
63964.567378093496,2667.0
63964.567378093496,2555.0
71181.30595211407,2555.0
71181.30595211407,2667.0
76507.40058599041,2667.0
76507.40058599041,2555.0
86400.0,2555.0
# temp #5913
0.0,2234.0
4091.1338626407096,2234.0
4091.1338626407096,2667.0
45774.57107696683,2667.0
45774.57107696683,2555.0
46164.241491816945,2555.0
46164.241491816945,2667.0
49946.729902387604,2667.0
49946.729902387604,2555.0
50246.729902387604,2555.0
50246.729902387604,2667.0
50891.03330997751,2667.0
50891.03330997751,2555.0
51491.03330997751,2555.0
51491.03330997751,2667.0
62271.92989073229,2667.0
62271.92989073229,2555.0
76798.54236936664,2555.0
76798.54236936664,2429.0
86400.0,2429.0
# temp #5914
0.0,2234.0
7083.911883132533,2234.0
7083.911883132533,2883.0
8798.17344658077,2883.0
8798.17344658077,2667.0
16445.915717608295,2667.0
16445.915717608295,2883.0
32592.870333488107,2883.0
32592.870333488107,2667.0
46530.96397379414,2667.0
46530.96397379414,2234.0
58444.626608211554,2234.0
58444.626608211554,2667.0
86400.0,2667.0
# temp #5915
0.0,2234.0
66354.75573597942,2234.0
66354.75573597942,2555.0
84154.39611696638,2555.0
84154.39611696638,2234.0
86400.000002,2234.0
# temp #5916
0.0,2234.0
38833.005095087,2234.0
38833.005095087,2017.0
69030.69738289343,2017.0
69030.69738289343,2234.0
86400.000002,2234.0
# temp #5917
0.0,2234.0
50138.29358706717,2234.0
50138.29358706717,2429.0
50438.29358706717,2429.0
50438.29358706717,2234.0
74362.01727411246,2234.0
74362.01727411246,2429.0
85283.44151743223,2429.0
85283.44151743223,2883.0
86400.0,2883.0
# temp #5918
0.0,2234.0
10821.309431316333,2234.0
10821.309431316333,2555.0
33907.385801710196,2555.0
33907.385801710196,2429.0
38813.178059645004,2429.0
38813.178059645004,2234.0
48590.09753458669,2234.0
48590.09753458669,2429.0
60524.493617727436,2429.0
60524.493617727436,2234.0
66829.74592249376,2234.0
66829.74592249376,2667.0
75998.78867953086,2667.0
75998.78867953086,2555.0
86400.0,2555.0
# temp #5919
0.0,2234.0
30331.607384188104,2234.0
30331.607384188104,2017.0
63986.62077239716,2017.0
63986.62077239716,2234.0
70500.34794439563,2234.0
70500.34794439563,2017.0
86400.0,2017.0
# temp #5920
0.0,2234.0
26851.04388892651,2234.0
26851.04388892651,2555.0
50885.89561153204,2555.0
50885.89561153204,2429.0
86400.0,2429.0
# temp #5921
0.0,2234.0
2087.0721354614943,2234.0
2087.0721354614943,2667.0
27841.76208483987,2667.0
27841.76208483987,2555.0
28587.761240685362,2555.0
28587.761240685362,2667.0
41420.48002006487,2667.0
41420.48002006487,2555.0
44420.48002006487,2555.0
44420.48002006487,2667.0
70520.48002006486,2667.0
70520.48002006486,2883.0
86400.0,2883.0
# temp #5922
0.0,2234.0
13633.085561078044,2234.0
13633.085561078044,2017.0
54054.584215208895,2017.0
54054.584215208895,2234.0
81672.84296471627,2234.0
81672.84296471627,2017.0
86400.0,2017.0
# temp #5923
0.0,2234.0
28858.60766633414,2234.0
28858.60766633414,2017.0
62509.450905444115,2017.0
62509.450905444115,2234.0
84012.71020467395,2234.0
84012.71020467395,2017.0
86400.000002,2017.0
# temp #5924
0.0,2234.0
29474.31797375903,2234.0
29474.31797375903,2429.0
36374.317973759025,2429.0
36374.317973759025,2555.0
38174.317973759025,2555.0
38174.317973759025,2429.0
51074.317973759025,2429.0
51074.317973759025,2234.0
51374.317973759025,2234.0
51374.317973759025,2017.0
51674.317973759025,2017.0
51674.317973759025,2234.0
51974.317973759025,2234.0
51974.317973759025,2017.0
52519.4129150128,2017.0
52519.4129150128,2234.0
60849.74208769855,2234.0
60849.74208769855,2667.0
86400.000002,2667.0
# temp #5925
0.0,2234.0
56512.32524241787,2234.0
56512.32524241787,2429.0
56990.987653378405,2429.0
56990.987653378405,2555.0
61279.47718100623,2555.0
61279.47718100623,2429.0
86400.000002,2429.0
# temp #5926
0.0,2234.0
21833.306547137912,2234.0
21833.306547137912,2555.0
33718.91648957972,2555.0
33718.91648957972,2429.0
34176.34660697077,2429.0
34176.34660697077,2555.0
36269.26531449427,2555.0
36269.26531449427,2429.0
37372.06711282489,2429.0
37372.06711282489,2234.0
56367.92098274456,2234.0
56367.92098274456,2429.0
73645.59121895583,2429.0
73645.59121895583,2234.0
74241.56398570632,2234.0
74241.56398570632,2555.0
75648.68636301254,2555.0
75648.68636301254,2429.0
84139.27082265729,2429.0
84139.27082265729,2555.0
86400.0,2555.0
# temp #5927
0.0,2234.0
16966.6860700585,2234.0
16966.6860700585,2555.0
35036.238435236744,2555.0
35036.238435236744,2429.0
35473.342242348015,2429.0
35473.342242348015,2555.0
54923.386381845936,2555.0
54923.386381845936,2429.0
56206.79658707233,2429.0
56206.79658707233,2555.0
57396.845106035486,2555.0
57396.845106035486,2429.0
57696.845106035486,2429.0
57696.845106035486,2555.0
59196.845106035486,2555.0
59196.845106035486,2429.0
69396.84510603549,2429.0
69396.84510603549,2234.0
86400.000002,2234.0
# temp #5928
0.0,2234.0
20770.347295934338,2234.0
20770.347295934338,2429.0
52870.347295934334,2429.0
52870.347295934334,2555.0
53170.347295934334,2555.0
53170.347295934334,2667.0
53754.952607816085,2667.0
53754.952607816085,2883.0
72319.53169202898,2883.0
72319.53169202898,2429.0
86400.000002,2429.0
# temp #5929
0.0,2234.0
47556.67943463196,2234.0
47556.67943463196,2555.0
72601.22441032437,2555.0
72601.22441032437,2429.0
86400.000002,2429.0
# temp #5930
0.0,2234.0
35654.6191640664,2234.0
35654.6191640664,2017.0
68542.88968113251,2017.0
68542.88968113251,2234.0
86400.000002,2234.0
# temp #5931
0.0,2234.0
41483.18175876048,2234.0
41483.18175876048,2555.0
58380.58926996311,2555.0
58380.58926996311,2429.0
58709.85552873464,2429.0
58709.85552873464,2555.0
62851.52451102623,2555.0
62851.52451102623,2429.0
63157.486850721776,2429.0
63157.486850721776,2555.0
63638.33904820496,2555.0
63638.33904820496,2429.0
86400.000002,2429.0
# temp #5932
0.0,2234.0
55105.25416661986,2234.0
55105.25416661986,2555.0
73257.97274457292,2555.0
73257.97274457292,2429.0
73575.01855159645,2429.0
73575.01855159645,2555.0
74330.01687952784,2555.0
74330.01687952784,2429.0
75364.16992528831,2429.0
75364.16992528831,2234.0
86400.000002,2234.0
# temp #5933
0.0,2234.0
60414.31962624193,2234.0
60414.31962624193,2555.0
67144.92033063436,2555.0
67144.92033063436,2429.0
86400.0,2429.0
# temp #5934
0.0,2234.0
71738.11000753196,2234.0
71738.11000753196,2555.0
75563.41319333298,2555.0
75563.41319333298,2667.0
75963.04747844116,2667.0
75963.04747844116,2555.0
76263.04747844116,2555.0
76263.04747844116,2667.0
79863.04747844116,2667.0
79863.04747844116,2555.0
81363.04747844116,2555.0
81363.04747844116,2429.0
86400.000002,2429.0
# temp #5935
0.0,2234.0
1640.1201881468298,2234.0
1640.1201881468298,2667.0
22722.741422359835,2667.0
22722.741422359835,2555.0
23508.58610097785,2555.0
23508.58610097785,2667.0
27033.10632691719,2667.0
27033.10632691719,2555.0
30033.10632691719,2555.0
30033.10632691719,2667.0
56133.10632691719,2667.0
56133.10632691719,2883.0
86400.000002,2883.0
# temp #5936
0.0,2234.0
43430.05611542613,2234.0
43430.05611542613,2555.0
48645.8537262166,2555.0
48645.8537262166,2667.0
58545.8537262166,2667.0
58545.8537262166,2555.0
60527.50987450127,2555.0
60527.50987450127,2429.0
64046.68809268624,2429.0
64046.68809268624,2555.0
76352.7323828079,2555.0
76352.7323828079,2667.0
86400.0,2667.0
# temp #5937
0.0,2234.0
3989.33126796037,2234.0
3989.33126796037,2883.0
5111.8340451736,2883.0
5111.8340451736,2667.0
7659.0877345064655,2667.0
7659.0877345064655,2883.0
16014.643036318013,2883.0
16014.643036318013,2667.0
48883.97637961898,2667.0
48883.97637961898,2883.0
58744.23887617886,2883.0
58744.23887617886,2429.0
86400.0,2429.0
# temp #5938
0.0,2234.0
59651.056014513604,2234.0
59651.056014513604,2555.0
83768.92504049467,2555.0
83768.92504049467,2429.0
84171.48959983607,2429.0
84171.48959983607,2555.0
86400.0,2555.0
# temp #5939
0.0,2234.0
34668.491021823145,2234.0
34668.491021823145,2555.0
54447.09533178249,2555.0
54447.09533178249,2429.0
54951.54089801946,2429.0
54951.54089801946,2555.0
67964.41581530964,2555.0
67964.41581530964,2429.0
68824.91463676562,2429.0
68824.91463676562,2234.0
86400.000002,2234.0
# temp #5940
0.0,2234.0
31567.697878461335,2234.0
31567.697878461335,2017.0
44328.09396386147,2017.0
44328.09396386147,2234.0
86400.000002,2234.0
# temp #5941
0.0,2234.0
58060.56802421809,2234.0
58060.56802421809,2555.0
86400.000002,2555.0
# temp #5942
0.0,2234.0
2067.0627162326127,2234.0
2067.0627162326127,2667.0
6118.44255302567,2667.0
6118.44255302567,2555.0
6574.524116632529,2555.0
6574.524116632529,2429.0
8668.196151824668,2429.0
8668.196151824668,2555.0
9402.081066230312,2555.0
9402.081066230312,2667.0
43033.44029188157,2667.0
43033.44029188157,2555.0
44105.384124163545,2555.0
44105.384124163545,2429.0
63064.42271978596,2429.0
63064.42271978596,2555.0
69236.2859283574,2555.0
69236.2859283574,2429.0
86400.000002,2429.0
# temp #5943
0.0,2234.0
8396.398774464617,2234.0
8396.398774464617,2667.0
25103.212827444084,2667.0
25103.212827444084,2555.0
25942.85759925843,2555.0
25942.85759925843,2667.0
61856.72519160436,2667.0
61856.72519160436,2555.0
62156.72519160436,2555.0
62156.72519160436,2667.0
62456.72519160436,2667.0
62456.72519160436,2555.0
65756.72519160436,2555.0
65756.72519160436,2667.0
86400.0,2667.0
# temp #5944
0.0,2234.0
46234.140922618106,2234.0
46234.140922618106,2429.0
46718.34873799235,2429.0
46718.34873799235,2555.0
47079.85096033663,2555.0
47079.85096033663,2429.0
72323.25891286602,2429.0
72323.25891286602,2555.0
86400.0,2555.0
# temp #5945
0.0,2234.0
28916.195303038698,2234.0
28916.195303038698,2555.0
45352.653255709454,2555.0
45352.653255709454,2429.0
45837.42038346828,2429.0
45837.42038346828,2555.0
69927.79533576687,2555.0
69927.79533576687,2429.0
70288.35070158822,2429.0
70288.35070158822,2234.0
73155.6896936847,2234.0
73155.6896936847,2667.0
80903.19298454562,2667.0
80903.19298454562,2234.0
86400.0,2234.0
# temp #5946
0.0,2234.0
3842.7934361156085,2234.0
3842.7934361156085,2667.0
41317.27593443357,2667.0
41317.27593443357,2555.0
41628.0884559732,2555.0
41628.0884559732,2667.0
58603.46575083678,2667.0
58603.46575083678,2555.0
58903.46575083678,2555.0
58903.46575083678,2667.0
59622.42288461422,2667.0
59622.42288461422,2555.0
60222.42288461422,2555.0
60222.42288461422,2667.0
86400.0,2667.0
# temp #5947
0.0,2234.0
7908.922046958471,2234.0
7908.922046958471,2667.0
47502.281622681774,2667.0
47502.281622681774,2555.0
48085.76521966607,2555.0
48085.76521966607,2667.0
62843.38953508997,2667.0
62843.38953508997,2555.0
63143.38953508997,2555.0
63143.38953508997,2667.0
63443.38953508997,2667.0
63443.38953508997,2555.0
66743.38953508997,2555.0
66743.38953508997,2667.0
86400.0,2667.0
# temp #5948
0.0,2234.0
2751.1909571243455,2234.0
2751.1909571243455,2555.0
35574.62111574133,2555.0
35574.62111574133,2429.0
35957.17130096164,2429.0
35957.17130096164,2555.0
51023.25828422327,2555.0
51023.25828422327,2429.0
51533.23623819743,2429.0
51533.23623819743,2555.0
52611.986853112474,2555.0
52611.986853112474,2429.0
52911.986853112474,2429.0
52911.986853112474,2555.0
53211.986853112474,2555.0
53211.986853112474,2429.0
53811.986853112474,2429.0
53811.986853112474,2555.0
54305.240841885105,2555.0
54305.240841885105,2429.0
79962.35674351921,2429.0
79962.35674351921,2234.0
86400.0,2234.0
# temp #5949
0.0,2234.0
73689.73615157885,2234.0
73689.73615157885,2555.0
74661.91813861953,2555.0
74661.91813861953,2667.0
75031.85507103337,2667.0
75031.85507103337,2555.0
75331.85507103337,2555.0
75331.85507103337,2667.0
86400.0,2667.0
# temp #5950
0.0,2234.0
52732.43141323329,2234.0
52732.43141323329,2429.0
53196.79723049049,2429.0
53196.79723049049,2555.0
57213.1651200587,2555.0
57213.1651200587,2429.0
59119.83914833982,2429.0
59119.83914833982,2555.0
86400.000002,2555.0
# temp #5951
0.0,2234.0
7190.767725440674,2234.0
7190.767725440674,2555.0
10542.901736148635,2555.0
10542.901736148635,2429.0
10855.375050357545,2429.0
10855.375050357545,2555.0
21944.28531280719,2555.0
21944.28531280719,2429.0
22737.394949840385,2429.0
22737.394949840385,2555.0
23468.656743457545,2555.0
23468.656743457545,2429.0
23768.656743457545,2429.0
23768.656743457545,2555.0
25268.656743457545,2555.0
25268.656743457545,2429.0
35468.65674345754,2429.0
35468.65674345754,2234.0
86400.0,2234.0
# temp #5952
0.0,2234.0
828.1898153945804,2234.0
828.1898153945804,2667.0
24379.479731549513,2667.0
24379.479731549513,2555.0
24902.243501530033,2555.0
24902.243501530033,2667.0
34039.769531157806,2667.0
34039.769531157806,2555.0
34339.769531157806,2555.0
34339.769531157806,2667.0
34639.769531157806,2667.0
34639.769531157806,2555.0
37939.769531157806,2555.0
37939.769531157806,2667.0
63439.769531157806,2667.0
63439.769531157806,2883.0
86400.0,2883.0
# temp #5953
0.0,2234.0
21427.77044414543,2234.0
21427.77044414543,2429.0
21870.693658967506,2429.0
21870.693658967506,2555.0
24439.043223042976,2555.0
24439.043223042976,2429.0
71302.53535893282,2429.0
71302.53535893282,2883.0
76191.184134339,2883.0
76191.184134339,2667.0
86400.0,2667.0
# temp #5954
0.0,2234.0
59195.904281339615,2234.0
59195.904281339615,2555.0
60646.284902491614,2555.0
60646.284902491614,2667.0
61101.08127265704,2667.0
61101.08127265704,2555.0
61401.08127265704,2555.0
61401.08127265704,2667.0
86400.000002,2667.0
# temp #5955
0.0,2234.0
31291.40196628869,2234.0
31291.40196628869,2017.0
56220.487694023184,2017.0
56220.487694023184,2234.0
68553.62250278705,2234.0
68553.62250278705,2017.0
86400.000002,2017.0
# temp #5956
0.0,2234.0
27665.36312797107,2234.0
27665.36312797107,2429.0
28024.31771862321,2429.0
28024.31771862321,2555.0
32814.8779522162,2555.0
32814.8779522162,2429.0
59068.72254183982,2429.0
59068.72254183982,2555.0
64917.9162953049,2555.0
64917.9162953049,2429.0
86400.000002,2429.0
# temp #5957
0.0,2234.0
8991.014988929966,2234.0
8991.014988929966,2555.0
23081.765039381575,2555.0
23081.765039381575,2429.0
23406.628070957962,2429.0
23406.628070957962,2555.0
30421.769457729537,2555.0
30421.769457729537,2429.0
31544.61394201499,2429.0
31544.61394201499,2234.0
48714.13124660031,2234.0
48714.13124660031,2429.0
56146.636200137444,2429.0
56146.636200137444,2234.0
86400.000002,2234.0
# temp #5958
0.0,2234.0
11352.794041042216,2234.0
11352.794041042216,2429.0
11748.63803498447,2429.0
11748.63803498447,2234.0
12587.508383207023,2234.0
12587.508383207023,2429.0
15582.935644732788,2429.0
15582.935644732788,2234.0
28630.7871054858,2234.0
28630.7871054858,2429.0
29561.673360946592,2429.0
29561.673360946592,2234.0
50244.6689283941,2234.0
50244.6689283941,2429.0
80739.29574242794,2429.0
80739.29574242794,2555.0
86400.000002,2555.0
# temp #5959
0.0,2234.0
48625.421067676514,2234.0
48625.421067676514,2555.0
56528.40149954428,2555.0
56528.40149954428,2429.0
56951.724126795314,2429.0
56951.724126795314,2555.0
60322.663619904786,2555.0
60322.663619904786,2429.0
61458.20721143392,2429.0
61458.20721143392,2555.0
62752.82082518098,2555.0
62752.82082518098,2429.0
86400.0,2429.0
# temp #5960
0.0,2234.0
2815.0830008089547,2234.0
2815.0830008089547,2017.0
28290.147193428133,2017.0
28290.147193428133,2234.0
53462.37711282448,2234.0
53462.37711282448,2017.0
83493.01240914503,2017.0
83493.01240914503,2234.0
86400.000002,2234.0
# temp #5961
0.0,2234.0
43997.40260671825,2234.0
43997.40260671825,2429.0
44394.170489092365,2429.0
44394.170489092365,2555.0
48050.32893747558,2555.0
48050.32893747558,2429.0
50293.620854336776,2429.0
50293.620854336776,2234.0
70430.48916736153,2234.0
70430.48916736153,2429.0
86400.0,2429.0
# temp #5962
0.0,2234.0
42996.27679686528,2234.0
42996.27679686528,2883.0
45396.27679686528,2883.0
45396.27679686528,2667.0
66226.06472619809,2667.0
66226.06472619809,2234.0
73301.21234098915,2234.0
73301.21234098915,2429.0
86400.000002,2429.0
# temp #5963
0.0,2234.0
33509.98835326173,2234.0
33509.98835326173,2555.0
69118.78560609186,2555.0
69118.78560609186,2429.0
79847.60909951293,2429.0
79847.60909951293,2234.0
80447.60909951293,2234.0
80447.60909951293,2429.0
86400.0,2429.0
# temp #5964
0.0,2234.0
1546.4209472062068,2234.0
1546.4209472062068,2667.0
41911.13374396228,2667.0
41911.13374396228,2555.0
43100.26269969531,2555.0
43100.26269969531,2429.0
80221.92521549297,2429.0
80221.92521549297,2555.0
86400.0,2555.0
# temp #5965
0.0,2234.0
4321.9481960870335,2234.0
4321.9481960870335,2667.0
47849.01897150558,2667.0
47849.01897150558,2555.0
49256.304025067955,2555.0
49256.304025067955,2667.0
77096.90144502094,2667.0
77096.90144502094,2555.0
80096.90144502094,2555.0
80096.90144502094,2667.0
86400.000002,2667.0
# temp #5966
0.0,2234.0
66816.82039315348,2234.0
66816.82039315348,2555.0
85534.70054666979,2555.0
85534.70054666979,2429.0
86400.0,2429.0
# temp #5967
0.0,2234.0
56045.06151268725,2234.0
56045.06151268725,2429.0
86400.000002,2429.0
# temp #5968
0.0,2234.0
6502.370148408228,2234.0
6502.370148408228,2667.0
24968.032998964194,2667.0
24968.032998964194,2555.0
25610.71830298752,2555.0
25610.71830298752,2667.0
62349.96715241579,2667.0
62349.96715241579,2555.0
62649.96715241579,2555.0
62649.96715241579,2667.0
63440.27191672941,2667.0
63440.27191672941,2555.0
64040.27191672941,2555.0
64040.27191672941,2667.0
86400.0,2667.0
# temp #5969
0.0,2234.0
17174.382900190543,2234.0
17174.382900190543,2883.0
18492.33539567795,2883.0
18492.33539567795,2667.0
23431.79273649585,2667.0
23431.79273649585,2883.0
54106.32864986548,2883.0
54106.32864986548,2429.0
86400.0,2429.0
# temp #5970
0.0,2234.0
82912.84565110692,2234.0
82912.84565110692,2555.0
86400.000002,2555.0
# temp #5971
0.0,2234.0
3489.2336025601257,2234.0
3489.2336025601257,2667.0
51592.03900666908,2667.0
51592.03900666908,2555.0
52496.8767377548,2555.0
52496.8767377548,2429.0
77901.14941941576,2429.0
77901.14941941576,2883.0
86400.0,2883.0
# temp #5972
0.0,2234.0
5163.919839961455,2234.0
5163.919839961455,2667.0
30539.98306409922,2667.0
30539.98306409922,2555.0
31482.33293022495,2555.0
31482.33293022495,2667.0
38317.5386119634,2667.0
38317.5386119634,2555.0
41317.5386119634,2555.0
41317.5386119634,2667.0
67417.53861196339,2667.0
67417.53861196339,2883.0
86400.0,2883.0
# temp #5973
0.0,2234.0
18162.0747808367,2234.0
18162.0747808367,2017.0
67294.73818209954,2017.0
67294.73818209954,2234.0
78804.59455219099,2234.0
78804.59455219099,2017.0
86400.000002,2017.0
# temp #5974
0.0,2234.0
42451.85100487434,2234.0
42451.85100487434,2017.0
57863.77160819248,2017.0
57863.77160819248,2234.0
58364.8848454468,2234.0
58364.8848454468,2017.0
86400.0,2017.0
# temp #5975
0.0,2234.0
35533.42223851942,2234.0
35533.42223851942,2555.0
67927.78768348509,2555.0
67927.78768348509,2429.0
84368.21074294859,2429.0
84368.21074294859,2234.0
84968.21074294859,2234.0
84968.21074294859,2429.0
86400.000002,2429.0
# temp #5976
0.0,2234.0
2038.3772030705588,2234.0
2038.3772030705588,2667.0
23666.416078177284,2667.0
23666.416078177284,2555.0
24559.40157521982,2555.0
24559.40157521982,2667.0
37749.54658329953,2667.0
37749.54658329953,2555.0
38049.54658329953,2555.0
38049.54658329953,2667.0
38349.54658329953,2667.0
38349.54658329953,2555.0
41649.54658329953,2555.0
41649.54658329953,2667.0
67149.54658329953,2667.0
67149.54658329953,2883.0
86400.0,2883.0
# temp #5977
0.0,2234.0
33657.14002253954,2234.0
33657.14002253954,2429.0
65757.14002253953,2429.0
65757.14002253953,2555.0
66057.14002253953,2555.0
66057.14002253953,2667.0
85319.7703896789,2667.0
85319.7703896789,2234.0
86400.000002,2234.0
# temp #5978
0.0,2234.0
8421.70820455067,2234.0
8421.70820455067,2667.0
46772.7247993229,2667.0
46772.7247993229,2555.0
47616.23245810625,2555.0
47616.23245810625,2667.0
75558.05001840928,2667.0
75558.05001840928,2555.0
75858.05001840928,2555.0
75858.05001840928,2429.0
86400.0,2429.0
# temp #5979
0.0,2234.0
730.1222159061581,2234.0
730.1222159061581,2667.0
36895.15258145985,2667.0
36895.15258145985,2555.0
38043.905019736856,2555.0
38043.905019736856,2667.0
43019.94600514882,2667.0
43019.94600514882,2555.0
43319.94600514882,2555.0
43319.94600514882,2667.0
43619.94600514882,2667.0
43619.94600514882,2555.0
46919.94600514882,2555.0
46919.94600514882,2667.0
72419.94600514881,2667.0
72419.94600514881,2883.0
86400.0,2883.0
# temp #5980
0.0,2234.0
3996.4339331025267,2234.0
3996.4339331025267,2667.0
10808.86160361115,2667.0
10808.86160361115,2555.0
12229.986496106723,2555.0
12229.986496106723,2429.0
14410.049923066983,2429.0
14410.049923066983,2234.0
30666.259888303473,2234.0
30666.259888303473,2429.0
46315.69599006326,2429.0
46315.69599006326,2555.0
47423.34663709626,2555.0
47423.34663709626,2667.0
79579.90105350038,2667.0
79579.90105350038,2555.0
86400.0,2555.0
# temp #5981
0.0,2234.0
18240.576287638396,2234.0
18240.576287638396,2555.0
35369.47888657451,2555.0
35369.47888657451,2667.0
54955.62951334287,2667.0
54955.62951334287,2555.0
56279.006084357396,2555.0
56279.006084357396,2667.0
74711.27207370011,2667.0
74711.27207370011,2555.0
79706.60987596495,2555.0
79706.60987596495,2667.0
86400.0,2667.0
# temp #5982
0.0,2234.0
2353.9562189485882,2234.0
2353.9562189485882,2667.0
18883.34706046153,2667.0
18883.34706046153,2555.0
19342.60202238802,2555.0
19342.60202238802,2667.0
30719.38259974122,2667.0
30719.38259974122,2555.0
31319.38259974122,2555.0
31319.38259974122,2667.0
52843.36917763577,2667.0
52843.36917763577,2555.0
54062.440762203194,2555.0
54062.440762203194,2429.0
86400.0,2429.0
# temp #5983
0.0,2234.0
24666.73500062898,2234.0
24666.73500062898,2555.0
38832.367845950655,2555.0
38832.367845950655,2429.0
86400.0,2429.0
# temp #5984
0.0,2234.0
56724.80697899592,2234.0
56724.80697899592,2555.0
61363.71525856667,2555.0
61363.71525856667,2667.0
61732.26206267719,2667.0
61732.26206267719,2555.0
62032.26206267719,2555.0
62032.26206267719,2667.0
86400.0,2667.0
# temp #5985
0.0,2234.0
21399.42997132894,2234.0
21399.42997132894,2429.0
21833.360693184663,2429.0
21833.360693184663,2234.0
22454.747089929882,2234.0
22454.747089929882,2429.0
28063.53694670834,2429.0
28063.53694670834,2234.0
30955.726234079342,2234.0
30955.726234079342,2429.0
31260.578391817402,2429.0
31260.578391817402,2555.0
32111.0991090769,2555.0
32111.0991090769,2429.0
32411.0991090769,2429.0
32411.0991090769,2555.0
33911.0991090769,2555.0
33911.0991090769,2429.0
44111.0991090769,2429.0
44111.0991090769,2234.0
86400.000002,2234.0
# temp #5986
0.0,2234.0
83657.5483408291,2234.0
83657.5483408291,2555.0
86027.76269218886,2555.0
86027.76269218886,2667.0
86400.000002,2667.0
# temp #5987
0.0,2234.0
22305.442019761544,2234.0
22305.442019761544,2429.0
29205.442019761544,2429.0
29205.442019761544,2555.0
31005.442019761544,2555.0
31005.442019761544,2429.0
43905.44201976154,2429.0
43905.44201976154,2234.0
44205.44201976154,2234.0
44205.44201976154,2017.0
44505.44201976154,2017.0
44505.44201976154,2234.0
44805.44201976154,2234.0
44805.44201976154,2017.0
62506.492090062246,2017.0
62506.492090062246,2234.0
77672.52794990783,2234.0
77672.52794990783,2667.0
86400.0,2667.0
# temp #5988
0.0,2234.0
58890.05698668771,2234.0
58890.05698668771,2555.0
74935.57357443498,2555.0
74935.57357443498,2429.0
86400.000002,2429.0
# temp #5989
0.0,2234.0
34793.533721845604,2234.0
34793.533721845604,2555.0
63205.183002026766,2555.0
63205.183002026766,2429.0
63791.11773620827,2429.0
63791.11773620827,2555.0
81218.3009728091,2555.0
81218.3009728091,2429.0
82052.3992613191,2429.0
82052.3992613191,2555.0
83203.7525457563,2555.0
83203.7525457563,2429.0
83503.7525457563,2429.0
83503.7525457563,2555.0
83803.7525457563,2555.0
83803.7525457563,2429.0
84403.7525457563,2429.0
84403.7525457563,2555.0
85322.87940953394,2555.0
85322.87940953394,2429.0
86400.000002,2429.0
# temp #5990
0.0,2234.0
34963.31939860248,2234.0
34963.31939860248,2555.0
63549.58746428603,2555.0
63549.58746428603,2429.0
64072.24894892426,2429.0
64072.24894892426,2555.0
78933.1660130527,2555.0
78933.1660130527,2429.0
79546.83577304242,2429.0
79546.83577304242,2234.0
86400.0,2234.0
# temp #5991
0.0,2234.0
85453.17429236603,2234.0
85453.17429236603,2555.0
86400.000002,2555.0
# temp #5992
0.0,2234.0
61883.78381067888,2234.0
61883.78381067888,2555.0
66769.62671095972,2555.0
66769.62671095972,2667.0
67120.47681121623,2667.0
67120.47681121623,2555.0
73120.47681121623,2555.0
73120.47681121623,2429.0
75520.47681121623,2429.0
75520.47681121623,2234.0
79120.47681121623,2234.0
79120.47681121623,2429.0
80320.47681121623,2429.0
80320.47681121623,2234.0
86020.47681121623,2234.0
86020.47681121623,2429.0
86400.000002,2429.0
# temp #5993
0.0,2234.0
85209.8943669582,2234.0
85209.8943669582,2555.0
86400.000002,2555.0
# temp #5994
0.0,2234.0
16666.469724476337,2234.0
16666.469724476337,2429.0
17266.469724476337,2429.0
17266.469724476337,2555.0
19103.296178206805,2555.0
19103.296178206805,2429.0
32789.01955371257,2429.0
32789.01955371257,2555.0
47481.52730434668,2555.0
47481.52730434668,2429.0
77079.2349405354,2429.0
77079.2349405354,2234.0
84331.48681267632,2234.0
84331.48681267632,2667.0
86400.0,2667.0
# temp #5995
0.0,2234.0
1081.252715550363,2234.0
1081.252715550363,2667.0
38916.963835596114,2667.0
38916.963835596114,2555.0
39574.404398049235,2555.0
39574.404398049235,2667.0
65765.48413212877,2667.0
65765.48413212877,2555.0
66065.48413212877,2555.0
66065.48413212877,2667.0
66365.48413212877,2667.0
66365.48413212877,2555.0
69665.48413212877,2555.0
69665.48413212877,2667.0
86400.0,2667.0
# temp #5996
0.0,2234.0
25745.20582845435,2234.0
25745.20582845435,2017.0
44104.48168935255,2017.0
44104.48168935255,2234.0
69116.12722948195,2234.0
69116.12722948195,2017.0
79265.43823597023,2017.0
79265.43823597023,2234.0
80850.9247087408,2234.0
80850.9247087408,2017.0
86400.0,2017.0
# temp #5997
0.0,2234.0
15335.668314783838,2234.0
15335.668314783838,2883.0
16609.202819550414,2883.0
16609.202819550414,2667.0
28136.342564458035,2667.0
28136.342564458035,2883.0
52117.04470356927,2883.0
52117.04470356927,2429.0
84749.87463962754,2429.0
84749.87463962754,2555.0
86400.0,2555.0
# temp #5998
0.0,2234.0
16033.49811381195,2234.0
16033.49811381195,2555.0
20111.999348667454,2555.0
20111.999348667454,2667.0
20707.32599291951,2667.0
20707.32599291951,2555.0
21007.32599291951,2555.0
21007.32599291951,2667.0
47707.325992919505,2667.0
47707.325992919505,2555.0
63607.325992919505,2555.0
63607.325992919505,2234.0
67207.3259929195,2234.0
67207.3259929195,2429.0
77107.3259929195,2429.0
77107.3259929195,2555.0
77707.3259929195,2555.0
77707.3259929195,2667.0
86400.000002,2667.0
# temp #5999
0.0,2234.0
57353.93986457494,2234.0
57353.93986457494,2555.0
58828.848701552495,2555.0
58828.848701552495,2667.0
59158.0820765812,2667.0
59158.0820765812,2555.0
59458.0820765812,2555.0
59458.0820765812,2667.0
63058.0820765812,2667.0
63058.0820765812,2555.0
64558.0820765812,2555.0
64558.0820765812,2429.0
65869.40768561327,2429.0
65869.40768561327,2234.0
76537.37322224771,2234.0
76537.37322224771,2429.0
77294.07387266403,2429.0
77294.07387266403,2883.0
86400.0,2883.0
# temp #6000
0.0,2234.0
20922.545827226717,2234.0
20922.545827226717,2017.0
58753.25711765328,2017.0
58753.25711765328,2234.0
86400.000002,2234.0
# temp #6001
0.0,2234.0
2421.51714367792,2234.0
2421.51714367792,2883.0
13521.51714367792,2883.0
13521.51714367792,2555.0
40497.05659006722,2555.0
40497.05659006722,2429.0
66158.6683176225,2429.0
66158.6683176225,2234.0
78613.84143379984,2234.0
78613.84143379984,2667.0
86400.0,2667.0
# temp #6002
0.0,2234.0
35070.09451109917,2234.0
35070.09451109917,2429.0
35370.09451109917,2429.0
35370.09451109917,2234.0
53703.253228124246,2234.0
53703.253228124246,2667.0
67262.21664568876,2667.0
67262.21664568876,2555.0
86400.000002,2555.0
# temp #6003
0.0,2234.0
78248.70667287616,2234.0
78248.70667287616,2555.0
79043.46332699062,2555.0
79043.46332699062,2667.0
85343.46332699062,2667.0
85343.46332699062,2555.0
86400.0,2555.0
# temp #6004
0.0,2234.0
9909.627518802883,2234.0
9909.627518802883,2883.0
11588.579614902848,2883.0
11588.579614902848,2667.0
20332.73436476011,2667.0
20332.73436476011,2883.0
36908.78370737192,2883.0
36908.78370737192,2429.0
43047.67885592301,2429.0
43047.67885592301,2555.0
52395.19650838339,2555.0
52395.19650838339,2429.0
86400.000002,2429.0
# temp #6005
0.0,2234.0
27988.933272846047,2234.0
27988.933272846047,2017.0
40538.57855466195,2017.0
40538.57855466195,2234.0
82169.97145009229,2234.0
82169.97145009229,2017.0
86400.000002,2017.0
# temp #6006
0.0,2234.0
3723.3833608450373,2234.0
3723.3833608450373,2883.0
4611.719252332115,2883.0
4611.719252332115,2667.0
16194.977084035056,2667.0
16194.977084035056,2883.0
24651.228906260807,2883.0
24651.228906260807,2667.0
25156.93827378564,2667.0
25156.93827378564,2234.0
58548.28738162761,2234.0
58548.28738162761,2429.0
86400.0,2429.0
# temp #6007
0.0,2234.0
766.2916240515187,2234.0
766.2916240515187,2667.0
26280.737231997777,2667.0
26280.737231997777,2555.0
26830.368392961103,2555.0
26830.368392961103,2667.0
34285.41400681716,2667.0
34285.41400681716,2555.0
37285.41400681716,2555.0
37285.41400681716,2667.0
63385.41400681716,2667.0
63385.41400681716,2883.0
86400.0,2883.0
# temp #6008
0.0,2234.0
802.9096341691911,2234.0
802.9096341691911,2667.0
30023.589412635196,2667.0
30023.589412635196,2555.0
31144.721621694047,2555.0
31144.721621694047,2667.0
47456.88135616948,2667.0
47456.88135616948,2555.0
48056.88135616948,2555.0
48056.88135616948,2667.0
62609.96048923117,2667.0
62609.96048923117,2555.0
64029.50184296352,2555.0
64029.50184296352,2429.0
75255.49267481548,2429.0
75255.49267481548,2555.0
86400.0,2555.0
# temp #6009
0.0,2234.0
25618.023962038573,2234.0
25618.023962038573,2429.0
25988.832886540335,2429.0
25988.832886540335,2555.0
28386.160349124115,2555.0
28386.160349124115,2429.0
58594.60698666518,2429.0
58594.60698666518,2555.0
67176.6848818632,2555.0
67176.6848818632,2667.0
74399.12931947039,2667.0
74399.12931947039,2883.0
83597.91692001747,2883.0
83597.91692001747,2667.0
86400.0,2667.0
# temp #6010
0.0,2234.0
24538.62502695993,2234.0
24538.62502695993,2017.0
32786.36160758324,2017.0
32786.36160758324,2234.0
68755.43830445969,2234.0
68755.43830445969,2017.0
86400.000002,2017.0
# temp #6011
0.0,2234.0
69183.20062535351,2234.0
69183.20062535351,2555.0
86400.000002,2555.0
# temp #6012
0.0,2234.0
66756.71154591256,2234.0
66756.71154591256,2555.0
71113.36418227294,2555.0
71113.36418227294,2667.0
71545.80211685972,2667.0
71545.80211685972,2555.0
71845.80211685972,2555.0
71845.80211685972,2667.0
75445.80211685972,2667.0
75445.80211685972,2555.0
76945.80211685972,2555.0
76945.80211685972,2429.0
86400.0,2429.0
# temp #6013
0.0,2234.0
8012.137913634071,2234.0
8012.137913634071,2667.0
17045.76106059831,2667.0
17045.76106059831,2555.0
18273.089089686986,2555.0
18273.089089686986,2429.0
47950.99393331913,2429.0
47950.99393331913,2555.0
66291.13276179416,2555.0
66291.13276179416,2667.0
78815.6466636574,2667.0
78815.6466636574,2555.0
84395.27002188844,2555.0
84395.27002188844,2667.0
86400.000002,2667.0
# temp #6014
0.0,2234.0
13003.31115941517,2234.0
13003.31115941517,2429.0
13488.207176327705,2429.0
13488.207176327705,2234.0
14263.170012761839,2234.0
14263.170012761839,2429.0
19872.009258228354,2429.0
19872.009258228354,2234.0
41758.08153755497,2234.0
41758.08153755497,2429.0
42902.82330571209,2429.0
42902.82330571209,2234.0
54410.60206736439,2234.0
54410.60206736439,2429.0
74921.00549919996,2429.0
74921.00549919996,2555.0
86400.0,2555.0
# temp #6015
0.0,2234.0
10239.281911589207,2234.0
10239.281911589207,2883.0
10756.199729768561,2883.0
10756.199729768561,2667.0
18217.303052754145,2667.0
18217.303052754145,2883.0
37422.935608425185,2883.0
37422.935608425185,2667.0
68556.4425997669,2667.0
68556.4425997669,2555.0
74536.25515184832,2555.0
74536.25515184832,2429.0
86400.0,2429.0
# temp #6016
0.0,2234.0
68925.01855012962,2234.0
68925.01855012962,2555.0
76485.1775092073,2555.0
76485.1775092073,2429.0
83920.56626351552,2429.0
83920.56626351552,2234.0
85939.5496109035,2234.0
85939.5496109035,2429.0
86400.000002,2429.0
# temp #6017
0.0,2234.0
43899.33559291531,2234.0
43899.33559291531,2555.0
50578.65025300999,2555.0
50578.65025300999,2429.0
51009.38499129844,2429.0
51009.38499129844,2555.0
60242.56446047222,2555.0
60242.56446047222,2429.0
60727.2985461401,2429.0
60727.2985461401,2555.0
62097.225851495765,2555.0
62097.225851495765,2429.0
62397.225851495765,2429.0
62397.225851495765,2555.0
82797.22585149576,2555.0
82797.22585149576,2429.0
83097.22585149576,2429.0
83097.22585149576,2555.0
83697.22585149576,2555.0
83697.22585149576,2667.0
86400.000002,2667.0
# temp #6018
0.0,2234.0
10927.86138604861,2234.0
10927.86138604861,2883.0
12374.402156705039,2883.0
12374.402156705039,2667.0
19852.32740719803,2667.0
19852.32740719803,2883.0
33736.20911033359,2883.0
33736.20911033359,2429.0
43331.39686156065,2429.0
43331.39686156065,2555.0
60103.109131939724,2555.0
60103.109131939724,2667.0
78883.84776406457,2667.0
78883.84776406457,2555.0
82749.61432667916,2555.0
82749.61432667916,2667.0
86400.0,2667.0
# temp #6019
0.0,2234.0
60519.85887859483,2234.0
60519.85887859483,2555.0
86400.0,2555.0
# temp #6020
0.0,2234.0
14312.651708442721,2234.0
14312.651708442721,2883.0
15091.520903538916,2883.0
15091.520903538916,2667.0
25556.892368104316,2667.0
25556.892368104316,2883.0
42389.2645074986,2883.0
42389.2645074986,2667.0
49737.45948441793,2667.0
49737.45948441793,2555.0
62643.63398000134,2555.0
62643.63398000134,2429.0
86400.0,2429.0
# temp #6021
0.0,2234.0
642.4565421184525,2234.0
642.4565421184525,2667.0
29604.738350654956,2667.0
29604.738350654956,2555.0
30033.257673843767,2555.0
30033.257673843767,2429.0
40852.287180558786,2429.0
40852.287180558786,2555.0
49747.686386341236,2555.0
49747.686386341236,2429.0
77804.92116271054,2429.0
77804.92116271054,2234.0
86400.000002,2234.0
# temp #6022
0.0,2234.0
24520.87582200766,2234.0
24520.87582200766,2429.0
25120.87582200766,2429.0
25120.87582200766,2555.0
29102.54471227527,2555.0
29102.54471227527,2429.0
55556.765054329306,2429.0
55556.765054329306,2234.0
70734.49352325407,2234.0
70734.49352325407,2667.0
73698.88447111008,2667.0
73698.88447111008,2883.0
86400.000002,2883.0
# temp #6023
0.0,2234.0
10800.416696746835,2234.0
10800.416696746835,2555.0
37862.58039821406,2555.0
37862.58039821406,2429.0
42224.46058813949,2429.0
42224.46058813949,2234.0
42524.46058813949,2234.0
42524.46058813949,2017.0
66051.20260189289,2017.0
66051.20260189289,2555.0
81333.09878096917,2555.0
81333.09878096917,2667.0
86400.0,2667.0
# temp #6024
0.0,2234.0
67611.1650344683,2234.0
67611.1650344683,2555.0
86400.000002,2555.0
# temp #6025
0.0,2234.0
2720.7392978947614,2234.0
2720.7392978947614,2429.0
3178.223129245453,2429.0
3178.223129245453,2555.0
4936.465114611202,2555.0
4936.465114611202,2429.0
6839.936731453055,2429.0
6839.936731453055,2555.0
23007.165625132628,2555.0
23007.165625132628,2429.0
35392.998631414965,2429.0
35392.998631414965,2555.0
56034.458008431844,2555.0
56034.458008431844,2667.0
64163.89553979972,2667.0
64163.89553979972,2555.0
72188.62587148325,2555.0
72188.62587148325,2429.0
86400.0,2429.0
# temp #6026
0.0,2234.0
40486.38908467256,2234.0
40486.38908467256,2555.0
42482.6896265382,2555.0
42482.6896265382,2667.0
42815.354164363824,2667.0
42815.354164363824,2555.0
43115.354164363824,2555.0
43115.354164363824,2667.0
69815.35416436382,2667.0
69815.35416436382,2555.0
85715.35416436382,2555.0
85715.35416436382,2234.0
86400.000002,2234.0
# temp #6027
0.0,2234.0
685.5207736836746,2234.0
685.5207736836746,2667.0
20629.599204054106,2667.0
20629.599204054106,2555.0
21756.918876478452,2555.0
21756.918876478452,2667.0
38498.04042745382,2667.0
38498.04042745382,2555.0
41498.04042745382,2555.0
41498.04042745382,2667.0
67598.04042745382,2667.0
67598.04042745382,2883.0
86400.000002,2883.0
# temp #6028
0.0,2234.0
11121.160642197357,2234.0
11121.160642197357,2883.0
22221.160642197356,2883.0
22221.160642197356,2555.0
40871.12174048089,2555.0
40871.12174048089,2667.0
46742.95032522642,2667.0
46742.95032522642,2883.0
68923.03658451421,2883.0
68923.03658451421,2429.0
86400.0,2429.0
# temp #6029
0.0,2234.0
35894.75652873517,2234.0
35894.75652873517,2429.0
36383.20761735086,2429.0
36383.20761735086,2234.0
37061.877475655645,2234.0
37061.877475655645,2429.0
39151.025336352184,2429.0
39151.025336352184,2234.0
59433.47887715792,2234.0
59433.47887715792,2429.0
59967.02486167198,2429.0
59967.02486167198,2555.0
61045.38121700754,2555.0
61045.38121700754,2429.0
61345.38121700754,2429.0
61345.38121700754,2555.0
62845.38121700754,2555.0
62845.38121700754,2429.0
73045.38121700754,2429.0
73045.38121700754,2234.0
86400.000002,2234.0
# temp #6030
0.0,2234.0
25157.02698484529,2234.0
25157.02698484529,2429.0
32057.02698484529,2429.0
32057.02698484529,2555.0
33857.02698484529,2555.0
33857.02698484529,2429.0
46757.02698484529,2429.0
46757.02698484529,2234.0
47057.02698484529,2234.0
47057.02698484529,2017.0
47357.02698484529,2017.0
47357.02698484529,2234.0
47657.02698484529,2234.0
47657.02698484529,2017.0
60748.3483034419,2017.0
60748.3483034419,2234.0
62439.95075980202,2234.0
62439.95075980202,2429.0
86400.0,2429.0
# temp #6031
0.0,2234.0
6664.102863497102,2234.0
6664.102863497102,2667.0
54111.34635780473,2667.0
54111.34635780473,2555.0
54575.70913864766,2555.0
54575.70913864766,2667.0
58674.15467700922,2667.0
58674.15467700922,2555.0
59274.15467700922,2555.0
59274.15467700922,2667.0
74468.312817486,2667.0
74468.312817486,2555.0
77976.16611127743,2555.0
77976.16611127743,2429.0
80363.5022578994,2429.0
80363.5022578994,2234.0
86400.000002,2234.0
# temp #6032
0.0,2234.0
37128.95832736977,2234.0
37128.95832736977,2017.0
84264.31866372006,2017.0
84264.31866372006,2234.0
86400.000002,2234.0
# temp #6033
0.0,2234.0
7716.271867929028,2234.0
7716.271867929028,2667.0
21893.073993246075,2667.0
21893.073993246075,2555.0
22728.651062934663,2555.0
22728.651062934663,2667.0
41307.67529918813,2667.0
41307.67529918813,2555.0
41607.67529918813,2555.0
41607.67529918813,2667.0
41907.67529918813,2667.0
41907.67529918813,2555.0
45207.67529918813,2555.0
45207.67529918813,2667.0
70707.67529918812,2667.0
70707.67529918812,2883.0
86400.0,2883.0
# temp #6034
0.0,2234.0
9057.926483172925,2234.0
9057.926483172925,2555.0
28544.12835035474,2555.0
28544.12835035474,2429.0
28860.30877693557,2429.0
28860.30877693557,2555.0
35689.07449990512,2555.0
35689.07449990512,2429.0
36634.78338208516,2429.0
36634.78338208516,2234.0
69605.12531558053,2234.0
69605.12531558053,2429.0
86400.0,2429.0
# temp #6035
0.0,2234.0
18126.725638238717,2234.0
18126.725638238717,2883.0
18908.714821119796,2883.0
18908.714821119796,2667.0
29912.59238622152,2667.0
29912.59238622152,2883.0
40445.97508641892,2883.0
40445.97508641892,2667.0
69926.91373403651,2667.0
69926.91373403651,2555.0
86400.0,2555.0
# temp #6036
0.0,2234.0
59542.39534952212,2234.0
59542.39534952212,2555.0
61901.81614912581,2555.0
61901.81614912581,2234.0
82347.66353212763,2234.0
82347.66353212763,2429.0
86400.000002,2429.0
# temp #6037
0.0,2234.0
16628.159713768404,2234.0
16628.159713768404,2883.0
18370.70647082292,2883.0
18370.70647082292,2667.0
24776.040956005458,2667.0
24776.040956005458,2883.0
53150.39487839678,2883.0
53150.39487839678,2429.0
58761.34968004191,2429.0
58761.34968004191,2555.0
59254.44874693641,2555.0
59254.44874693641,2429.0
86400.0,2429.0
# temp #6038
0.0,2234.0
20495.527040935125,2234.0
20495.527040935125,2555.0
46083.17385285628,2555.0
46083.17385285628,2429.0
65704.61809232367,2429.0
65704.61809232367,2234.0
73417.15613671114,2234.0
73417.15613671114,2429.0
86400.000002,2429.0
# temp #6039
0.0,2234.0
6325.631038402208,2234.0
6325.631038402208,2667.0
45951.71651942656,2667.0
45951.71651942656,2555.0
46965.07138861344,2555.0
46965.07138861344,2667.0
48308.43120936771,2667.0
48308.43120936771,2555.0
48608.43120936771,2555.0
48608.43120936771,2429.0
75111.8396184873,2429.0
75111.8396184873,2555.0
86400.000002,2555.0
# temp #6040
0.0,2234.0
28742.03675366007,2234.0
28742.03675366007,2017.0
74596.53217513116,2017.0
74596.53217513116,2234.0
86400.0,2234.0
# temp #6041
0.0,2234.0
39403.047619387515,2234.0
39403.047619387515,2429.0
46303.047619387515,2429.0
46303.047619387515,2555.0
48103.047619387515,2555.0
48103.047619387515,2429.0
61003.047619387515,2429.0
61003.047619387515,2234.0
61303.047619387515,2234.0
61303.047619387515,2017.0
61603.047619387515,2017.0
61603.047619387515,2234.0
61903.047619387515,2234.0
61903.047619387515,2017.0
62613.12612793409,2017.0
62613.12612793409,2234.0
71700.8582276758,2234.0
71700.8582276758,2667.0
86400.000002,2667.0
# temp #6042
0.0,2234.0
768.5059017967433,2234.0
768.5059017967433,2667.0
33921.18463825901,2667.0
33921.18463825901,2555.0
34223.430872918114,2555.0
34223.430872918114,2667.0
48718.09811890126,2667.0
48718.09811890126,2555.0
49318.09811890126,2555.0
49318.09811890126,2667.0
62027.988781733446,2667.0
62027.988781733446,2555.0
63784.76147870534,2555.0
63784.76147870534,2429.0
79253.74276391232,2429.0
79253.74276391232,2555.0
86400.000002,2555.0
# temp #6043
0.0,2234.0
80582.01479224955,2234.0
80582.01479224955,2555.0
86400.0,2555.0
# temp #6044
0.0,2234.0
57996.63313280326,2234.0
57996.63313280326,2555.0
86400.0,2555.0
# temp #6045
0.0,2234.0
51221.54944685754,2234.0
51221.54944685754,2555.0
84542.81199455728,2555.0
84542.81199455728,2429.0
84983.06647916326,2429.0
84983.06647916326,2555.0
86400.0,2555.0
# temp #6046
0.0,2234.0
15986.265694792386,2234.0
15986.265694792386,2883.0
17238.827267219316,2883.0
17238.827267219316,2667.0
19927.822882868353,2667.0
19927.822882868353,2883.0
53692.30962290896,2883.0
53692.30962290896,2429.0
86400.0,2429.0
# temp #6047
0.0,2234.0
14503.058107174003,2234.0
14503.058107174003,2555.0
25902.46374208946,2555.0
25902.46374208946,2429.0
26335.335938050415,2429.0
26335.335938050415,2555.0
41634.10244907719,2555.0
41634.10244907719,2429.0
42825.10663324502,2429.0
42825.10663324502,2555.0
44256.265311478644,2555.0
44256.265311478644,2429.0
44556.265311478644,2429.0
44556.265311478644,2555.0
64956.265311478644,2555.0
64956.265311478644,2429.0
65256.265311478644,2429.0
65256.265311478644,2555.0
65856.26531147864,2555.0
65856.26531147864,2667.0
73787.40000422114,2667.0
73787.40000422114,2234.0
80051.02674434894,2234.0
80051.02674434894,2667.0
86400.0,2667.0
# temp #6048
0.0,2234.0
30787.10277867504,2234.0
30787.10277867504,2429.0
31292.347820755098,2429.0
31292.347820755098,2234.0
31918.653699313294,2234.0
31918.653699313294,2429.0
36023.112198966555,2429.0
36023.112198966555,2234.0
55204.33983863332,2234.0
55204.33983863332,2429.0
55985.81514358521,2429.0
55985.81514358521,2234.0
86400.000002,2234.0
# temp #6049
0.0,2234.0
3998.644393729047,2234.0
3998.644393729047,2667.0
9500.877067074181,2667.0
9500.877067074181,2555.0
10646.28971675411,2555.0
10646.28971675411,2667.0
45099.95707289782,2667.0
45099.95707289782,2555.0
45699.95707289782,2555.0
45699.95707289782,2667.0
66233.65097267089,2667.0
66233.65097267089,2555.0
67078.72159292457,2555.0
67078.72159292457,2429.0
85897.878888133,2429.0
85897.878888133,2883.0
86400.0,2883.0
# temp #6050
0.0,2234.0
66305.82743911074,2234.0
66305.82743911074,2555.0
68415.38639219945,2555.0
68415.38639219945,2667.0
68944.95313670488,2667.0
68944.95313670488,2555.0
69244.95313670488,2555.0
69244.95313670488,2667.0
86400.000002,2667.0
# temp #6051
0.0,2234.0
32365.1264743181,2234.0
32365.1264743181,2429.0
32672.720710351135,2429.0
32672.720710351135,2234.0
33550.026235333644,2234.0
33550.026235333644,2429.0
36842.94771908317,2429.0
36842.94771908317,2234.0
58066.767547954805,2234.0
58066.767547954805,2429.0
58513.935038493946,2429.0
58513.935038493946,2234.0
64167.31535070576,2234.0
64167.31535070576,2667.0
86400.0,2667.0
# temp #6052
0.0,2234.0
16715.574943763208,2234.0
16715.574943763208,2883.0
27815.574943763208,2883.0
27815.574943763208,2555.0
50435.93885453884,2555.0
50435.93885453884,2429.0
79061.42447115855,2429.0
79061.42447115855,2555.0
86400.0,2555.0
# temp #6053
0.0,2234.0
8276.801241212526,2234.0
8276.801241212526,2667.0
26785.825230320923,2667.0
26785.825230320923,2555.0
27768.762603728108,2555.0
27768.762603728108,2429.0
27819.51768121217,2429.0
27819.51768121217,2555.0
48719.18687706349,2555.0
48719.18687706349,2429.0
49532.17267713045,2429.0
49532.17267713045,2555.0
59657.506369077615,2555.0
59657.506369077615,2667.0
86400.000002,2667.0
# temp #6054
0.0,2234.0
29252.651408803653,2234.0
29252.651408803653,2429.0
29552.651408803653,2429.0
29552.651408803653,2234.0
39709.091723011814,2234.0
39709.091723011814,2429.0
41657.41247185507,2429.0
41657.41247185507,2667.0
46793.144084746025,2667.0
46793.144084746025,2555.0
47846.516078640714,2555.0
47846.516078640714,2429.0
53091.731329564944,2429.0
53091.731329564944,2234.0
75345.38095684258,2234.0
75345.38095684258,2429.0
86400.000002,2429.0
# temp #6055
0.0,2234.0
1820.147266611457,2234.0
1820.147266611457,2429.0
2120.147266611457,2429.0
2120.147266611457,2234.0
30947.720958176076,2234.0
30947.720958176076,2429.0
52417.004974186435,2429.0
52417.004974186435,2555.0
57142.81428074466,2555.0
57142.81428074466,2667.0
63380.782832019046,2667.0
63380.782832019046,2883.0
63968.64392221907,2883.0
63968.64392221907,2555.0
66545.08816399613,2555.0
66545.08816399613,2429.0
86400.0,2429.0
# temp #6056
0.0,2234.0
62025.98232224118,2234.0
62025.98232224118,2555.0
75229.67708038632,2555.0
75229.67708038632,2234.0
86400.000002,2234.0
# temp #6057
0.0,2234.0
32048.14545088448,2234.0
32048.14545088448,2429.0
38948.145450884476,2429.0
38948.145450884476,2555.0
40748.145450884476,2555.0
40748.145450884476,2429.0
53648.145450884476,2429.0
53648.145450884476,2234.0
53948.145450884476,2234.0
53948.145450884476,2017.0
54248.145450884476,2017.0
54248.145450884476,2234.0
54548.145450884476,2234.0
54548.145450884476,2017.0
55720.11329010129,2017.0
55720.11329010129,2234.0
86400.0,2234.0
# temp #6058
0.0,2234.0
17124.60625469685,2234.0
17124.60625469685,2883.0
18065.20991669968,2883.0
18065.20991669968,2667.0
24116.593510354873,2667.0
24116.593510354873,2883.0
43257.54530027044,2883.0
43257.54530027044,2667.0
72187.15994046071,2667.0
72187.15994046071,2555.0
74408.4630704485,2555.0
74408.4630704485,2429.0
86400.0,2429.0
# temp #6059
0.0,2234.0
1975.0871061813089,2234.0
1975.0871061813089,2667.0
24200.429114629518,2667.0
24200.429114629518,2555.0
25533.534399163913,2555.0
25533.534399163913,2667.0
45903.57761413325,2667.0
45903.57761413325,2555.0
46503.57761413325,2555.0
46503.57761413325,2667.0
61069.954894320115,2667.0
61069.954894320115,2555.0
62128.431669459686,2555.0
62128.431669459686,2429.0
69101.9300307613,2429.0
69101.9300307613,2555.0
74286.24780443498,2555.0
74286.24780443498,2667.0
82409.64241179173,2667.0
82409.64241179173,2555.0
86400.0,2555.0
# temp #6060
0.0,2234.0
6928.498013131321,2234.0
6928.498013131321,2429.0
7228.498013131321,2429.0
7228.498013131321,2234.0
42613.42565207743,2234.0
42613.42565207743,2429.0
48065.12130775955,2429.0
48065.12130775955,2234.0
65797.9050993221,2234.0
65797.9050993221,2429.0
85190.13724664693,2429.0
85190.13724664693,2883.0
86400.000002,2883.0
# temp #6061
0.0,2234.0
9415.589707670735,2234.0
9415.589707670735,2017.0
11938.113975757735,2017.0
11938.113975757735,2234.0
20695.085297757763,2234.0
20695.085297757763,2017.0
28836.87817761675,2017.0
28836.87817761675,2234.0
33494.831331074245,2234.0
33494.831331074245,2017.0
51585.21284018644,2017.0
51585.21284018644,2234.0
53218.28450965696,2234.0
53218.28450965696,2017.0
56135.12941938826,2017.0
56135.12941938826,2234.0
86400.0,2234.0
# temp #6062
0.0,2234.0
17289.79641159531,2234.0
17289.79641159531,2883.0
18371.10679855105,2883.0
18371.10679855105,2667.0
21601.2426633155,2667.0
21601.2426633155,2883.0
26021.634717704732,2883.0
26021.634717704732,2429.0
41192.266513989314,2429.0
41192.266513989314,2234.0
46483.3691548789,2234.0
46483.3691548789,2667.0
62273.00080584829,2667.0
62273.00080584829,2883.0
86400.0,2883.0
# temp #6063
0.0,2234.0
5128.367590298877,2234.0
5128.367590298877,2429.0
5711.455665738323,2429.0
5711.455665738323,2555.0
6021.7068473109985,2555.0
6021.7068473109985,2429.0
42686.997679830536,2429.0
42686.997679830536,2883.0
47852.18028828968,2883.0
47852.18028828968,2667.0
75119.2251808243,2667.0
75119.2251808243,2883.0
86400.000002,2883.0
# temp #6064
0.0,2234.0
8175.799322244713,2234.0
8175.799322244713,2667.0
42053.946267161526,2667.0
42053.946267161526,2555.0
43360.61016730965,2555.0
43360.61016730965,2667.0
80225.27600820178,2667.0
80225.27600820178,2555.0
83225.27600820178,2555.0
83225.27600820178,2667.0
86400.000002,2667.0
# temp #6065
0.0,2234.0
4056.3623063731948,2234.0
4056.3623063731948,2667.0
38959.44944259246,2667.0
38959.44944259246,2555.0
40313.662349735394,2555.0
40313.662349735394,2667.0
53773.57002615464,2667.0
53773.57002615464,2555.0
54073.57002615464,2555.0
54073.57002615464,2667.0
54373.57002615464,2667.0
54373.57002615464,2555.0
57673.57002615464,2555.0
57673.57002615464,2667.0
83173.57002615463,2667.0
83173.57002615463,2883.0
86400.0,2883.0
# temp #6066
0.0,2234.0
6880.459628300742,2234.0
6880.459628300742,2429.0
7198.516957252287,2429.0
7198.516957252287,2555.0
11724.90945698228,2555.0
11724.90945698228,2429.0
45166.21052606498,2429.0
45166.21052606498,2555.0
73109.86615677831,2555.0
73109.86615677831,2429.0
86400.000002,2429.0
# temp #6067
0.0,2234.0
67957.10581876338,2234.0
67957.10581876338,2555.0
86400.000002,2555.0
# temp #6068
0.0,2234.0
65179.55364896917,2234.0
65179.55364896917,2555.0
86400.0,2555.0
# temp #6069
0.0,2234.0
14525.099431467246,2234.0
14525.099431467246,2883.0
15173.517169570554,2883.0
15173.517169570554,2667.0
20366.6222257074,2667.0
20366.6222257074,2883.0
51714.614254538916,2883.0
51714.614254538916,2429.0
85070.07932639682,2429.0
85070.07932639682,2555.0
86400.000002,2555.0
# temp #6070
0.0,2234.0
4242.334490362555,2234.0
4242.334490362555,2883.0
15342.334490362555,2883.0
15342.334490362555,2555.0
35079.026367282495,2555.0
35079.026367282495,2429.0
70789.86058181619,2429.0
70789.86058181619,2555.0
86400.0,2555.0
# temp #6071
0.0,2234.0
60534.9298874382,2234.0
60534.9298874382,2883.0
62934.9298874382,2883.0
62934.9298874382,2667.0
86400.000002,2667.0
# temp #6072
0.0,2234.0
20940.451161051173,2234.0
20940.451161051173,2429.0
21359.447539458055,2429.0
21359.447539458055,2555.0
24781.141845742244,2555.0
24781.141845742244,2429.0
45347.5239092717,2429.0
45347.5239092717,2555.0
59498.93782970031,2555.0
59498.93782970031,2429.0
86400.000002,2429.0
# temp #6073
0.0,2234.0
59213.11610341073,2234.0
59213.11610341073,2555.0
86400.0,2555.0
# temp #6074
0.0,2234.0
23065.13629301917,2234.0
23065.13629301917,2555.0
51488.78458889668,2555.0
51488.78458889668,2429.0
74949.41668140238,2429.0
74949.41668140238,2234.0
75549.41668140238,2234.0
75549.41668140238,2429.0
77949.41668140238,2429.0
77949.41668140238,2555.0
86400.0,2555.0
# temp #6075
0.0,2234.0
60701.369660790086,2234.0
60701.369660790086,2555.0
86400.000002,2555.0
# temp #6076
0.0,2234.0
26580.392738501545,2234.0
26580.392738501545,2429.0
33480.39273850154,2429.0
33480.39273850154,2555.0
35280.39273850154,2555.0
35280.39273850154,2429.0
48180.39273850154,2429.0
48180.39273850154,2234.0
48480.39273850154,2234.0
48480.39273850154,2017.0
48780.39273850154,2017.0
48780.39273850154,2234.0
49080.39273850154,2234.0
49080.39273850154,2017.0
64331.95936263074,2017.0
64331.95936263074,2234.0
70673.82852130104,2234.0
70673.82852130104,2667.0
77582.61459991336,2667.0
77582.61459991336,2555.0
86400.0,2555.0
# temp #6077
0.0,2234.0
10397.741019353272,2234.0
10397.741019353272,2017.0
58772.63542176225,2017.0
58772.63542176225,2234.0
77554.53134193087,2234.0
77554.53134193087,2017.0
86400.0,2017.0
# temp #6078
0.0,2234.0
21306.04747293983,2234.0
21306.04747293983,2429.0
21834.198329877112,2429.0
21834.198329877112,2555.0
22857.72025873885,2555.0
22857.72025873885,2429.0
67911.08952183278,2429.0
67911.08952183278,2883.0
74038.47771696748,2883.0
74038.47771696748,2667.0
86400.000002,2667.0
# temp #6079
0.0,2234.0
11114.059840282425,2234.0
11114.059840282425,2429.0
18014.059840282425,2429.0
18014.059840282425,2555.0
19814.059840282425,2555.0
19814.059840282425,2429.0
32714.059840282425,2429.0
32714.059840282425,2234.0
33014.059840282425,2234.0
33014.059840282425,2017.0
33314.059840282425,2017.0
33314.059840282425,2234.0
33614.059840282425,2234.0
33614.059840282425,2017.0
40022.07125870045,2017.0
40022.07125870045,2234.0
73815.3037861688,2234.0
73815.3037861688,2429.0
86400.000002,2429.0
# temp #6080
0.0,2234.0
15785.735492664391,2234.0
15785.735492664391,2555.0
22283.231812552553,2555.0
22283.231812552553,2429.0
69510.65710766707,2429.0
69510.65710766707,2234.0
69810.65710766707,2234.0
69810.65710766707,2017.0
86400.0,2017.0
# temp #6081
0.0,2234.0
21007.30669484474,2234.0
21007.30669484474,2555.0
50995.92437460089,2555.0
50995.92437460089,2429.0
80411.7182584014,2429.0
80411.7182584014,2234.0
80711.7182584014,2234.0
80711.7182584014,2017.0
86400.000002,2017.0
# temp #6082
0.0,2234.0
64769.6272065863,2234.0
64769.6272065863,2555.0
75014.0391670866,2555.0
75014.0391670866,2234.0
86400.0,2234.0
# temp #6083
0.0,2234.0
20762.906538555402,2234.0
20762.906538555402,2429.0
21180.236289510507,2429.0
21180.236289510507,2234.0
21785.937310522426,2234.0
21785.937310522426,2429.0
27313.00197564997,2429.0
27313.00197564997,2234.0
36601.68908166234,2234.0
36601.68908166234,2429.0
37790.69460108877,2429.0
37790.69460108877,2234.0
50004.40241235775,2234.0
50004.40241235775,2429.0
56070.94249308576,2429.0
56070.94249308576,2555.0
74976.30017115736,2555.0
74976.30017115736,2429.0
86400.0,2429.0
# temp #6084
0.0,2234.0
20874.276712001305,2234.0
20874.276712001305,2555.0
45707.17397716363,2555.0
45707.17397716363,2429.0
46100.32602665015,2429.0
46100.32602665015,2555.0
58951.35320797563,2555.0
58951.35320797563,2429.0
59665.10303453543,2429.0
59665.10303453543,2234.0
64080.315145128414,2234.0
64080.315145128414,2429.0
86400.000002,2429.0
# temp #6085
0.0,2234.0
14814.425522368403,2234.0
14814.425522368403,2429.0
21714.4255223684,2429.0
21714.4255223684,2555.0
23514.4255223684,2555.0
23514.4255223684,2429.0
36414.4255223684,2429.0
36414.4255223684,2234.0
36714.4255223684,2234.0
36714.4255223684,2017.0
37014.4255223684,2017.0
37014.4255223684,2234.0
37314.4255223684,2234.0
37314.4255223684,2017.0
49323.764615203254,2017.0
49323.764615203254,2234.0
54787.81839448494,2234.0
54787.81839448494,2429.0
73349.77555365767,2429.0
73349.77555365767,2555.0
80952.41983635353,2555.0
80952.41983635353,2429.0
86400.0,2429.0
# temp #6086
0.0,2234.0
917.6389530301094,2234.0
917.6389530301094,2667.0
27799.920265772384,2667.0
27799.920265772384,2555.0
28501.90794516821,2555.0
28501.90794516821,2667.0
43546.75663341769,2667.0
43546.75663341769,2555.0
43846.75663341769,2555.0
43846.75663341769,2667.0
44684.56514901482,2667.0
44684.56514901482,2555.0
45284.56514901482,2555.0
45284.56514901482,2667.0
82587.14205336293,2667.0
82587.14205336293,2555.0
86400.000002,2555.0
# temp #6087
0.0,2234.0
25772.84080528189,2234.0
25772.84080528189,2555.0
62952.85576174503,2555.0
62952.85576174503,2429.0
86400.0,2429.0
# temp #6088
0.0,2234.0
62851.09903961421,2234.0
62851.09903961421,2555.0
67062.32532493306,2555.0
67062.32532493306,2667.0
67572.82535084525,2667.0
67572.82535084525,2555.0
73572.82535084525,2555.0
73572.82535084525,2429.0
75972.82535084525,2429.0
75972.82535084525,2234.0
79572.82535084525,2234.0
79572.82535084525,2429.0
80772.82535084525,2429.0
80772.82535084525,2234.0
86400.0,2234.0
# temp #6089
0.0,2234.0
29550.0363919884,2234.0
29550.0363919884,2017.0
33835.825795540586,2017.0
33835.825795540586,2234.0
69251.94517853671,2234.0
69251.94517853671,2017.0
86400.000002,2017.0
# temp #6090
0.0,2234.0
6211.877721338534,2234.0
6211.877721338534,2667.0
46028.766341297895,2667.0
46028.766341297895,2555.0
47417.77339798865,2555.0
47417.77339798865,2667.0
56991.1180544179,2667.0
56991.1180544179,2555.0
57291.1180544179,2555.0
57291.1180544179,2429.0
85247.10739448202,2429.0
85247.10739448202,2234.0
86400.000002,2234.0
# temp #6091
0.0,2234.0
19667.087924061347,2234.0
19667.087924061347,2017.0
41583.122706552975,2017.0
41583.122706552975,2234.0
45817.82505274751,2234.0
45817.82505274751,2017.0
48207.65820289963,2017.0
48207.65820289963,2234.0
71040.47199678609,2234.0
71040.47199678609,2017.0
76588.6666417122,2017.0
76588.6666417122,2234.0
86400.0,2234.0
# temp #6092
0.0,2234.0
43188.092415989384,2234.0
43188.092415989384,2555.0
79553.5119108623,2555.0
79553.5119108623,2429.0
79898.48971464673,2429.0
79898.48971464673,2555.0
81991.06715025847,2555.0
81991.06715025847,2429.0
82974.6758270776,2429.0
82974.6758270776,2234.0
86400.0,2234.0
# temp #6093
0.0,2234.0
5859.190502995626,2234.0
5859.190502995626,2667.0
30933.290455327373,2667.0
30933.290455327373,2555.0
32261.03578519542,2555.0
32261.03578519542,2667.0
65137.144404463485,2667.0
65137.144404463485,2555.0
68137.14440446348,2555.0
68137.14440446348,2667.0
86400.000002,2667.0
# temp #6094
0.0,2234.0
26404.174584452998,2234.0
26404.174584452998,2555.0
30053.57302310877,2555.0
30053.57302310877,2667.0
30596.98326797225,2667.0
30596.98326797225,2555.0
30896.98326797225,2555.0
30896.98326797225,2667.0
57596.983267972246,2667.0
57596.983267972246,2555.0
73496.98326797225,2555.0
73496.98326797225,2234.0
77096.98326797225,2234.0
77096.98326797225,2429.0
86400.0,2429.0
# temp #6095
0.0,2234.0
38694.60678454489,2234.0
38694.60678454489,2429.0
39275.53205725272,2429.0
39275.53205725272,2555.0
43931.34328883608,2555.0
43931.34328883608,2429.0
62467.71361492576,2429.0
62467.71361492576,2555.0
74304.88571254538,2555.0
74304.88571254538,2667.0
86400.000002,2667.0
# temp #6096
0.0,2234.0
28694.28483503871,2234.0
28694.28483503871,2017.0
85467.3049001489,2017.0
85467.3049001489,2234.0
86400.000002,2234.0
# temp #6097
0.0,2234.0
7832.646540342832,2234.0
7832.646540342832,2667.0
30722.903192765087,2667.0
30722.903192765087,2555.0
31049.84257619363,2555.0
31049.84257619363,2667.0
67656.7430909956,2667.0
67656.7430909956,2555.0
67956.7430909956,2555.0
67956.7430909956,2667.0
68674.83863742092,2667.0
68674.83863742092,2555.0
69274.83863742092,2555.0
69274.83863742092,2667.0
77195.57828397957,2667.0
77195.57828397957,2555.0
77275.78496597709,2555.0
77275.78496597709,2429.0
86400.0,2429.0
# temp #6098
0.0,2234.0
42493.59542210587,2234.0
42493.59542210587,2555.0
58257.648101588726,2555.0
58257.648101588726,2429.0
58709.78462963832,2429.0
58709.78462963832,2555.0
75959.0178092709,2555.0
75959.0178092709,2429.0
76913.65586842877,2429.0
76913.65586842877,2555.0
77887.73062115071,2555.0
77887.73062115071,2429.0
78187.73062115071,2429.0
78187.73062115071,2555.0
86400.000002,2555.0
# temp #6099
0.0,2234.0
19484.11950906739,2234.0
19484.11950906739,2429.0
19784.11950906739,2429.0
19784.11950906739,2234.0
25346.90219946206,2234.0
25346.90219946206,2667.0
61047.06341950224,2667.0
61047.06341950224,2883.0
77891.49021729828,2883.0
77891.49021729828,2667.0
86400.0,2667.0
# temp #6100
0.0,2234.0
46873.86063833256,2234.0
46873.86063833256,2555.0
54623.29029960093,2555.0
54623.29029960093,2429.0
65509.0251438087,2429.0
65509.0251438087,2234.0
70424.63509188966,2234.0
70424.63509188966,2429.0
86400.0,2429.0
# temp #6101
0.0,2234.0
6285.209529055283,2234.0
6285.209529055283,2883.0
8059.798777475954,2883.0
8059.798777475954,2667.0
10374.304492003284,2667.0
10374.304492003284,2883.0
46617.92787231971,2883.0
46617.92787231971,2429.0
49985.77506474686,2429.0
49985.77506474686,2555.0
58996.907640039,2555.0
58996.907640039,2429.0
86400.0,2429.0
# temp #6102
0.0,2234.0
1476.3608425157147,2234.0
1476.3608425157147,2555.0
38812.78545933311,2555.0
38812.78545933311,2429.0
57685.35146566575,2429.0
57685.35146566575,2234.0
58285.35146566575,2234.0
58285.35146566575,2429.0
60685.35146566575,2429.0
60685.35146566575,2555.0
70885.35146566575,2555.0
70885.35146566575,2667.0
86400.0,2667.0
# temp #6103
0.0,2234.0
324.43025945685804,2234.0
324.43025945685804,2017.0
56550.503170816235,2017.0
56550.503170816235,2234.0
86400.000002,2234.0
# temp #6104
0.0,2234.0
2860.624210420065,2234.0
2860.624210420065,2667.0
30471.824344550263,2667.0
30471.824344550263,2555.0
31592.124521755617,2555.0
31592.124521755617,2667.0
37089.44013956935,2667.0
37089.44013956935,2555.0
40089.44013956935,2555.0
40089.44013956935,2667.0
66189.44013956934,2667.0
66189.44013956934,2883.0
86400.0,2883.0
# temp #6105
0.0,2234.0
7598.607266508043,2234.0
7598.607266508043,2429.0
14498.607266508043,2429.0
14498.607266508043,2555.0
16298.607266508043,2555.0
16298.607266508043,2429.0
29198.607266508043,2429.0
29198.607266508043,2234.0
29498.607266508043,2234.0
29498.607266508043,2017.0
29798.607266508043,2017.0
29798.607266508043,2234.0
30098.607266508043,2234.0
30098.607266508043,2017.0
49516.1076110322,2017.0
49516.1076110322,2234.0
64081.13051424735,2234.0
64081.13051424735,2667.0
76260.74911113828,2667.0
76260.74911113828,2555.0
86400.000002,2555.0
# temp #6106
0.0,2234.0
5811.5345190279195,2234.0
5811.5345190279195,2667.0
15003.951247385707,2667.0
15003.951247385707,2555.0
15390.526300831702,2555.0
15390.526300831702,2667.0
49561.008198768846,2667.0
49561.008198768846,2555.0
49861.008198768846,2555.0
49861.008198768846,2667.0
50581.01717792453,2667.0
50581.01717792453,2555.0
51181.01717792453,2555.0
51181.01717792453,2667.0
81984.5660749823,2667.0
81984.5660749823,2883.0
86400.000002,2883.0
# temp #6107
0.0,2234.0
77885.44573886321,2234.0
77885.44573886321,2883.0
80285.44573886321,2883.0
80285.44573886321,2667.0
86400.0,2667.0
# temp #6108
0.0,2234.0
40708.256942639135,2234.0
40708.256942639135,2017.0
85612.76826672257,2017.0
85612.76826672257,2234.0
86400.000002,2234.0
# temp #6109
0.0,2234.0
7510.811442299748,2234.0
7510.811442299748,2667.0
51875.98469748628,2667.0
51875.98469748628,2555.0
52988.45598378685,2555.0
52988.45598378685,2667.0
61653.66698121653,2667.0
61653.66698121653,2555.0
61953.66698121653,2555.0
61953.66698121653,2667.0
62717.577252513736,2667.0
62717.577252513736,2555.0
63317.577252513736,2555.0
63317.577252513736,2667.0
86400.0,2667.0
# temp #6110
0.0,2234.0
18439.31352014188,2234.0
18439.31352014188,2555.0
56910.58528621217,2555.0
56910.58528621217,2429.0
57465.51286443138,2429.0
57465.51286443138,2555.0
76783.98282320706,2555.0
76783.98282320706,2429.0
77783.80675564987,2429.0
77783.80675564987,2555.0
79254.364129412,2555.0
79254.364129412,2429.0
79554.364129412,2429.0
79554.364129412,2555.0
81054.364129412,2555.0
81054.364129412,2429.0
86400.000002,2429.0
# temp #6111
0.0,2234.0
56163.47768688575,2234.0
56163.47768688575,2555.0
78754.40230071546,2555.0
78754.40230071546,2429.0
79237.68426964527,2429.0
79237.68426964527,2555.0
82579.41030096264,2555.0
82579.41030096264,2429.0
83723.02985396238,2429.0
83723.02985396238,2555.0
85040.49728270622,2555.0
85040.49728270622,2429.0
85340.49728270622,2429.0
85340.49728270622,2555.0
86400.000002,2555.0
# temp #6112
0.0,2234.0
38273.69204624557,2234.0
38273.69204624557,2017.0
86400.000002,2017.0
# temp #6113
0.0,2234.0
16199.239657167347,2234.0
16199.239657167347,2429.0
16799.239657167345,2429.0
16799.239657167345,2555.0
17830.209545139223,2555.0
17830.209545139223,2429.0
24651.939689833674,2429.0
24651.939689833674,2555.0
28983.40122259688,2555.0
28983.40122259688,2429.0
45584.069126704715,2429.0
45584.069126704715,2555.0
73116.77857444157,2555.0
73116.77857444157,2429.0
77793.38022968733,2429.0
77793.38022968733,2234.0
86400.0,2234.0
# temp #6114
0.0,2234.0
42903.3864144003,2234.0
42903.3864144003,2883.0
45303.3864144003,2883.0
45303.3864144003,2667.0
59967.93490599375,2667.0
59967.93490599375,2883.0
78726.27543217968,2883.0
78726.27543217968,2667.0
79854.08026578372,2667.0
79854.08026578372,2555.0
86400.0,2555.0
# temp #6115
0.0,2234.0
72377.73821416778,2234.0
72377.73821416778,2555.0
74235.56382560638,2555.0
74235.56382560638,2667.0
74722.64063372278,2667.0
74722.64063372278,2555.0
75022.64063372278,2555.0
75022.64063372278,2667.0
78622.64063372278,2667.0
78622.64063372278,2555.0
80122.64063372278,2555.0
80122.64063372278,2429.0
85837.70716690925,2429.0
85837.70716690925,2234.0
86400.000002,2234.0
# temp #6116
0.0,2234.0
70929.67539725361,2234.0
70929.67539725361,2555.0
86400.000002,2555.0
# temp #6117
0.0,2234.0
9283.569709584119,2234.0
9283.569709584119,2883.0
11078.312441613527,2883.0
11078.312441613527,2667.0
17189.69714941923,2667.0
17189.69714941923,2883.0
23768.118703854274,2883.0
23768.118703854274,2429.0
45113.65268484224,2429.0
45113.65268484224,2555.0
51246.30203596317,2555.0
51246.30203596317,2429.0
60441.388776339605,2429.0
60441.388776339605,2555.0
75777.8895548545,2555.0
75777.8895548545,2667.0
86400.000002,2667.0
# temp #6118
0.0,2234.0
3468.446337897331,2234.0
3468.446337897331,2667.0
10531.650749989787,2667.0
10531.650749989787,2555.0
11907.349394937048,2555.0
11907.349394937048,2667.0
48589.46638475173,2667.0
48589.46638475173,2555.0
49189.46638475173,2555.0
49189.46638475173,2667.0
67617.34209903517,2667.0
67617.34209903517,2555.0
72636.7912283633,2555.0
72636.7912283633,2429.0
86400.000002,2429.0
# temp #6119
0.0,2234.0
76491.71236683616,2234.0
76491.71236683616,2555.0
86400.0,2555.0
# temp #6120
0.0,2234.0
8434.911684156397,2234.0
8434.911684156397,2667.0
26607.442579069182,2667.0
26607.442579069182,2555.0
28081.443268829033,2555.0
28081.443268829033,2667.0
49226.436813035994,2667.0
49226.436813035994,2555.0
49826.436813035994,2555.0
49826.436813035994,2667.0
63169.73687424326,2667.0
63169.73687424326,2555.0
67484.9321679678,2555.0
67484.9321679678,2429.0
83556.20145541617,2429.0
83556.20145541617,2555.0
84526.33428485134,2555.0
84526.33428485134,2667.0
86400.0,2667.0
# temp #6121
0.0,2234.0
36159.64369426948,2234.0
36159.64369426948,2429.0
68259.64369426947,2429.0
68259.64369426947,2555.0
68559.64369426947,2555.0
68559.64369426947,2667.0
86400.0,2667.0
# temp #6122
0.0,2234.0
74829.3140608119,2234.0
74829.3140608119,2555.0
86400.000002,2555.0
# temp #6123
0.0,2234.0
3606.9246358936657,2234.0
3606.9246358936657,2667.0
25985.372378071774,2667.0
25985.372378071774,2555.0
27273.47519961186,2555.0
27273.47519961186,2429.0
63775.41785021314,2429.0
63775.41785021314,2555.0
71252.77256942356,2555.0
71252.77256942356,2667.0
86400.0,2667.0
# temp #6124
0.0,2234.0
1793.7061572913083,2234.0
1793.7061572913083,2667.0
47381.813977961436,2667.0
47381.813977961436,2555.0
48178.771738079384,2555.0
48178.771738079384,2667.0
60839.43097342272,2667.0
60839.43097342272,2555.0
61139.43097342272,2555.0
61139.43097342272,2667.0
61747.65599055682,2667.0
61747.65599055682,2555.0
62347.65599055682,2555.0
62347.65599055682,2667.0
77243.4049362084,2667.0
77243.4049362084,2555.0
86400.0,2555.0
# temp #6125
0.0,2234.0
15259.219188848512,2234.0
15259.219188848512,2017.0
54215.78603829258,2017.0
54215.78603829258,2234.0
78010.85818908179,2234.0
78010.85818908179,2017.0
79272.73212578149,2017.0
79272.73212578149,2234.0
86400.000002,2234.0
# temp #6126
0.0,2234.0
7149.195677787067,2234.0
7149.195677787067,2667.0
11790.645457408395,2667.0
11790.645457408395,2555.0
13005.514200660404,2555.0
13005.514200660404,2667.0
26077.337892889052,2667.0
26077.337892889052,2555.0
26377.337892889052,2555.0
26377.337892889052,2429.0
43427.79213208706,2429.0
43427.79213208706,2555.0
54196.88956264873,2555.0
54196.88956264873,2429.0
86400.0,2429.0
# temp #6127
0.0,2234.0
7850.831369427034,2234.0
7850.831369427034,2555.0
13027.710947231391,2555.0
13027.710947231391,2667.0
13543.289687647486,2667.0
13543.289687647486,2555.0
13843.289687647486,2555.0
13843.289687647486,2667.0
40543.289687647484,2667.0
40543.289687647484,2555.0
56443.289687647484,2555.0
56443.289687647484,2234.0
60043.289687647484,2234.0
60043.289687647484,2429.0
69943.28968764748,2429.0
69943.28968764748,2555.0
70543.28968764748,2555.0
70543.28968764748,2667.0
82843.28968764748,2667.0
82843.28968764748,2883.0
86400.000002,2883.0
# temp #6128
0.0,2234.0
15298.682563961485,2234.0
15298.682563961485,2555.0
18711.197106842887,2555.0
18711.197106842887,2429.0
22982.155093853366,2429.0
22982.155093853366,2234.0
23582.155093853366,2234.0
23582.155093853366,2429.0
41882.15509385336,2429.0
41882.15509385336,2555.0
43382.15509385336,2555.0
43382.15509385336,2429.0
48719.94078559802,2429.0
48719.94078559802,2234.0
70122.14319014456,2234.0
70122.14319014456,2429.0
86400.000002,2429.0
# temp #6129
0.0,2234.0
11862.066220119597,2234.0
11862.066220119597,2017.0
14361.154670175167,2017.0
14361.154670175167,2234.0
21804.01689000428,2234.0
21804.01689000428,2017.0
52030.47819267959,2017.0
52030.47819267959,2234.0
71100.14173490928,2234.0
71100.14173490928,2017.0
86400.0,2017.0
# temp #6130
0.0,2234.0
61498.42582514976,2234.0
61498.42582514976,2555.0
76684.17187670713,2555.0
76684.17187670713,2429.0
86400.0,2429.0
# temp #6131
0.0,2234.0
13669.341072742829,2234.0
13669.341072742829,2555.0
48323.73002290261,2555.0
48323.73002290261,2429.0
83240.31611576212,2429.0
83240.31611576212,2234.0
83840.31611576212,2234.0
83840.31611576212,2429.0
86240.31611576212,2429.0
86240.31611576212,2555.0
86400.0,2555.0
# temp #6132
0.0,2234.0
7215.58827564586,2234.0
7215.58827564586,2883.0
7687.8181712469095,2883.0
7687.8181712469095,2667.0
16576.929746987298,2667.0
16576.929746987298,2883.0
23156.125421309844,2883.0
23156.125421309844,2667.0
44306.17283703759,2667.0
44306.17283703759,2555.0
68493.30646677408,2555.0
68493.30646677408,2429.0
86400.000002,2429.0
# temp #6133
0.0,2234.0
38985.66435982939,2234.0
38985.66435982939,2883.0
41385.66435982939,2883.0
41385.66435982939,2667.0
60716.14114022814,2667.0
60716.14114022814,2555.0
75587.25628140382,2555.0
75587.25628140382,2667.0
86400.0,2667.0
# temp #6134
0.0,2234.0
10818.482015049087,2234.0
10818.482015049087,2429.0
11118.482015049087,2429.0
11118.482015049087,2234.0
46143.65018229001,2234.0
46143.65018229001,2429.0
48606.40622125939,2429.0
48606.40622125939,2555.0
59902.820297400474,2555.0
59902.820297400474,2429.0
79177.58255784867,2429.0
79177.58255784867,2555.0
86400.000002,2555.0
# temp #6135
0.0,2234.0
58873.35061503109,2234.0
58873.35061503109,2555.0
76871.08547247482,2555.0
76871.08547247482,2429.0
77941.15127928091,2429.0
77941.15127928091,2234.0
78241.15127928091,2234.0
78241.15127928091,2017.0
85703.21509370116,2017.0
85703.21509370116,2883.0
86400.000002,2883.0
# temp #6136
0.0,2234.0
81864.05268511736,2234.0
81864.05268511736,2555.0
86400.0,2555.0
# temp #6137
0.0,2234.0
17889.724583434876,2234.0
17889.724583434876,2883.0
18601.21099886019,2883.0
18601.21099886019,2667.0
25883.12957491726,2667.0
25883.12957491726,2883.0
26622.635033726696,2883.0
26622.635033726696,2667.0
27710.907316789966,2667.0
27710.907316789966,2555.0
46945.94774369617,2555.0
46945.94774369617,2667.0
66465.52185520997,2667.0
66465.52185520997,2234.0
76537.64153535014,2234.0
76537.64153535014,2667.0
86400.0,2667.0
# temp #6138
0.0,2234.0
11071.893545170316,2234.0
11071.893545170316,2883.0
12285.129437944854,2883.0
12285.129437944854,2667.0
19775.87580434047,2667.0
19775.87580434047,2883.0
49729.82673787048,2883.0
49729.82673787048,2429.0
80296.99792361354,2429.0
80296.99792361354,2555.0
86400.0,2555.0
# temp #6139
0.0,2234.0
72703.83584497032,2234.0
72703.83584497032,2555.0
76289.67347571162,2555.0
76289.67347571162,2667.0
76821.22474364006,2667.0
76821.22474364006,2555.0
77121.22474364006,2555.0
77121.22474364006,2667.0
86400.0,2667.0
# temp #6140
0.0,2234.0
60961.409594351426,2234.0
60961.409594351426,2555.0
66464.16169081349,2555.0
66464.16169081349,2234.0
72500.2813807223,2234.0
72500.2813807223,2429.0
75688.86318644509,2429.0
75688.86318644509,2555.0
86042.00818219688,2555.0
86042.00818219688,2429.0
86400.000002,2429.0
# temp #6141
0.0,2234.0
34318.99250890129,2234.0
34318.99250890129,2017.0
50804.770008707426,2017.0
50804.770008707426,2234.0
79646.20301364922,2234.0
79646.20301364922,2017.0
86400.000002,2017.0
# temp #6142
0.0,2234.0
47747.018935228705,2234.0
47747.018935228705,2555.0
67243.35477759597,2555.0
67243.35477759597,2429.0
86400.0,2429.0
# temp #6143
0.0,2234.0
82521.38104573825,2234.0
82521.38104573825,2555.0
86102.1999544697,2555.0
86102.1999544697,2667.0
86400.0,2667.0
# temp #6144
0.0,2234.0
10443.735421146266,2234.0
10443.735421146266,2429.0
10879.590668552555,2429.0
10879.590668552555,2234.0
11746.986591699533,2234.0
11746.986591699533,2429.0
16861.38519651722,2429.0
16861.38519651722,2234.0
23221.644913614728,2234.0
23221.644913614728,2429.0
23967.33219868038,2429.0
23967.33219868038,2555.0
24822.9958902346,2555.0
24822.9958902346,2429.0
25122.9958902346,2429.0
25122.9958902346,2555.0
25422.9958902346,2555.0
25422.9958902346,2429.0
26022.9958902346,2429.0
26022.9958902346,2555.0
29984.032868896615,2555.0
29984.032868896615,2429.0
31354.764401377182,2429.0
31354.764401377182,2883.0
38859.82999135741,2883.0
38859.82999135741,2429.0
41243.59185167123,2429.0
41243.59185167123,2555.0
77337.70776414314,2555.0
77337.70776414314,2429.0
86400.0,2429.0
# temp #6145
0.0,2234.0
12946.613240079025,2234.0
12946.613240079025,2555.0
39218.53996671271,2555.0
39218.53996671271,2429.0
51389.460490713835,2429.0
51389.460490713835,2234.0
51689.460490713835,2234.0
51689.460490713835,2017.0
70754.85894251616,2017.0
70754.85894251616,2555.0
86400.000002,2555.0
# temp #6146
0.0,2234.0
12044.45196054876,2234.0
12044.45196054876,2883.0
12698.067393642852,2883.0
12698.067393642852,2667.0
23527.146575599912,2667.0
23527.146575599912,2883.0
25879.02130961884,2883.0
25879.02130961884,2429.0
65620.86702289527,2429.0
65620.86702289527,2883.0
86400.0,2883.0
# temp #6147
0.0,2234.0
5662.134563690052,2234.0
5662.134563690052,2667.0
21696.364458790053,2667.0
21696.364458790053,2555.0
23003.71637041681,2555.0
23003.71637041681,2667.0
48004.354864102796,2667.0
48004.354864102796,2555.0
48604.354864102796,2555.0
48604.354864102796,2667.0
70154.9854753772,2667.0
70154.9854753772,2555.0
73623.12984263992,2555.0
73623.12984263992,2429.0
86400.0,2429.0
# temp #6148
0.0,2234.0
43089.66748199892,2234.0
43089.66748199892,2555.0
50142.80823350419,2555.0
50142.80823350419,2429.0
50471.833999478265,2429.0
50471.833999478265,2555.0
66325.0815894222,2555.0
66325.0815894222,2429.0
67018.23395804969,2429.0
67018.23395804969,2234.0
75823.77945729533,2234.0
75823.77945729533,2429.0
86400.0,2429.0
# temp #6149
0.0,2234.0
8843.420576909557,2234.0
8843.420576909557,2429.0
9225.918002938852,2429.0
9225.918002938852,2234.0
10109.193627163768,2234.0
10109.193627163768,2429.0
12267.995982058346,2429.0
12267.995982058346,2234.0
25726.31845115684,2234.0
25726.31845115684,2429.0
26438.270221604034,2429.0
26438.270221604034,2555.0
27755.05430507474,2555.0
27755.05430507474,2429.0
28055.05430507474,2429.0
28055.05430507474,2555.0
28355.05430507474,2555.0
28355.05430507474,2429.0
28955.05430507474,2429.0
28955.05430507474,2555.0
31593.534867418934,2555.0
31593.534867418934,2429.0
37991.025635646656,2429.0
37991.025635646656,2555.0
42432.90253090673,2555.0
42432.90253090673,2667.0
51204.17378826533,2667.0
51204.17378826533,2555.0
65304.91221856793,2555.0
65304.91221856793,2429.0
86400.0,2429.0
# temp #6150
0.0,2234.0
9512.959638470784,2234.0
9512.959638470784,2429.0
9893.70872634463,2429.0
9893.70872634463,2234.0
10702.017774386331,2234.0
10702.017774386331,2429.0
14944.181482912973,2429.0
14944.181482912973,2234.0
29146.267658821307,2234.0
29146.267658821307,2429.0
30110.16453369521,2429.0
30110.16453369521,2234.0
31096.476343553517,2234.0
31096.476343553517,2429.0
33116.94432080258,2429.0
33116.94432080258,2667.0
77523.57646096498,2667.0
77523.57646096498,2883.0
86400.0,2883.0
# temp #6151
0.0,2234.0
62657.75431310759,2234.0
62657.75431310759,2555.0
85510.51115719603,2555.0
85510.51115719603,2429.0
85924.86236973201,2429.0
85924.86236973201,2555.0
86400.000002,2555.0
# temp #6152
0.0,2234.0
65251.48906731048,2234.0
65251.48906731048,2555.0
74607.74813457394,2555.0
74607.74813457394,2429.0
86400.000002,2429.0
# temp #6153
0.0,2234.0
27553.86912231334,2234.0
27553.86912231334,2429.0
27871.952016139407,2429.0
27871.952016139407,2555.0
30838.905153656382,2555.0
30838.905153656382,2429.0
53126.6192295123,2429.0
53126.6192295123,2234.0
65875.95301489347,2234.0
65875.95301489347,2667.0
81538.97175032181,2667.0
81538.97175032181,2555.0
86400.000002,2555.0
# temp #6154
0.0,2234.0
28041.27277331427,2234.0
28041.27277331427,2429.0
28358.721839706417,2429.0
28358.721839706417,2234.0
29006.16434910335,2234.0
29006.16434910335,2429.0
30661.494104191665,2429.0
30661.494104191665,2234.0
47801.92834543996,2234.0
47801.92834543996,2429.0
49115.5994118657,2429.0
49115.5994118657,2555.0
50360.84851766937,2555.0
50360.84851766937,2429.0
86400.0,2429.0
# temp #6155
0.0,2234.0
8515.831222361887,2234.0
8515.831222361887,2883.0
8855.98117138725,2883.0
8855.98117138725,2667.0
19846.370492689315,2667.0
19846.370492689315,2883.0
29742.39120148123,2883.0
29742.39120148123,2667.0
59909.698999766275,2667.0
59909.698999766275,2555.0
70859.93884953206,2555.0
70859.93884953206,2429.0
78663.18351924421,2429.0
78663.18351924421,2555.0
81608.89634108172,2555.0
81608.89634108172,2667.0
86400.0,2667.0
# temp #6156
0.0,2234.0
27574.73394828849,2234.0
27574.73394828849,2017.0
71074.55078316854,2017.0
71074.55078316854,2234.0
75151.93289788441,2234.0
75151.93289788441,2017.0
76626.75021062607,2017.0
76626.75021062607,2234.0
86400.000002,2234.0
# temp #6157
0.0,2234.0
35440.10994436686,2234.0
35440.10994436686,2555.0
67865.02702336294,2555.0
67865.02702336294,2429.0
68300.5781848915,2429.0
68300.5781848915,2555.0
86400.000002,2555.0
# temp #6158
0.0,2234.0
58208.173784357496,2234.0
58208.173784357496,2555.0
72370.06143999752,2555.0
72370.06143999752,2234.0
78801.69233658817,2234.0
78801.69233658817,2667.0
84122.93199975975,2667.0
84122.93199975975,2234.0
85478.15489794593,2234.0
85478.15489794593,2429.0
86400.000002,2429.0
# temp #6159
0.0,2234.0
40752.72361747921,2234.0
40752.72361747921,2017.0
70435.23353403436,2017.0
70435.23353403436,2234.0
85102.91500836612,2234.0
85102.91500836612,2017.0
86400.0,2017.0
# temp #6160
0.0,2234.0
29215.149757079784,2234.0
29215.149757079784,2017.0
48627.66485363246,2017.0
48627.66485363246,2234.0
52808.884003199644,2234.0
52808.884003199644,2017.0
64664.8630140815,2017.0
64664.8630140815,2234.0
86400.0,2234.0
# temp #6161
0.0,2234.0
5643.613494490274,2234.0
5643.613494490274,2667.0
31353.598108654845,2667.0
31353.598108654845,2555.0
31946.47515113466,2555.0
31946.47515113466,2429.0
40425.05114064552,2429.0
40425.05114064552,2234.0
64048.89893734363,2234.0
64048.89893734363,2429.0
84994.90155118985,2429.0
84994.90155118985,2883.0
86400.0,2883.0
# temp #6162
0.0,2234.0
9777.625701483339,2234.0
9777.625701483339,2017.0
26222.230812348425,2017.0
26222.230812348425,2234.0
31922.230812348425,2234.0
31922.230812348425,2429.0
52939.394005551,2429.0
52939.394005551,2555.0
81309.42123080605,2555.0
81309.42123080605,2429.0
86400.0,2429.0
# temp #6163
0.0,2234.0
11713.92054311,2234.0
11713.92054311,2429.0
12117.840140475893,2429.0
12117.840140475893,2555.0
12999.211806594396,2555.0
12999.211806594396,2429.0
43485.54109598046,2429.0
43485.54109598046,2555.0
45036.77815482953,2555.0
45036.77815482953,2429.0
74093.04443991279,2429.0
74093.04443991279,2555.0
86400.000002,2555.0
# temp #6164
0.0,2234.0
13941.965863527732,2234.0
13941.965863527732,2883.0
25041.96586352773,2883.0
25041.96586352773,2555.0
37249.88910178654,2555.0
37249.88910178654,2667.0
48634.533092589125,2667.0
48634.533092589125,2234.0
65028.243983373985,2234.0
65028.243983373985,2667.0
70297.84073936754,2667.0
70297.84073936754,2555.0
86400.0,2555.0
# temp #6165
0.0,2234.0
12644.109805324117,2234.0
12644.109805324117,2555.0
38357.31714258437,2555.0
38357.31714258437,2429.0
51458.237763145014,2429.0
51458.237763145014,2234.0
51758.237763145014,2234.0
51758.237763145014,2017.0
74191.23945145404,2017.0
74191.23945145404,2883.0
86400.0,2883.0
# temp #6166
0.0,2234.0
22838.52707811166,2234.0
22838.52707811166,2555.0
25273.701969464313,2555.0
25273.701969464313,2667.0
25788.85940567125,2667.0
25788.85940567125,2555.0
31788.85940567125,2555.0
31788.85940567125,2429.0
34188.85940567125,2429.0
34188.85940567125,2234.0
37788.85940567125,2234.0
37788.85940567125,2429.0
38988.85940567125,2429.0
38988.85940567125,2234.0
44688.85940567125,2234.0
44688.85940567125,2429.0
56628.61526207999,2429.0
56628.61526207999,2555.0
86400.0,2555.0
# temp #6167
0.0,2234.0
38523.02008057014,2234.0
38523.02008057014,2017.0
71230.37529434079,2017.0
71230.37529434079,2234.0
86400.0,2234.0
# temp #6168
0.0,2234.0
13413.803509343417,2234.0
13413.803509343417,2555.0
31052.467790292583,2555.0
31052.467790292583,2429.0
31356.865869672045,2429.0
31356.865869672045,2555.0
35793.61870894209,2555.0
35793.61870894209,2429.0
36868.625000934124,2429.0
36868.625000934124,2234.0
70724.74681490568,2234.0
70724.74681490568,2429.0
74525.27494418902,2429.0
74525.27494418902,2883.0
86400.000002,2883.0
# temp #6169
0.0,2234.0
32875.02608424984,2234.0
32875.02608424984,2429.0
33346.40645796899,2429.0
33346.40645796899,2555.0
35273.889159061946,2555.0
35273.889159061946,2429.0
42876.68888554908,2429.0
42876.68888554908,2555.0
44986.09799486585,2555.0
44986.09799486585,2667.0
45026.41775328666,2667.0
45026.41775328666,2555.0
80339.95424292516,2555.0
80339.95424292516,2429.0
86400.000002,2429.0
# temp #6170
0.0,2234.0
17678.816009033475,2234.0
17678.816009033475,2883.0
19382.70619665273,2883.0
19382.70619665273,2667.0
22411.648618848998,2667.0
22411.648618848998,2883.0
32030.093894479804,2883.0
32030.093894479804,2667.0
44276.1351089459,2667.0
44276.1351089459,2555.0
73962.14964548127,2555.0
73962.14964548127,2429.0
86400.000002,2429.0
# temp #6171
0.0,2234.0
7980.501418886707,2234.0
7980.501418886707,2883.0
19080.501418886706,2883.0
19080.501418886706,2555.0
20853.367845341563,2555.0
20853.367845341563,2429.0
47499.48683897965,2429.0
47499.48683897965,2555.0
48413.070542318754,2555.0
48413.070542318754,2667.0
52260.32909012866,2667.0
52260.32909012866,2555.0
67399.93375351187,2555.0
67399.93375351187,2667.0
72779.73304667977,2667.0
72779.73304667977,2883.0
86400.0,2883.0
# temp #6172
0.0,2234.0
40517.52808273305,2234.0
40517.52808273305,2429.0
47417.52808273305,2429.0
47417.52808273305,2555.0
49217.52808273305,2555.0
49217.52808273305,2429.0
62117.52808273305,2429.0
62117.52808273305,2234.0
62417.52808273305,2234.0
62417.52808273305,2017.0
62717.52808273305,2017.0
62717.52808273305,2234.0
63017.52808273305,2234.0
63017.52808273305,2017.0
81612.30702451432,2017.0
81612.30702451432,2234.0
85472.28325358593,2234.0
85472.28325358593,2667.0
86400.0,2667.0
# temp #6173
0.0,2234.0
4032.371098618024,2234.0
4032.371098618024,2667.0
16971.781192207713,2667.0
16971.781192207713,2555.0
17481.140938075263,2555.0
17481.140938075263,2667.0
53988.85130840355,2667.0
53988.85130840355,2555.0
54588.85130840355,2555.0
54588.85130840355,2667.0
74747.36509085634,2667.0
74747.36509085634,2555.0
79046.73516810873,2555.0
79046.73516810873,2429.0
86400.0,2429.0
# temp #6174
0.0,2234.0
9336.249896977099,2234.0
9336.249896977099,2883.0
10637.709851749243,2883.0
10637.709851749243,2667.0
20036.02516881656,2667.0
20036.02516881656,2883.0
30404.214131995108,2883.0
30404.214131995108,2667.0
41907.37109959592,2667.0
41907.37109959592,2555.0
51681.62964591757,2555.0
51681.62964591757,2429.0
73657.86591181533,2429.0
73657.86591181533,2555.0
83107.84156545998,2555.0
83107.84156545998,2667.0
86400.000002,2667.0
# temp #6175
0.0,2234.0
19716.728351265196,2234.0
19716.728351265196,2017.0
66043.06379696356,2017.0
66043.06379696356,2234.0
83862.21799263732,2234.0
83862.21799263732,2017.0
86400.000002,2017.0
# temp #6176
0.0,2234.0
3983.615512889811,2234.0
3983.615512889811,2667.0
23523.533253860664,2667.0
23523.533253860664,2555.0
24322.920263302516,2555.0
24322.920263302516,2667.0
50046.153583657004,2667.0
50046.153583657004,2555.0
50346.153583657004,2555.0
50346.153583657004,2667.0
51136.23255039566,2667.0
51136.23255039566,2555.0
51736.23255039566,2555.0
51736.23255039566,2667.0
79261.26883607359,2667.0
79261.26883607359,2555.0
86400.0,2555.0
# temp #6177
0.0,2234.0
11762.097093625927,2234.0
11762.097093625927,2429.0
43862.097093625925,2429.0
43862.097093625925,2555.0
44162.097093625925,2555.0
44162.097093625925,2667.0
70797.05666752998,2667.0
70797.05666752998,2555.0
78935.33572596498,2555.0
78935.33572596498,2429.0
86400.0,2429.0
# temp #6178
0.0,2234.0
15611.061053001324,2234.0
15611.061053001324,2429.0
16087.336115073414,2429.0
16087.336115073414,2555.0
20097.98285728321,2555.0
20097.98285728321,2429.0
43101.82191249915,2429.0
43101.82191249915,2234.0
57092.714770557366,2234.0
57092.714770557366,2667.0
68896.39839925805,2667.0
68896.39839925805,2555.0
86400.0,2555.0
# temp #6179
0.0,2234.0
19097.751143784266,2234.0
19097.751143784266,2555.0
50468.00068987069,2555.0
50468.00068987069,2429.0
50843.59270962888,2429.0
50843.59270962888,2555.0
68348.09750556016,2555.0
68348.09750556016,2429.0
69012.51659654082,2429.0
69012.51659654082,2234.0
80531.21670414695,2234.0
80531.21670414695,2429.0
86400.000002,2429.0
# temp #6180
0.0,2234.0
9990.341580240058,2234.0
9990.341580240058,2017.0
30979.67365798541,2017.0
30979.67365798541,2234.0
36679.67365798541,2234.0
36679.67365798541,2429.0
51961.237779865056,2429.0
51961.237779865056,2555.0
79576.15356885364,2555.0
79576.15356885364,2429.0
86400.0,2429.0
# temp #6181
0.0,2234.0
22466.391382226724,2234.0
22466.391382226724,2017.0
25963.97720477544,2017.0
25963.97720477544,2234.0
67135.53039296532,2234.0
67135.53039296532,2017.0
86400.0,2017.0
# temp #6182
0.0,2234.0
4818.851699936205,2234.0
4818.851699936205,2667.0
33927.337367367,2667.0
33927.337367367,2555.0
34690.85227092729,2555.0
34690.85227092729,2667.0
57172.31378462166,2667.0
57172.31378462166,2555.0
57772.31378462166,2555.0
57772.31378462166,2667.0
77483.4103704896,2667.0
77483.4103704896,2555.0
80242.26546487772,2555.0
80242.26546487772,2429.0
86400.0,2429.0
# temp #6183
0.0,2234.0
17097.880599740896,2234.0
17097.880599740896,2883.0
17566.37237921823,2883.0
17566.37237921823,2667.0
28183.079061191536,2667.0
28183.079061191536,2883.0
39096.51237577201,2883.0
39096.51237577201,2667.0
44892.37429008354,2667.0
44892.37429008354,2555.0
48780.991107062444,2555.0
48780.991107062444,2667.0
68125.69018907381,2667.0
68125.69018907381,2555.0
80360.74963321445,2555.0
80360.74963321445,2667.0
86400.0,2667.0
# temp #6184
0.0,2234.0
65358.46962975338,2234.0
65358.46962975338,2555.0
67774.81402172707,2555.0
67774.81402172707,2234.0
74159.97175429948,2234.0
74159.97175429948,2667.0
86400.0,2667.0
# temp #6185
0.0,2234.0
32419.688716437675,2234.0
32419.688716437675,2555.0
44321.78476997652,2555.0
44321.78476997652,2429.0
44806.39621247538,2429.0
44806.39621247538,2555.0
53441.753432038255,2555.0
53441.753432038255,2429.0
54278.334185178406,2429.0
54278.334185178406,2555.0
55760.12317256538,2555.0
55760.12317256538,2429.0
86400.0,2429.0
# temp #6186
0.0,2234.0
1471.3248340878638,2234.0
1471.3248340878638,2667.0
9897.951905848458,2667.0
9897.951905848458,2555.0
11063.867660192773,2555.0
11063.867660192773,2667.0
26788.28646463808,2667.0
26788.28646463808,2555.0
27088.28646463808,2555.0
27088.28646463808,2429.0
33230.46837751754,2429.0
33230.46837751754,2555.0
49989.908275427304,2555.0
49989.908275427304,2667.0
81056.38934285381,2667.0
81056.38934285381,2555.0
84505.21218187643,2555.0
84505.21218187643,2429.0
86400.000002,2429.0
# temp #6187
0.0,2234.0
5200.996323209257,2234.0
5200.996323209257,2883.0
6259.2812369344765,2883.0
6259.2812369344765,2667.0
16120.61234316789,2667.0
16120.61234316789,2883.0
44507.63769897168,2883.0
44507.63769897168,2429.0
69721.11815304963,2429.0
69721.11815304963,2555.0
80401.28199399916,2555.0
80401.28199399916,2429.0
86400.0,2429.0
# temp #6188
0.0,2234.0
1585.921341343783,2234.0
1585.921341343783,2555.0
8084.39714529086,2555.0
8084.39714529086,2429.0
47366.92599572708,2429.0
47366.92599572708,2234.0
56051.515191374354,2234.0
56051.515191374354,2429.0
64388.729229080505,2429.0
64388.729229080505,2234.0
82434.69135321213,2234.0
82434.69135321213,2667.0
86400.0,2667.0
# temp #6189
0.0,2234.0
14798.085353197532,2234.0
14798.085353197532,2429.0
15316.500698402526,2429.0
15316.500698402526,2234.0
16079.171701404268,2234.0
16079.171701404268,2429.0
19446.301721991043,2429.0
19446.301721991043,2234.0
21583.62281955779,2234.0
21583.62281955779,2429.0
22476.120334491137,2429.0
22476.120334491137,2555.0
22778.773266356442,2555.0
22778.773266356442,2429.0
23078.773266356442,2429.0
23078.773266356442,2555.0
24578.773266356442,2555.0
24578.773266356442,2429.0
34778.77326635644,2429.0
34778.77326635644,2234.0
86400.0,2234.0
# temp #6190
0.0,2234.0
8893.764826864937,2234.0
8893.764826864937,2555.0
43221.51577484329,2555.0
43221.51577484329,2429.0
43536.70290978626,2429.0
43536.70290978626,2555.0
46076.680630655035,2555.0
46076.680630655035,2429.0
46517.84676995595,2429.0
46517.84676995595,2555.0
46825.56150744204,2555.0
46825.56150744204,2429.0
47125.56150744204,2429.0
47125.56150744204,2555.0
48625.56150744204,2555.0
48625.56150744204,2429.0
58825.56150744204,2429.0
58825.56150744204,2234.0
86400.000002,2234.0
# temp #6191
0.0,2234.0
46410.34926020075,2234.0
46410.34926020075,2429.0
46925.143725075766,2429.0
46925.143725075766,2555.0
50567.40233043675,2555.0
50567.40233043675,2429.0
72894.36220780482,2429.0
72894.36220780482,2555.0
84532.51569543501,2555.0
84532.51569543501,2883.0
86400.0,2883.0
# temp #6192
0.0,2234.0
7658.345528156498,2234.0
7658.345528156498,2667.0
55150.639449711896,2667.0
55150.639449711896,2555.0
56173.28600864858,2555.0
56173.28600864858,2667.0
86400.0,2667.0
# temp #6193
0.0,2234.0
32148.8503752742,2234.0
32148.8503752742,2429.0
32448.8503752742,2429.0
32448.8503752742,2234.0
43708.037119195804,2234.0
43708.037119195804,2429.0
46993.74473830686,2429.0
46993.74473830686,2234.0
73253.32879589406,2234.0
73253.32879589406,2429.0
86400.000002,2429.0
# temp #6194
0.0,2234.0
38571.01761270315,2234.0
38571.01761270315,2429.0
70671.01761270314,2429.0
70671.01761270314,2555.0
70971.01761270314,2555.0
70971.01761270314,2667.0
75193.18115233911,2667.0
75193.18115233911,2555.0
85337.05236695243,2555.0
85337.05236695243,2429.0
86400.0,2429.0
# temp #6195
0.0,2234.0
7836.810711328873,2234.0
7836.810711328873,2667.0
48937.05968270079,2667.0
48937.05968270079,2555.0
50257.666011806585,2555.0
50257.666011806585,2667.0
78709.69478508925,2667.0
78709.69478508925,2555.0
79009.69478508925,2555.0
79009.69478508925,2667.0
79758.66260910408,2667.0
79758.66260910408,2555.0
80358.66260910408,2555.0
80358.66260910408,2667.0
86400.000002,2667.0
# temp #6196
0.0,2234.0
79844.20129086358,2234.0
79844.20129086358,2555.0
80407.23471434323,2555.0
80407.23471434323,2667.0
80733.4377125837,2667.0
80733.4377125837,2555.0
81033.4377125837,2555.0
81033.4377125837,2667.0
86400.0,2667.0
# temp #6197
0.0,2234.0
11612.774527352305,2234.0
11612.774527352305,2555.0
45720.89164811187,2555.0
45720.89164811187,2429.0
71653.27117997223,2429.0
71653.27117997223,2234.0
78231.73774362078,2234.0
78231.73774362078,2429.0
86400.0,2429.0
# temp #6198
0.0,2234.0
22454.568144539375,2234.0
22454.568144539375,2555.0
36720.45462657698,2555.0
36720.45462657698,2429.0
72119.28090085277,2429.0
72119.28090085277,2234.0
72719.28090085277,2234.0
72719.28090085277,2429.0
86400.0,2429.0
# temp #6199
0.0,2234.0
15523.288292577492,2234.0
15523.288292577492,2429.0
16037.100615352394,2429.0
16037.100615352394,2234.0
16713.68001897354,2234.0
16713.68001897354,2429.0
19183.48122762982,2429.0
19183.48122762982,2234.0
29394.412865513008,2234.0
29394.412865513008,2429.0
29706.315271672796,2429.0
29706.315271672796,2555.0
30188.23889906053,2555.0
30188.23889906053,2429.0
30488.23889906053,2429.0
30488.23889906053,2555.0
50888.238899060525,2555.0
50888.238899060525,2429.0
51188.238899060525,2429.0
51188.238899060525,2555.0
51788.238899060525,2555.0
51788.238899060525,2667.0
70635.43931355234,2667.0
70635.43931355234,2555.0
80281.10022030307,2555.0
80281.10022030307,2667.0
86400.0,2667.0
# temp #6200
0.0,2234.0
72524.83584224246,2234.0
72524.83584224246,2555.0
86400.0,2555.0
# temp #6201
0.0,2234.0
65725.87056958584,2234.0
65725.87056958584,2555.0
70841.41325445382,2555.0
70841.41325445382,2667.0
77141.41325445382,2667.0
77141.41325445382,2555.0
78341.41325445382,2555.0
78341.41325445382,2429.0
86400.0,2429.0
# temp #6202
0.0,2234.0
74061.15313468037,2234.0
74061.15313468037,2555.0
77622.84352190328,2555.0
77622.84352190328,2667.0
78105.44374363964,2667.0
78105.44374363964,2555.0
78405.44374363964,2555.0
78405.44374363964,2667.0
86400.000002,2667.0
# temp #6203
0.0,2234.0
64475.086979730986,2234.0
64475.086979730986,2555.0
82530.10424617678,2555.0
82530.10424617678,2234.0
86400.000002,2234.0
# temp #6204
0.0,2234.0
5191.238166438417,2234.0
5191.238166438417,2667.0
27267.572497297082,2667.0
27267.572497297082,2555.0
27752.857419010255,2555.0
27752.857419010255,2667.0
30173.718042997647,2667.0
30173.718042997647,2555.0
30773.718042997647,2555.0
30773.718042997647,2667.0
44409.98519388959,2667.0
44409.98519388959,2555.0
47148.37473062799,2555.0
47148.37473062799,2429.0
69792.65744711738,2429.0
69792.65744711738,2555.0
72530.88510856034,2555.0
72530.88510856034,2429.0
86400.0,2429.0
# temp #6205
0.0,2234.0
37792.26682707668,2234.0
37792.26682707668,2429.0
38392.26682707668,2429.0
38392.26682707668,2555.0
39864.975321292884,2555.0
39864.975321292884,2429.0
40366.25026424882,2429.0
40366.25026424882,2555.0
52747.64121954796,2555.0
52747.64121954796,2667.0
78015.05144115073,2667.0
78015.05144115073,2555.0
86400.0,2555.0
# temp #6206
0.0,2234.0
37283.69966985193,2234.0
37283.69966985193,2555.0
39495.14522524551,2555.0
39495.14522524551,2667.0
39945.00162899495,2667.0
39945.00162899495,2555.0
40245.00162899495,2555.0
40245.00162899495,2667.0
43845.00162899495,2667.0
43845.00162899495,2555.0
45345.00162899495,2555.0
45345.00162899495,2429.0
63357.324760104544,2429.0
63357.324760104544,2234.0
79552.54531230313,2234.0
79552.54531230313,2667.0
86400.0,2667.0
# temp #6207
0.0,2234.0
15416.607005358677,2234.0
15416.607005358677,2883.0
26516.607005358677,2883.0
26516.607005358677,2555.0
46390.19394374919,2555.0
46390.19394374919,2429.0
59524.539704318166,2429.0
59524.539704318166,2883.0
60527.36873428804,2883.0
60527.36873428804,2667.0
83781.67889490725,2667.0
83781.67889490725,2555.0
86400.000002,2555.0
# temp #6208
0.0,2234.0
48915.15140275005,2234.0
48915.15140275005,2883.0
51315.15140275005,2883.0
51315.15140275005,2667.0
81435.46860076021,2667.0
81435.46860076021,2555.0
86400.0,2555.0
# temp #6209
0.0,2234.0
4215.236708661542,2234.0
4215.236708661542,2667.0
24654.572963970717,2667.0
24654.572963970717,2555.0
25938.046955480244,2555.0
25938.046955480244,2667.0
29810.489645367492,2667.0
29810.489645367492,2555.0
32810.489645367496,2555.0
32810.489645367496,2667.0
58910.48964536749,2667.0
58910.48964536749,2883.0
86400.000002,2883.0
# temp #6210
0.0,2234.0
19934.059030283242,2234.0
19934.059030283242,2555.0
39899.36289628968,2555.0
39899.36289628968,2667.0
73973.84586506525,2667.0
73973.84586506525,2555.0
86400.000002,2555.0
# temp #6211
0.0,2234.0
1063.4141354821622,2234.0
1063.4141354821622,2667.0
16737.679964513518,2667.0
16737.679964513518,2555.0
17189.972713706084,2555.0
17189.972713706084,2667.0
43373.19727682043,2667.0
43373.19727682043,2555.0
43673.19727682043,2555.0
43673.19727682043,2667.0
44452.268920093775,2667.0
44452.268920093775,2555.0
45052.268920093775,2555.0
45052.268920093775,2667.0
67341.46860677283,2667.0
67341.46860677283,2555.0
86400.0,2555.0
# temp #6212
0.0,2234.0
16758.139126701284,2234.0
16758.139126701284,2555.0
26662.950028851636,2555.0
26662.950028851636,2429.0
27129.53169685789,2429.0
27129.53169685789,2555.0
30336.794705246582,2555.0
30336.794705246582,2429.0
31824.865849991336,2429.0
31824.865849991336,2555.0
32569.226371147677,2555.0
32569.226371147677,2429.0
32869.22637114768,2429.0
32869.22637114768,2555.0
34369.22637114768,2555.0
34369.22637114768,2429.0
44569.22637114768,2429.0
44569.22637114768,2234.0
86400.000002,2234.0
# temp #6213
0.0,2234.0
5600.388969364577,2234.0
5600.388969364577,2555.0
25507.56845043507,2555.0
25507.56845043507,2429.0
25949.15760084987,2429.0
25949.15760084987,2555.0
42699.28555162624,2555.0
42699.28555162624,2429.0
43526.36066875421,2429.0
43526.36066875421,2234.0
72163.27425374185,2234.0
72163.27425374185,2429.0
86400.0,2429.0
# temp #6214
0.0,2234.0
1088.6694432003424,2234.0
1088.6694432003424,2667.0
16150.493198423648,2667.0
16150.493198423648,2555.0
17644.58583032247,2555.0
17644.58583032247,2667.0
34107.08977973555,2667.0
34107.08977973555,2555.0
34707.08977973555,2555.0
34707.08977973555,2667.0
49559.29830644746,2667.0
49559.29830644746,2555.0
53323.645395529464,2555.0
53323.645395529464,2429.0
58797.92357815896,2429.0
58797.92357815896,2883.0
59887.82200051938,2883.0
59887.82200051938,2667.0
81365.19228194376,2667.0
81365.19228194376,2555.0
84205.61471537223,2555.0
84205.61471537223,2667.0
85845.63536059578,2667.0
85845.63536059578,2555.0
86400.000002,2555.0
# temp #6215
0.0,2234.0
9019.629551656546,2234.0
9019.629551656546,2017.0
9709.940123185517,2017.0
9709.940123185517,2234.0
28601.416282821454,2234.0
28601.416282821454,2017.0
69803.91229614617,2017.0
69803.91229614617,2234.0
86400.0,2234.0
# temp #6216
0.0,2234.0
7361.246306053364,2234.0
7361.246306053364,2883.0
8135.731249605306,2883.0
8135.731249605306,2667.0
14732.599103800023,2667.0
14732.599103800023,2883.0
38509.722683555454,2883.0
38509.722683555454,2429.0
40760.13777265326,2429.0
40760.13777265326,2234.0
54659.10757826642,2234.0
54659.10757826642,2667.0
86400.000002,2667.0
# temp #6217
0.0,2234.0
30420.476645417515,2234.0
30420.476645417515,2017.0
37245.74009575882,2017.0
37245.74009575882,2234.0
52929.43726801314,2234.0
52929.43726801314,2017.0
86400.000002,2017.0
# temp #6218
0.0,2234.0
17326.491857226938,2234.0
17326.491857226938,2017.0
54778.167660115294,2017.0
54778.167660115294,2234.0
85868.5259315651,2234.0
85868.5259315651,2017.0
86400.000002,2017.0
# temp #6219
0.0,2234.0
21804.782754764896,2234.0
21804.782754764896,2429.0
53904.78275476489,2429.0
53904.78275476489,2555.0
54204.78275476489,2555.0
54204.78275476489,2667.0
77257.08972795401,2667.0
77257.08972795401,2555.0
80926.60464020447,2555.0
80926.60464020447,2429.0
84323.39480894154,2429.0
84323.39480894154,2555.0
85389.5413945662,2555.0
85389.5413945662,2667.0
86400.000002,2667.0
# temp #6220
0.0,2234.0
8086.802639532836,2234.0
8086.802639532836,2667.0
49386.452346132144,2667.0
49386.452346132144,2555.0
49710.602844622925,2555.0
49710.602844622925,2667.0
57058.237903635025,2667.0
57058.237903635025,2555.0
57658.237903635025,2555.0
57658.237903635025,2667.0
78336.21657283512,2667.0
78336.21657283512,2555.0
80855.56537674276,2555.0
80855.56537674276,2429.0
86400.0,2429.0
# temp #6221
0.0,2234.0
33001.62072710227,2234.0
33001.62072710227,2429.0
33301.62072710227,2429.0
33301.62072710227,2234.0
50824.02297479566,2234.0
50824.02297479566,2429.0
51486.382715357475,2429.0
51486.382715357475,2555.0
86400.000002,2555.0
# temp #6222
0.0,2234.0
28885.945132607598,2234.0
28885.945132607598,2017.0
53287.005501659594,2017.0
53287.005501659594,2234.0
76774.57949048841,2234.0
76774.57949048841,2017.0
86400.000002,2017.0
# temp #6223
0.0,2234.0
34027.63766292483,2234.0
34027.63766292483,2429.0
34345.42073055637,2429.0
34345.42073055637,2234.0
35224.70017452725,2234.0
35224.70017452725,2429.0
35869.34553910979,2429.0
35869.34553910979,2234.0
48637.485230597675,2234.0
48637.485230597675,2429.0
49298.95868338645,2429.0
49298.95868338645,2234.0
65001.08416231816,2234.0
65001.08416231816,2429.0
65636.12736139914,2429.0
65636.12736139914,2883.0
72107.28278229946,2883.0
72107.28278229946,2429.0
86400.0,2429.0
# temp #6224
0.0,2234.0
36297.30960242451,2234.0
36297.30960242451,2429.0
68397.3096024245,2429.0
68397.3096024245,2555.0
68697.3096024245,2555.0
68697.3096024245,2667.0
86400.0,2667.0
# temp #6225
0.0,2234.0
61175.143098598346,2234.0
61175.143098598346,2555.0
65130.8518973412,2555.0
65130.8518973412,2234.0
78527.06267153844,2234.0
78527.06267153844,2429.0
86400.0,2429.0
# temp #6226
0.0,2234.0
3061.273337993771,2234.0
3061.273337993771,2883.0
3796.785242529586,2883.0
3796.785242529586,2667.0
13215.10096276179,2667.0
13215.10096276179,2883.0
46072.44504627307,2883.0
46072.44504627307,2429.0
52257.421426777735,2429.0
52257.421426777735,2555.0
59070.925277215436,2555.0
59070.925277215436,2667.0
65189.764761272825,2667.0
65189.764761272825,2555.0
67782.14232819156,2555.0
67782.14232819156,2667.0
86400.0,2667.0
# temp #6227
0.0,2234.0
42980.53755497095,2234.0
42980.53755497095,2555.0
45968.16328538117,2555.0
45968.16328538117,2429.0
86400.0,2429.0
# temp #6228
0.0,2234.0
51699.296213616624,2234.0
51699.296213616624,2429.0
52073.43977359124,2429.0
52073.43977359124,2555.0
53137.502779858194,2555.0
53137.502779858194,2429.0
60785.58069595602,2429.0
60785.58069595602,2555.0
64652.01220863965,2555.0
64652.01220863965,2667.0
76783.40045108927,2667.0
76783.40045108927,2883.0
79266.78221568001,2883.0
79266.78221568001,2667.0
86400.0,2667.0
# temp #6229
0.0,2234.0
76368.72941984331,2234.0
76368.72941984331,2555.0
86400.000002,2555.0
# temp #6230
0.0,2234.0
34548.84031342809,2234.0
34548.84031342809,2555.0
37873.25444798917,2555.0
37873.25444798917,2667.0
38263.9103378635,2667.0
38263.9103378635,2555.0
38563.9103378635,2555.0
38563.9103378635,2667.0
65263.9103378635,2667.0
65263.9103378635,2555.0
81163.91033786349,2555.0
81163.91033786349,2234.0
84763.91033786349,2234.0
84763.91033786349,2429.0
86400.000002,2429.0
# temp #6231
0.0,2234.0
10609.593470022084,2234.0
10609.593470022084,2555.0
26491.54217666947,2555.0
26491.54217666947,2429.0
27037.26252573543,2429.0
27037.26252573543,2555.0
49246.491067484036,2555.0
49246.491067484036,2429.0
50620.4779347405,2429.0
50620.4779347405,2555.0
51247.16408355163,2555.0
51247.16408355163,2429.0
51547.16408355163,2429.0
51547.16408355163,2555.0
51847.16408355163,2555.0
51847.16408355163,2429.0
52447.16408355163,2429.0
52447.16408355163,2555.0
54407.87438889967,2555.0
54407.87438889967,2429.0
59089.888248243384,2429.0
59089.888248243384,2234.0
73000.81910868177,2234.0
73000.81910868177,2429.0
86400.0,2429.0
# temp #6232
0.0,2234.0
44305.717073846616,2234.0
44305.717073846616,2555.0
56529.75391382352,2555.0
56529.75391382352,2429.0
56904.78751477786,2429.0
56904.78751477786,2555.0
76899.14870413487,2555.0
76899.14870413487,2429.0
77781.23495124748,2429.0
77781.23495124748,2234.0
82188.79553829321,2234.0
82188.79553829321,2429.0
86400.0,2429.0
# temp #6233
0.0,2234.0
37813.38478652761,2234.0
37813.38478652761,2429.0
38413.38478652761,2429.0
38413.38478652761,2555.0
40464.49212944136,2555.0
40464.49212944136,2429.0
49512.64175225516,2429.0
49512.64175225516,2555.0
51178.41828188394,2555.0
51178.41828188394,2429.0
76128.72501381209,2429.0
76128.72501381209,2555.0
82526.15874004552,2555.0
82526.15874004552,2429.0
86400.000002,2429.0
# temp #6234
0.0,2234.0
47497.27614240256,2234.0
47497.27614240256,2555.0
68000.49600878266,2555.0
68000.49600878266,2429.0
74731.73812085298,2429.0
74731.73812085298,2234.0
75031.73812085298,2234.0
75031.73812085298,2017.0
86400.000002,2017.0
# temp #6235
0.0,2234.0
2525.437654880807,2234.0
2525.437654880807,2883.0
2853.373497747816,2883.0
2853.373497747816,2667.0
9628.362730471417,2667.0
9628.362730471417,2883.0
21646.11035815906,2883.0
21646.11035815906,2429.0
60537.08007296083,2429.0
60537.08007296083,2883.0
86400.0,2883.0
# temp #6236
0.0,2234.0
56994.47987359018,2234.0
56994.47987359018,2429.0
86400.000002,2429.0
# temp #6237
0.0,2234.0
14032.035694364458,2234.0
14032.035694364458,2429.0
14632.035694364458,2429.0
14632.035694364458,2555.0
18534.992747101933,2555.0
18534.992747101933,2429.0
25190.217225719243,2429.0
25190.217225719243,2555.0
32022.79167333618,2555.0
32022.79167333618,2667.0
62778.95607040265,2667.0
62778.95607040265,2555.0
69028.20939780214,2555.0
69028.20939780214,2667.0
86400.000002,2667.0
# temp #6238
0.0,2234.0
851.3402706943452,2234.0
851.3402706943452,2667.0
1161.1273471964523,2667.0
1161.1273471964523,2555.0
2594.6542142657563,2555.0
2594.6542142657563,2667.0
22096.598872030158,2667.0
22096.598872030158,2555.0
22396.598872030158,2555.0
22396.598872030158,2667.0
23123.32882136107,2667.0
23123.32882136107,2555.0
23723.32882136107,2555.0
23723.32882136107,2667.0
55603.16130970606,2667.0
55603.16130970606,2555.0
75727.2998827044,2555.0
75727.2998827044,2667.0
86400.000002,2667.0
# temp #6239
0.0,2234.0
6368.242068216206,2234.0
6368.242068216206,2667.0
36322.68400231842,2667.0
36322.68400231842,2555.0
37151.599250477746,2555.0
37151.599250477746,2667.0
47622.12277888321,2667.0
47622.12277888321,2555.0
48222.12277888321,2555.0
48222.12277888321,2667.0
66470.55877922103,2667.0
66470.55877922103,2555.0
70622.24353915082,2555.0
70622.24353915082,2429.0
75446.13061125857,2429.0
75446.13061125857,2555.0
84181.00892140066,2555.0
84181.00892140066,2429.0
86400.0,2429.0
# temp #6240
0.0,2234.0
7676.805842039176,2234.0
7676.805842039176,2883.0
8781.217821780592,2883.0
8781.217821780592,2667.0
13189.006648119539,2667.0
13189.006648119539,2883.0
21114.169260137718,2883.0
21114.169260137718,2429.0
50878.658400778666,2429.0
50878.658400778666,2883.0
60591.06533294544,2883.0
60591.06533294544,2429.0
77685.13137304691,2429.0
77685.13137304691,2555.0
82860.96009558534,2555.0
82860.96009558534,2429.0
86400.000002,2429.0
# temp #6241
0.0,2234.0
6607.86257183645,2234.0
6607.86257183645,2667.0
19997.48679189943,2667.0
19997.48679189943,2555.0
20461.02565596812,2555.0
20461.02565596812,2667.0
36982.05643238035,2667.0
36982.05643238035,2555.0
37282.05643238035,2555.0
37282.05643238035,2429.0
48367.55919407588,2429.0
48367.55919407588,2883.0
63092.92954690756,2883.0
63092.92954690756,2429.0
71735.31159739943,2429.0
71735.31159739943,2883.0
86400.0,2883.0
# temp #6242
0.0,2234.0
37410.016966774136,2234.0
37410.016966774136,2555.0
65709.05715271366,2555.0
65709.05715271366,2429.0
86400.000002,2429.0
# temp #6243
0.0,2234.0
18931.33615432307,2234.0
18931.33615432307,2555.0
53002.78424369172,2555.0
53002.78424369172,2429.0
58651.14317794797,2429.0
58651.14317794797,2555.0
59601.696096849635,2555.0
59601.696096849635,2429.0
70953.78994715867,2429.0
70953.78994715867,2555.0
86400.0,2555.0
# temp #6244
0.0,2234.0
6749.768960592338,2234.0
6749.768960592338,2883.0
8376.445216848517,2883.0
8376.445216848517,2667.0
15141.896242951045,2667.0
15141.896242951045,2883.0
50263.38260010817,2883.0
50263.38260010817,2429.0
51561.83184692637,2429.0
51561.83184692637,2555.0
53526.44671287854,2555.0
53526.44671287854,2429.0
63608.01685969346,2429.0
63608.01685969346,2555.0
71148.53721277324,2555.0
71148.53721277324,2429.0
79518.0970190093,2429.0
79518.0970190093,2555.0
86400.000002,2555.0
# temp #6245
0.0,2234.0
11899.637253675612,2234.0
11899.637253675612,2883.0
22999.63725367561,2883.0
22999.63725367561,2555.0
41618.02358999849,2555.0
41618.02358999849,2667.0
69328.25208851138,2667.0
69328.25208851138,2555.0
86400.000002,2555.0
# temp #6246
0.0,2234.0
13418.316487711856,2234.0
13418.316487711856,2555.0
16661.61166070961,2555.0
16661.61166070961,2667.0
26561.611660709605,2667.0
26561.611660709605,2555.0
28702.54683173262,2555.0
28702.54683173262,2429.0
31981.55690117274,2429.0
31981.55690117274,2234.0
48667.97887694557,2234.0
48667.97887694557,2667.0
70493.93168441021,2667.0
70493.93168441021,2234.0
84619.36628725381,2234.0
84619.36628725381,2429.0
86400.000002,2429.0
# temp #6247
0.0,2234.0
3798.1917149852966,2234.0
3798.1917149852966,2883.0
4277.446982706897,2883.0
4277.446982706897,2667.0
6764.779605413787,2667.0
6764.779605413787,2883.0
9644.4562029792,2883.0
9644.4562029792,2667.0
42697.27462311276,2667.0
42697.27462311276,2555.0
54805.1075184485,2555.0
54805.1075184485,2429.0
86400.0,2429.0
# temp #6248
0.0,2234.0
3119.546559406445,2234.0
3119.546559406445,2667.0
7724.743151385339,2667.0
7724.743151385339,2555.0
8411.158202681692,2555.0
8411.158202681692,2667.0
37888.64171840251,2667.0
37888.64171840251,2555.0
38488.64171840251,2555.0
38488.64171840251,2667.0
51576.32009605878,2667.0
51576.32009605878,2555.0
54226.18335555308,2555.0
54226.18335555308,2429.0
63336.19384341874,2429.0
63336.19384341874,2883.0
72240.03764425871,2883.0
72240.03764425871,2555.0
73440.03764425871,2555.0
73440.03764425871,2883.0
86400.0,2883.0
# temp #6249
0.0,2234.0
80606.09480976129,2234.0
80606.09480976129,2555.0
83874.67239161489,2555.0
83874.67239161489,2667.0
86400.0,2667.0
# temp #6250
0.0,2234.0
2030.5225433316084,2234.0
2030.5225433316084,2555.0
3963.1478571100165,2555.0
3963.1478571100165,2667.0
13863.147857110016,2667.0
13863.147857110016,2555.0
14782.878743181936,2555.0
14782.878743181936,2429.0
43690.479109296575,2429.0
43690.479109296575,2234.0
73361.27712777817,2234.0
73361.27712777817,2429.0
86400.000002,2429.0
# temp #6251
0.0,2234.0
10689.24527980853,2234.0
10689.24527980853,2555.0
23380.282699246894,2555.0
23380.282699246894,2429.0
23714.404936577197,2429.0
23714.404936577197,2555.0
46333.29075013754,2555.0
46333.29075013754,2429.0
47503.5442799097,2429.0
47503.5442799097,2555.0
48981.32939112839,2555.0
48981.32939112839,2429.0
49281.32939112839,2429.0
49281.32939112839,2555.0
49581.32939112839,2555.0
49581.32939112839,2429.0
50181.32939112839,2429.0
50181.32939112839,2555.0
54152.35028376338,2555.0
54152.35028376338,2429.0
63274.813719629325,2429.0
63274.813719629325,2555.0
65136.95895352868,2555.0
65136.95895352868,2667.0
80681.25607611147,2667.0
80681.25607611147,2555.0
86400.0,2555.0
# temp #6252
0.0,2234.0
27817.840683739636,2234.0
27817.840683739636,2429.0
28417.840683739636,2429.0
28417.840683739636,2555.0
31546.665101777766,2555.0
31546.665101777766,2429.0
54471.76946173423,2429.0
54471.76946173423,2555.0
55428.286308981485,2555.0
55428.286308981485,2429.0
86247.34843354674,2429.0
86247.34843354674,2883.0
86400.0,2883.0
# temp #6253
0.0,2234.0
36843.13955255785,2234.0
36843.13955255785,2429.0
37232.229806366384,2429.0
37232.229806366384,2555.0
40257.89042401594,2555.0
40257.89042401594,2429.0
59022.614284465104,2429.0
59022.614284465104,2555.0
74165.54575483316,2555.0
74165.54575483316,2667.0
84973.77120796592,2667.0
84973.77120796592,2555.0
86400.0,2555.0
# temp #6254
0.0,2234.0
37285.89752968401,2234.0
37285.89752968401,2555.0
54106.86316376087,2555.0
54106.86316376087,2429.0
57441.768171172596,2429.0
57441.768171172596,2555.0
76643.7361274846,2555.0
76643.7361274846,2667.0
86400.0,2667.0
# temp #6255
0.0,2234.0
5646.6115206247205,2234.0
5646.6115206247205,2883.0
6326.379630854354,2883.0
6326.379630854354,2667.0
13649.019702547232,2667.0
13649.019702547232,2883.0
29182.33584668488,2883.0
29182.33584668488,2429.0
50280.64945545048,2429.0
50280.64945545048,2555.0
52972.351925633855,2555.0
52972.351925633855,2667.0
73956.52831345798,2667.0
73956.52831345798,2555.0
86400.000002,2555.0
# temp #6256
0.0,2234.0
629.5861080056056,2234.0
629.5861080056056,2667.0
4472.355476254597,2667.0
4472.355476254597,2555.0
5744.498049700634,2555.0
5744.498049700634,2667.0
6591.408845968545,2667.0
6591.408845968545,2555.0
7191.408845968545,2555.0
7191.408845968545,2667.0
27339.304930111397,2667.0
27339.304930111397,2555.0
32344.294841727246,2555.0
32344.294841727246,2429.0
38277.66939648428,2429.0
38277.66939648428,2555.0
44582.41401049309,2555.0
44582.41401049309,2667.0
51738.09341979214,2667.0
51738.09341979214,2555.0
70455.18128208352,2555.0
70455.18128208352,2429.0
86400.0,2429.0
# temp #6257
0.0,2234.0
4256.680026417599,2234.0
4256.680026417599,2667.0
51865.4833147768,2667.0
51865.4833147768,2555.0
53298.375910939656,2555.0
53298.375910939656,2667.0
75849.3681210559,2667.0
75849.3681210559,2555.0
76449.3681210559,2555.0
76449.3681210559,2667.0
86400.000002,2667.0
# temp #6258
0.0,2234.0
67827.6343693491,2234.0
67827.6343693491,2883.0
70227.6343693491,2883.0
70227.6343693491,2667.0
80709.307861235,2667.0
80709.307861235,2234.0
86400.000002,2234.0
# temp #6259
0.0,2234.0
58563.984381314374,2234.0
58563.984381314374,2555.0
79639.35210672209,2555.0
79639.35210672209,2429.0
86400.0,2429.0
# temp #6260
0.0,2234.0
48149.157063220635,2234.0
48149.157063220635,2429.0
48488.9040417038,2429.0
48488.9040417038,2555.0
51671.075890492655,2555.0
51671.075890492655,2429.0
64443.8696542522,2429.0
64443.8696542522,2555.0
79527.8285476612,2555.0
79527.8285476612,2429.0
86400.000002,2429.0
# temp #6261
0.0,2234.0
35264.398169377826,2234.0
35264.398169377826,2017.0
58527.99032544719,2017.0
58527.99032544719,2234.0
86400.000002,2234.0
# temp #6262
0.0,2234.0
27781.43180769403,2234.0
27781.43180769403,2429.0
59881.431807694025,2429.0
59881.431807694025,2555.0
60181.431807694025,2555.0
60181.431807694025,2667.0
65220.89082689491,2667.0
65220.89082689491,2555.0
83793.31449230667,2555.0
83793.31449230667,2667.0
86400.0,2667.0
# temp #6263
0.0,2234.0
23345.505941449668,2234.0
23345.505941449668,2555.0
28518.220647051934,2555.0
28518.220647051934,2667.0
34818.22064705194,2667.0
34818.22064705194,2555.0
36018.22064705194,2555.0
36018.22064705194,2429.0
79218.22064705193,2429.0
79218.22064705193,2234.0
86400.0,2234.0
# temp #6264
0.0,2234.0
1224.5768683729693,2234.0
1224.5768683729693,2667.0
34653.412083699375,2667.0
34653.412083699375,2555.0
35314.93866413367,2555.0
35314.93866413367,2667.0
39475.20546710585,2667.0
39475.20546710585,2555.0
42475.20546710585,2555.0
42475.20546710585,2667.0
68575.20546710584,2667.0
68575.20546710584,2883.0
86400.000002,2883.0
# temp #6265
0.0,2234.0
80133.10917690398,2234.0
80133.10917690398,2555.0
86400.0,2555.0
# temp #6266
0.0,2234.0
45595.656775636606,2234.0
45595.656775636606,2555.0
48769.43274862134,2555.0
48769.43274862134,2429.0
86400.000002,2429.0
# temp #6267
0.0,2234.0
43213.55972390157,2234.0
43213.55972390157,2555.0
55830.32606744674,2555.0
55830.32606744674,2429.0
86400.0,2429.0
# temp #6268
0.0,2234.0
25710.271163703877,2234.0
25710.271163703877,2555.0
29057.822478795428,2555.0
29057.822478795428,2667.0
35357.822478795424,2667.0
35357.822478795424,2555.0
36557.822478795424,2555.0
36557.822478795424,2429.0
79757.82247879542,2429.0
79757.82247879542,2234.0
86400.000002,2234.0
# temp #6269
0.0,2234.0
27758.281904761683,2234.0
27758.281904761683,2429.0
28207.584844180386,2429.0
28207.584844180386,2234.0
28919.56947196741,2234.0
28919.56947196741,2429.0
30037.322221859362,2429.0
30037.322221859362,2234.0
44806.055637309335,2234.0
44806.055637309335,2429.0
45643.39714266826,2429.0
45643.39714266826,2234.0
47243.06254398544,2234.0
47243.06254398544,2429.0
62862.48210731429,2429.0
62862.48210731429,2234.0
80640.45710403008,2234.0
80640.45710403008,2667.0
81070.16470155214,2667.0
81070.16470155214,2555.0
86400.0,2555.0
# temp #6270
0.0,2234.0
11776.429487904536,2234.0
11776.429487904536,2555.0
20104.735989589248,2555.0
20104.735989589248,2429.0
20585.33357405104,2429.0
20585.33357405104,2555.0
35091.2168329116,2555.0
35091.2168329116,2429.0
36411.213373532526,2429.0
36411.213373532526,2555.0
37605.18571534195,2555.0
37605.18571534195,2429.0
37905.18571534195,2429.0
37905.18571534195,2555.0
39405.18571534195,2555.0
39405.18571534195,2429.0
49605.18571534195,2429.0
49605.18571534195,2234.0
86400.000002,2234.0
# temp #6271
0.0,2234.0
15548.362984042617,2234.0
15548.362984042617,2017.0
62167.289965460084,2017.0
62167.289965460084,2234.0
86400.0,2234.0
# temp #6272
0.0,2234.0
65691.9192260597,2234.0
65691.9192260597,2555.0
86400.0,2555.0
# temp #6273
0.0,2234.0
84782.94388863725,2234.0
84782.94388863725,2555.0
86400.0,2555.0
# temp #6274
0.0,2234.0
52914.27130002995,2234.0
52914.27130002995,2429.0
53254.356449120685,2429.0
53254.356449120685,2555.0
58239.90627417807,2555.0
58239.90627417807,2429.0
86400.0,2429.0
# temp #6275
0.0,2234.0
33972.3620180972,2234.0
33972.3620180972,2555.0
69669.7880768683,2555.0
69669.7880768683,2429.0
86400.0,2429.0
# temp #6276
0.0,2234.0
5179.993188777008,2234.0
5179.993188777008,2555.0
30220.27097807732,2555.0
30220.27097807732,2429.0
30723.543709027585,2429.0
30723.543709027585,2555.0
42432.28601608426,2555.0
42432.28601608426,2429.0
42810.72444710881,2429.0
42810.72444710881,2555.0
43178.48829757423,2555.0
43178.48829757423,2429.0
43478.48829757423,2429.0
43478.48829757423,2555.0
43778.48829757423,2555.0
43778.48829757423,2429.0
44378.48829757423,2429.0
44378.48829757423,2555.0
49364.23560697586,2555.0
49364.23560697586,2429.0
56238.41007517186,2429.0
56238.41007517186,2234.0
73590.98835519982,2234.0
73590.98835519982,2429.0
86400.000002,2429.0
# temp #6277
0.0,2234.0
48891.63331633899,2234.0
48891.63331633899,2883.0
51291.63331633899,2883.0
51291.63331633899,2667.0
65230.469001154415,2667.0
65230.469001154415,2555.0
71691.86847133096,2555.0
71691.86847133096,2429.0
82715.0872616563,2429.0
82715.0872616563,2555.0
86400.0,2555.0
# temp #6278
0.0,2234.0
15960.948327113876,2234.0
15960.948327113876,2555.0
30219.958289503124,2555.0
30219.958289503124,2429.0
30596.33720868733,2429.0
30596.33720868733,2234.0
31196.33720868733,2234.0
31196.33720868733,2429.0
49496.33720868733,2429.0
49496.33720868733,2555.0
50996.33720868733,2555.0
50996.33720868733,2429.0
71418.78319534007,2429.0
71418.78319534007,2234.0
86400.000002,2234.0
# temp #6279
0.0,2234.0
4560.692025977188,2234.0
4560.692025977188,2667.0
19452.564034285027,2667.0
19452.564034285027,2555.0
20776.956678042192,2555.0
20776.956678042192,2667.0
40947.97633455601,2667.0
40947.97633455601,2555.0
43947.97633455601,2555.0
43947.97633455601,2667.0
70047.976334556,2667.0
70047.976334556,2883.0
86400.000002,2883.0
# temp #6280
0.0,2234.0
6244.796226569452,2234.0
6244.796226569452,2883.0
17344.79622656945,2883.0
17344.79622656945,2555.0
17746.31252924446,2555.0
17746.31252924446,2667.0
50833.30470076763,2667.0
50833.30470076763,2555.0
69930.76422396117,2555.0
69930.76422396117,2667.0
86400.0,2667.0
# temp #6281
0.0,2234.0
67658.16128819717,2234.0
67658.16128819717,2555.0
86400.000002,2555.0
# temp #6282
0.0,2234.0
59915.385766304105,2234.0
59915.385766304105,2555.0
67486.60064216239,2555.0
67486.60064216239,2429.0
86400.0,2429.0
# temp #6283
0.0,2234.0
5208.664831495845,2234.0
5208.664831495845,2667.0
48432.647182513036,2667.0
48432.647182513036,2555.0
49087.1523491107,2555.0
49087.1523491107,2667.0
72484.8797470797,2667.0
72484.8797470797,2555.0
75484.8797470797,2555.0
75484.8797470797,2667.0
86400.0,2667.0
# temp #6284
0.0,2234.0
21909.01149802376,2234.0
21909.01149802376,2429.0
28809.01149802376,2429.0
28809.01149802376,2555.0
30609.01149802376,2555.0
30609.01149802376,2429.0
43509.011498023756,2429.0
43509.011498023756,2234.0
43809.011498023756,2234.0
43809.011498023756,2017.0
44109.011498023756,2017.0
44109.011498023756,2234.0
44409.011498023756,2234.0
44409.011498023756,2017.0
62196.548720961444,2017.0
62196.548720961444,2234.0
73183.12451352832,2234.0
73183.12451352832,2429.0
81456.22421409936,2429.0
81456.22421409936,2555.0
86400.000002,2555.0
# temp #6285
0.0,2234.0
83065.6944890041,2234.0
83065.6944890041,2555.0
86400.0,2555.0
# temp #6286
0.0,2234.0
76738.35249873811,2234.0
76738.35249873811,2555.0
78475.51691955888,2555.0
78475.51691955888,2667.0
78826.15526597948,2667.0
78826.15526597948,2555.0
79126.15526597948,2555.0
79126.15526597948,2667.0
86400.0,2667.0
# temp #6287
0.0,2234.0
5705.2956900559375,2234.0
5705.2956900559375,2017.0
15301.46069582552,2017.0
15301.46069582552,2234.0
42983.77148089931,2234.0
42983.77148089931,2017.0
58062.38511856646,2017.0
58062.38511856646,2234.0
81075.99107539283,2234.0
81075.99107539283,2017.0
86400.0,2017.0
# temp #6288
0.0,2234.0
20593.91538561322,2234.0
20593.91538561322,2555.0
44846.00184964948,2555.0
44846.00184964948,2429.0
86400.0,2429.0
# temp #6289
0.0,2234.0
68509.04722984416,2234.0
68509.04722984416,2555.0
86400.0,2555.0
# temp #6290
0.0,2234.0
3177.8148475103085,2234.0
3177.8148475103085,2555.0
9412.537527177485,2555.0
9412.537527177485,2429.0
33453.974679205574,2429.0
33453.974679205574,2234.0
34053.974679205574,2234.0
34053.974679205574,2429.0
52353.974679205574,2429.0
52353.974679205574,2555.0
53853.974679205574,2555.0
53853.974679205574,2429.0
71177.61041976047,2429.0
71177.61041976047,2234.0
71964.60524105934,2234.0
71964.60524105934,2667.0
86400.0,2667.0
# temp #6291
0.0,2234.0
38467.145395930864,2234.0
38467.145395930864,2017.0
52630.50630264916,2017.0
52630.50630264916,2234.0
86400.0,2234.0
# temp #6292
0.0,2234.0
9629.966938169675,2234.0
9629.966938169675,2017.0
57446.512560546405,2017.0
57446.512560546405,2234.0
86400.000002,2234.0
# temp #6293
0.0,2234.0
13480.669250199573,2234.0
13480.669250199573,2883.0
24580.66925019957,2883.0
24580.66925019957,2555.0
44414.52786675655,2555.0
44414.52786675655,2667.0
79135.22555376404,2667.0
79135.22555376404,2555.0
86400.0,2555.0
# temp #6294
0.0,2234.0
63292.58775820491,2234.0
63292.58775820491,2555.0
67160.98226692995,2555.0
67160.98226692995,2667.0
67742.95810677578,2667.0
67742.95810677578,2555.0
68042.95810677578,2555.0
68042.95810677578,2667.0
71642.95810677578,2667.0
71642.95810677578,2555.0
73142.95810677578,2555.0
73142.95810677578,2429.0
75461.00255898201,2429.0
75461.00255898201,2234.0
86400.000002,2234.0
# temp #6295
0.0,2234.0
11775.327888736503,2234.0
11775.327888736503,2883.0
12664.350977889264,2883.0
12664.350977889264,2667.0
16326.805282593707,2667.0
16326.805282593707,2883.0
23368.858565040868,2883.0
23368.858565040868,2429.0
40084.47624198162,2429.0
40084.47624198162,2555.0
45958.76285098494,2555.0
45958.76285098494,2429.0
74876.00506776945,2429.0
74876.00506776945,2883.0
86400.000002,2883.0
# temp #6296
0.0,2234.0
4436.509097786621,2234.0
4436.509097786621,2667.0
20149.44206227083,2667.0
20149.44206227083,2555.0
20846.570238866847,2555.0
20846.570238866847,2667.0
23862.81613928732,2667.0
23862.81613928732,2555.0
24162.81613928732,2555.0
24162.81613928732,2667.0
25007.434661337178,2667.0
25007.434661337178,2555.0
25607.434661337178,2555.0
25607.434661337178,2667.0
54783.19768637885,2667.0
54783.19768637885,2883.0
72414.24186334481,2883.0
72414.24186334481,2667.0
78135.0304869935,2667.0
78135.0304869935,2555.0
86400.0,2555.0
# temp #6297
0.0,2234.0
16420.07546250243,2234.0
16420.07546250243,2429.0
23320.075462502427,2429.0
23320.075462502427,2555.0
25120.075462502427,2555.0
25120.075462502427,2429.0
38020.07546250243,2429.0
38020.07546250243,2234.0
38320.07546250243,2234.0
38320.07546250243,2017.0
38620.07546250243,2017.0
38620.07546250243,2234.0
38920.07546250243,2234.0
38920.07546250243,2017.0
47541.97914870456,2017.0
47541.97914870456,2234.0
54307.769738417126,2234.0
54307.769738417126,2667.0
79146.73948322888,2667.0
79146.73948322888,2555.0
86400.0,2555.0
# temp #6298
0.0,2234.0
2555.207907222212,2234.0
2555.207907222212,2667.0
13752.7657316532,2667.0
13752.7657316532,2555.0
14134.756833733993,2555.0
14134.756833733993,2429.0
37294.89482219797,2429.0
37294.89482219797,2555.0
43566.36640336365,2555.0
43566.36640336365,2429.0
48982.90724053514,2429.0
48982.90724053514,2555.0
82811.47195533851,2555.0
82811.47195533851,2429.0
86400.000002,2429.0
# temp #6299
0.0,2234.0
84421.0267777322,2234.0
84421.0267777322,2555.0
86400.000002,2555.0
# temp #6300
0.0,2234.0
35520.42419509963,2234.0
35520.42419509963,2017.0
73457.63906459326,2017.0
73457.63906459326,2234.0
86400.000002,2234.0
# temp #6301
0.0,2234.0
61897.55437457934,2234.0
61897.55437457934,2555.0
80631.2599782832,2555.0
80631.2599782832,2234.0
82734.16781220585,2234.0
82734.16781220585,2667.0
86400.0,2667.0
# temp #6302
0.0,2234.0
4339.478943357245,2234.0
4339.478943357245,2555.0
17509.041144093502,2555.0
17509.041144093502,2429.0
17862.382625928152,2429.0
17862.382625928152,2234.0
19960.11026836932,2234.0
19960.11026836932,2429.0
36872.18051576056,2429.0
36872.18051576056,2234.0
52199.78477682454,2234.0
52199.78477682454,2429.0
64637.71930967925,2429.0
64637.71930967925,2234.0
82717.86664130633,2234.0
82717.86664130633,2429.0
86400.0,2429.0
# temp #6303
0.0,2234.0
21688.529395451773,2234.0
21688.529395451773,2017.0
22879.00128392503,2017.0
22879.00128392503,2234.0
31013.78579679877,2234.0
31013.78579679877,2017.0
80947.72139266135,2017.0
80947.72139266135,2234.0
86400.0,2234.0
# temp #6304
0.0,2234.0
26487.888124189343,2234.0
26487.888124189343,2555.0
55745.604943321094,2555.0
55745.604943321094,2429.0
61970.8469165722,2429.0
61970.8469165722,2234.0
65589.21453715304,2234.0
65589.21453715304,2429.0
68091.22930993327,2429.0
68091.22930993327,2234.0
86400.0,2234.0
# temp #6305
0.0,2234.0
3953.507044119761,2234.0
3953.507044119761,2555.0
8750.865093525501,2555.0
8750.865093525501,2667.0
18650.8650935255,2667.0
18650.8650935255,2555.0
20516.749405022714,2555.0
20516.749405022714,2429.0
47989.03115079739,2429.0
47989.03115079739,2555.0
57479.26906398498,2555.0
57479.26906398498,2667.0
79665.75486604126,2667.0
79665.75486604126,2555.0
86400.0,2555.0
# temp #6306
0.0,2234.0
1510.2365327300506,2234.0
1510.2365327300506,2667.0
12534.45967223961,2667.0
12534.45967223961,2555.0
13133.065023296514,2555.0
13133.065023296514,2667.0
19194.94029900525,2667.0
19194.94029900525,2555.0
19494.94029900525,2555.0
19494.94029900525,2429.0
30631.953824590895,2429.0
30631.953824590895,2555.0
64864.519570930875,2555.0
64864.519570930875,2429.0
86400.000002,2429.0
# temp #6307
0.0,2234.0
47144.881819468,2234.0
47144.881819468,2555.0
54877.390780951835,2555.0
54877.390780951835,2667.0
63233.02545009648,2667.0
63233.02545009648,2555.0
80168.00210487565,2555.0
80168.00210487565,2429.0
86400.000002,2429.0
# temp #6308
0.0,2234.0
84660.64605172725,2234.0
84660.64605172725,2555.0
86400.0,2555.0
# temp #6309
0.0,2234.0
10506.928283628076,2234.0
10506.928283628076,2017.0
21062.44338755496,2017.0
21062.44338755496,2234.0
61825.320085929714,2234.0
61825.320085929714,2017.0
67380.6327911094,2017.0
67380.6327911094,2234.0
86400.000002,2234.0
# temp #6310
0.0,2234.0
3045.039502764121,2234.0
3045.039502764121,2667.0
10919.07650709618,2667.0
10919.07650709618,2555.0
11699.925820925275,2555.0
11699.925820925275,2667.0
33315.72294684593,2667.0
33315.72294684593,2555.0
33615.72294684593,2555.0
33615.72294684593,2667.0
34288.1095128134,2667.0
34288.1095128134,2555.0
34888.1095128134,2555.0
34888.1095128134,2667.0
72370.20834877623,2667.0
72370.20834877623,2555.0
86400.000002,2555.0
# temp #6311
0.0,2234.0
7098.049261257986,2234.0
7098.049261257986,2667.0
15996.606870065447,2667.0
15996.606870065447,2555.0
16751.947268913504,2555.0
16751.947268913504,2667.0
49925.66867989955,2667.0
49925.66867989955,2555.0
50225.66867989955,2555.0
50225.66867989955,2429.0
86400.000002,2429.0
# temp #6312
0.0,2234.0
4864.203979005107,2234.0
4864.203979005107,2555.0
27690.682604606267,2555.0
27690.682604606267,2429.0
28185.51204912365,2429.0
28185.51204912365,2555.0
34064.29137953092,2555.0
34064.29137953092,2429.0
35165.84158411716,2429.0
35165.84158411716,2555.0
36451.438969024464,2555.0
36451.438969024464,2429.0
86400.0,2429.0
# temp #6313
0.0,2234.0
12465.712215704845,2234.0
12465.712215704845,2883.0
14201.618127780968,2883.0
14201.618127780968,2667.0
16708.15711535979,2667.0
16708.15711535979,2883.0
27503.302268986594,2883.0
27503.302268986594,2667.0
31083.244195953015,2667.0
31083.244195953015,2555.0
39850.15961984173,2555.0
39850.15961984173,2667.0
53660.346363019205,2667.0
53660.346363019205,2234.0
70528.81053797902,2234.0
70528.81053797902,2667.0
72279.59770385643,2667.0
72279.59770385643,2555.0
82645.16317758245,2555.0
82645.16317758245,2883.0
86400.0,2883.0
# temp #6314
0.0,2234.0
1639.189791865647,2234.0
1639.189791865647,2667.0
34514.03173247818,2667.0
34514.03173247818,2555.0
35401.45730164368,2555.0
35401.45730164368,2667.0
37915.416530077346,2667.0
37915.416530077346,2555.0
38215.416530077346,2555.0
38215.416530077346,2429.0
51573.72751648072,2429.0
51573.72751648072,2883.0
69618.47353389021,2883.0
69618.47353389021,2429.0
70008.33054359537,2429.0
70008.33054359537,2883.0
86400.000002,2883.0
# temp #6315
0.0,2234.0
8524.02239951771,2234.0
8524.02239951771,2883.0
19624.022399517708,2883.0
19624.022399517708,2555.0
48512.60692491197,2555.0
48512.60692491197,2429.0
57941.89398412128,2429.0
57941.89398412128,2555.0
64805.206463509254,2555.0
64805.206463509254,2429.0
65508.81200800651,2429.0
65508.81200800651,2555.0
66624.60004943424,2555.0
66624.60004943424,2429.0
84676.99129411487,2429.0
84676.99129411487,2234.0
86400.000002,2234.0
# temp #6316
0.0,2234.0
61884.80738326907,2234.0
61884.80738326907,2555.0
73325.13920841739,2555.0
73325.13920841739,2234.0
83781.3531034626,2234.0
83781.3531034626,2667.0
86400.0,2667.0
# temp #6317
0.0,2234.0
2063.809005380608,2234.0
2063.809005380608,2667.0
33794.46858004667,2667.0
33794.46858004667,2555.0
35073.0911449995,2555.0
35073.0911449995,2429.0
53539.05373171438,2429.0
53539.05373171438,2555.0
77331.60514023622,2555.0
77331.60514023622,2429.0
84960.02648239957,2429.0
84960.02648239957,2555.0
86400.000002,2555.0
# temp #6318
0.0,2234.0
49984.12846634165,2234.0
49984.12846634165,2429.0
50553.50258834661,2429.0
50553.50258834661,2555.0
54454.90910746158,2555.0
54454.90910746158,2429.0
78837.9926385591,2429.0
78837.9926385591,2555.0
86400.0,2555.0
# temp #6319
0.0,2234.0
59808.28641762492,2234.0
59808.28641762492,2555.0
63545.343895093545,2555.0
63545.343895093545,2667.0
64123.799578892074,2667.0
64123.799578892074,2555.0
64423.799578892074,2555.0
64423.799578892074,2667.0
68023.79957889208,2667.0
68023.79957889208,2555.0
69523.79957889208,2555.0
69523.79957889208,2429.0
84461.16916181055,2429.0
84461.16916181055,2234.0
86400.000002,2234.0
# temp #6320
0.0,2234.0
50493.934539263144,2234.0
50493.934539263144,2555.0
56699.42851674278,2555.0
56699.42851674278,2429.0
57022.078348207295,2429.0
57022.078348207295,2555.0
65967.92489904912,2555.0
65967.92489904912,2429.0
66970.69296052215,2429.0
66970.69296052215,2234.0
86400.0,2234.0
# temp #6321
0.0,2234.0
58403.108745720245,2234.0
58403.108745720245,2555.0
60964.5701954607,2555.0
60964.5701954607,2667.0
61463.44747489785,2667.0
61463.44747489785,2555.0
67463.44747489785,2555.0
67463.44747489785,2429.0
69863.44747489785,2429.0
69863.44747489785,2234.0
73463.44747489785,2234.0
73463.44747489785,2429.0
74663.44747489785,2429.0
74663.44747489785,2234.0
80363.44747489785,2234.0
80363.44747489785,2429.0
86400.0,2429.0
# temp #6322
0.0,2234.0
34305.88766257279,2234.0
34305.88766257279,2429.0
34857.11996220053,2429.0
34857.11996220053,2555.0
36879.44926433266,2555.0
36879.44926433266,2429.0
80233.95750783385,2429.0
80233.95750783385,2883.0
86400.000002,2883.0
# temp #6323
0.0,2234.0
29699.46532293689,2234.0
29699.46532293689,2429.0
30233.714144211266,2429.0
30233.714144211266,2555.0
32086.100840102885,2555.0
32086.100840102885,2429.0
48853.92081120518,2429.0
48853.92081120518,2555.0
61841.6175124934,2555.0
61841.6175124934,2429.0
73065.35641760567,2429.0
73065.35641760567,2555.0
81182.64380902985,2555.0
81182.64380902985,2667.0
86400.000002,2667.0
# temp #6324
0.0,2234.0
68373.40925470926,2234.0
68373.40925470926,2883.0
70773.40925470926,2883.0
70773.40925470926,2667.0
74021.90575813875,2667.0
74021.90575813875,2555.0
81434.76051064208,2555.0
81434.76051064208,2667.0
86400.000002,2667.0
# temp #6325
0.0,2234.0
7868.254563468509,2234.0
7868.254563468509,2555.0
8250.676952465437,2555.0
8250.676952465437,2667.0
8647.096507879907,2667.0
8647.096507879907,2555.0
8947.096507879907,2555.0
8947.096507879907,2667.0
12547.096507879905,2667.0
12547.096507879905,2555.0
14047.096507879905,2555.0
14047.096507879905,2429.0
20714.20719169546,2429.0
20714.20719169546,2234.0
23858.148536668163,2234.0
23858.148536668163,2667.0
27167.710927943703,2667.0
27167.710927943703,2234.0
51119.36536612921,2234.0
51119.36536612921,2429.0
67802.43689704222,2429.0
67802.43689704222,2555.0
86400.000002,2555.0
# temp #6326
0.0,2234.0
1025.0177723821253,2234.0
1025.0177723821253,2667.0
44032.56156484131,2667.0
44032.56156484131,2555.0
45299.347811588086,2555.0
45299.347811588086,2667.0
54318.445179238915,2667.0
54318.445179238915,2555.0
54918.445179238915,2555.0
54918.445179238915,2667.0
70438.1092173513,2667.0
70438.1092173513,2555.0
74652.29073255323,2555.0
74652.29073255323,2429.0
86400.0,2429.0
# temp #6327
0.0,2234.0
2840.6422597356145,2234.0
2840.6422597356145,2667.0
10667.403682018632,2667.0
10667.403682018632,2555.0
11719.934286433274,2555.0
11719.934286433274,2429.0
15317.636585352013,2429.0
15317.636585352013,2234.0
36485.14700301458,2234.0
36485.14700301458,2429.0
43913.1793237757,2429.0
43913.1793237757,2555.0
55504.040677333265,2555.0
55504.040677333265,2667.0
58586.61755835639,2667.0
58586.61755835639,2555.0
78530.43238911779,2555.0
78530.43238911779,2429.0
86400.000002,2429.0
# temp #6328
0.0,2234.0
17072.622267412957,2234.0
17072.622267412957,2429.0
49172.62226741295,2429.0
49172.62226741295,2555.0
49472.62226741295,2555.0
49472.62226741295,2667.0
52698.90664767009,2667.0
52698.90664767009,2555.0
66065.2197958203,2555.0
66065.2197958203,2429.0
67596.14389913622,2429.0
67596.14389913622,2883.0
70905.27844440658,2883.0
70905.27844440658,2667.0
74009.73644689657,2667.0
74009.73644689657,2234.0
86400.0,2234.0
# temp #6329
0.0,2234.0
60142.52986516804,2234.0
60142.52986516804,2555.0
86400.0,2555.0
# temp #6330
0.0,2234.0
36120.302651985556,2234.0
36120.302651985556,2555.0
72361.26541618725,2555.0
72361.26541618725,2429.0
72922.16639171822,2429.0
72922.16639171822,2555.0
84411.49889384398,2555.0
84411.49889384398,2429.0
85351.73352719286,2429.0
85351.73352719286,2234.0
86400.000002,2234.0
# temp #6331
0.0,2234.0
70832.39278919064,2234.0
70832.39278919064,2555.0
86400.000002,2555.0
# temp #6332
0.0,2234.0
54940.20802150481,2234.0
54940.20802150481,2555.0
57195.03140444868,2555.0
57195.03140444868,2667.0
57775.97942585126,2667.0
57775.97942585126,2555.0
58075.97942585126,2555.0
58075.97942585126,2667.0
61675.97942585126,2667.0
61675.97942585126,2555.0
63175.97942585126,2555.0
63175.97942585126,2429.0
80395.40086628405,2429.0
80395.40086628405,2234.0
82572.0098958118,2234.0
82572.0098958118,2429.0
86400.000002,2429.0
# temp #6333
0.0,2234.0
28389.313277020123,2234.0
28389.313277020123,2555.0
49658.76206208487,2555.0
49658.76206208487,2429.0
63798.188885045245,2429.0
63798.188885045245,2234.0
64398.188885045245,2234.0
64398.188885045245,2429.0
82698.18888504524,2429.0
82698.18888504524,2555.0
84198.18888504524,2555.0
84198.18888504524,2429.0
86400.0,2429.0
# temp #6334
0.0,2234.0
32340.520749147985,2234.0
32340.520749147985,2555.0
42752.19395253808,2555.0
42752.19395253808,2429.0
64060.25348170661,2429.0
64060.25348170661,2555.0
78913.25036385098,2555.0
78913.25036385098,2667.0
79104.79669380003,2667.0
79104.79669380003,2555.0
86400.000002,2555.0
# temp #6335
0.0,2234.0
21512.84908668604,2234.0
21512.84908668604,2555.0
39639.87673886587,2555.0
39639.87673886587,2429.0
67332.14823149612,2429.0
67332.14823149612,2234.0
69272.48085401954,2234.0
69272.48085401954,2429.0
79477.53121177667,2429.0
79477.53121177667,2234.0
86400.0,2234.0
# temp #6336
0.0,2234.0
77245.76650012752,2234.0
77245.76650012752,2555.0
82572.66204119661,2555.0
82572.66204119661,2667.0
83147.34241780826,2667.0
83147.34241780826,2555.0
83447.34241780826,2555.0
83447.34241780826,2667.0
86400.000002,2667.0
# temp #6337
0.0,2234.0
68410.70353954566,2234.0
68410.70353954566,2555.0
86400.0,2555.0
# temp #6338
0.0,2234.0
83241.96558678524,2234.0
83241.96558678524,2555.0
86400.0,2555.0
# temp #6339
0.0,2234.0
20062.41450745147,2234.0
20062.41450745147,2555.0
46371.162926335826,2555.0
46371.162926335826,2429.0
86400.000002,2429.0
# temp #6340
0.0,2234.0
10282.8711720882,2234.0
10282.8711720882,2555.0
35445.370988664225,2555.0
35445.370988664225,2429.0
35940.117603144616,2429.0
35940.117603144616,2555.0
44266.60132077523,2555.0
44266.60132077523,2429.0
45729.48931572028,2429.0
45729.48931572028,2555.0
46862.80444390141,2555.0
46862.80444390141,2429.0
86400.0,2429.0
# temp #6341
0.0,2234.0
8189.197862357834,2234.0
8189.197862357834,2883.0
19289.197862357832,2883.0
19289.197862357832,2555.0
51229.27860324272,2555.0
51229.27860324272,2429.0
52463.74461776578,2429.0
52463.74461776578,2883.0
60449.85924786889,2883.0
60449.85924786889,2429.0
86400.000002,2429.0
# temp #6342
0.0,2234.0
41601.26962114592,2234.0
41601.26962114592,2429.0
42110.02163237427,2429.0
42110.02163237427,2555.0
44292.060549021706,2555.0
44292.060549021706,2429.0
59265.40251674597,2429.0
59265.40251674597,2883.0
60524.87851514016,2883.0
60524.87851514016,2667.0
62199.39305176959,2667.0
62199.39305176959,2555.0
72023.19962445182,2555.0
72023.19962445182,2429.0
82674.1774541326,2429.0
82674.1774541326,2234.0
84116.39998666944,2234.0
84116.39998666944,2667.0
86400.0,2667.0
# temp #6343
0.0,2234.0
6466.687343688683,2234.0
6466.687343688683,2667.0
30251.629295968454,2667.0
30251.629295968454,2555.0
31194.136593514126,2555.0
31194.136593514126,2667.0
31549.001357238743,2667.0
31549.001357238743,2555.0
32149.001357238743,2555.0
32149.001357238743,2667.0
47744.78904157878,2667.0
47744.78904157878,2555.0
50886.90548390151,2555.0
50886.90548390151,2429.0
71012.71663543304,2429.0
71012.71663543304,2234.0
74507.39136293998,2234.0
74507.39136293998,2667.0
86400.000002,2667.0
# temp #6344
0.0,2234.0
3260.311271902174,2234.0
3260.311271902174,2667.0
36837.49724894297,2667.0
36837.49724894297,2555.0
37466.33108358365,2555.0
37466.33108358365,2667.0
65310.46943538824,2667.0
65310.46943538824,2555.0
65910.46943538824,2555.0
65910.46943538824,2667.0
86271.36549577118,2667.0
86271.36549577118,2555.0
86400.000002,2555.0
# temp #6345
0.0,2234.0
7439.053768850864,2234.0
7439.053768850864,2017.0
12919.670875696467,2017.0
12919.670875696467,2234.0
37690.36893812009,2234.0
37690.36893812009,2017.0
57612.47567860411,2017.0
57612.47567860411,2234.0
86400.000002,2234.0
# temp #6346
0.0,2234.0
14734.309887466956,2234.0
14734.309887466956,2883.0
25834.309887466956,2883.0
25834.309887466956,2555.0
36103.517135465525,2555.0
36103.517135465525,2667.0
50308.084176317796,2667.0
50308.084176317796,2555.0
61527.625403017744,2555.0
61527.625403017744,2667.0
86400.000002,2667.0
# temp #6347
0.0,2234.0
9701.72465303913,2234.0
9701.72465303913,2429.0
10145.86850856431,2429.0
10145.86850856431,2555.0
15149.023816036064,2555.0
15149.023816036064,2429.0
50788.63358774689,2429.0
50788.63358774689,2555.0
60960.49359811005,2555.0
60960.49359811005,2667.0
75159.23724691385,2667.0
75159.23724691385,2555.0
86400.0,2555.0
# temp #6348
0.0,2234.0
32110.638536140326,2234.0
32110.638536140326,2555.0
66441.03972252925,2555.0
66441.03972252925,2429.0
73661.28716587556,2429.0
73661.28716587556,2234.0
86400.000002,2234.0
# temp #6349
0.0,2234.0
7755.5719174677515,2234.0
7755.5719174677515,2883.0
18855.57191746775,2883.0
18855.57191746775,2555.0
21408.498821477406,2555.0
21408.498821477406,2429.0
42503.695276519284,2429.0
42503.695276519284,2555.0
72701.86059193221,2555.0
72701.86059193221,2429.0
74239.23302579207,2429.0
74239.23302579207,2883.0
86400.000002,2883.0
# temp #6350
0.0,2234.0
16823.90829927754,2234.0
16823.90829927754,2883.0
17902.376969950277,2883.0
17902.376969950277,2667.0
23182.509981771003,2667.0
23182.509981771003,2883.0
34281.491880887195,2883.0
34281.491880887195,2667.0
48903.50014774595,2667.0
48903.50014774595,2883.0
58369.422444188975,2883.0
58369.422444188975,2555.0
59569.422444188975,2555.0
59569.422444188975,2883.0
69321.9481375767,2883.0
69321.9481375767,2429.0
77149.21078663321,2429.0
77149.21078663321,2555.0
86400.000002,2555.0
# temp #6351
0.0,2234.0
5798.659330490046,2234.0
5798.659330490046,2667.0
14430.597114656124,2667.0
14430.597114656124,2555.0
15145.389062538747,2555.0
15145.389062538747,2667.0
28377.642156416558,2667.0
28377.642156416558,2555.0
28977.642156416558,2555.0
28977.642156416558,2667.0
43685.33044927754,2667.0
43685.33044927754,2555.0
46585.74793771841,2555.0
46585.74793771841,2429.0
69962.4754836783,2429.0
69962.4754836783,2555.0
78335.81988718362,2555.0
78335.81988718362,2667.0
86400.0,2667.0
# temp #6352
0.0,2234.0
22799.398684781045,2234.0
22799.398684781045,2555.0
31916.15394190885,2555.0
31916.15394190885,2429.0
36962.053695553914,2429.0
36962.053695553914,2883.0
45648.50908506196,2883.0
45648.50908506196,2429.0
57540.51099743229,2429.0
57540.51099743229,2883.0
73934.75302993321,2883.0
73934.75302993321,2429.0
86400.0,2429.0
# temp #6353
0.0,2234.0
70938.38772566525,2234.0
70938.38772566525,2555.0
71293.62856771333,2555.0
71293.62856771333,2667.0
71809.9883978488,2667.0
71809.9883978488,2555.0
77809.9883978488,2555.0
77809.9883978488,2429.0
80209.9883978488,2429.0
80209.9883978488,2234.0
83809.9883978488,2234.0
83809.9883978488,2429.0
85009.9883978488,2429.0
85009.9883978488,2234.0
86400.0,2234.0
# temp #6354
0.0,2234.0
12969.2516268231,2234.0
12969.2516268231,2555.0
18990.293114120144,2555.0
18990.293114120144,2429.0
19351.475630281497,2429.0
19351.475630281497,2555.0
40685.77451063321,2555.0
40685.77451063321,2429.0
41233.856981364086,2429.0
41233.856981364086,2234.0
45270.0962093426,2234.0
45270.0962093426,2429.0
67454.57019524185,2429.0
67454.57019524185,2883.0
86400.0,2883.0
# temp #6355
0.0,2234.0
58238.20783111733,2234.0
58238.20783111733,2555.0
80774.8105249135,2555.0
80774.8105249135,2429.0
81133.3392944187,2429.0
81133.3392944187,2555.0
86400.000002,2555.0
# temp #6356
0.0,2234.0
47600.500790029764,2234.0
47600.500790029764,2883.0
50000.500790029764,2883.0
50000.500790029764,2667.0
64048.00292879809,2667.0
64048.00292879809,2555.0
79007.23142784555,2555.0
79007.23142784555,2667.0
85654.18335695285,2667.0
85654.18335695285,2883.0
86400.0,2883.0
# temp #6357
0.0,2234.0
35806.977433757864,2234.0
35806.977433757864,2429.0
36252.55767968484,2429.0
36252.55767968484,2234.0
36878.265069052584,2234.0
36878.265069052584,2429.0
39747.461692336954,2429.0
39747.461692336954,2234.0
41772.01995668002,2234.0
41772.01995668002,2429.0
42644.36598443427,2429.0
42644.36598443427,2555.0
44018.43533855864,2555.0
44018.43533855864,2429.0
44318.43533855864,2429.0
44318.43533855864,2555.0
45818.43533855864,2555.0
45818.43533855864,2429.0
56018.43533855864,2429.0
56018.43533855864,2234.0
86400.0,2234.0
# temp #6358
0.0,2234.0
21730.221155332405,2234.0
21730.221155332405,2429.0
22157.09907675628,2429.0
22157.09907675628,2555.0
25079.183856421154,2555.0
25079.183856421154,2429.0
49871.39124248643,2429.0
49871.39124248643,2883.0
62047.40240417887,2883.0
62047.40240417887,2429.0
86400.0,2429.0
# temp #6359
0.0,2234.0
10808.005688572304,2234.0
10808.005688572304,2429.0
11108.005688572304,2429.0
11108.005688572304,2234.0
29210.05655075424,2234.0
29210.05655075424,2667.0
48096.60592472648,2667.0
48096.60592472648,2555.0
48512.96724232381,2555.0
48512.96724232381,2667.0
56385.11370085181,2667.0
56385.11370085181,2555.0
65618.0994764669,2555.0
65618.0994764669,2429.0
69072.4409827497,2429.0
69072.4409827497,2234.0
73015.95261257609,2234.0
73015.95261257609,2429.0
75849.5641419897,2429.0
75849.5641419897,2883.0
86400.0,2883.0
# temp #6360
0.0,2234.0
31736.11973610241,2234.0
31736.11973610241,2883.0
34136.11973610241,2883.0
34136.11973610241,2667.0
42033.08044967707,2667.0
42033.08044967707,2234.0
61965.29770034831,2234.0
61965.29770034831,2667.0
86400.0,2667.0
# temp #6361
0.0,2234.0
78624.71064319836,2234.0
78624.71064319836,2555.0
86400.0,2555.0
# temp #6362
0.0,2234.0
30027.084203157578,2234.0
30027.084203157578,2429.0
62127.084203157574,2429.0
62127.084203157574,2555.0
62427.084203157574,2555.0
62427.084203157574,2667.0
75321.72879707068,2667.0
75321.72879707068,2883.0
86400.000002,2883.0
# temp #6363
0.0,2234.0
79330.96824462993,2234.0
79330.96824462993,2555.0
80759.1290652752,2555.0
80759.1290652752,2667.0
81142.69475955518,2667.0
81142.69475955518,2555.0
81442.69475955518,2555.0
81442.69475955518,2667.0
85042.69475955518,2667.0
85042.69475955518,2555.0
86400.0,2555.0
# temp #6364
0.0,2234.0
65661.58800981939,2234.0
65661.58800981939,2883.0
68061.58800981939,2883.0
68061.58800981939,2667.0
76531.31314166822,2667.0
76531.31314166822,2555.0
86400.000002,2555.0
# temp #6365
0.0,2234.0
77113.22085619906,2234.0
77113.22085619906,2555.0
77693.02312480287,2555.0
77693.02312480287,2429.0
78066.97166813539,2429.0
78066.97166813539,2555.0
80292.42631753442,2555.0
80292.42631753442,2429.0
80644.27447782365,2429.0
80644.27447782365,2555.0
82066.17218598259,2555.0
82066.17218598259,2429.0
82366.17218598259,2429.0
82366.17218598259,2555.0
82666.17218598259,2555.0
82666.17218598259,2429.0
83266.17218598259,2429.0
83266.17218598259,2555.0
85875.93217387331,2555.0
85875.93217387331,2429.0
86400.000002,2429.0
# temp #6366
0.0,2234.0
72743.11068635435,2234.0
72743.11068635435,2555.0
78036.78996542004,2555.0
78036.78996542004,2667.0
78537.52904380673,2667.0
78537.52904380673,2555.0
78837.52904380673,2555.0
78837.52904380673,2667.0
82437.52904380673,2667.0
82437.52904380673,2555.0
83937.52904380673,2555.0
83937.52904380673,2429.0
86400.0,2429.0
# temp #6367
0.0,2234.0
82992.45689834935,2234.0
82992.45689834935,2555.0
86400.000002,2555.0
# temp #6368
0.0,2234.0
52952.40918130149,2234.0
52952.40918130149,2429.0
53453.947995859206,2429.0
53453.947995859206,2555.0
57397.01647523326,2555.0
57397.01647523326,2429.0
82529.78126511445,2429.0
82529.78126511445,2555.0
86400.0,2555.0
# temp #6369
0.0,2234.0
54381.42481972464,2234.0
54381.42481972464,2555.0
57445.930923661224,2555.0
57445.930923661224,2667.0
67345.93092366122,2667.0
67345.93092366122,2555.0
71811.52253388429,2555.0
71811.52253388429,2429.0
86400.0,2429.0
# temp #6370
0.0,2234.0
42193.33221791313,2234.0
42193.33221791313,2555.0
79952.08427659237,2555.0
79952.08427659237,2429.0
80433.92728543842,2429.0
80433.92728543842,2555.0
86400.000002,2555.0
# temp #6371
0.0,2234.0
14984.128954424526,2234.0
14984.128954424526,2883.0
26084.128954424526,2883.0
26084.128954424526,2555.0
56767.67801935786,2555.0
56767.67801935786,2429.0
68200.18279398793,2429.0
68200.18279398793,2234.0
81498.95052420908,2234.0
81498.95052420908,2667.0
86400.000002,2667.0
# temp #6372
0.0,2234.0
19074.724162719212,2234.0
19074.724162719212,2429.0
19508.483380358666,2429.0
19508.483380358666,2234.0
20383.42408526223,2234.0
20383.42408526223,2429.0
22016.06440397445,2429.0
22016.06440397445,2234.0
45815.92531458009,2234.0
45815.92531458009,2429.0
47118.04967152421,2429.0
47118.04967152421,2555.0
47434.55243494828,2555.0
47434.55243494828,2429.0
47734.55243494828,2429.0
47734.55243494828,2555.0
48034.55243494828,2555.0
48034.55243494828,2429.0
48634.55243494828,2429.0
48634.55243494828,2555.0
53143.90407067259,2555.0
53143.90407067259,2429.0
60377.33858975117,2429.0
60377.33858975117,2883.0
80434.98669660185,2883.0
80434.98669660185,2667.0
86400.0,2667.0
# temp #6373
0.0,2234.0
5976.3620894635105,2234.0
5976.3620894635105,2667.0
11486.982138734313,2667.0
11486.982138734313,2555.0
12231.409173365684,2555.0
12231.409173365684,2667.0
37908.76800573897,2667.0
37908.76800573897,2555.0
40908.76800573897,2555.0
40908.76800573897,2667.0
67008.76800573897,2667.0
67008.76800573897,2883.0
86400.0,2883.0
# temp #6374
0.0,2234.0
8589.122663112359,2234.0
8589.122663112359,2667.0
37547.88757280913,2667.0
37547.88757280913,2555.0
38637.30589037296,2555.0
38637.30589037296,2667.0
71405.6777293794,2667.0
71405.6777293794,2555.0
71705.6777293794,2555.0
71705.6777293794,2667.0
72348.36378993934,2667.0
72348.36378993934,2555.0
72948.36378993934,2555.0
72948.36378993934,2667.0
73221.50403347333,2667.0
73221.50403347333,2555.0
77459.42206971814,2555.0
77459.42206971814,2429.0
86400.0,2429.0
# temp #6375
0.0,2234.0
15953.737245057711,2234.0
15953.737245057711,2429.0
22853.73724505771,2429.0
22853.73724505771,2555.0
24653.73724505771,2555.0
24653.73724505771,2429.0
37553.73724505771,2429.0
37553.73724505771,2234.0
37853.73724505771,2234.0
37853.73724505771,2017.0
38153.73724505771,2017.0
38153.73724505771,2234.0
38453.73724505771,2234.0
38453.73724505771,2017.0
46742.00390211772,2017.0
46742.00390211772,2234.0
63335.737682925545,2234.0
63335.737682925545,2429.0
84615.03373598681,2429.0
84615.03373598681,2234.0
86400.0,2234.0
# temp #6376
0.0,2234.0
23848.413052805703,2234.0
23848.413052805703,2555.0
30351.003292738464,2555.0
30351.003292738464,2429.0
30710.583699820567,2429.0
30710.583699820567,2555.0
31608.590223477226,2555.0
31608.590223477226,2429.0
32711.17827810813,2429.0
32711.17827810813,2555.0
33362.04732034822,2555.0
33362.04732034822,2429.0
33662.04732034822,2429.0
33662.04732034822,2555.0
54062.04732034821,2555.0
54062.04732034821,2429.0
54362.04732034821,2429.0
54362.04732034821,2555.0
54962.04732034821,2555.0
54962.04732034821,2667.0
64718.44384130091,2667.0
64718.44384130091,2234.0
68325.02293169964,2234.0
68325.02293169964,2429.0
75128.74753684737,2429.0
75128.74753684737,2234.0
86400.000002,2234.0
# temp #6377
0.0,2234.0
48186.14037868102,2234.0
48186.14037868102,2555.0
84860.61432624703,2555.0
84860.61432624703,2429.0
85175.65909624101,2429.0
85175.65909624101,2555.0
86400.0,2555.0
# temp #6378
0.0,2234.0
4350.96970021259,2234.0
4350.96970021259,2883.0
15450.96970021259,2883.0
15450.96970021259,2555.0
30490.688225696795,2555.0
30490.688225696795,2667.0
63844.766982807785,2667.0
63844.766982807785,2883.0
86400.000002,2883.0
# temp #6379
0.0,2234.0
49812.76615618263,2234.0
49812.76615618263,2555.0
64648.99835663383,2555.0
64648.99835663383,2429.0
86400.0,2429.0
# temp #6380
0.0,2234.0
28164.638896007094,2234.0
28164.638896007094,2429.0
28764.638896007094,2429.0
28764.638896007094,2555.0
31474.992017168555,2555.0
31474.992017168555,2429.0
58256.85600182042,2429.0
58256.85600182042,2555.0
83794.33929158842,2555.0
83794.33929158842,2429.0
86400.000002,2429.0
# temp #6381
0.0,2234.0
36791.900686291054,2234.0
36791.900686291054,2555.0
71208.36632258726,2555.0
71208.36632258726,2429.0
71553.51598996205,2429.0
71553.51598996205,2555.0
74061.4658067003,2555.0
74061.4658067003,2429.0
74364.23226781191,2429.0
74364.23226781191,2555.0
75487.1102878824,2555.0
75487.1102878824,2429.0
75787.1102878824,2429.0
75787.1102878824,2555.0
77287.1102878824,2555.0
77287.1102878824,2429.0
86400.000002,2429.0
# temp #6382
0.0,2234.0
75762.92576913258,2234.0
75762.92576913258,2555.0
83614.27180550528,2555.0
83614.27180550528,2429.0
83951.45670915955,2429.0
83951.45670915955,2555.0
86400.000002,2555.0
# temp #6383
0.0,2234.0
21386.86724121217,2234.0
21386.86724121217,2555.0
57166.57599031461,2555.0
57166.57599031461,2429.0
57509.83974889388,2429.0
57509.83974889388,2555.0
72952.3337694118,2555.0
72952.3337694118,2429.0
73965.30859591441,2429.0
73965.30859591441,2234.0
86400.0,2234.0
# temp #6384
0.0,2234.0
38462.38625552505,2234.0
38462.38625552505,2555.0
68201.93900903688,2555.0
68201.93900903688,2429.0
86400.0,2429.0
# temp #6385
0.0,2234.0
29841.37884518132,2234.0
29841.37884518132,2429.0
30166.96037272923,2429.0
30166.96037272923,2555.0
33726.241939840846,2555.0
33726.241939840846,2429.0
45350.960318092264,2429.0
45350.960318092264,2555.0
64527.533776313074,2555.0
64527.533776313074,2667.0
70064.8768346524,2667.0
70064.8768346524,2555.0
80056.64060690907,2555.0
80056.64060690907,2667.0
84251.96703930853,2667.0
84251.96703930853,2234.0
86400.0,2234.0
# temp #6386
0.0,2234.0
40672.31897176244,2234.0
40672.31897176244,2017.0
77018.70668423364,2017.0
77018.70668423364,2234.0
86400.0,2234.0
# temp #6387
0.0,2234.0
13528.550071595238,2234.0
13528.550071595238,2883.0
15214.328930969352,2883.0
15214.328930969352,2667.0
21766.82127392851,2667.0
21766.82127392851,2883.0
40405.39233139717,2883.0
40405.39233139717,2429.0
66974.13997245023,2429.0
66974.13997245023,2883.0
82745.86473726669,2883.0
82745.86473726669,2667.0
83827.5023830589,2667.0
83827.5023830589,2883.0
86400.0,2883.0
# temp #6388
0.0,2234.0
5172.718924703077,2234.0
5172.718924703077,2667.0
5777.441953634844,2667.0
5777.441953634844,2555.0
6301.735737221316,2555.0
6301.735737221316,2667.0
37539.46944864002,2667.0
37539.46944864002,2555.0
37839.46944864002,2555.0
37839.46944864002,2667.0
38645.832144655295,2667.0
38645.832144655295,2555.0
39245.832144655295,2555.0
39245.832144655295,2667.0
47051.90377605614,2667.0
47051.90377605614,2555.0
62622.77221383994,2555.0
62622.77221383994,2429.0
86400.000002,2429.0
# temp #6389
0.0,2234.0
10312.61737374589,2234.0
10312.61737374589,2555.0
38675.54678376765,2555.0
38675.54678376765,2429.0
38978.247619327165,2429.0
38978.247619327165,2555.0
58657.98461562955,2555.0
58657.98461562955,2429.0
59900.70492806846,2429.0
59900.70492806846,2555.0
61024.77525151336,2555.0
61024.77525151336,2429.0
61324.77525151336,2429.0
61324.77525151336,2555.0
62824.77525151336,2555.0
62824.77525151336,2429.0
73024.77525151336,2429.0
73024.77525151336,2234.0
86400.0,2234.0
# temp #6390
0.0,2234.0
6828.63528917078,2234.0
6828.63528917078,2883.0
7546.493946248666,2883.0
7546.493946248666,2667.0
15831.843150523491,2667.0
15831.843150523491,2883.0
46459.0338600101,2883.0
46459.0338600101,2429.0
62736.817192775205,2429.0
62736.817192775205,2883.0
86400.0,2883.0
# temp #6391
0.0,2234.0
9085.460049449468,2234.0
9085.460049449468,2555.0
16296.884273481559,2555.0
16296.884273481559,2429.0
62000.147581589415,2429.0
62000.147581589415,2234.0
62600.147581589415,2234.0
62600.147581589415,2429.0
65000.147581589415,2429.0
65000.147581589415,2555.0
75200.14758158941,2555.0
75200.14758158941,2667.0
76721.57821299044,2667.0
76721.57821299044,2555.0
86400.0,2555.0
# temp #6392
0.0,2234.0
2986.1895843409006,2234.0
2986.1895843409006,2667.0
39823.69481914212,2667.0
39823.69481914212,2555.0
40260.141089768156,2555.0
40260.141089768156,2667.0
72488.81349284203,2667.0
72488.81349284203,2555.0
72788.81349284203,2555.0
72788.81349284203,2667.0
73453.37337891107,2667.0
73453.37337891107,2555.0
74053.37337891107,2555.0
74053.37337891107,2667.0
83644.25933682361,2667.0
83644.25933682361,2555.0
86400.000002,2555.0
# temp #6393
0.0,2234.0
14012.424150248991,2234.0
14012.424150248991,2555.0
20303.03441891447,2555.0
20303.03441891447,2429.0
44312.84192288295,2429.0
44312.84192288295,2234.0
44612.84192288295,2234.0
44612.84192288295,2017.0
74203.20192365909,2017.0
74203.20192365909,2234.0
86400.0,2234.0
# temp #6394
0.0,2234.0
5399.328503734433,2234.0
5399.328503734433,2555.0
44040.05572472234,2555.0
44040.05572472234,2429.0
44472.48546690681,2429.0
44472.48546690681,2555.0
67024.26256556065,2555.0
67024.26256556065,2429.0
68176.43339317293,2429.0
68176.43339317293,2555.0
68749.17198400946,2555.0
68749.17198400946,2429.0
69049.17198400946,2429.0
69049.17198400946,2555.0
86400.000002,2555.0
# temp #6395
0.0,2234.0
35031.13234997728,2234.0
35031.13234997728,2429.0
35424.72627370153,2429.0
35424.72627370153,2234.0
36252.6318646269,2234.0
36252.6318646269,2429.0
38227.18063986395,2429.0
38227.18063986395,2234.0
52067.46427458712,2234.0
52067.46427458712,2429.0
53244.089791970335,2429.0
53244.089791970335,2555.0
53591.188137838624,2555.0
53591.188137838624,2429.0
53891.188137838624,2429.0
53891.188137838624,2555.0
74291.18813783862,2555.0
74291.18813783862,2429.0
74591.18813783862,2429.0
74591.18813783862,2555.0
75191.18813783862,2555.0
75191.18813783862,2667.0
86400.0,2667.0
# temp #6396
0.0,2234.0
4103.394985408523,2234.0
4103.394985408523,2667.0
33087.95045244042,2667.0
33087.95045244042,2555.0
34502.782747917816,2555.0
34502.782747917816,2667.0
36134.64198389557,2667.0
36134.64198389557,2555.0
36734.64198389557,2555.0
36734.64198389557,2667.0
54421.33258811664,2667.0
54421.33258811664,2555.0
56765.75071967673,2555.0
56765.75071967673,2429.0
70365.35525098443,2429.0
70365.35525098443,2555.0
76347.22906714305,2555.0
76347.22906714305,2429.0
81799.44896756206,2429.0
81799.44896756206,2555.0
86400.000002,2555.0
# temp #6397
0.0,2234.0
3095.27946675662,2234.0
3095.27946675662,2667.0
41282.29376503733,2667.0
41282.29376503733,2555.0
41819.68141326216,2555.0
41819.68141326216,2429.0
55213.887466862805,2429.0
55213.887466862805,2555.0
70342.81755988488,2555.0
70342.81755988488,2429.0
86400.000002,2429.0
# temp #6398
0.0,2234.0
48690.96648185515,2234.0
48690.96648185515,2555.0
65658.13657105902,2555.0
65658.13657105902,2429.0
80861.8317781482,2429.0
80861.8317781482,2234.0
81461.8317781482,2234.0
81461.8317781482,2429.0
86400.0,2429.0
# temp #6399
0.0,2234.0
13202.899232762868,2234.0
13202.899232762868,2429.0
13605.535937519746,2429.0
13605.535937519746,2234.0
14462.476896098817,2234.0
14462.476896098817,2429.0
17649.002108979043,2429.0
17649.002108979043,2234.0
32036.44805385266,2234.0
32036.44805385266,2429.0
32516.4982697228,2429.0
32516.4982697228,2555.0
33880.23601931055,2555.0
33880.23601931055,2429.0
34180.23601931055,2429.0
34180.23601931055,2555.0
35680.23601931055,2555.0
35680.23601931055,2429.0
45880.23601931054,2429.0
45880.23601931054,2234.0
86400.0,2234.0
# temp #6400
0.0,2234.0
65475.849245418794,2234.0
65475.849245418794,2555.0
77246.17094881833,2555.0
77246.17094881833,2234.0
86400.0,2234.0
# temp #6401
0.0,2234.0
45127.882831566974,2234.0
45127.882831566974,2429.0
45473.83151161485,2429.0
45473.83151161485,2555.0
46085.0557840895,2555.0
46085.0557840895,2429.0
63680.48938766589,2429.0
63680.48938766589,2555.0
65073.860720288954,2555.0
65073.860720288954,2667.0
66680.24465523196,2667.0
66680.24465523196,2555.0
86400.000002,2555.0
# temp #6402
0.0,2234.0
37066.329774074264,2234.0
37066.329774074264,2429.0
37413.841820159,2429.0
37413.841820159,2234.0
38265.64046067652,2234.0
38265.64046067652,2429.0
40747.171002463445,2429.0
40747.171002463445,2234.0
46204.44987507072,2234.0
46204.44987507072,2429.0
46936.30910287612,2429.0
46936.30910287612,2234.0
82351.41450120138,2234.0
82351.41450120138,2429.0
86400.0,2429.0
# temp #6403
0.0,2234.0
8652.020841487685,2234.0
8652.020841487685,2667.0
55166.41146987677,2667.0
55166.41146987677,2555.0
56413.79153598101,2555.0
56413.79153598101,2667.0
70495.32309856733,2667.0
70495.32309856733,2555.0
71095.32309856733,2555.0
71095.32309856733,2667.0
86400.000002,2667.0
# temp #6404
0.0,2234.0
31835.125802457336,2234.0
31835.125802457336,2429.0
32435.125802457336,2429.0
32435.125802457336,2555.0
33888.48217986525,2555.0
33888.48217986525,2429.0
64531.90855477007,2429.0
64531.90855477007,2555.0
83141.40108358116,2555.0
83141.40108358116,2667.0
86400.0,2667.0
# temp #6405
0.0,2234.0
8657.964172633367,2234.0
8657.964172633367,2667.0
35213.8998389477,2667.0
35213.8998389477,2555.0
36588.13452359755,2555.0
36588.13452359755,2667.0
58148.2808843488,2667.0
58148.2808843488,2555.0
61148.2808843488,2555.0
61148.2808843488,2667.0
86400.000002,2667.0
# temp #6406
0.0,2234.0
9548.117322684267,2234.0
9548.117322684267,2883.0
11054.521693987774,2883.0
11054.521693987774,2667.0
17687.43348922581,2667.0
17687.43348922581,2883.0
31355.614402913496,2883.0
31355.614402913496,2429.0
47283.76529999078,2429.0
47283.76529999078,2234.0
78089.51366306284,2234.0
78089.51366306284,2429.0
86400.000002,2429.0
# temp #6407
0.0,2234.0
15830.262313736604,2234.0
15830.262313736604,2555.0
20200.19548684359,2555.0
20200.19548684359,2667.0
26500.19548684359,2667.0
26500.19548684359,2555.0
27700.19548684359,2555.0
27700.19548684359,2429.0
70900.19548684359,2429.0
70900.19548684359,2234.0
86400.000002,2234.0
# temp #6408
0.0,2234.0
23186.83093423024,2234.0
23186.83093423024,2555.0
26271.926143113524,2555.0
26271.926143113524,2667.0
49653.84392151609,2667.0
49653.84392151609,2883.0
70451.465628203,2883.0
70451.465628203,2429.0
86278.93250759227,2429.0
86278.93250759227,2555.0
86400.0,2555.0
# temp #6409
0.0,2234.0
64217.68308584578,2234.0
64217.68308584578,2555.0
68848.66402591579,2555.0
68848.66402591579,2234.0
78578.52846183814,2234.0
78578.52846183814,2667.0
86400.0,2667.0
# temp #6410
0.0,2234.0
7207.385261077436,2234.0
7207.385261077436,2667.0
10893.277304945515,2667.0
10893.277304945515,2555.0
12334.703423967587,2555.0
12334.703423967587,2667.0
13263.760326337071,2667.0
13263.760326337071,2555.0
13563.760326337071,2555.0
13563.760326337071,2667.0
13863.760326337071,2667.0
13863.760326337071,2555.0
17163.760326337073,2555.0
17163.760326337073,2667.0
42663.76032633707,2667.0
42663.76032633707,2883.0
86400.0,2883.0
# temp #6411
0.0,2234.0
18674.964460660707,2234.0
18674.964460660707,2429.0
50774.9644606607,2429.0
50774.9644606607,2555.0
51074.9644606607,2555.0
51074.9644606607,2667.0
59401.31458151155,2667.0
59401.31458151155,2555.0
74491.63140705788,2555.0
74491.63140705788,2429.0
86400.0,2429.0
# temp #6412
0.0,2234.0
629.9204943934456,2234.0
629.9204943934456,2667.0
12447.756771231072,2667.0
12447.756771231072,2555.0
12929.779441421853,2555.0
12929.779441421853,2667.0
21352.38100010902,2667.0
21352.38100010902,2555.0
21652.38100010902,2555.0
21652.38100010902,2667.0
22491.34559654631,2667.0
22491.34559654631,2555.0
23091.34559654631,2555.0
23091.34559654631,2667.0
52838.16723232158,2667.0
52838.16723232158,2234.0
82484.21471659096,2234.0
82484.21471659096,2429.0
86400.0,2429.0
# temp #6413
0.0,2234.0
38394.41506834701,2234.0
38394.41506834701,2883.0
40794.41506834701,2883.0
40794.41506834701,2667.0
51740.812826156616,2667.0
51740.812826156616,2883.0
67799.29291228764,2883.0
67799.29291228764,2429.0
86400.0,2429.0
# temp #6414
0.0,2234.0
35323.371555679485,2234.0
35323.371555679485,2429.0
35633.88340689708,2429.0
35633.88340689708,2234.0
36512.032693787485,2234.0
36512.032693787485,2429.0
37159.90530273412,2429.0
37159.90530273412,2234.0
42910.91620086227,2234.0
42910.91620086227,2429.0
43845.787213859156,2429.0
43845.787213859156,2555.0
44234.83902860899,2555.0
44234.83902860899,2429.0
44534.83902860899,2429.0
44534.83902860899,2555.0
46034.83902860899,2555.0
46034.83902860899,2429.0
56234.83902860899,2429.0
56234.83902860899,2234.0
86400.0,2234.0
# temp #6415
0.0,2234.0
20077.886440744627,2234.0
20077.886440744627,2429.0
20377.886440744627,2429.0
20377.886440744627,2234.0
36599.174425425015,2234.0
36599.174425425015,2667.0
37038.44345707913,2667.0
37038.44345707913,2555.0
69621.9446449075,2555.0
69621.9446449075,2429.0
86400.0,2429.0
# temp #6416
0.0,2234.0
24729.74327655975,2234.0
24729.74327655975,2429.0
25112.48393179849,2429.0
25112.48393179849,2555.0
27995.7235054113,2555.0
27995.7235054113,2429.0
33342.72613814101,2429.0
33342.72613814101,2883.0
65233.88398652898,2883.0
65233.88398652898,2429.0
68935.56039438119,2429.0
68935.56039438119,2555.0
75225.42418884115,2555.0
75225.42418884115,2429.0
80987.22845341546,2429.0
80987.22845341546,2555.0
86400.000002,2555.0
# temp #6417
0.0,2234.0
35546.68551532087,2234.0
35546.68551532087,2429.0
35918.2184454985,2429.0
35918.2184454985,2234.0
36633.6419266183,2234.0
36633.6419266183,2429.0
38319.02142441832,2429.0
38319.02142441832,2234.0
51246.909089572735,2234.0
51246.909089572735,2429.0
51798.42294906267,2429.0
51798.42294906267,2234.0
86115.52972337232,2234.0
86115.52972337232,2429.0
86400.0,2429.0
# temp #6418
0.0,2234.0
43321.51807069313,2234.0
43321.51807069313,2883.0
45721.51807069313,2883.0
45721.51807069313,2667.0
69678.10084226076,2667.0
69678.10084226076,2555.0
76714.71972400323,2555.0
76714.71972400323,2429.0
86400.000002,2429.0
# temp #6419
0.0,2234.0
9553.896509972403,2234.0
9553.896509972403,2555.0
23401.309823733758,2555.0
23401.309823733758,2429.0
69754.5558152022,2429.0
69754.5558152022,2234.0
74182.7853275696,2234.0
74182.7853275696,2429.0
78582.47425414158,2429.0
78582.47425414158,2234.0
86400.0,2234.0
# temp #6420
0.0,2234.0
13137.37984893378,2234.0
13137.37984893378,2883.0
14164.329189830461,2883.0
14164.329189830461,2667.0
18678.408037265763,2667.0
18678.408037265763,2883.0
35917.28707090952,2883.0
35917.28707090952,2667.0
36317.61349439622,2667.0
36317.61349439622,2234.0
45368.6748439679,2234.0
45368.6748439679,2429.0
82655.0874939887,2429.0
82655.0874939887,2555.0
86400.000002,2555.0
# temp #6421
0.0,2234.0
73477.87043920252,2234.0
73477.87043920252,2555.0
86400.0,2555.0
# temp #6422
0.0,2234.0
15293.400426534938,2234.0
15293.400426534938,2429.0
15616.613658866847,2429.0
15616.613658866847,2234.0
16501.693464838903,2234.0
16501.693464838903,2429.0
20550.915471953344,2429.0
20550.915471953344,2234.0
44471.683664666496,2234.0
44471.683664666496,2429.0
45607.33351812233,2429.0
45607.33351812233,2234.0
79917.64571741225,2234.0
79917.64571741225,2429.0
86400.0,2429.0
# temp #6423
0.0,2234.0
38617.54791685381,2234.0
38617.54791685381,2429.0
39016.975817433566,2429.0
39016.975817433566,2555.0
41478.210141859025,2555.0
41478.210141859025,2429.0
58963.16943049898,2429.0
58963.16943049898,2555.0
81632.7156011481,2555.0
81632.7156011481,2429.0
86400.0,2429.0
# temp #6424
0.0,2234.0
26636.110011488203,2234.0
26636.110011488203,2017.0
73130.18269808964,2017.0
73130.18269808964,2234.0
86400.000002,2234.0
# temp #6425
0.0,2234.0
8742.521419725383,2234.0
8742.521419725383,2883.0
9574.549871985802,2883.0
9574.549871985802,2667.0
14917.320610815661,2667.0
14917.320610815661,2883.0
29495.065937703483,2883.0
29495.065937703483,2429.0
58983.819511486225,2429.0
58983.819511486225,2883.0
76415.40774567985,2883.0
76415.40774567985,2667.0
86400.0,2667.0
# temp #6426
0.0,2234.0
62183.85499510915,2234.0
62183.85499510915,2555.0
73763.1021954585,2555.0
73763.1021954585,2429.0
86400.0,2429.0
# temp #6427
0.0,2234.0
3438.7105267960583,2234.0
3438.7105267960583,2667.0
23686.838504439223,2667.0
23686.838504439223,2555.0
24467.045021289963,2555.0
24467.045021289963,2667.0
62670.966752758264,2667.0
62670.966752758264,2555.0
63270.966752758264,2555.0
63270.966752758264,2667.0
84124.08943776974,2667.0
84124.08943776974,2555.0
86400.000002,2555.0
# temp #6428
0.0,2234.0
6294.323596567848,2234.0
6294.323596567848,2667.0
32584.690699470233,2667.0
32584.690699470233,2555.0
33577.68971112092,2555.0
33577.68971112092,2667.0
35554.288568696946,2667.0
35554.288568696946,2555.0
36154.288568696946,2555.0
36154.288568696946,2667.0
49060.054233600385,2667.0
49060.054233600385,2555.0
52032.553788204685,2555.0
52032.553788204685,2429.0
53710.71393268649,2429.0
53710.71393268649,2555.0
77739.73255106248,2555.0
77739.73255106248,2429.0
86400.0,2429.0
# temp #6429
0.0,2234.0
25587.21743181814,2234.0
25587.21743181814,2555.0
63502.29986084161,2555.0
63502.29986084161,2429.0
68098.75565764961,2429.0
68098.75565764961,2234.0
68698.75565764961,2234.0
68698.75565764961,2429.0
86400.0,2429.0
# temp #6430
0.0,2234.0
12028.961155819708,2234.0
12028.961155819708,2429.0
12421.102262218485,2429.0
12421.102262218485,2555.0
13530.197706003675,2555.0
13530.197706003675,2429.0
37351.864351937555,2429.0
37351.864351937555,2555.0
47709.779119491584,2555.0
47709.779119491584,2429.0
63546.946696448154,2429.0
63546.946696448154,2555.0
70064.05221582392,2555.0
70064.05221582392,2429.0
83764.08727888485,2429.0
83764.08727888485,2234.0
86400.000002,2234.0
# temp #6431
0.0,2234.0
4295.741636026651,2234.0
4295.741636026651,2883.0
5835.012097517028,2883.0
5835.012097517028,2667.0
14060.707998205908,2667.0
14060.707998205908,2883.0
29948.841198300946,2883.0
29948.841198300946,2429.0
45226.784914406024,2429.0
45226.784914406024,2555.0
61990.378331439584,2555.0
61990.378331439584,2667.0
70377.01173699462,2667.0
70377.01173699462,2883.0
73728.91461658293,2883.0
73728.91461658293,2667.0
86400.000002,2667.0
# temp #6432
0.0,2234.0
4478.925940347836,2234.0
4478.925940347836,2429.0
4977.64367661439,2429.0
4977.64367661439,2555.0
8532.859064033257,2555.0
8532.859064033257,2429.0
31479.094936000187,2429.0
31479.094936000187,2555.0
66338.60896818807,2555.0
66338.60896818807,2429.0
86400.000002,2429.0
# temp #6433
0.0,2234.0
26210.1412487682,2234.0
26210.1412487682,2429.0
26703.54611242656,2429.0
26703.54611242656,2234.0
27392.928948788907,2234.0
27392.928948788907,2429.0
29106.571205682125,2429.0
29106.571205682125,2234.0
50365.60063913931,2234.0
50365.60063913931,2429.0
51096.78106962238,2429.0
51096.78106962238,2555.0
52155.37995595951,2555.0
52155.37995595951,2429.0
52455.37995595951,2429.0
52455.37995595951,2555.0
53955.37995595951,2555.0
53955.37995595951,2429.0
64155.37995595951,2429.0
64155.37995595951,2234.0
86400.0,2234.0
# temp #6434
0.0,2234.0
3659.557957341895,2234.0
3659.557957341895,2555.0
27670.14475758188,2555.0
27670.14475758188,2429.0
68570.52777106875,2429.0
68570.52777106875,2234.0
69170.52777106875,2234.0
69170.52777106875,2429.0
71570.52777106875,2429.0
71570.52777106875,2555.0
81770.52777106875,2555.0
81770.52777106875,2667.0
85993.34884439596,2667.0
85993.34884439596,2883.0
86400.000002,2883.0
# temp #6435
0.0,2234.0
42986.637137644,2234.0
42986.637137644,2555.0
44971.39842621983,2555.0
44971.39842621983,2429.0
45300.05129340571,2429.0
45300.05129340571,2555.0
63100.78582875432,2555.0
63100.78582875432,2429.0
63925.27237529868,2429.0
63925.27237529868,2234.0
86400.000002,2234.0
# temp #6436
0.0,2234.0
33153.79149620422,2234.0
33153.79149620422,2555.0
35078.88662579936,2555.0
35078.88662579936,2667.0
35598.304871027365,2667.0
35598.304871027365,2555.0
41598.304871027365,2555.0
41598.304871027365,2429.0
43998.304871027365,2429.0
43998.304871027365,2234.0
47598.304871027365,2234.0
47598.304871027365,2429.0
48798.304871027365,2429.0
48798.304871027365,2234.0
54498.304871027365,2234.0
54498.304871027365,2429.0
60664.844561065554,2429.0
60664.844561065554,2555.0
61225.55138412864,2555.0
61225.55138412864,2429.0
86400.0,2429.0
# temp #6437
0.0,2234.0
33189.2263817601,2234.0
33189.2263817601,2017.0
38438.02492646501,2017.0
38438.02492646501,2234.0
49086.79217984901,2234.0
49086.79217984901,2017.0
86400.0,2017.0
# temp #6438
0.0,2234.0
8739.011026639493,2234.0
8739.011026639493,2883.0
10089.846440381372,2883.0
10089.846440381372,2667.0
22249.61706097238,2667.0
22249.61706097238,2883.0
26307.091535115618,2883.0
26307.091535115618,2667.0
43462.82424756792,2667.0
43462.82424756792,2555.0
49880.95154275653,2555.0
49880.95154275653,2667.0
85470.19967681264,2667.0
85470.19967681264,2555.0
86400.000002,2555.0
# temp #6439
0.0,2234.0
15864.25331050996,2234.0
15864.25331050996,2555.0
48800.71307646577,2555.0
48800.71307646577,2429.0
49265.07906659973,2429.0
49265.07906659973,2555.0
71527.6371169137,2555.0
71527.6371169137,2429.0
72158.18282389083,2429.0
72158.18282389083,2234.0
77178.09419352563,2234.0
77178.09419352563,2429.0
83189.93932362647,2429.0
83189.93932362647,2883.0
86400.0,2883.0
# temp #6440
0.0,2234.0
58681.38131853194,2234.0
58681.38131853194,2555.0
86400.0,2555.0
# temp #6441
0.0,2234.0
3490.6827843049546,2234.0
3490.6827843049546,2883.0
4334.544969163836,2883.0
4334.544969163836,2667.0
10228.365876339378,2667.0
10228.365876339378,2883.0
25345.0750107877,2883.0
25345.0750107877,2667.0
49699.415239482194,2667.0
49699.415239482194,2555.0
50649.07981159632,2555.0
50649.07981159632,2429.0
55484.72041762435,2429.0
55484.72041762435,2234.0
70674.99633813278,2234.0
70674.99633813278,2429.0
86400.0,2429.0
# temp #6442
0.0,2234.0
61967.93845819776,2234.0
61967.93845819776,2555.0
78471.32859339473,2555.0
78471.32859339473,2429.0
78831.4613367431,2429.0
78831.4613367431,2555.0
86400.000002,2555.0
# temp #6443
0.0,2234.0
35628.89521953185,2234.0
35628.89521953185,2555.0
42563.20890372154,2555.0
42563.20890372154,2429.0
86400.0,2429.0
# temp #6444
0.0,2234.0
43066.16842355579,2234.0
43066.16842355579,2555.0
72929.38957570588,2555.0
72929.38957570588,2429.0
86400.0,2429.0
# temp #6445
0.0,2234.0
23002.56045218557,2234.0
23002.56045218557,2555.0
47720.56337934919,2555.0
47720.56337934919,2429.0
54665.050799120225,2429.0
54665.050799120225,2234.0
81908.79655766768,2234.0
81908.79655766768,2429.0
86400.0,2429.0
# temp #6446
0.0,2234.0
26568.0308137089,2234.0
26568.0308137089,2555.0
45138.167592789985,2555.0
45138.167592789985,2429.0
50608.15832011868,2429.0
50608.15832011868,2555.0
63160.396981704995,2555.0
63160.396981704995,2429.0
70074.7653087834,2429.0
70074.7653087834,2234.0
86400.000002,2234.0
# temp #6447
0.0,2234.0
32403.28187900596,2234.0
32403.28187900596,2555.0
67281.52841124685,2555.0
67281.52841124685,2429.0
67748.81085518283,2429.0
67748.81085518283,2555.0
79097.36828352326,2555.0
79097.36828352326,2429.0
80544.54496228138,2429.0
80544.54496228138,2555.0
81293.37296937594,2555.0
81293.37296937594,2429.0
81593.37296937594,2429.0
81593.37296937594,2555.0
83093.37296937594,2555.0
83093.37296937594,2429.0
86400.000002,2429.0
# temp #6448
0.0,2234.0
4536.307575786487,2234.0
4536.307575786487,2667.0
46043.946630810395,2667.0
46043.946630810395,2555.0
46383.16331973766,2555.0
46383.16331973766,2667.0
70897.11151071826,2667.0
70897.11151071826,2555.0
71197.11151071826,2555.0
71197.11151071826,2667.0
71934.58668950481,2667.0
71934.58668950481,2555.0
72534.58668950481,2555.0
72534.58668950481,2667.0
86400.0,2667.0
# temp #6449
0.0,2234.0
76928.55630149135,2234.0
76928.55630149135,2883.0
79328.55630149135,2883.0
79328.55630149135,2667.0
86400.000002,2667.0
# temp #6450
0.0,2234.0
51835.293255094446,2234.0
51835.293255094446,2555.0
72586.97148249486,2555.0
72586.97148249486,2429.0
84581.28393203953,2429.0
84581.28393203953,2234.0
85181.28393203953,2234.0
85181.28393203953,2429.0
86400.0,2429.0
# temp #6451
0.0,2234.0
5043.052356597037,2234.0
5043.052356597037,2667.0
33478.560659335926,2667.0
33478.560659335926,2555.0
33961.55836111866,2555.0
33961.55836111866,2429.0
61188.20996596479,2429.0
61188.20996596479,2234.0
79889.92250603625,2234.0
79889.92250603625,2667.0
81925.74313168881,2667.0
81925.74313168881,2555.0
86400.000002,2555.0
# temp #6452
0.0,2234.0
4840.833326708526,2234.0
4840.833326708526,2667.0
45720.73375910987,2667.0
45720.73375910987,2555.0
47141.83631495108,2555.0
47141.83631495108,2429.0
61714.43666091656,2429.0
61714.43666091656,2555.0
80813.63538878506,2555.0
80813.63538878506,2667.0
86400.000002,2667.0
# temp #6453
0.0,2234.0
6224.671545275488,2234.0
6224.671545275488,2667.0
25491.039794962857,2667.0
25491.039794962857,2555.0
26169.304205663506,2555.0
26169.304205663506,2667.0
55324.31094646455,2667.0
55324.31094646455,2555.0
55624.31094646455,2555.0
55624.31094646455,2667.0
56496.14282394761,2667.0
56496.14282394761,2555.0
57096.14282394761,2555.0
57096.14282394761,2667.0
62989.50218309184,2667.0
62989.50218309184,2555.0
64116.92589086016,2555.0
64116.92589086016,2667.0
86400.0,2667.0
# temp #6454
0.0,2234.0
64775.55163961371,2234.0
64775.55163961371,2555.0
86400.0,2555.0
# temp #6455
0.0,2234.0
43703.618978150196,2234.0
43703.618978150196,2429.0
44073.042727005675,2429.0
44073.042727005675,2555.0
48420.824606088,2555.0
48420.824606088,2429.0
79919.74335419947,2429.0
79919.74335419947,2555.0
86400.0,2555.0
# temp #6456
0.0,2234.0
18930.50346623641,2234.0
18930.50346623641,2429.0
51030.503466236405,2429.0
51030.503466236405,2555.0
51330.503466236405,2555.0
51330.503466236405,2667.0
69482.92853753082,2667.0
69482.92853753082,2555.0
81102.6855044067,2555.0
81102.6855044067,2429.0
86400.0,2429.0
# temp #6457
0.0,2234.0
12294.456482003445,2234.0
12294.456482003445,2883.0
13799.355048593136,2883.0
13799.355048593136,2667.0
22339.7734956583,2667.0
22339.7734956583,2883.0
25463.01167055499,2883.0
25463.01167055499,2667.0
60905.30502519105,2667.0
60905.30502519105,2555.0
83557.26687710268,2555.0
83557.26687710268,2429.0
86400.0,2429.0
# temp #6458
0.0,2234.0
14969.08315639012,2234.0
14969.08315639012,2883.0
15960.705674509521,2883.0
15960.705674509521,2667.0
25440.23524001241,2667.0
25440.23524001241,2883.0
58100.696166325375,2883.0
58100.696166325375,2429.0
65234.9592836341,2429.0
65234.9592836341,2234.0
72654.93603686338,2234.0
72654.93603686338,2429.0
79295.33258336598,2429.0
79295.33258336598,2555.0
86400.0,2555.0
# temp #6459
0.0,2234.0
45404.85547492281,2234.0
45404.85547492281,2429.0
45893.78523621709,2429.0
45893.78523621709,2555.0
46904.59174420685,2555.0
46904.59174420685,2429.0
86400.0,2429.0
# temp #6460
0.0,2234.0
42591.24907571823,2234.0
42591.24907571823,2017.0
86400.000002,2017.0
# temp #6461
0.0,2234.0
83808.08432302439,2234.0
83808.08432302439,2555.0
86400.000002,2555.0
# temp #6462
0.0,2234.0
10112.060157302769,2234.0
10112.060157302769,2883.0
11584.366275253707,2883.0
11584.366275253707,2667.0
13656.822792347522,2667.0
13656.822792347522,2883.0
25886.589956469837,2883.0
25886.589956469837,2667.0
48093.17777815741,2667.0
48093.17777815741,2234.0
83138.83990666365,2234.0
83138.83990666365,2429.0
86400.0,2429.0
# temp #6463
0.0,2234.0
6300.536364619621,2234.0
6300.536364619621,2667.0
49523.15188476351,2667.0
49523.15188476351,2555.0
50983.29799098429,2555.0
50983.29799098429,2667.0
86400.0,2667.0
# temp #6464
0.0,2234.0
28072.767947427932,2234.0
28072.767947427932,2555.0
48830.094798048965,2555.0
48830.094798048965,2429.0
49256.67718655896,2429.0
49256.67718655896,2555.0
56223.196217115044,2555.0
56223.196217115044,2429.0
57382.63755307999,2429.0
57382.63755307999,2555.0
58105.35580550787,2555.0
58105.35580550787,2429.0
58405.35580550787,2429.0
58405.35580550787,2555.0
59905.35580550787,2555.0
59905.35580550787,2429.0
70105.35580550786,2429.0
70105.35580550786,2234.0
86400.0,2234.0
# temp #6465
0.0,2234.0
18073.551326058805,2234.0
18073.551326058805,2429.0
18673.551326058805,2429.0
18673.551326058805,2555.0
20568.959821946923,2555.0
20568.959821946923,2429.0
45291.186463390484,2429.0
45291.186463390484,2555.0
71860.28065681459,2555.0
71860.28065681459,2429.0
83548.32679135726,2429.0
83548.32679135726,2555.0
86400.000002,2555.0
# temp #6466
0.0,2234.0
8311.915508355016,2234.0
8311.915508355016,2667.0
28587.89943794255,2667.0
28587.89943794255,2555.0
29734.979256265804,2555.0
29734.979256265804,2667.0
48727.63690142894,2667.0
48727.63690142894,2555.0
49027.63690142894,2555.0
49027.63690142894,2667.0
49327.63690142894,2667.0
49327.63690142894,2555.0
52627.63690142894,2555.0
52627.63690142894,2667.0
78127.63690142894,2667.0
78127.63690142894,2883.0
86400.0,2883.0
# temp #6467
0.0,2234.0
7281.885647191668,2234.0
7281.885647191668,2667.0
15642.391001712533,2667.0
15642.391001712533,2555.0
16237.94017257169,2555.0
16237.94017257169,2667.0
49812.79819488992,2667.0
49812.79819488992,2555.0
52812.79819488992,2555.0
52812.79819488992,2667.0
78912.79819488991,2667.0
78912.79819488991,2883.0
86400.000002,2883.0
# temp #6468
0.0,2234.0
33529.15775799193,2234.0
33529.15775799193,2017.0
46384.133104188375,2017.0
46384.133104188375,2234.0
72932.5294527691,2234.0
72932.5294527691,2017.0
77669.40798866564,2017.0
77669.40798866564,2234.0
86400.0,2234.0
# temp #6469
0.0,2234.0
81725.49123249484,2234.0
81725.49123249484,2555.0
86400.0,2555.0
# temp #6470
0.0,2234.0
2781.2876310897996,2234.0
2781.2876310897996,2667.0
47695.61680408661,2667.0
47695.61680408661,2555.0
48900.20639451687,2555.0
48900.20639451687,2667.0
54850.477768178105,2667.0
54850.477768178105,2555.0
55150.477768178105,2555.0
55150.477768178105,2667.0
55947.24057591521,2667.0
55947.24057591521,2555.0
56547.24057591521,2555.0
56547.24057591521,2667.0
74735.81648874098,2667.0
74735.81648874098,2555.0
79711.66902682745,2555.0
79711.66902682745,2667.0
86400.0,2667.0
# temp #6471
0.0,2234.0
29046.72432309017,2234.0
29046.72432309017,2017.0
66318.09387132527,2017.0
66318.09387132527,2234.0
75619.53461151572,2234.0
75619.53461151572,2017.0
79716.11162507908,2017.0
79716.11162507908,2234.0
86400.0,2234.0
# temp #6472
0.0,2234.0
63342.56468683016,2234.0
63342.56468683016,2555.0
64457.79535830953,2555.0
64457.79535830953,2667.0
64796.53407905717,2667.0
64796.53407905717,2555.0
70796.53407905716,2555.0
70796.53407905716,2429.0
73196.53407905716,2429.0
73196.53407905716,2234.0
76796.53407905716,2234.0
76796.53407905716,2429.0
77996.53407905716,2429.0
77996.53407905716,2234.0
83696.53407905716,2234.0
83696.53407905716,2429.0
86400.0,2429.0
# temp #6473
0.0,2234.0
63364.003236684955,2234.0
63364.003236684955,2555.0
68130.32246280929,2555.0
68130.32246280929,2667.0
68701.95407699795,2667.0
68701.95407699795,2555.0
74701.95407699795,2555.0
74701.95407699795,2429.0
77101.95407699795,2429.0
77101.95407699795,2234.0
80701.95407699795,2234.0
80701.95407699795,2429.0
81901.95407699795,2429.0
81901.95407699795,2234.0
86400.000002,2234.0
# temp #6474
0.0,2234.0
24436.877678241584,2234.0
24436.877678241584,2017.0
77307.28140897119,2017.0
77307.28140897119,2234.0
81569.0859123599,2234.0
81569.0859123599,2017.0
86400.000002,2017.0
# temp #6475
0.0,2234.0
4278.344526817092,2234.0
4278.344526817092,2667.0
44472.606906713925,2667.0
44472.606906713925,2555.0
45960.907732369385,2555.0
45960.907732369385,2667.0
52543.15534222406,2667.0
52543.15534222406,2555.0
52843.15534222406,2555.0
52843.15534222406,2667.0
53607.907814369544,2667.0
53607.907814369544,2555.0
54207.907814369544,2555.0
54207.907814369544,2667.0
66813.3209714899,2667.0
66813.3209714899,2555.0
84910.09910360446,2555.0
84910.09910360446,2667.0
86400.000002,2667.0
# temp #6476
0.0,2234.0
49394.13587115705,2234.0
49394.13587115705,2883.0
51794.13587115705,2883.0
51794.13587115705,2667.0
66104.9429407809,2667.0
66104.9429407809,2555.0
71553.42238862067,2555.0
71553.42238862067,2429.0
86400.0,2429.0
# temp #6477
0.0,2234.0
7661.421379004607,2234.0
7661.421379004607,2667.0
8470.078338612804,2667.0
8470.078338612804,2555.0
9706.45516945515,2555.0
9706.45516945515,2667.0
24170.46733007301,2667.0
24170.46733007301,2555.0
27170.46733007301,2555.0
27170.46733007301,2667.0
53270.46733007301,2667.0
53270.46733007301,2883.0
86400.0,2883.0
# temp #6478
0.0,2234.0
22622.405422618616,2234.0
22622.405422618616,2429.0
23120.49874013756,2429.0
23120.49874013756,2234.0
23947.472104593184,2234.0
23947.472104593184,2429.0
27753.191962349232,2429.0
27753.191962349232,2234.0
35859.634703909986,2234.0
35859.634703909986,2429.0
37218.320717616014,2429.0
37218.320717616014,2555.0
38494.226514967166,2555.0
38494.226514967166,2429.0
86400.000002,2429.0
# temp #6479
0.0,2234.0
8337.457644660026,2234.0
8337.457644660026,2429.0
8713.530736416578,2429.0
8713.530736416578,2234.0
9595.016163471155,2234.0
9595.016163471155,2429.0
12369.347968627699,2429.0
12369.347968627699,2234.0
36065.03265642095,2234.0
36065.03265642095,2429.0
36802.59521997068,2429.0
36802.59521997068,2555.0
37121.685597044416,2555.0
37121.685597044416,2429.0
37421.685597044416,2429.0
37421.685597044416,2555.0
37721.685597044416,2555.0
37721.685597044416,2429.0
38321.685597044416,2429.0
38321.685597044416,2555.0
40922.87908878644,2555.0
40922.87908878644,2429.0
47022.75597208646,2429.0
47022.75597208646,2234.0
77149.08367437312,2234.0
77149.08367437312,2429.0
86400.0,2429.0
# temp #6480
0.0,2234.0
51185.29716732447,2234.0
51185.29716732447,2555.0
52868.2236654684,2555.0
52868.2236654684,2667.0
53255.76153695584,2667.0
53255.76153695584,2555.0
53555.76153695584,2555.0
53555.76153695584,2667.0
80255.76153695583,2667.0
80255.76153695583,2555.0
86400.000002,2555.0
# temp #6481
0.0,2234.0
77629.78961819319,2234.0
77629.78961819319,2555.0
81926.85885115062,2555.0
81926.85885115062,2667.0
82415.47334224453,2667.0
82415.47334224453,2555.0
82715.47334224453,2555.0
82715.47334224453,2667.0
86315.47334224453,2667.0
86315.47334224453,2555.0
86400.0,2555.0
# temp #6482
0.0,2234.0
24208.28206543811,2234.0
24208.28206543811,2555.0
40559.99709460885,2555.0
40559.99709460885,2429.0
41060.927233868286,2429.0
41060.927233868286,2555.0
54572.239229595296,2555.0
54572.239229595296,2429.0
55909.10802106374,2429.0
55909.10802106374,2555.0
56721.85805174523,2555.0
56721.85805174523,2429.0
86400.000002,2429.0
# temp #6483
0.0,2234.0
4453.259425610305,2234.0
4453.259425610305,2667.0
16744.18952185661,2667.0
16744.18952185661,2555.0
17272.45236653835,2555.0
17272.45236653835,2667.0
44022.84085548018,2667.0
44022.84085548018,2555.0
44322.84085548018,2555.0
44322.84085548018,2429.0
66873.62640781795,2429.0
66873.62640781795,2883.0
86400.000002,2883.0
# temp #6484
0.0,2234.0
11255.23187541403,2234.0
11255.23187541403,2429.0
11555.23187541403,2429.0
11555.23187541403,2234.0
25548.373007169,2234.0
25548.373007169,2429.0
64523.63410969266,2429.0
64523.63410969266,2883.0
67170.17219387928,2883.0
67170.17219387928,2667.0
86400.000002,2667.0
# temp #6485
0.0,2234.0
1769.9606218608099,2234.0
1769.9606218608099,2667.0
26034.75235286169,2667.0
26034.75235286169,2555.0
27428.2017802354,2555.0
27428.2017802354,2667.0
50454.23398723361,2667.0
50454.23398723361,2555.0
50754.23398723361,2555.0
50754.23398723361,2667.0
51555.65508131404,2667.0
51555.65508131404,2555.0
52155.65508131404,2555.0
52155.65508131404,2667.0
55666.440944303766,2667.0
55666.440944303766,2883.0
74812.74944453036,2883.0
74812.74944453036,2667.0
86400.0,2667.0
# temp #6486
0.0,2234.0
7583.134099957535,2234.0
7583.134099957535,2667.0
22056.800161697905,2667.0
22056.800161697905,2555.0
23366.427070205104,2555.0
23366.427070205104,2667.0
36596.9207467977,2667.0
36596.9207467977,2555.0
37196.9207467977,2555.0
37196.9207467977,2667.0
50803.57074248605,2667.0
50803.57074248605,2555.0
51319.41234427505,2555.0
51319.41234427505,2429.0
53450.335584953435,2429.0
53450.335584953435,2667.0
78300.67775202915,2667.0
78300.67775202915,2234.0
86400.000002,2234.0
# temp #6487
0.0,2234.0
42177.73242937401,2234.0
42177.73242937401,2555.0
50658.13600737602,2555.0
50658.13600737602,2667.0
83089.55390732735,2667.0
83089.55390732735,2883.0
86400.000002,2883.0
# temp #6488
0.0,2234.0
17918.496934510767,2234.0
17918.496934510767,2555.0
37182.38187013194,2555.0
37182.38187013194,2667.0
65049.05014154502,2667.0
65049.05014154502,2234.0
71228.69185977617,2234.0
71228.69185977617,2667.0
86400.0,2667.0
# temp #6489
0.0,2234.0
60822.98496421427,2234.0
60822.98496421427,2555.0
61536.308268131696,2555.0
61536.308268131696,2429.0
62099.63763824199,2429.0
62099.63763824199,2555.0
73379.81166411193,2555.0
73379.81166411193,2429.0
74193.00855724142,2429.0
74193.00855724142,2555.0
75664.88092169167,2555.0
75664.88092169167,2429.0
86400.000002,2429.0
# temp #6490
0.0,2234.0
3057.669784664177,2234.0
3057.669784664177,2667.0
48590.43771999423,2667.0
48590.43771999423,2555.0
49197.92647745927,2555.0
49197.92647745927,2667.0
74075.95493760893,2667.0
74075.95493760893,2555.0
77075.95493760893,2555.0
77075.95493760893,2667.0
86400.0,2667.0
# temp #6491
0.0,2234.0
47653.38202309795,2234.0
47653.38202309795,2883.0
50053.38202309795,2883.0
50053.38202309795,2667.0
70795.0134366285,2667.0
70795.0134366285,2555.0
86400.000002,2555.0
# temp #6492
0.0,2234.0
58119.65818230529,2234.0
58119.65818230529,2555.0
62636.03380161804,2555.0
62636.03380161804,2667.0
72536.03380161803,2667.0
72536.03380161803,2555.0
76656.72734293622,2555.0
76656.72734293622,2429.0
86400.000002,2429.0
# temp #6493
0.0,2234.0
8162.443429464476,2234.0
8162.443429464476,2667.0
25373.18569065538,2667.0
25373.18569065538,2555.0
25799.675011332154,2555.0
25799.675011332154,2667.0
37702.679790300324,2667.0
37702.679790300324,2555.0
38302.679790300324,2555.0
38302.679790300324,2667.0
57876.57341596206,2667.0
57876.57341596206,2555.0
58729.73457325717,2555.0
58729.73457325717,2429.0
59897.58951631376,2429.0
59897.58951631376,2234.0
62310.19143392333,2234.0
62310.19143392333,2667.0
86400.000002,2667.0
# temp #6494
0.0,2234.0
58939.74881444592,2234.0
58939.74881444592,2555.0
64545.10099394247,2555.0
64545.10099394247,2234.0
74397.22556860652,2234.0
74397.22556860652,2429.0
86400.000002,2429.0
# temp #6495
0.0,2234.0
12141.93430230953,2234.0
12141.93430230953,2555.0
15516.410281509163,2555.0
15516.410281509163,2667.0
16026.123845810072,2667.0
16026.123845810072,2555.0
16326.123845810072,2555.0
16326.123845810072,2667.0
43026.12384581007,2667.0
43026.12384581007,2555.0
58926.12384581007,2555.0
58926.12384581007,2234.0
62526.12384581007,2234.0
62526.12384581007,2429.0
72426.12384581007,2429.0
72426.12384581007,2555.0
73026.12384581007,2555.0
73026.12384581007,2667.0
85326.12384581007,2667.0
85326.12384581007,2883.0
86400.000002,2883.0
# temp #6496
0.0,2234.0
7219.422409124674,2234.0
7219.422409124674,2667.0
13379.128547105942,2667.0
13379.128547105942,2555.0
13825.429022591565,2555.0
13825.429022591565,2667.0
19860.899440012876,2667.0
19860.899440012876,2555.0
20460.899440012876,2555.0
20460.899440012876,2667.0
38432.882973505184,2667.0
38432.882973505184,2555.0
40397.697999654345,2555.0
40397.697999654345,2429.0
53782.832724577755,2429.0
53782.832724577755,2555.0
79390.03506896552,2555.0
79390.03506896552,2429.0
86400.0,2429.0
# temp #6497
0.0,2234.0
32058.733509248126,2234.0
32058.733509248126,2555.0
44247.423494746916,2555.0
44247.423494746916,2429.0
86400.0,2429.0
# temp #6498
0.0,2234.0
70518.52544532159,2234.0
70518.52544532159,2555.0
80636.90758533777,2555.0
80636.90758533777,2429.0
86400.000002,2429.0
# temp #6499
0.0,2234.0
24848.235899163414,2234.0
24848.235899163414,2555.0
27967.81505683903,2555.0
27967.81505683903,2667.0
37867.81505683903,2667.0
37867.81505683903,2555.0
40445.022521191284,2555.0
40445.022521191284,2429.0
69604.23387405464,2429.0
69604.23387405464,2555.0
86400.0,2555.0
# temp #6500
0.0,2234.0
7301.625378686005,2234.0
7301.625378686005,2667.0
55726.915531349376,2667.0
55726.915531349376,2555.0
56160.815112688586,2555.0
56160.815112688586,2667.0
82338.47658990418,2667.0
82338.47658990418,2555.0
82638.47658990418,2555.0
82638.47658990418,2667.0
83488.48070930691,2667.0
83488.48070930691,2555.0
84088.48070930691,2555.0
84088.48070930691,2667.0
86400.0,2667.0
# temp #6501
0.0,2234.0
2531.923175719567,2234.0
2531.923175719567,2667.0
6577.866930607707,2667.0
6577.866930607707,2555.0
7309.7911516204485,2555.0
7309.7911516204485,2667.0
40957.94046213851,2667.0
40957.94046213851,2555.0
41557.94046213851,2555.0
41557.94046213851,2667.0
54833.963271835826,2667.0
54833.963271835826,2555.0
55417.8300740663,2555.0
55417.8300740663,2429.0
82120.16428490171,2429.0
82120.16428490171,2555.0
85809.81957090554,2555.0
85809.81957090554,2429.0
86400.000002,2429.0
# temp #6502
0.0,2234.0
16939.214973757047,2234.0
16939.214973757047,2429.0
17492.789332615215,2429.0
17492.789332615215,2555.0
21072.17862834223,2555.0
21072.17862834223,2429.0
44970.61828142033,2429.0
44970.61828142033,2555.0
58659.856981225326,2555.0
58659.856981225326,2429.0
62475.823523663,2429.0
62475.823523663,2883.0
77267.2132525826,2883.0
77267.2132525826,2429.0
86400.0,2429.0
# temp #6503
0.0,2234.0
8326.740295928905,2234.0
8326.740295928905,2667.0
13017.00406672899,2667.0
13017.00406672899,2555.0
13900.758623820733,2555.0
13900.758623820733,2667.0
20661.399926547896,2667.0
20661.399926547896,2555.0
20961.399926547896,2555.0
20961.399926547896,2667.0
21261.399926547896,2667.0
21261.399926547896,2555.0
24561.399926547896,2555.0
24561.399926547896,2667.0
50061.39992654789,2667.0
50061.39992654789,2883.0
86400.000002,2883.0
# temp #6504
0.0,2234.0
59448.76473660116,2234.0
59448.76473660116,2555.0
63421.60963991192,2555.0
63421.60963991192,2429.0
63822.34510425479,2429.0
63822.34510425479,2555.0
73376.85656240211,2555.0
73376.85656240211,2429.0
74242.52004688607,2429.0
74242.52004688607,2555.0
75307.8502463177,2555.0
75307.8502463177,2429.0
75607.8502463177,2429.0
75607.8502463177,2555.0
86400.0,2555.0
# temp #6505
0.0,2234.0
5198.159807757475,2234.0
5198.159807757475,2667.0
47100.24816594087,2667.0
47100.24816594087,2555.0
48278.52048533969,2555.0
48278.52048533969,2429.0
86400.000002,2429.0
# temp #6506
0.0,2234.0
3325.529055227526,2234.0
3325.529055227526,2667.0
42653.61696509645,2667.0
42653.61696509645,2555.0
43771.22487807647,2555.0
43771.22487807647,2429.0
57604.95872595348,2429.0
57604.95872595348,2555.0
58514.205047534786,2555.0
58514.205047534786,2667.0
86400.0,2667.0
# temp #6507
0.0,2234.0
78583.3746829536,2234.0
78583.3746829536,2555.0
86400.000002,2555.0
# temp #6508
0.0,2234.0
6779.102591983975,2234.0
6779.102591983975,2883.0
17879.102591983974,2883.0
17879.102591983974,2555.0
23524.951941054314,2555.0
23524.951941054314,2667.0
46409.25353297498,2667.0
46409.25353297498,2234.0
68529.6306128148,2234.0
68529.6306128148,2429.0
72049.89892872983,2429.0
72049.89892872983,2883.0
86400.000002,2883.0
# temp #6509
0.0,2234.0
40895.67219475285,2234.0
40895.67219475285,2017.0
86400.000002,2017.0
# temp #6510
0.0,2234.0
20201.83565206826,2234.0
20201.83565206826,2017.0
48672.21003854648,2017.0
48672.21003854648,2234.0
78721.26414030792,2234.0
78721.26414030792,2017.0
86400.000002,2017.0
# temp #6511
0.0,2234.0
7226.033074222505,2234.0
7226.033074222505,2017.0
47004.44040969015,2017.0
47004.44040969015,2234.0
52704.44040969015,2234.0
52704.44040969015,2429.0
68465.63065904194,2429.0
68465.63065904194,2555.0
86400.000002,2555.0
# temp #6512
0.0,2234.0
3722.6143278647223,2234.0
3722.6143278647223,2667.0
4097.249355143868,2667.0
4097.249355143868,2555.0
4465.325853112155,2555.0
4465.325853112155,2667.0
6284.134661173449,2667.0
6284.134661173449,2555.0
6584.134661173449,2555.0
6584.134661173449,2667.0
6884.134661173449,2667.0
6884.134661173449,2555.0
10184.134661173448,2555.0
10184.134661173448,2667.0
35684.13466117345,2667.0
35684.13466117345,2883.0
86400.000002,2883.0
# temp #6513
0.0,2234.0
71323.91227064656,2234.0
71323.91227064656,2555.0
86400.000002,2555.0
# temp #6514
0.0,2234.0
40290.39149153978,2234.0
40290.39149153978,2017.0
82887.37696548925,2017.0
82887.37696548925,2234.0
86400.000002,2234.0
# temp #6515
0.0,2234.0
15567.660976387564,2234.0
15567.660976387564,2883.0
26667.660976387564,2883.0
26667.660976387564,2555.0
36988.66118844599,2555.0
36988.66118844599,2667.0
40306.098422594376,2667.0
40306.098422594376,2883.0
40610.000816895634,2883.0
40610.000816895634,2555.0
42515.51073209849,2555.0
42515.51073209849,2429.0
81186.87251850498,2429.0
81186.87251850498,2883.0
86400.000002,2883.0
# temp #6516
0.0,2234.0
19117.111922800545,2234.0
19117.111922800545,2429.0
19691.275265486915,2429.0
19691.275265486915,2555.0
24654.1898526717,2555.0
24654.1898526717,2429.0
48864.24748508726,2429.0
48864.24748508726,2555.0
57777.058939752176,2555.0
57777.058939752176,2667.0
81012.76145093144,2667.0
81012.76145093144,2555.0
84001.27785019578,2555.0
84001.27785019578,2667.0
86400.0,2667.0
# temp #6517
0.0,2234.0
67043.6840332579,2234.0
67043.6840332579,2555.0
86400.0,2555.0
# temp #6518
0.0,2234.0
14093.358345259914,2234.0
14093.358345259914,2555.0
50906.43512585667,2555.0
50906.43512585667,2429.0
51470.47882026528,2429.0
51470.47882026528,2555.0
60130.25355599821,2555.0
60130.25355599821,2429.0
60711.79937710986,2429.0
60711.79937710986,2555.0
61684.809837397195,2555.0
61684.809837397195,2429.0
61984.809837397195,2429.0
61984.809837397195,2555.0
82384.8098373972,2555.0
82384.8098373972,2429.0
82684.8098373972,2429.0
82684.8098373972,2555.0
83284.8098373972,2555.0
83284.8098373972,2667.0
86400.0,2667.0
# temp #6519
0.0,2234.0
27732.678784313615,2234.0
27732.678784313615,2429.0
34632.67878431361,2429.0
34632.67878431361,2555.0
36432.67878431361,2555.0
36432.67878431361,2429.0
49332.67878431361,2429.0
49332.67878431361,2234.0
49632.67878431361,2234.0
49632.67878431361,2017.0
49932.67878431361,2017.0
49932.67878431361,2234.0
50232.67878431361,2234.0
50232.67878431361,2017.0
69421.50980844162,2017.0
69421.50980844162,2234.0
85989.66299747118,2234.0
85989.66299747118,2667.0
86400.000002,2667.0
# temp #6520
0.0,2234.0
32573.261611559436,2234.0
32573.261611559436,2555.0
33586.38979413082,2555.0
33586.38979413082,2667.0
33925.818215799525,2667.0
33925.818215799525,2555.0
34225.818215799525,2555.0
34225.818215799525,2667.0
60925.818215799525,2667.0
60925.818215799525,2555.0
76825.81821579952,2555.0
76825.81821579952,2234.0
80425.81821579952,2234.0
80425.81821579952,2429.0
86400.0,2429.0
# temp #6521
0.0,2234.0
11307.355551025832,2234.0
11307.355551025832,2555.0
17217.750253784474,2555.0
17217.750253784474,2429.0
17774.385162815455,2429.0
17774.385162815455,2555.0
29469.760964973837,2555.0
29469.760964973837,2429.0
29845.66636572127,2429.0
29845.66636572127,2234.0
42611.34161765222,2234.0
42611.34161765222,2429.0
46135.350748593926,2429.0
46135.350748593926,2555.0
67505.7436139323,2555.0
67505.7436139323,2429.0
76263.19148282056,2429.0
76263.19148282056,2555.0
79990.16049485655,2555.0
79990.16049485655,2429.0
86400.000002,2429.0
# temp #6522
0.0,2234.0
25192.588858888488,2234.0
25192.588858888488,2429.0
25720.661153085533,2429.0
25720.661153085533,2555.0
29826.35457348079,2555.0
29826.35457348079,2429.0
66421.7274829047,2429.0
66421.7274829047,2555.0
86400.000002,2555.0
# temp #6523
0.0,2234.0
56350.54299852346,2234.0
56350.54299852346,2429.0
86400.0,2429.0
# temp #6524
0.0,2234.0
33708.26425559354,2234.0
33708.26425559354,2555.0
34595.70030563046,2555.0
34595.70030563046,2667.0
40895.70030563046,2667.0
40895.70030563046,2555.0
42095.70030563046,2555.0
42095.70030563046,2429.0
85295.70030563045,2429.0
85295.70030563045,2234.0
86400.0,2234.0
# temp #6525
0.0,2234.0
64216.29686860835,2234.0
64216.29686860835,2555.0
86400.000002,2555.0
# temp #6526
0.0,2234.0
8808.000276843086,2234.0
8808.000276843086,2429.0
9351.84630237054,2429.0
9351.84630237054,2234.0
10175.536982878111,2234.0
10175.536982878111,2429.0
13771.247565583326,2429.0
13771.247565583326,2234.0
30755.46231621411,2234.0
30755.46231621411,2429.0
31519.54670744017,2429.0
31519.54670744017,2234.0
51623.88160557021,2234.0
51623.88160557021,2429.0
56185.61267238111,2429.0
56185.61267238111,2555.0
69720.17124965788,2555.0
69720.17124965788,2667.0
78611.72084799038,2667.0
78611.72084799038,2883.0
86400.0,2883.0
# temp #6527
0.0,2234.0
13652.25001650397,2234.0
13652.25001650397,2429.0
14148.975908802824,2429.0
14148.975908802824,2555.0
16779.48222239502,2555.0
16779.48222239502,2429.0
23081.9554355694,2429.0
23081.9554355694,2555.0
45106.81819701568,2555.0
45106.81819701568,2429.0
51470.42481154204,2429.0
51470.42481154204,2555.0
84671.92186794711,2555.0
84671.92186794711,2429.0
86400.0,2429.0
# temp #6528
0.0,2234.0
1719.2285173572602,2234.0
1719.2285173572602,2667.0
37967.6406554645,2667.0
37967.6406554645,2555.0
39215.01657643822,2555.0
39215.01657643822,2667.0
59448.44094207512,2667.0
59448.44094207512,2555.0
59748.44094207512,2555.0
59748.44094207512,2667.0
60378.440447081826,2667.0
60378.440447081826,2555.0
60978.440447081826,2555.0
60978.440447081826,2667.0
86400.000002,2667.0
# temp #6529
0.0,2234.0
2397.7517402730887,2234.0
2397.7517402730887,2555.0
4982.063992973418,2555.0
4982.063992973418,2667.0
5408.328603068368,2667.0
5408.328603068368,2555.0
11408.328603068367,2555.0
11408.328603068367,2429.0
13808.328603068367,2429.0
13808.328603068367,2234.0
17408.328603068367,2234.0
17408.328603068367,2429.0
18608.328603068367,2429.0
18608.328603068367,2234.0
24308.328603068367,2234.0
24308.328603068367,2429.0
36409.39243873581,2429.0
36409.39243873581,2555.0
61154.10781383981,2555.0
61154.10781383981,2429.0
79803.56756297407,2429.0
79803.56756297407,2555.0
83182.51121202485,2555.0
83182.51121202485,2429.0
86400.000002,2429.0
# temp #6530
0.0,2234.0
31531.20670595672,2234.0
31531.20670595672,2883.0
33931.20670595672,2883.0
33931.20670595672,2667.0
63528.36132876109,2667.0
63528.36132876109,2883.0
67307.25714282598,2883.0
67307.25714282598,2667.0
86400.000002,2667.0
# temp #6531
0.0,2234.0
1229.0774550056085,2234.0
1229.0774550056085,2667.0
5905.738952499815,2667.0
5905.738952499815,2555.0
6528.458004933783,2555.0
6528.458004933783,2667.0
12018.268575263211,2667.0
12018.268575263211,2555.0
12618.268575263211,2555.0
12618.268575263211,2667.0
29437.33667267952,2667.0
29437.33667267952,2555.0
33331.83238974307,2555.0
33331.83238974307,2429.0
45174.56211440731,2429.0
45174.56211440731,2883.0
68692.20128618181,2883.0
68692.20128618181,2429.0
78539.14552414791,2429.0
78539.14552414791,2883.0
86400.0,2883.0
# temp #6532
0.0,2234.0
25930.233806557957,2234.0
25930.233806557957,2429.0
26530.233806557957,2429.0
26530.233806557957,2555.0
28721.513190306727,2555.0
28721.513190306727,2429.0
46392.169505101636,2429.0
46392.169505101636,2555.0
60622.50516100322,2555.0
60622.50516100322,2667.0
74299.21516107862,2667.0
74299.21516107862,2555.0
84107.80888816809,2555.0
84107.80888816809,2667.0
86162.25463883021,2667.0
86162.25463883021,2555.0
86400.0,2555.0
# temp #6533
0.0,2234.0
15225.840897392483,2234.0
15225.840897392483,2017.0
16819.79268724099,2017.0
16819.79268724099,2234.0
54231.87573356555,2234.0
54231.87573356555,2017.0
56276.823597075425,2017.0
56276.823597075425,2234.0
62718.12712498941,2234.0
62718.12712498941,2017.0
86400.0,2017.0
# temp #6534
0.0,2234.0
36786.13906726241,2234.0
36786.13906726241,2555.0
40731.980439531624,2555.0
40731.980439531624,2429.0
42216.08879850247,2429.0
42216.08879850247,2555.0
44656.217787181966,2555.0
44656.217787181966,2429.0
66411.87888588756,2429.0
66411.87888588756,2555.0
86400.0,2555.0
# temp #6535
0.0,2234.0
3834.32915029116,2234.0
3834.32915029116,2555.0
8429.73603650462,2555.0
8429.73603650462,2667.0
8774.992602970453,2667.0
8774.992602970453,2555.0
14774.992602970453,2555.0
14774.992602970453,2429.0
17174.99260297045,2429.0
17174.99260297045,2234.0
20774.99260297045,2234.0
20774.99260297045,2429.0
21974.99260297045,2429.0
21974.99260297045,2234.0
27674.99260297045,2234.0
27674.99260297045,2429.0
64660.91242530384,2429.0
64660.91242530384,2555.0
79497.79987265357,2555.0
79497.79987265357,2429.0
83853.95594781732,2429.0
83853.95594781732,2234.0
86400.0,2234.0
# temp #6536
0.0,2234.0
63134.97104232666,2234.0
63134.97104232666,2555.0
66748.67416976487,2555.0
66748.67416976487,2429.0
86400.000002,2429.0
# temp #6537
0.0,2234.0
39439.60136356764,2234.0
39439.60136356764,2429.0
39739.60136356764,2429.0
39739.60136356764,2234.0
65149.521678756006,2234.0
65149.521678756006,2429.0
81688.33489289974,2429.0
81688.33489289974,2555.0
86400.0,2555.0
# temp #6538
0.0,2234.0
31350.303498446014,2234.0
31350.303498446014,2429.0
31757.49489865266,2429.0
31757.49489865266,2234.0
32406.78288575728,2234.0
32406.78288575728,2429.0
33910.62385027763,2429.0
33910.62385027763,2234.0
55004.418152896695,2234.0
55004.418152896695,2429.0
56094.933490804404,2429.0
56094.933490804404,2234.0
57330.89069409762,2234.0
57330.89069409762,2429.0
68512.15946471786,2429.0
68512.15946471786,2234.0
79727.7131948853,2234.0
79727.7131948853,2667.0
86400.0,2667.0
# temp #6539
0.0,2234.0
6125.935597345234,2234.0
6125.935597345234,2667.0
46258.16704086029,2667.0
46258.16704086029,2555.0
46762.13538344019,2555.0
46762.13538344019,2667.0
65556.18867978921,2667.0
65556.18867978921,2555.0
66156.18867978921,2555.0
66156.18867978921,2667.0
78936.81877276396,2667.0
78936.81877276396,2555.0
79660.90750715231,2555.0
79660.90750715231,2429.0
86400.0,2429.0
# temp #6540
0.0,2234.0
30511.22136160266,2234.0
30511.22136160266,2429.0
31101.045743795115,2429.0
31101.045743795115,2555.0
32659.652952896435,2555.0
32659.652952896435,2429.0
44819.35167345218,2429.0
44819.35167345218,2234.0
55566.29197311122,2234.0
55566.29197311122,2429.0
86400.0,2429.0
# temp #6541
0.0,2234.0
53197.780430177234,2234.0
53197.780430177234,2883.0
55597.780430177234,2883.0
55597.780430177234,2667.0
75370.41294907687,2667.0
75370.41294907687,2555.0
86400.0,2555.0
# temp #6542
0.0,2234.0
846.2663317099214,2234.0
846.2663317099214,2667.0
14473.93800839782,2667.0
14473.93800839782,2555.0
15822.216122969987,2555.0
15822.216122969987,2667.0
33698.13755226788,2667.0
33698.13755226788,2555.0
33998.13755226788,2555.0
33998.13755226788,2667.0
34298.13755226788,2667.0
34298.13755226788,2555.0
37598.13755226788,2555.0
37598.13755226788,2667.0
63098.13755226788,2667.0
63098.13755226788,2883.0
86400.000002,2883.0
# temp #6543
0.0,2234.0
12209.162130905317,2234.0
12209.162130905317,2883.0
13193.623060500251,2883.0
13193.623060500251,2667.0
22052.876589330845,2667.0
22052.876589330845,2883.0
39482.28492415511,2883.0
39482.28492415511,2429.0
53476.96739325766,2429.0
53476.96739325766,2555.0
62211.77649199964,2555.0
62211.77649199964,2429.0
64353.65263363348,2429.0
64353.65263363348,2234.0
73996.0197963752,2234.0
73996.0197963752,2667.0
86400.000002,2667.0
# temp #6544
0.0,2234.0
81509.34632364662,2234.0
81509.34632364662,2555.0
86400.0,2555.0
# temp #6545
0.0,2234.0
41436.91563410685,2234.0
41436.91563410685,2017.0
85131.64852545598,2017.0
85131.64852545598,2234.0
86292.73456935772,2234.0
86292.73456935772,2017.0
86400.000002,2017.0
# temp #6546
0.0,2234.0
31641.27028989606,2234.0
31641.27028989606,2555.0
34881.25624526293,2555.0
34881.25624526293,2429.0
77006.75999689849,2429.0
77006.75999689849,2234.0
77606.75999689849,2234.0
77606.75999689849,2429.0
80006.75999689849,2429.0
80006.75999689849,2555.0
86400.000002,2555.0
# temp #6547
0.0,2234.0
7172.428610385397,2234.0
7172.428610385397,2667.0
16004.867245838981,2667.0
16004.867245838981,2555.0
16502.473744866442,2555.0
16502.473744866442,2667.0
47015.91738404242,2667.0
47015.91738404242,2555.0
47315.91738404242,2555.0
47315.91738404242,2429.0
63447.94840207325,2429.0
63447.94840207325,2555.0
70119.43242999261,2555.0
70119.43242999261,2429.0
86400.0,2429.0
# temp #6548
0.0,2234.0
44504.95018896182,2234.0
44504.95018896182,2555.0
49047.974547813654,2555.0
49047.974547813654,2667.0
49593.0335194571,2667.0
49593.0335194571,2555.0
55593.0335194571,2555.0
55593.0335194571,2429.0
57993.0335194571,2429.0
57993.0335194571,2234.0
61593.0335194571,2234.0
61593.0335194571,2429.0
62793.0335194571,2429.0
62793.0335194571,2234.0
68493.03351945711,2234.0
68493.03351945711,2429.0
86400.000002,2429.0
# temp #6549
0.0,2234.0
16703.81106489804,2234.0
16703.81106489804,2883.0
17861.236959951933,2883.0
17861.236959951933,2667.0
26191.974112973552,2667.0
26191.974112973552,2883.0
41875.392428529456,2883.0
41875.392428529456,2667.0
66639.82894874645,2667.0
66639.82894874645,2555.0
84456.32442317439,2555.0
84456.32442317439,2429.0
86400.000002,2429.0
# temp #6550
0.0,2234.0
61277.338334801614,2234.0
61277.338334801614,2555.0
84109.66217417737,2555.0
84109.66217417737,2429.0
84601.49342590013,2429.0
84601.49342590013,2555.0
86400.0,2555.0
# temp #6551
0.0,2234.0
17541.71636521351,2234.0
17541.71636521351,2883.0
28641.71636521351,2883.0
28641.71636521351,2555.0
30543.730538198728,2555.0
30543.730538198728,2429.0
33785.09016665631,2429.0
33785.09016665631,2883.0
57681.995015102446,2883.0
57681.995015102446,2429.0
67888.15741294531,2429.0
67888.15741294531,2555.0
86400.0,2555.0
# temp #6552
0.0,2234.0
5792.578937625513,2234.0
5792.578937625513,2667.0
41445.61660951004,2667.0
41445.61660951004,2555.0
41789.88766428084,2555.0
41789.88766428084,2429.0
50081.59650459421,2429.0
50081.59650459421,2555.0
86300.14141425492,2555.0
86300.14141425492,2429.0
86400.0,2429.0
# temp #6553
0.0,2234.0
39719.92991378066,2234.0
39719.92991378066,2429.0
40021.66659606156,2429.0
40021.66659606156,2555.0
43760.1213089889,2555.0
43760.1213089889,2429.0
68384.91458860227,2429.0
68384.91458860227,2555.0
79921.66250059383,2555.0
79921.66250059383,2429.0
86400.000002,2429.0
# temp #6554
0.0,2234.0
17379.044924257323,2234.0
17379.044924257323,2429.0
24279.044924257323,2429.0
24279.044924257323,2555.0
26079.044924257323,2555.0
26079.044924257323,2429.0
38979.04492425732,2429.0
38979.04492425732,2234.0
39279.04492425732,2234.0
39279.04492425732,2017.0
39579.04492425732,2017.0
39579.04492425732,2234.0
39879.04492425732,2234.0
39879.04492425732,2017.0
59450.896251923405,2017.0
59450.896251923405,2234.0
86400.0,2234.0
# temp #6555
0.0,2234.0
24145.02364955843,2234.0
24145.02364955843,2017.0
38809.67777310871,2017.0
38809.67777310871,2234.0
42895.23541429081,2234.0
42895.23541429081,2017.0
54591.21464481578,2017.0
54591.21464481578,2234.0
86400.000002,2234.0
# temp #6556
0.0,2234.0
80403.97210756784,2234.0
80403.97210756784,2555.0
86400.0,2555.0
# temp #6557
0.0,2234.0
17733.816940826367,2234.0
17733.816940826367,2555.0
39275.63675350976,2555.0
39275.63675350976,2429.0
39595.88910585736,2429.0
39595.88910585736,2555.0
54077.036383165985,2555.0
54077.036383165985,2429.0
54417.891090991914,2429.0
54417.891090991914,2234.0
74846.59231100233,2234.0
74846.59231100233,2429.0
86400.0,2429.0
# temp #6558
0.0,2234.0
7022.837064368651,2234.0
7022.837064368651,2017.0
43478.2923270017,2017.0
43478.2923270017,2234.0
59545.60344479979,2234.0
59545.60344479979,2017.0
86400.000002,2017.0
# temp #6559
0.0,2234.0
12633.953424473295,2234.0
12633.953424473295,2883.0
13287.5961459009,2883.0
13287.5961459009,2667.0
19364.51492677443,2667.0
19364.51492677443,2883.0
23840.963051235307,2883.0
23840.963051235307,2429.0
38723.444516351454,2429.0
38723.444516351454,2883.0
46466.343445703395,2883.0
46466.343445703395,2555.0
47666.343445703395,2555.0
47666.343445703395,2883.0
73397.02603581827,2883.0
73397.02603581827,2429.0
79482.82904662193,2429.0
79482.82904662193,2555.0
84793.16904537847,2555.0
84793.16904537847,2429.0
86400.000002,2429.0
# temp #6560
0.0,2234.0
7859.934658021668,2234.0
7859.934658021668,2667.0
21197.62975671329,2667.0
21197.62975671329,2555.0
21776.80644630455,2555.0
21776.80644630455,2667.0
48527.59835477919,2667.0
48527.59835477919,2555.0
51527.59835477919,2555.0
51527.59835477919,2667.0
77627.59835477918,2667.0
77627.59835477918,2883.0
86400.000002,2883.0
# temp #6561
0.0,2234.0
12293.973406730222,2234.0
12293.973406730222,2883.0
13974.9188517686,2883.0
13974.9188517686,2667.0
21448.465986968953,2667.0
21448.465986968953,2883.0
39297.889480786405,2883.0
39297.889480786405,2667.0
66387.92692129502,2667.0
66387.92692129502,2555.0
86400.0,2555.0
# temp #6562
0.0,2234.0
2659.067727858201,2234.0
2659.067727858201,2667.0
19741.05023075827,2667.0
19741.05023075827,2555.0
20355.186840752143,2555.0
20355.186840752143,2667.0
38154.663049592644,2667.0
38154.663049592644,2555.0
38454.663049592644,2555.0
38454.663049592644,2667.0
39242.282788013115,2667.0
39242.282788013115,2555.0
39842.282788013115,2555.0
39842.282788013115,2667.0
67157.61780815666,2667.0
67157.61780815666,2883.0
81441.30207567943,2883.0
81441.30207567943,2429.0
86400.0,2429.0
# temp #6563
0.0,2234.0
15824.0845117718,2234.0
15824.0845117718,2555.0
54969.62505695411,2555.0
54969.62505695411,2429.0
72655.52241769621,2429.0
72655.52241769621,2234.0
73255.52241769621,2234.0
73255.52241769621,2429.0
86400.000002,2429.0
# temp #6564
0.0,2234.0
44649.16927954183,2234.0
44649.16927954183,2429.0
45230.785768688664,2429.0
45230.785768688664,2555.0
47382.42523691152,2555.0
47382.42523691152,2429.0
67570.64814465122,2429.0
67570.64814465122,2555.0
70808.393360395,2555.0
70808.393360395,2667.0
78302.01154612006,2667.0
78302.01154612006,2234.0
86400.0,2234.0
# temp #6565
0.0,2234.0
14158.209649706261,2234.0
14158.209649706261,2555.0
15357.001116033645,2555.0
15357.001116033645,2667.0
21657.001116033643,2667.0
21657.001116033643,2555.0
22857.001116033643,2555.0
22857.001116033643,2429.0
66057.00111603364,2429.0
66057.00111603364,2234.0
69415.29163811356,2234.0
69415.29163811356,2667.0
86400.0,2667.0
# temp #6566
0.0,2234.0
53983.57321482618,2234.0
53983.57321482618,2555.0
58229.3103063712,2555.0
58229.3103063712,2667.0
58595.915382471874,2667.0
58595.915382471874,2555.0
58895.915382471874,2555.0
58895.915382471874,2667.0
85595.91538247187,2667.0
85595.91538247187,2555.0
86400.0,2555.0
# temp #6567
0.0,2234.0
11989.762145932764,2234.0
11989.762145932764,2017.0
31338.7891239021,2017.0
31338.7891239021,2234.0
62967.20624347218,2234.0
62967.20624347218,2017.0
86400.000002,2017.0
# temp #6568
0.0,2234.0
8549.98121315148,2234.0
8549.98121315148,2667.0
39804.56101717428,2667.0
39804.56101717428,2555.0
41292.82083157451,2555.0
41292.82083157451,2429.0
65759.26915789024,2429.0
65759.26915789024,2883.0
86400.000002,2883.0
# temp #6569
0.0,2234.0
33933.76604514197,2234.0
33933.76604514197,2429.0
34515.35461347085,2429.0
34515.35461347085,2555.0
35778.27961470467,2555.0
35778.27961470467,2429.0
72474.39346129542,2429.0
72474.39346129542,2555.0
84208.2552886801,2555.0
84208.2552886801,2429.0
86400.0,2429.0
# temp #6570
0.0,2234.0
5621.866286708974,2234.0
5621.866286708974,2667.0
20009.10806190223,2667.0
20009.10806190223,2555.0
20728.65710416809,2555.0
20728.65710416809,2667.0
39376.00945152809,2667.0
39376.00945152809,2555.0
39976.00945152809,2555.0
39976.00945152809,2667.0
59816.56347366517,2667.0
59816.56347366517,2555.0
63986.818810575656,2555.0
63986.818810575656,2429.0
70910.03630741035,2429.0
70910.03630741035,2883.0
83118.21928073188,2883.0
83118.21928073188,2667.0
86400.0,2667.0
# temp #6571
0.0,2234.0
2074.4943959405646,2234.0
2074.4943959405646,2883.0
2383.251168206334,2883.0
2383.251168206334,2667.0
9261.14654818084,2667.0
9261.14654818084,2883.0
9896.362355095336,2883.0
9896.362355095336,2429.0
20580.205099680465,2429.0
20580.205099680465,2234.0
41841.063000820584,2234.0
41841.063000820584,2429.0
56509.68994300348,2429.0
56509.68994300348,2555.0
76997.01627648903,2555.0
76997.01627648903,2667.0
86400.000002,2667.0
# temp #6572
0.0,2234.0
11152.583089610564,2234.0
11152.583089610564,2883.0
12533.377186185682,2883.0
12533.377186185682,2667.0
24636.044189077806,2667.0
24636.044189077806,2883.0
49758.57282411308,2883.0
49758.57282411308,2429.0
52582.70536002238,2429.0
52582.70536002238,2555.0
64055.735440109864,2555.0
64055.735440109864,2667.0
69705.03895108124,2667.0
69705.03895108124,2555.0
73980.18703919371,2555.0
73980.18703919371,2667.0
86400.000002,2667.0
# temp #6573
0.0,2234.0
12025.558874895798,2234.0
12025.558874895798,2883.0
12532.722394005397,2883.0
12532.722394005397,2667.0
16952.038667723536,2667.0
16952.038667723536,2883.0
25576.936479541477,2883.0
25576.936479541477,2429.0
25699.54803886358,2429.0
25699.54803886358,2555.0
37343.794765532955,2555.0
37343.794765532955,2667.0
57538.2125586737,2667.0
57538.2125586737,2555.0
62994.02627223172,2555.0
62994.02627223172,2667.0
67293.91769960058,2667.0
67293.91769960058,2234.0
76800.79609786627,2234.0
76800.79609786627,2667.0
79416.54612715358,2667.0
79416.54612715358,2555.0
83969.36994865538,2555.0
83969.36994865538,2429.0
86400.000002,2429.0
# temp #6574
0.0,2234.0
24590.409431280572,2234.0
24590.409431280572,2429.0
25128.814840014096,2429.0
25128.814840014096,2555.0
29647.886486048814,2555.0
29647.886486048814,2429.0
51628.61188868993,2429.0
51628.61188868993,2555.0
64761.88911781647,2555.0
64761.88911781647,2667.0
66079.11056829618,2667.0
66079.11056829618,2555.0
82423.19505326451,2555.0
82423.19505326451,2667.0
83283.86326439214,2667.0
83283.86326439214,2555.0
86400.0,2555.0
# temp #6575
0.0,2234.0
21971.003515552733,2234.0
21971.003515552733,2555.0
49448.049107193954,2555.0
49448.049107193954,2429.0
60776.823893934496,2429.0
60776.823893934496,2234.0
61076.823893934496,2234.0
61076.823893934496,2017.0
69613.62429822331,2017.0
69613.62429822331,2555.0
78238.63921968733,2555.0
78238.63921968733,2667.0
86400.000002,2667.0
# temp #6576
0.0,2234.0
767.5526801263914,2234.0
767.5526801263914,2667.0
33317.40259809885,2667.0
33317.40259809885,2555.0
34039.86978849862,2555.0
34039.86978849862,2667.0
45950.96281995066,2667.0
45950.96281995066,2555.0
46250.96281995066,2555.0
46250.96281995066,2667.0
47028.33079334815,2667.0
47028.33079334815,2555.0
47628.33079334815,2555.0
47628.33079334815,2667.0
52488.729377905845,2667.0
52488.729377905845,2555.0
86383.23893279304,2555.0
86400.0,2429.0
# temp #6577
0.0,2234.0
8244.709377712572,2234.0
8244.709377712572,2667.0
26582.591695664458,2667.0
26582.591695664458,2555.0
27577.171767828993,2555.0
27577.171767828993,2429.0
59947.80979310164,2429.0
59947.80979310164,2883.0
62269.03770505452,2883.0
62269.03770505452,2667.0
72754.2823150987,2667.0
72754.2823150987,2555.0
82246.04354754557,2555.0
82246.04354754557,2667.0
86400.0,2667.0
# temp #6578
0.0,2234.0
4304.121816088446,2234.0
4304.121816088446,2667.0
28737.113897851672,2667.0
28737.113897851672,2555.0
29762.90948528331,2555.0
29762.90948528331,2429.0
45946.69076555875,2429.0
45946.69076555875,2883.0
52633.32068023738,2883.0
52633.32068023738,2429.0
54542.84056511243,2429.0
54542.84056511243,2555.0
63587.44227415883,2555.0
63587.44227415883,2429.0
75095.57672753,2429.0
75095.57672753,2555.0
86400.0,2555.0
# temp #6579
0.0,2234.0
3351.1390438070525,2234.0
3351.1390438070525,2667.0
23070.239555742595,2667.0
23070.239555742595,2555.0
24495.49946263433,2555.0
24495.49946263433,2667.0
52777.6589041343,2667.0
52777.6589041343,2555.0
53377.6589041343,2555.0
53377.6589041343,2667.0
70599.82247741427,2667.0
70599.82247741427,2555.0
73721.97137230543,2555.0
73721.97137230543,2429.0
86400.000002,2429.0
# temp #6580
0.0,2234.0
66281.72801036853,2234.0
66281.72801036853,2883.0
68681.72801036853,2883.0
68681.72801036853,2667.0
82197.19410531688,2667.0
82197.19410531688,2555.0
86400.000002,2555.0
# temp #6581
0.0,2234.0
8532.027470762843,2234.0
8532.027470762843,2667.0
28824.38294899185,2667.0
28824.38294899185,2555.0
29832.188867242083,2555.0
29832.188867242083,2667.0
30288.963719224565,2667.0
30288.963719224565,2555.0
30888.963719224565,2555.0
30888.963719224565,2667.0
48231.70170304366,2667.0
48231.70170304366,2555.0
48714.42963075825,2555.0
48714.42963075825,2429.0
86400.000002,2429.0
# temp #6582
0.0,2234.0
34189.208251680255,2234.0
34189.208251680255,2555.0
41205.744577548474,2555.0
41205.744577548474,2429.0
77172.63639082668,2429.0
77172.63639082668,2234.0
86400.0,2234.0
# temp #6583
0.0,2234.0
11878.661054559054,2234.0
11878.661054559054,2555.0
25766.999917896468,2555.0
25766.999917896468,2429.0
26160.56992267259,2429.0
26160.56992267259,2555.0
31325.64879599959,2555.0
31325.64879599959,2429.0
31934.170445613567,2429.0
31934.170445613567,2555.0
33069.11203656346,2555.0
33069.11203656346,2429.0
33369.11203656346,2429.0
33369.11203656346,2555.0
53769.112036563456,2555.0
53769.112036563456,2429.0
54069.112036563456,2429.0
54069.112036563456,2555.0
54669.112036563456,2555.0
54669.112036563456,2667.0
55098.71905208565,2667.0
55098.71905208565,2234.0
67725.58541083708,2234.0
67725.58541083708,2429.0
86400.0,2429.0
# temp #6584
0.0,2234.0
56986.53943813407,2234.0
56986.53943813407,2429.0
57286.53943813407,2429.0
57286.53943813407,2234.0
70011.64101655596,2234.0
70011.64101655596,2667.0
86400.0,2667.0
# temp #6585
0.0,2234.0
29701.189662795518,2234.0
29701.189662795518,2017.0
77437.22805795261,2017.0
77437.22805795261,2234.0
86400.000002,2234.0
# temp #6586
0.0,2234.0
47686.0158934258,2234.0
47686.0158934258,2555.0
53482.063369033865,2555.0
53482.063369033865,2429.0
54026.18349494879,2429.0
54026.18349494879,2555.0
74295.65892645625,2555.0
74295.65892645625,2429.0
74659.46607550142,2429.0
74659.46607550142,2234.0
76870.52842844279,2234.0
76870.52842844279,2429.0
86400.000002,2429.0
# temp #6587
0.0,2234.0
84973.85355785956,2234.0
84973.85355785956,2555.0
86400.000002,2555.0
# temp #6588
0.0,2234.0
9550.122285797263,2234.0
9550.122285797263,2883.0
11143.387247831562,2883.0
11143.387247831562,2667.0
19642.20231967047,2667.0
19642.20231967047,2883.0
28352.751886378977,2883.0
28352.751886378977,2667.0
64342.79364931864,2667.0
64342.79364931864,2555.0
66637.42610982155,2555.0
66637.42610982155,2429.0
75550.52019136494,2429.0
75550.52019136494,2883.0
86400.0,2883.0
# temp #6589
0.0,2234.0
41097.37967220136,2234.0
41097.37967220136,2017.0
81941.7607905809,2017.0
81941.7607905809,2234.0
86400.000002,2234.0
# temp #6590
0.0,2234.0
15989.32513694745,2234.0
15989.32513694745,2883.0
16674.896419770088,2883.0
16674.896419770088,2667.0
20181.193520757373,2667.0
20181.193520757373,2883.0
53823.71609886178,2883.0
53823.71609886178,2429.0
74109.73141598517,2429.0
74109.73141598517,2555.0
75543.95347782412,2555.0
75543.95347782412,2667.0
83983.03150436842,2667.0
83983.03150436842,2883.0
86400.0,2883.0
# temp #6591
0.0,2234.0
42350.70223761723,2234.0
42350.70223761723,2555.0
53936.35924346746,2555.0
53936.35924346746,2429.0
77802.73745320739,2429.0
77802.73745320739,2234.0
78102.73745320739,2234.0
78102.73745320739,2017.0
84779.85976974016,2017.0
84779.85976974016,2555.0
86400.000002,2555.0
# temp #6592
0.0,2234.0
71962.11995535996,2234.0
71962.11995535996,2883.0
74362.11995535996,2883.0
74362.11995535996,2667.0
86400.000002,2667.0
# temp #6593
0.0,2234.0
43783.502753754154,2234.0
43783.502753754154,2429.0
44274.10845912528,2429.0
44274.10845912528,2555.0
44771.74038409722,2555.0
44771.74038409722,2429.0
82005.78991149088,2429.0
82005.78991149088,2555.0
86400.0,2555.0
# temp #6594
0.0,2234.0
11781.043002870867,2234.0
11781.043002870867,2555.0
46459.918618644595,2555.0
46459.918618644595,2429.0
46793.90797773377,2429.0
46793.90797773377,2555.0
65473.36737681182,2555.0
65473.36737681182,2429.0
65804.88892849536,2429.0
65804.88892849536,2234.0
77809.336381685,2234.0
77809.336381685,2667.0
86400.0,2667.0
# temp #6595
0.0,2234.0
23112.04684786499,2234.0
23112.04684786499,2017.0
64059.48816169986,2017.0
64059.48816169986,2234.0
78694.12052105182,2234.0
78694.12052105182,2017.0
86400.0,2017.0
# temp #6596
0.0,2234.0
11637.20201966353,2234.0
11637.20201966353,2017.0
16079.192718537528,2017.0
16079.192718537528,2234.0
54779.67773093843,2234.0
54779.67773093843,2017.0
82069.79061956519,2017.0
82069.79061956519,2234.0
86400.0,2234.0
# temp #6597
0.0,2234.0
80287.82029417345,2234.0
80287.82029417345,2555.0
82779.38082658222,2555.0
82779.38082658222,2667.0
86400.000002,2667.0
# temp #6598
0.0,2234.0
43962.610967410736,2234.0
43962.610967410736,2555.0
54536.082687461756,2555.0
54536.082687461756,2429.0
55105.85990154651,2429.0
55105.85990154651,2555.0
58312.51013791189,2555.0
58312.51013791189,2429.0
58656.695270282224,2429.0
58656.695270282224,2234.0
72347.49608212152,2234.0
72347.49608212152,2429.0
86400.0,2429.0
# temp #6599
0.0,2234.0
55455.27485548519,2234.0
55455.27485548519,2429.0
55856.518880627125,2429.0
55856.518880627125,2555.0
57740.45746957418,2555.0
57740.45746957418,2429.0
63860.40764583741,2429.0
63860.40764583741,2555.0
72448.62589279657,2555.0
72448.62589279657,2667.0
85960.46357159504,2667.0
85960.46357159504,2555.0
86400.000002,2555.0
# temp #6600
0.0,2234.0
8012.692959490233,2234.0
8012.692959490233,2555.0
10696.266082045624,2555.0
10696.266082045624,2429.0
11172.553688404152,2429.0
11172.553688404152,2555.0
19808.91128915828,2555.0
19808.91128915828,2429.0
20682.607095921416,2429.0
20682.607095921416,2234.0
29788.429986918352,2234.0
29788.429986918352,2667.0
52279.425504966646,2667.0
52279.425504966646,2555.0
60624.83852875885,2555.0
60624.83852875885,2667.0
86400.000002,2667.0
# temp #6601
0.0,2234.0
6614.653834328056,2234.0
6614.653834328056,2883.0
7663.496716786177,2883.0
7663.496716786177,2667.0
16865.57368291542,2667.0
16865.57368291542,2883.0
21025.123876472935,2883.0
21025.123876472935,2429.0
35697.27402655408,2429.0
35697.27402655408,2555.0
47280.29914135114,2555.0
47280.29914135114,2667.0
51817.02960503754,2667.0
51817.02960503754,2555.0
64150.68438160234,2555.0
64150.68438160234,2429.0
68017.12895811071,2429.0
68017.12895811071,2555.0
73036.65836651345,2555.0
73036.65836651345,2667.0
85234.25897858107,2667.0
85234.25897858107,2555.0
86400.000002,2555.0
# temp #6602
0.0,2234.0
80430.01462477261,2234.0
80430.01462477261,2555.0
86400.000002,2555.0
# temp #6603
0.0,2234.0
3296.757310931571,2234.0
3296.757310931571,2883.0
4362.667539529502,2883.0
4362.667539529502,2667.0
12704.541326710023,2667.0
12704.541326710023,2883.0
13664.667325769551,2883.0
13664.667325769551,2429.0
50489.300609682694,2429.0
50489.300609682694,2555.0
62988.74469429721,2555.0
62988.74469429721,2667.0
86400.000002,2667.0
# temp #6604
0.0,2234.0
75294.76689964069,2234.0
75294.76689964069,2555.0
86400.000002,2555.0
# temp #6605
0.0,2234.0
2992.909697256983,2234.0
2992.909697256983,2667.0
36705.792488367304,2667.0
36705.792488367304,2555.0
37321.07112093364,2555.0
37321.07112093364,2667.0
65857.05374598039,2667.0
65857.05374598039,2555.0
66457.05374598039,2555.0
66457.05374598039,2667.0
86400.0,2667.0
# temp #6606
0.0,2234.0
55129.062895313844,2234.0
55129.062895313844,2429.0
55689.703872450635,2429.0
55689.703872450635,2555.0
59545.181653671905,2555.0
59545.181653671905,2429.0
86400.0,2429.0
# temp #6607
0.0,2234.0
6687.3252952471385,2234.0
6687.3252952471385,2555.0
8737.692504166625,2555.0
8737.692504166625,2667.0
18637.692504166625,2667.0
18637.692504166625,2555.0
23228.59950119164,2555.0
23228.59950119164,2429.0
38123.59106275253,2429.0
38123.59106275253,2555.0
41306.62458655425,2555.0
41306.62458655425,2667.0
56299.43050397561,2667.0
56299.43050397561,2555.0
69748.81098512562,2555.0
69748.81098512562,2667.0
86400.000002,2667.0
# temp #6608
0.0,2234.0
21491.05535759591,2234.0
21491.05535759591,2555.0
24205.050831357952,2555.0
24205.050831357952,2667.0
30505.050831357952,2667.0
30505.050831357952,2555.0
31705.050831357952,2555.0
31705.050831357952,2429.0
74905.05083135795,2429.0
74905.05083135795,2234.0
80087.5080253696,2234.0
80087.5080253696,2667.0
86400.000002,2667.0
# temp #6609
0.0,2234.0
23085.176666826013,2234.0
23085.176666826013,2429.0
29985.176666826013,2429.0
29985.176666826013,2555.0
31785.176666826013,2555.0
31785.176666826013,2429.0
44685.17666682601,2429.0
44685.17666682601,2234.0
44985.17666682601,2234.0
44985.17666682601,2017.0
45285.17666682601,2017.0
45285.17666682601,2234.0
45585.17666682601,2234.0
45585.17666682601,2017.0
49966.87835650519,2017.0
49966.87835650519,2234.0
67501.1809335323,2234.0
67501.1809335323,2429.0
86400.0,2429.0
# temp #6610
0.0,2234.0
7159.976884396749,2234.0
7159.976884396749,2667.0
47584.35465926305,2667.0
47584.35465926305,2555.0
48473.50115776063,2555.0
48473.50115776063,2667.0
72101.60340140575,2667.0
72101.60340140575,2555.0
72401.60340140575,2555.0
72401.60340140575,2429.0
86400.000002,2429.0
# temp #6611
0.0,2234.0
77183.00349460916,2234.0
77183.00349460916,2555.0
81322.95042327607,2555.0
81322.95042327607,2429.0
81911.86462710613,2429.0
81911.86462710613,2555.0
86400.0,2555.0
# temp #6612
0.0,2234.0
17205.932770902295,2234.0
17205.932770902295,2555.0
38941.31211983041,2555.0
38941.31211983041,2429.0
39437.64911137988,2429.0
39437.64911137988,2555.0
45015.461914544,2555.0
45015.461914544,2429.0
46256.00193443243,2429.0
46256.00193443243,2555.0
47683.590934169486,2555.0
47683.590934169486,2429.0
47983.590934169486,2429.0
47983.590934169486,2555.0
48283.590934169486,2555.0
48283.590934169486,2429.0
48883.590934169486,2429.0
48883.590934169486,2555.0
52913.56154058595,2555.0
52913.56154058595,2429.0
85416.17866549642,2429.0
85416.17866549642,2555.0
86400.0,2555.0
# temp #6613
0.0,2234.0
8144.462063955144,2234.0
8144.462063955144,2555.0
25847.959194565196,2555.0
25847.959194565196,2429.0
26234.741450124424,2429.0
26234.741450124424,2555.0
26766.413201973777,2555.0
26766.413201973777,2429.0
27511.9600993814,2429.0
27511.9600993814,2555.0
28160.472390172075,2555.0
28160.472390172075,2429.0
28460.472390172075,2429.0
28460.472390172075,2555.0
28760.472390172075,2555.0
28760.472390172075,2429.0
29360.472390172075,2429.0
29360.472390172075,2555.0
33296.67400543113,2555.0
33296.67400543113,2429.0
62721.45255042707,2429.0
62721.45255042707,2555.0
65373.757930914886,2555.0
65373.757930914886,2429.0
68075.21948784126,2429.0
68075.21948784126,2883.0
86400.000002,2883.0
# temp #6614
0.0,2234.0
46902.210140344694,2234.0
46902.210140344694,2555.0
59495.3306719428,2555.0
59495.3306719428,2429.0
86400.0,2429.0
# temp #6615
0.0,2234.0
63017.689388128936,2234.0
63017.689388128936,2555.0
66815.77224887443,2555.0
66815.77224887443,2667.0
73115.77224887442,2667.0
73115.77224887442,2555.0
74315.77224887442,2555.0
74315.77224887442,2429.0
86400.000002,2429.0
# temp #6616
0.0,2234.0
2994.5632131071766,2234.0
2994.5632131071766,2667.0
37970.18869486638,2667.0
37970.18869486638,2555.0
38759.96660166421,2555.0
38759.96660166421,2667.0
45790.730241243735,2667.0
45790.730241243735,2555.0
46390.730241243735,2555.0
46390.730241243735,2667.0
59373.47995263991,2667.0
59373.47995263991,2555.0
60242.997065163225,2555.0
60242.997065163225,2429.0
86400.000002,2429.0
# temp #6617
0.0,2234.0
22390.596855338667,2234.0
22390.596855338667,2017.0
69164.63443972172,2017.0
69164.63443972172,2234.0
74864.63443972172,2234.0
74864.63443972172,2429.0
75393.09766099324,2429.0
75393.09766099324,2555.0
86400.0,2555.0
# temp #6618
0.0,2234.0
34564.65470446274,2234.0
34564.65470446274,2429.0
35164.65470446274,2429.0
35164.65470446274,2555.0
38633.83591873572,2555.0
38633.83591873572,2429.0
73212.32241445688,2429.0
73212.32241445688,2555.0
86400.000002,2555.0
# temp #6619
0.0,2234.0
24765.41238308419,2234.0
24765.41238308419,2555.0
43842.74409015198,2555.0
43842.74409015198,2429.0
60828.76870755573,2429.0
60828.76870755573,2234.0
71175.29712254183,2234.0
71175.29712254183,2429.0
86400.000002,2429.0
# temp #6620
0.0,2234.0
6135.381057579071,2234.0
6135.381057579071,2667.0
51192.86537042354,2667.0
51192.86537042354,2555.0
51707.21670503263,2555.0
51707.21670503263,2667.0
56865.09305925575,2667.0
56865.09305925575,2555.0
57165.09305925575,2555.0
57165.09305925575,2667.0
57879.39715823159,2667.0
57879.39715823159,2555.0
58479.39715823159,2555.0
58479.39715823159,2667.0
86400.0,2667.0
# temp #6621
0.0,2234.0
2137.692006700672,2234.0
2137.692006700672,2555.0
5624.422683357261,2555.0
5624.422683357261,2667.0
6176.031712442637,2667.0
6176.031712442637,2555.0
12176.031712442636,2555.0
12176.031712442636,2429.0
14576.031712442636,2429.0
14576.031712442636,2234.0
18176.031712442636,2234.0
18176.031712442636,2429.0
19376.031712442636,2429.0
19376.031712442636,2234.0
25076.031712442636,2234.0
25076.031712442636,2429.0
37250.84315969143,2429.0
37250.84315969143,2234.0
45336.671335995205,2234.0
45336.671335995205,2429.0
45952.219986752614,2429.0
45952.219986752614,2555.0
49632.7503745677,2555.0
49632.7503745677,2667.0
78331.01311619395,2667.0
78331.01311619395,2555.0
86214.7671112558,2555.0
86214.7671112558,2429.0
86400.000002,2429.0
# temp #6622
0.0,2234.0
14477.601708238946,2234.0
14477.601708238946,2017.0
33481.04446409271,2017.0
33481.04446409271,2234.0
60388.57874935494,2234.0
60388.57874935494,2017.0
86400.0,2017.0
# temp #6623
0.0,2234.0
74755.05688637495,2234.0
74755.05688637495,2555.0
84846.34753502905,2555.0
84846.34753502905,2234.0
86400.0,2234.0
# temp #6624
0.0,2234.0
46698.56432229281,2234.0
46698.56432229281,2429.0
47048.723122989766,2429.0
47048.723122989766,2555.0
50066.86774282717,2555.0
50066.86774282717,2429.0
54705.2079278743,2429.0
54705.2079278743,2555.0
64672.99781281037,2555.0
64672.99781281037,2667.0
80044.41685164349,2667.0
80044.41685164349,2555.0
86400.0,2555.0
# temp #6625
0.0,2234.0
4809.794229757972,2234.0
4809.794229757972,2883.0
6574.067236064002,2883.0
6574.067236064002,2667.0
18076.040624035522,2667.0
18076.040624035522,2883.0
20346.39153652825,2883.0
20346.39153652825,2667.0
31240.192086389292,2667.0
31240.192086389292,2555.0
35059.14925052785,2555.0
35059.14925052785,2667.0
63592.02693896369,2667.0
63592.02693896369,2234.0
71572.54104916939,2234.0
71572.54104916939,2429.0
86400.0,2429.0
# temp #6626
0.0,2234.0
7473.004590813071,2234.0
7473.004590813071,2017.0
57369.3928395398,2017.0
57369.3928395398,2234.0
85826.62343485282,2234.0
85826.62343485282,2017.0
86400.0,2017.0
# temp #6627
0.0,2234.0
5742.49277485069,2234.0
5742.49277485069,2667.0
45097.81569871121,2667.0
45097.81569871121,2555.0
45484.30076069199,2555.0
45484.30076069199,2667.0
65446.27841629555,2667.0
65446.27841629555,2555.0
66046.27841629555,2555.0
66046.27841629555,2667.0
83040.31000428369,2667.0
83040.31000428369,2555.0
86400.000002,2555.0
# temp #6628
0.0,2234.0
51790.679906518206,2234.0
51790.679906518206,2429.0
52272.86183147226,2429.0
52272.86183147226,2555.0
56346.77618353163,2555.0
56346.77618353163,2429.0
58913.94948181697,2429.0
58913.94948181697,2667.0
81498.51629629267,2667.0
81498.51629629267,2555.0
86400.000002,2555.0
# temp #6629
0.0,2234.0
43242.51568007749,2234.0
43242.51568007749,2429.0
43804.625291540295,2429.0
43804.625291540295,2555.0
47710.30198463705,2555.0
47710.30198463705,2429.0
81326.33928728757,2429.0
81326.33928728757,2555.0
86400.000002,2555.0
# temp #6630
0.0,2234.0
2286.6145010339096,2234.0
2286.6145010339096,2555.0
19669.803454843353,2555.0
19669.803454843353,2429.0
20133.040722738955,2429.0
20133.040722738955,2555.0
41436.887329746976,2555.0
41436.887329746976,2429.0
42497.12055532728,2429.0
42497.12055532728,2555.0
43440.143617638394,2555.0
43440.143617638394,2429.0
43740.143617638394,2429.0
43740.143617638394,2555.0
44040.143617638394,2555.0
44040.143617638394,2429.0
44640.143617638394,2429.0
44640.143617638394,2555.0
46460.09340214078,2555.0
46460.09340214078,2429.0
68725.64366175795,2429.0
68725.64366175795,2234.0
86400.0,2234.0
# temp #6631
0.0,2234.0
35122.4339239765,2234.0
35122.4339239765,2555.0
39764.50298556593,2555.0
39764.50298556593,2667.0
46064.50298556593,2667.0
46064.50298556593,2555.0
47264.50298556593,2555.0
47264.50298556593,2429.0
86400.000002,2429.0
# temp #6632
0.0,2234.0
2703.931806329638,2234.0
2703.931806329638,2667.0
5672.4416797980675,2667.0
5672.4416797980675,2555.0
6575.790008436889,2555.0
6575.790008436889,2667.0
10626.478735939601,2667.0
10626.478735939601,2555.0
10926.478735939601,2555.0
10926.478735939601,2667.0
11226.478735939601,2667.0
11226.478735939601,2555.0
14526.478735939601,2555.0
14526.478735939601,2667.0
40026.4787359396,2667.0
40026.4787359396,2883.0
86400.0,2883.0
# temp #6633
0.0,2234.0
13209.305386478083,2234.0
13209.305386478083,2017.0
48696.50688408875,2017.0
48696.50688408875,2234.0
86400.0,2234.0
# temp #6634
0.0,2234.0
5603.097646054813,2234.0
5603.097646054813,2667.0
37014.36601560563,2667.0
37014.36601560563,2555.0
37873.268408887096,2555.0
37873.268408887096,2429.0
71089.95100508911,2429.0
71089.95100508911,2555.0
86400.0,2555.0
# temp #6635
0.0,2234.0
45892.21669910476,2234.0
45892.21669910476,2555.0
54730.86778842845,2555.0
54730.86778842845,2429.0
55958.190171746544,2429.0
55958.190171746544,2555.0
63461.22678662651,2555.0
63461.22678662651,2667.0
78992.19103425277,2667.0
78992.19103425277,2555.0
86400.000002,2555.0
# temp #6636
0.0,2234.0
15464.497084636243,2234.0
15464.497084636243,2555.0
34350.91592730024,2555.0
34350.91592730024,2429.0
34888.56848578435,2429.0
34888.56848578435,2555.0
51678.88666251676,2555.0
51678.88666251676,2429.0
53060.15647212045,2429.0
53060.15647212045,2555.0
54074.4870982133,2555.0
54074.4870982133,2429.0
54374.4870982133,2429.0
54374.4870982133,2555.0
55874.4870982133,2555.0
55874.4870982133,2429.0
66074.4870982133,2429.0
66074.4870982133,2234.0
86400.000002,2234.0
# temp #6637
0.0,2234.0
49050.8938871557,2234.0
49050.8938871557,2555.0
51499.13916334045,2555.0
51499.13916334045,2429.0
86400.000002,2429.0
# temp #6638
0.0,2234.0
51651.67379386258,2234.0
51651.67379386258,2555.0
56960.85105075036,2555.0
56960.85105075036,2667.0
57529.446763568565,2667.0
57529.446763568565,2555.0
63529.446763568565,2555.0
63529.446763568565,2429.0
65929.44676356857,2429.0
65929.44676356857,2234.0
69529.44676356857,2234.0
69529.44676356857,2429.0
70729.44676356857,2429.0
70729.44676356857,2234.0
76429.44676356857,2234.0
76429.44676356857,2429.0
86400.0,2429.0
# temp #6639
0.0,2234.0
42640.21713193507,2234.0
42640.21713193507,2017.0
86400.0,2017.0
# temp #6640
0.0,2234.0
17680.31223972794,2234.0
17680.31223972794,2429.0
18002.722955192443,2429.0
18002.722955192443,2555.0
18601.572429458614,2555.0
18601.572429458614,2429.0
20708.288540015932,2429.0
20708.288540015932,2883.0
46519.70587761608,2883.0
46519.70587761608,2429.0
61489.73612466363,2429.0
61489.73612466363,2555.0
80107.23633428571,2555.0
80107.23633428571,2667.0
86400.000002,2667.0
# temp #6641
0.0,2234.0
58979.05674311333,2234.0
58979.05674311333,2555.0
64394.85344812275,2555.0
64394.85344812275,2429.0
86400.0,2429.0
# temp #6642
0.0,2234.0
4791.753216111102,2234.0
4791.753216111102,2667.0
45031.710267160095,2667.0
45031.710267160095,2555.0
45924.2540027015,2555.0
45924.2540027015,2429.0
54818.00996626262,2429.0
54818.00996626262,2555.0
72407.72005144974,2555.0
72407.72005144974,2667.0
86400.0,2667.0
# temp #6643
0.0,2234.0
40535.69985609502,2234.0
40535.69985609502,2017.0
86400.000002,2017.0
# temp #6644
0.0,2234.0
33655.93711102848,2234.0
33655.93711102848,2555.0
35449.44778920618,2555.0
35449.44778920618,2667.0
35802.0506363595,2667.0
35802.0506363595,2555.0
36102.0506363595,2555.0
36102.0506363595,2667.0
39702.0506363595,2667.0
39702.0506363595,2555.0
41202.0506363595,2555.0
41202.0506363595,2429.0
41711.00792682265,2429.0
41711.00792682265,2234.0
60170.0855220901,2234.0
60170.0855220901,2667.0
77010.03527746072,2667.0
77010.03527746072,2234.0
81910.57931988036,2234.0
81910.57931988036,2429.0
86400.000002,2429.0
# temp #6645
0.0,2234.0
6626.170514174738,2234.0
6626.170514174738,2667.0
48284.39122396522,2667.0
48284.39122396522,2555.0
48711.935007059954,2555.0
48711.935007059954,2667.0
77855.45153422283,2667.0
77855.45153422283,2555.0
78455.45153422283,2555.0
78455.45153422283,2667.0
86400.0,2667.0
# temp #6646
0.0,2234.0
68593.62280271018,2234.0
68593.62280271018,2555.0
73160.09128061125,2555.0
73160.09128061125,2429.0
86400.000002,2429.0
# temp #6647
0.0,2234.0
2019.6631204336884,2234.0
2019.6631204336884,2667.0
28967.574380035516,2667.0
28967.574380035516,2555.0
29404.585746000525,2555.0
29404.585746000525,2667.0
63489.91337134504,2667.0
63489.91337134504,2555.0
64089.91337134504,2555.0
64089.91337134504,2667.0
77329.64005297983,2667.0
77329.64005297983,2555.0
82355.9880977031,2555.0
82355.9880977031,2429.0
86400.000002,2429.0
# temp #6648
0.0,2234.0
79120.05525170827,2234.0
79120.05525170827,2555.0
81267.36247739756,2555.0
81267.36247739756,2429.0
81728.69139479009,2429.0
81728.69139479009,2555.0
86400.000002,2555.0
# temp #6649
0.0,2234.0
11401.78050817922,2234.0
11401.78050817922,2555.0
32320.936099067338,2555.0
32320.936099067338,2429.0
62954.9133103341,2429.0
62954.9133103341,2234.0
63554.9133103341,2234.0
63554.9133103341,2429.0
65954.9133103341,2429.0
65954.9133103341,2555.0
76154.9133103341,2555.0
76154.9133103341,2667.0
84271.9737629872,2667.0
84271.9737629872,2234.0
86400.000002,2234.0
# temp #6650
0.0,2234.0
13514.21517734416,2234.0
13514.21517734416,2883.0
14095.597190572882,2883.0
14095.597190572882,2667.0
25946.547649428252,2667.0
25946.547649428252,2883.0
26361.644868319858,2883.0
26361.644868319858,2429.0
29642.72910836153,2429.0
29642.72910836153,2883.0
33471.143960254274,2883.0
33471.143960254274,2667.0
47573.4681923641,2667.0
47573.4681923641,2234.0
60791.39936424327,2234.0
60791.39936424327,2667.0
86400.0,2667.0
# temp #6651
0.0,2234.0
9531.611050316134,2234.0
9531.611050316134,2883.0
10017.600851389581,2883.0
10017.600851389581,2667.0
19556.797418254428,2667.0
19556.797418254428,2883.0
37517.81235602685,2883.0
37517.81235602685,2429.0
64998.33660945298,2429.0
64998.33660945298,2555.0
76814.37508184464,2555.0
76814.37508184464,2667.0
79667.20581189731,2667.0
79667.20581189731,2555.0
83480.84514238873,2555.0
83480.84514238873,2667.0
86400.0,2667.0
# temp #6652
0.0,2234.0
48537.97320860904,2234.0
48537.97320860904,2883.0
50937.97320860904,2883.0
50937.97320860904,2667.0
83548.25526878703,2667.0
83548.25526878703,2555.0
86400.000002,2555.0
# temp #6653
0.0,2234.0
29132.644022069875,2234.0
29132.644022069875,2017.0
31749.66644975357,2017.0
31749.66644975357,2234.0
64963.27119930649,2234.0
64963.27119930649,2017.0
86400.0,2017.0
# temp #6654
0.0,2234.0
48608.89938413166,2234.0
48608.89938413166,2429.0
49145.41097944603,2429.0
49145.41097944603,2555.0
52084.966213535525,2555.0
52084.966213535525,2429.0
79739.49142259081,2429.0
79739.49142259081,2555.0
86400.0,2555.0
# temp #6655
0.0,2234.0
72703.69420973586,2234.0
72703.69420973586,2883.0
75103.69420973586,2883.0
75103.69420973586,2667.0
81238.76763749869,2667.0
81238.76763749869,2555.0
86400.0,2555.0
# temp #6656
0.0,2234.0
4112.849813047797,2234.0
4112.849813047797,2667.0
21131.85747144744,2667.0
21131.85747144744,2555.0
21962.417131662372,2555.0
21962.417131662372,2429.0
67827.8116811067,2429.0
67827.8116811067,2883.0
86400.000002,2883.0
# temp #6657
0.0,2234.0
66991.19058202486,2234.0
66991.19058202486,2883.0
69391.19058202486,2883.0
69391.19058202486,2667.0
86400.000002,2667.0
# temp #6658
0.0,2234.0
41310.011810087606,2234.0
41310.011810087606,2429.0
41622.05782472157,2429.0
41622.05782472157,2234.0
42252.820413652815,2234.0
42252.820413652815,2429.0
47212.60565849953,2429.0
47212.60565849953,2234.0
48238.35611622781,2234.0
48238.35611622781,2429.0
49267.41919701454,2429.0
49267.41919701454,2234.0
82434.06603571495,2234.0
82434.06603571495,2429.0
86400.000002,2429.0
# temp #6659
0.0,2234.0
16740.638542408127,2234.0
16740.638542408127,2883.0
17829.260087362494,2883.0
17829.260087362494,2667.0
28143.491687346257,2667.0
28143.491687346257,2883.0
38923.05130753667,2883.0
38923.05130753667,2667.0
66897.58209516296,2667.0
66897.58209516296,2555.0
75434.70271148255,2555.0
75434.70271148255,2429.0
76940.74589093217,2429.0
76940.74589093217,2555.0
86400.0,2555.0
# temp #6660
0.0,2234.0
54598.739715269774,2234.0
54598.739715269774,2883.0
56998.739715269774,2883.0
56998.739715269774,2667.0
80214.54858798535,2667.0
80214.54858798535,2555.0
86400.000002,2555.0
# temp #6661
0.0,2234.0
1437.8540722886103,2234.0
1437.8540722886103,2667.0
5255.282686930151,2667.0
5255.282686930151,2555.0
5999.614046327771,2555.0
5999.614046327771,2429.0
28089.896669075828,2429.0
28089.896669075828,2555.0
47784.192132786855,2555.0
47784.192132786855,2667.0
62381.20167134331,2667.0
62381.20167134331,2555.0
79850.14172550292,2555.0
79850.14172550292,2667.0
86400.000002,2667.0
# temp #6662
0.0,2234.0
81049.41190676765,2234.0
81049.41190676765,2555.0
86400.000002,2555.0
# temp #6663
0.0,2234.0
3255.9788704616954,2234.0
3255.9788704616954,2667.0
45213.47113419325,2667.0
45213.47113419325,2555.0
46225.7111940533,2555.0
46225.7111940533,2667.0
79685.33471594566,2667.0
79685.33471594566,2555.0
80285.33471594566,2555.0
80285.33471594566,2667.0
86400.000002,2667.0
# temp #6664
0.0,2234.0
17006.511385738853,2234.0
17006.511385738853,2017.0
60303.355633886546,2017.0
60303.355633886546,2234.0
86400.000002,2234.0
# temp #6665
0.0,2234.0
2864.857582678087,2234.0
2864.857582678087,2883.0
3302.981397975236,2883.0
3302.981397975236,2667.0
6552.849479927681,2667.0
6552.849479927681,2883.0
23701.695313467648,2883.0
23701.695313467648,2667.0
29697.56594707724,2667.0
29697.56594707724,2555.0
30454.131236462857,2555.0
30454.131236462857,2667.0
55631.64237316233,2667.0
55631.64237316233,2555.0
72188.48600580824,2555.0
72188.48600580824,2667.0
86400.000002,2667.0
# temp #6666
0.0,2234.0
75901.62183728536,2234.0
75901.62183728536,2555.0
86400.000002,2555.0
# temp #6667
0.0,2234.0
11799.552028602922,2234.0
11799.552028602922,2883.0
13159.328563045712,2883.0
13159.328563045712,2667.0
21834.86290681176,2667.0
21834.86290681176,2883.0
56766.386384703226,2883.0
56766.386384703226,2429.0
86400.0,2429.0
# temp #6668
0.0,2234.0
11979.702762700617,2234.0
11979.702762700617,2017.0
45813.520619971685,2017.0
45813.520619971685,2234.0
50953.823286155246,2234.0
50953.823286155246,2017.0
67925.95370463097,2017.0
67925.95370463097,2234.0
74850.01474195161,2234.0
74850.01474195161,2017.0
86400.0,2017.0
# temp #6669
0.0,2234.0
3189.4609018228953,2234.0
3189.4609018228953,2667.0
38689.69472434838,2667.0
38689.69472434838,2555.0
39232.61544790585,2555.0
39232.61544790585,2667.0
72817.39090033808,2667.0
72817.39090033808,2555.0
75817.39090033808,2555.0
75817.39090033808,2667.0
86400.0,2667.0
# temp #6670
0.0,2234.0
66380.99032735919,2234.0
66380.99032735919,2555.0
70297.30312786998,2555.0
70297.30312786998,2667.0
70675.61258445495,2667.0
70675.61258445495,2555.0
70975.61258445495,2555.0
70975.61258445495,2667.0
74575.61258445495,2667.0
74575.61258445495,2555.0
76075.61258445495,2555.0
76075.61258445495,2429.0
86400.0,2429.0
# temp #6671
0.0,2234.0
50558.49018387963,2234.0
50558.49018387963,2555.0
53519.58840626758,2555.0
53519.58840626758,2667.0
59819.58840626758,2667.0
59819.58840626758,2555.0
61019.58840626758,2555.0
61019.58840626758,2429.0
86400.000002,2429.0
# temp #6672
0.0,2234.0
31702.61704588775,2234.0
31702.61704588775,2555.0
34097.891143988825,2555.0
34097.891143988825,2667.0
40397.89114398882,2667.0
40397.89114398882,2555.0
41597.89114398882,2555.0
41597.89114398882,2429.0
84797.89114398882,2429.0
84797.89114398882,2234.0
86400.0,2234.0
# temp #6673
0.0,2234.0
7595.1303667388875,2234.0
7595.1303667388875,2667.0
35812.10192630534,2667.0
35812.10192630534,2555.0
36563.744386774495,2555.0
36563.744386774495,2667.0
38436.5773925325,2667.0
38436.5773925325,2555.0
39036.5773925325,2555.0
39036.5773925325,2667.0
60596.737785567544,2667.0
60596.737785567544,2555.0
61804.04969409575,2555.0
61804.04969409575,2429.0
86400.000002,2429.0
# temp #6674
0.0,2234.0
81850.21706228146,2234.0
81850.21706228146,2555.0
84797.36548746006,2555.0
84797.36548746006,2667.0
85112.96354136431,2667.0
85112.96354136431,2555.0
85412.96354136431,2555.0
85412.96354136431,2667.0
86400.000002,2667.0
# temp #6675
0.0,2234.0
39833.26339500491,2234.0
39833.26339500491,2555.0
42394.781959243126,2555.0
42394.781959243126,2667.0
42975.948490505114,2667.0
42975.948490505114,2555.0
43275.948490505114,2555.0
43275.948490505114,2667.0
46875.948490505114,2667.0
46875.948490505114,2555.0
48375.948490505114,2555.0
48375.948490505114,2429.0
52854.32125129738,2429.0
52854.32125129738,2234.0
65565.25886650199,2234.0
65565.25886650199,2667.0
77462.2960389359,2667.0
77462.2960389359,2555.0
81980.02871708015,2555.0
81980.02871708015,2429.0
86400.000002,2429.0
# temp #6676
0.0,2234.0
40034.04646860436,2234.0
40034.04646860436,2017.0
56019.69774090686,2017.0
56019.69774090686,2234.0
56434.93092949503,2234.0
56434.93092949503,2017.0
70569.43374406548,2017.0
70569.43374406548,2234.0
86400.000002,2234.0
# temp #6677
0.0,2234.0
64542.219538847,2234.0
64542.219538847,2555.0
86400.000002,2555.0
# temp #6678
0.0,2234.0
57206.60491290037,2234.0
57206.60491290037,2429.0
57506.60491290037,2429.0
57506.60491290037,2234.0
57863.723955047324,2234.0
57863.723955047324,2555.0
62951.6660821857,2555.0
62951.6660821857,2429.0
86400.0,2429.0
# temp #6679
0.0,2234.0
16638.418884901334,2234.0
16638.418884901334,2883.0
17366.27130119596,2883.0
17366.27130119596,2667.0
24774.289999483157,2667.0
24774.289999483157,2883.0
36640.74552955572,2883.0
36640.74552955572,2429.0
56226.481133722715,2429.0
56226.481133722715,2555.0
57617.960486118696,2555.0
57617.960486118696,2667.0
81763.17947481295,2667.0
81763.17947481295,2883.0
86400.000002,2883.0
# temp #6680
0.0,2234.0
13586.701516248286,2234.0
13586.701516248286,2429.0
14186.701516248286,2429.0
14186.701516248286,2555.0
17015.83521645516,2555.0
17015.83521645516,2429.0
45066.95181587711,2429.0
45066.95181587711,2883.0
72315.27118950618,2883.0
72315.27118950618,2429.0
86400.0,2429.0
# temp #6681
0.0,2234.0
1974.6808885596695,2234.0
1974.6808885596695,2667.0
3133.4393865661696,2667.0
3133.4393865661696,2555.0
3810.0253666983917,2555.0
3810.0253666983917,2667.0
27732.752399006862,2667.0
27732.752399006862,2555.0
28332.752399006862,2555.0
28332.752399006862,2667.0
48480.63839762472,2667.0
48480.63839762472,2555.0
52028.50449993276,2555.0
52028.50449993276,2429.0
52992.370553640656,2429.0
52992.370553640656,2555.0
80890.88338881267,2555.0
80890.88338881267,2429.0
86400.000002,2429.0
# temp #6682
0.0,2234.0
15827.868948876861,2234.0
15827.868948876861,2883.0
16128.416758636016,2883.0
16128.416758636016,2667.0
25643.49248071667,2667.0
25643.49248071667,2883.0
38350.20800947678,2883.0
38350.20800947678,2667.0
40845.381806697704,2667.0
40845.381806697704,2555.0
63640.55388635026,2555.0
63640.55388635026,2429.0
81530.88474667167,2429.0
81530.88474667167,2555.0
86400.000002,2555.0
# temp #6683
0.0,2234.0
7306.2587874708715,2234.0
7306.2587874708715,2667.0
17921.009826008234,2667.0
17921.009826008234,2555.0
18940.789287630472,2555.0
18940.789287630472,2429.0
37471.68869592716,2429.0
37471.68869592716,2555.0
73183.86491560379,2555.0
73183.86491560379,2429.0
85130.65570006148,2429.0
85130.65570006148,2555.0
86400.0,2555.0
# temp #6684
0.0,2234.0
15585.812793415975,2234.0
15585.812793415975,2883.0
15947.948577487845,2883.0
15947.948577487845,2667.0
20900.75781019405,2667.0
20900.75781019405,2883.0
44886.37927486562,2883.0
44886.37927486562,2429.0
49586.43671949395,2429.0
49586.43671949395,2883.0
62054.37396029012,2883.0
62054.37396029012,2429.0
86400.000002,2429.0
# temp #6685
0.0,2234.0
4148.992968443781,2234.0
4148.992968443781,2883.0
5514.433645200916,2883.0
5514.433645200916,2667.0
10723.277477757074,2667.0
10723.277477757074,2883.0
25087.439929065295,2883.0
25087.439929065295,2667.0
43185.22534514778,2667.0
43185.22534514778,2234.0
49672.707103053115,2234.0
49672.707103053115,2667.0
68501.62580078469,2667.0
68501.62580078469,2555.0
69538.74054299669,2555.0
69538.74054299669,2667.0
73776.84733076023,2667.0
73776.84733076023,2883.0
82801.19474488312,2883.0
82801.19474488312,2429.0
86400.000002,2429.0
# temp #6686
0.0,2234.0
2163.2887068204586,2234.0
2163.2887068204586,2667.0
20242.06335616764,2667.0
20242.06335616764,2555.0
21049.595105065968,2555.0
21049.595105065968,2667.0
50928.68490801194,2667.0
50928.68490801194,2555.0
51228.68490801194,2555.0
51228.68490801194,2667.0
52127.73297610694,2667.0
52127.73297610694,2555.0
52727.73297610694,2555.0
52727.73297610694,2667.0
82170.69121920505,2667.0
82170.69121920505,2883.0
86400.0,2883.0
# temp #6687
0.0,2234.0
3654.048369918019,2234.0
3654.048369918019,2555.0
7671.508717141115,2555.0
7671.508717141115,2667.0
13971.508717141114,2667.0
13971.508717141114,2555.0
15171.508717141114,2555.0
15171.508717141114,2429.0
58371.508717141114,2429.0
58371.508717141114,2234.0
74405.21320772823,2234.0
74405.21320772823,2667.0
86400.000002,2667.0
# temp #6688
0.0,2234.0
47525.970371556476,2234.0
47525.970371556476,2429.0
79625.97037155647,2429.0
79625.97037155647,2555.0
79925.97037155647,2555.0
79925.97037155647,2667.0
86400.000002,2667.0
# temp #6689
0.0,2234.0
64210.24354146795,2234.0
64210.24354146795,2555.0
65698.11754755212,2555.0
65698.11754755212,2667.0
66000.64563900234,2667.0
66000.64563900234,2555.0
72000.64563900234,2555.0
72000.64563900234,2429.0
74400.64563900234,2429.0
74400.64563900234,2234.0
78000.64563900234,2234.0
78000.64563900234,2429.0
79200.64563900234,2429.0
79200.64563900234,2234.0
84900.64563900234,2234.0
84900.64563900234,2429.0
86400.0,2429.0
# temp #6690
0.0,2234.0
6874.910465162249,2234.0
6874.910465162249,2667.0
40894.82217400801,2667.0
40894.82217400801,2555.0
41471.967244776904,2555.0
41471.967244776904,2667.0
75328.46280676314,2667.0
75328.46280676314,2555.0
75628.46280676314,2555.0
75628.46280676314,2667.0
76488.00844559447,2667.0
76488.00844559447,2555.0
77088.00844559447,2555.0
77088.00844559447,2667.0
86400.0,2667.0
# temp #6691
0.0,2234.0
35707.22000256647,2234.0
35707.22000256647,2429.0
36242.567765945576,2429.0
36242.567765945576,2555.0
36773.68009896018,2555.0
36773.68009896018,2429.0
71221.38547268698,2429.0
71221.38547268698,2555.0
86400.0,2555.0
# temp #6692
0.0,2234.0
72191.60887633917,2234.0
72191.60887633917,2555.0
77212.93512086851,2555.0
77212.93512086851,2429.0
86400.000002,2429.0
# temp #6693
0.0,2234.0
2606.740973470733,2234.0
2606.740973470733,2429.0
2950.5281370598827,2429.0
2950.5281370598827,2555.0
3493.853303091601,2555.0
3493.853303091601,2429.0
30992.401814670306,2429.0
30992.401814670306,2555.0
49627.34190097545,2555.0
49627.34190097545,2667.0
70004.39695206007,2667.0
70004.39695206007,2555.0
77588.67510755082,2555.0
77588.67510755082,2667.0
86400.000002,2667.0
# temp #6694
0.0,2234.0
57342.881767870866,2234.0
57342.881767870866,2555.0
86400.0,2555.0
# temp #6695
0.0,2234.0
48202.92021764909,2234.0
48202.92021764909,2429.0
80302.92021764908,2429.0
80302.92021764908,2555.0
80602.92021764908,2555.0
80602.92021764908,2667.0
86400.000002,2667.0
# temp #6696
0.0,2234.0
17630.14208064415,2234.0
17630.14208064415,2429.0
49730.142080644146,2429.0
49730.142080644146,2555.0
50030.142080644146,2555.0
50030.142080644146,2667.0
66336.46153856535,2667.0
66336.46153856535,2234.0
86400.0,2234.0
# temp #6697
0.0,2234.0
56453.70556886774,2234.0
56453.70556886774,2429.0
57023.75429214445,2429.0
57023.75429214445,2555.0
60016.45312251058,2555.0
60016.45312251058,2429.0
61884.257822250955,2429.0
61884.257822250955,2667.0
81942.12086554618,2667.0
81942.12086554618,2234.0
86400.0,2234.0
# temp #6698
0.0,2234.0
15840.453573851848,2234.0
15840.453573851848,2555.0
20187.257968657654,2555.0
20187.257968657654,2429.0
20673.297828761864,2429.0
20673.297828761864,2555.0
26405.639576492835,2555.0
26405.639576492835,2429.0
27395.693840458993,2429.0
27395.693840458993,2234.0
27512.261152826253,2234.0
27512.261152826253,2429.0
28245.35407754593,2429.0
28245.35407754593,2555.0
48087.64333175496,2555.0
48087.64333175496,2429.0
51295.482913590975,2429.0
51295.482913590975,2555.0
80824.41126212945,2555.0
80824.41126212945,2429.0
86400.0,2429.0
# temp #6699
0.0,2234.0
34578.15993139521,2234.0
34578.15993139521,2429.0
41478.15993139521,2429.0
41478.15993139521,2555.0
43278.15993139521,2555.0
43278.15993139521,2429.0
56178.15993139521,2429.0
56178.15993139521,2234.0
56478.15993139521,2234.0
56478.15993139521,2017.0
56778.15993139521,2017.0
56778.15993139521,2234.0
57078.15993139521,2234.0
57078.15993139521,2017.0
71289.9678027956,2017.0
71289.9678027956,2234.0
86400.0,2234.0
# temp #6700
0.0,2234.0
4754.627738543787,2234.0
4754.627738543787,2667.0
24780.110521987084,2667.0
24780.110521987084,2555.0
25719.784008432183,2555.0
25719.784008432183,2667.0
55308.09968907853,2667.0
55308.09968907853,2555.0
58308.09968907853,2555.0
58308.09968907853,2667.0
84408.09968907853,2667.0
84408.09968907853,2883.0
86400.0,2883.0
# temp #6701
0.0,2234.0
32098.52180220187,2234.0
32098.52180220187,2429.0
32398.52180220187,2429.0
32398.52180220187,2234.0
37016.64266232402,2234.0
37016.64266232402,2429.0
56085.29667081312,2429.0
56085.29667081312,2555.0
68740.6081712572,2555.0
68740.6081712572,2429.0
86400.000002,2429.0
# temp #6702
0.0,2234.0
2846.9928861362864,2234.0
2846.9928861362864,2555.0
3424.496170668863,2555.0
3424.496170668863,2667.0
3964.285696484149,2667.0
3964.285696484149,2555.0
4264.285696484149,2555.0
4264.285696484149,2667.0
30964.28569648415,2667.0
30964.28569648415,2555.0
46864.28569648415,2555.0
46864.28569648415,2234.0
50464.28569648415,2234.0
50464.28569648415,2429.0
60364.28569648415,2429.0
60364.28569648415,2555.0
60964.28569648415,2555.0
60964.28569648415,2667.0
73264.28569648415,2667.0
73264.28569648415,2883.0
86400.000002,2883.0
# temp #6703
0.0,2234.0
69462.35622419046,2234.0
69462.35622419046,2555.0
86400.0,2555.0
# temp #6704
0.0,2234.0
7721.310905925931,2234.0
7721.310905925931,2667.0
53252.67448404339,2667.0
53252.67448404339,2555.0
54655.57854620275,2555.0
54655.57854620275,2667.0
69390.88051817381,2667.0
69390.88051817381,2555.0
69690.88051817381,2555.0
69690.88051817381,2429.0
86400.000002,2429.0
# temp #6705
0.0,2234.0
39898.88560522814,2234.0
39898.88560522814,2555.0
42974.19932554477,2555.0
42974.19932554477,2667.0
43344.11109660287,2667.0
43344.11109660287,2555.0
43644.11109660287,2555.0
43644.11109660287,2667.0
70344.11109660286,2667.0
70344.11109660286,2555.0
86244.11109660286,2555.0
86244.11109660286,2234.0
86400.000002,2234.0
# temp #6706
0.0,2234.0
81675.3593082307,2234.0
81675.3593082307,2555.0
85121.15272718949,2555.0
85121.15272718949,2667.0
85491.37497784106,2667.0
85491.37497784106,2555.0
86400.000002,2555.0
# temp #6707
0.0,2234.0
36061.534898914404,2234.0
36061.534898914404,2555.0
61444.69672492707,2555.0
61444.69672492707,2429.0
61941.38392384631,2429.0
61941.38392384631,2555.0
83343.62604233903,2555.0
83343.62604233903,2429.0
84155.00138460194,2429.0
84155.00138460194,2234.0
85719.19737593272,2234.0
85719.19737593272,2429.0
86400.0,2429.0
# temp #6708
0.0,2234.0
2812.645772332326,2234.0
2812.645772332326,2667.0
3887.5105524435644,2667.0
3887.5105524435644,2555.0
4872.434728033842,2555.0
4872.434728033842,2429.0
25488.361245067794,2429.0
25488.361245067794,2234.0
29383.475258806724,2234.0
29383.475258806724,2429.0
72119.76767876187,2429.0
72119.76767876187,2883.0
86400.000002,2883.0
# temp #6709
0.0,2234.0
24179.604063509036,2234.0
24179.604063509036,2017.0
52644.26346304827,2017.0
52644.26346304827,2234.0
86400.0,2234.0
# temp #6710
0.0,2234.0
7256.470250571148,2234.0
7256.470250571148,2667.0
52261.43477791921,2667.0
52261.43477791921,2555.0
52931.935356091715,2555.0
52931.935356091715,2667.0
75889.46847526824,2667.0
75889.46847526824,2555.0
76489.46847526824,2555.0
76489.46847526824,2667.0
86400.0,2667.0
# temp #6711
0.0,2234.0
15245.522285182964,2234.0
15245.522285182964,2883.0
26345.522285182964,2883.0
26345.522285182964,2555.0
62395.295554865166,2555.0
62395.295554865166,2429.0
70884.52363531107,2429.0
70884.52363531107,2555.0
85355.89841015173,2555.0
85355.89841015173,2429.0
86400.0,2429.0
# temp #6712
0.0,2234.0
58273.43280853238,2234.0
58273.43280853238,2555.0
78353.98983496707,2555.0
78353.98983496707,2234.0
86400.0,2234.0
# temp #6713
0.0,2234.0
42883.56451098808,2234.0
42883.56451098808,2555.0
47081.487755617134,2555.0
47081.487755617134,2429.0
85742.12813987398,2429.0
85742.12813987398,2234.0
86400.000002,2234.0
# temp #6714
0.0,2234.0
3169.3273784592748,2234.0
3169.3273784592748,2883.0
4057.4409902561456,2883.0
4057.4409902561456,2667.0
13018.678148137406,2667.0
13018.678148137406,2883.0
14802.668738015927,2883.0
14802.668738015927,2429.0
23526.30515866913,2429.0
23526.30515866913,2555.0
33990.57838381268,2555.0
33990.57838381268,2429.0
40476.06064989232,2429.0
40476.06064989232,2555.0
57412.038547592245,2555.0
57412.038547592245,2667.0
74225.1885938924,2667.0
74225.1885938924,2555.0
79147.36315542833,2555.0
79147.36315542833,2429.0
80969.74446109963,2429.0
80969.74446109963,2667.0
86400.000002,2667.0
# temp #6715
0.0,2234.0
26465.945290192034,2234.0
26465.945290192034,2555.0
30869.910100987185,2555.0
30869.910100987185,2667.0
31453.744013677355,2667.0
31453.744013677355,2555.0
37453.74401367736,2555.0
37453.74401367736,2429.0
39853.74401367736,2429.0
39853.74401367736,2234.0
43453.74401367736,2234.0
43453.74401367736,2429.0
44653.74401367736,2429.0
44653.74401367736,2234.0
50353.74401367736,2234.0
50353.74401367736,2429.0
84305.96204262694,2429.0
84305.96204262694,2555.0
86400.000002,2555.0
# temp #6716
0.0,2234.0
17935.834444896318,2234.0
17935.834444896318,2429.0
18278.59649215825,2429.0
18278.59649215825,2234.0
19090.937076020055,2234.0
19090.937076020055,2429.0
22174.008186743595,2429.0
22174.008186743595,2234.0
25814.61295487825,2234.0
25814.61295487825,2429.0
26860.17770015169,2429.0
26860.17770015169,2555.0
27301.573700015433,2555.0
27301.573700015433,2429.0
27601.573700015433,2429.0
27601.573700015433,2555.0
27901.573700015433,2555.0
27901.573700015433,2429.0
28501.573700015433,2429.0
28501.573700015433,2555.0
31675.036811758764,2555.0
31675.036811758764,2429.0
57947.54800647497,2429.0
57947.54800647497,2555.0
75287.924119737,2555.0
75287.924119737,2429.0
86400.0,2429.0
# temp #6717
0.0,2234.0
4644.636039691977,2234.0
4644.636039691977,2883.0
15744.636039691977,2883.0
15744.636039691977,2555.0
30962.018387555145,2555.0
30962.018387555145,2667.0
37776.28949806094,2667.0
37776.28949806094,2234.0
47462.99641770311,2234.0
47462.99641770311,2429.0
68838.18692823406,2429.0
68838.18692823406,2555.0
75259.44952508436,2555.0
75259.44952508436,2429.0
86400.0,2429.0
# temp #6718
0.0,2234.0
34345.285187428824,2234.0
34345.285187428824,2429.0
34741.920162504546,2429.0
34741.920162504546,2234.0
35378.07057991159,2234.0
35378.07057991159,2429.0
37659.517378709286,2429.0
37659.517378709286,2234.0
58341.92588841544,2234.0
58341.92588841544,2429.0
59627.02019149439,2429.0
59627.02019149439,2555.0
60661.23583428563,2555.0
60661.23583428563,2429.0
60961.23583428563,2429.0
60961.23583428563,2555.0
61261.23583428563,2555.0
61261.23583428563,2429.0
61861.23583428563,2429.0
61861.23583428563,2555.0
64664.33790810408,2555.0
64664.33790810408,2429.0
78432.33200737742,2429.0
78432.33200737742,2555.0
85705.71575684009,2555.0
85705.71575684009,2667.0
86400.000002,2667.0
# temp #6719
0.0,2234.0
31331.593234813776,2234.0
31331.593234813776,2555.0
69359.03259550688,2555.0
69359.03259550688,2429.0
69932.99059232233,2429.0
69932.99059232233,2555.0
82703.60697903672,2555.0
82703.60697903672,2429.0
83357.5170137454,2429.0
83357.5170137454,2555.0
83934.33931474575,2555.0
83934.33931474575,2429.0
84234.33931474575,2429.0
84234.33931474575,2555.0
84534.33931474575,2555.0
84534.33931474575,2429.0
85134.33931474575,2429.0
85134.33931474575,2555.0
86400.000002,2555.0
# temp #6720
0.0,2234.0
11593.023110018114,2234.0
11593.023110018114,2883.0
13336.128249904143,2883.0
13336.128249904143,2667.0
23186.022991756912,2667.0
23186.022991756912,2883.0
24592.906567035247,2883.0
24592.906567035247,2429.0
51840.95926971641,2429.0
51840.95926971641,2234.0
75156.32684421727,2234.0
75156.32684421727,2429.0
86400.0,2429.0
# temp #6721
0.0,2234.0
73375.6301094778,2234.0
73375.6301094778,2555.0
77635.66192591099,2555.0
77635.66192591099,2667.0
86400.0,2667.0
# temp #6722
0.0,2234.0
73180.77521889938,2234.0
73180.77521889938,2555.0
74621.57622885426,2555.0
74621.57622885426,2429.0
82671.49950277527,2429.0
82671.49950277527,2234.0
84898.60021595379,2234.0
84898.60021595379,2429.0
86400.0,2429.0
# temp #6723
0.0,2234.0
749.1579002235085,2234.0
749.1579002235085,2667.0
5039.682998461649,2667.0
5039.682998461649,2555.0
6248.422096995637,2555.0
6248.422096995637,2667.0
30642.279078369033,2667.0
30642.279078369033,2555.0
30942.279078369033,2555.0
30942.279078369033,2667.0
31678.90259397682,2667.0
31678.90259397682,2555.0
32278.90259397682,2555.0
32278.90259397682,2667.0
48929.80034155772,2667.0
48929.80034155772,2555.0
61887.74163443596,2555.0
61887.74163443596,2429.0
73782.91177446955,2429.0
73782.91177446955,2234.0
86400.0,2234.0
# temp #6724
0.0,2234.0
17062.240388081413,2234.0
17062.240388081413,2429.0
17548.571808496494,2429.0
17548.571808496494,2555.0
20584.03613478877,2555.0
20584.03613478877,2429.0
26502.713501150727,2429.0
26502.713501150727,2234.0
50690.08432086558,2234.0
50690.08432086558,2429.0
86400.000002,2429.0
# temp #6725
0.0,2234.0
45673.6925873207,2234.0
45673.6925873207,2429.0
46049.333119648516,2429.0
46049.333119648516,2555.0
46361.26428048593,2555.0
46361.26428048593,2429.0
82082.91385006161,2429.0
82082.91385006161,2555.0
86400.0,2555.0
# temp #6726
0.0,2234.0
7829.433241020889,2234.0
7829.433241020889,2429.0
8420.845745899716,2429.0
8420.845745899716,2555.0
11440.801524021665,2555.0
11440.801524021665,2429.0
33030.35235693678,2429.0
33030.35235693678,2555.0
45280.89352198877,2555.0
45280.89352198877,2429.0
71449.76805103943,2429.0
71449.76805103943,2555.0
79112.62937898283,2555.0
79112.62937898283,2429.0
86400.0,2429.0
# temp #6727
0.0,2234.0
8406.975063658321,2234.0
8406.975063658321,2667.0
17291.902914759707,2667.0
17291.902914759707,2555.0
18291.646132268947,2555.0
18291.646132268947,2667.0
39285.45203909744,2667.0
39285.45203909744,2555.0
39585.45203909744,2555.0
39585.45203909744,2667.0
40432.83488920425,2667.0
40432.83488920425,2555.0
41032.83488920425,2555.0
41032.83488920425,2667.0
48443.64064503462,2667.0
48443.64064503462,2555.0
58466.447276878185,2555.0
58466.447276878185,2429.0
58541.498612193405,2429.0
58541.498612193405,2555.0
77536.06555068401,2555.0
77536.06555068401,2429.0
86400.0,2429.0
# temp #6728
0.0,2234.0
6139.773556008005,2234.0
6139.773556008005,2667.0
35418.54838861618,2667.0
35418.54838861618,2555.0
36440.75222464745,2555.0
36440.75222464745,2667.0
48662.95657698066,2667.0
48662.95657698066,2555.0
48962.95657698066,2555.0
48962.95657698066,2667.0
49262.95657698066,2667.0
49262.95657698066,2555.0
52562.95657698066,2555.0
52562.95657698066,2667.0
78062.95657698065,2667.0
78062.95657698065,2883.0
86400.0,2883.0
# temp #6729
0.0,2234.0
15613.909975695427,2234.0
15613.909975695427,2883.0
26713.909975695427,2883.0
26713.909975695427,2555.0
38983.80734694657,2555.0
38983.80734694657,2667.0
75035.5881949654,2667.0
75035.5881949654,2555.0
86400.0,2555.0
# temp #6730
0.0,2234.0
30417.778333369642,2234.0
30417.778333369642,2555.0
32190.42965322733,2555.0
32190.42965322733,2667.0
50489.54044338316,2667.0
50489.54044338316,2883.0
67248.89494562522,2883.0
67248.89494562522,2667.0
83050.30731197914,2667.0
83050.30731197914,2555.0
86400.0,2555.0
# temp #6731
0.0,2234.0
33919.54181464389,2234.0
33919.54181464389,2429.0
34519.54181464389,2429.0
34519.54181464389,2555.0
36215.966291818775,2555.0
36215.966291818775,2429.0
70403.81136462094,2429.0
70403.81136462094,2555.0
71958.11410651078,2555.0
71958.11410651078,2429.0
86400.000002,2429.0
# temp #6732
0.0,2234.0
42144.11285212264,2234.0
42144.11285212264,2555.0
66775.38207792678,2555.0
66775.38207792678,2429.0
86400.000002,2429.0
# temp #6733
0.0,2234.0
41284.05889563729,2234.0
41284.05889563729,2429.0
41660.04972530064,2429.0
41660.04972530064,2234.0
42277.8419533046,2234.0
42277.8419533046,2429.0
46880.811029789045,2429.0
46880.811029789045,2234.0
69836.4881008398,2234.0
69836.4881008398,2429.0
70613.60378935935,2429.0
70613.60378935935,2234.0
83412.17588998844,2234.0
83412.17588998844,2429.0
86400.000002,2429.0
# temp #6734
0.0,2234.0
69911.87011955773,2234.0
69911.87011955773,2555.0
73240.45629962349,2555.0
73240.45629962349,2667.0
83140.45629962349,2667.0
83140.45629962349,2555.0
83981.46414323711,2555.0
83981.46414323711,2429.0
86400.000002,2429.0
# temp #6735
0.0,2234.0
20413.38498455007,2234.0
20413.38498455007,2429.0
20985.52339500748,2429.0
20985.52339500748,2555.0
21485.538870608438,2555.0
21485.538870608438,2429.0
57288.82279596293,2429.0
57288.82279596293,2555.0
58420.636737509645,2555.0
58420.636737509645,2429.0
86400.000002,2429.0
# temp #6736
0.0,2234.0
47634.65411639772,2234.0
47634.65411639772,2883.0
50034.65411639772,2883.0
50034.65411639772,2667.0
71328.96079807542,2667.0
71328.96079807542,2555.0
86400.000002,2555.0
# temp #6737
0.0,2234.0
11529.120862833226,2234.0
11529.120862833226,2555.0
20483.16572683398,2555.0
20483.16572683398,2429.0
20895.136180473495,2429.0
20895.136180473495,2555.0
33468.109685531825,2555.0
33468.109685531825,2429.0
34294.65933430475,2429.0
34294.65933430475,2555.0
35425.0572732417,2555.0
35425.0572732417,2429.0
35725.0572732417,2429.0
35725.0572732417,2555.0
37225.0572732417,2555.0
37225.0572732417,2429.0
47425.0572732417,2429.0
47425.0572732417,2234.0
86400.000002,2234.0
# temp #6738
0.0,2234.0
4164.15315011982,2234.0
4164.15315011982,2667.0
30690.964278392497,2667.0
30690.964278392497,2555.0
31327.80698826537,2555.0
31327.80698826537,2667.0
68795.67272791175,2667.0
68795.67272791175,2555.0
69095.67272791175,2555.0
69095.67272791175,2667.0
69395.67272791175,2667.0
69395.67272791175,2555.0
72695.67272791175,2555.0
72695.67272791175,2667.0
86400.000002,2667.0
# temp #6739
0.0,2234.0
36494.54252701253,2234.0
36494.54252701253,2883.0
38894.54252701253,2883.0
38894.54252701253,2667.0
39667.80158355832,2667.0
39667.80158355832,2883.0
62819.09757137764,2883.0
62819.09757137764,2429.0
64957.06284348853,2429.0
64957.06284348853,2667.0
68121.50504083838,2667.0
68121.50504083838,2234.0
79781.69277661946,2234.0
79781.69277661946,2667.0
86400.000002,2667.0
# temp #6740
0.0,2234.0
7487.616081163289,2234.0
7487.616081163289,2667.0
37893.74599554577,2667.0
37893.74599554577,2555.0
38889.484669687234,2555.0
38889.484669687234,2667.0
72262.11121331436,2667.0
72262.11121331436,2555.0
72862.11121331436,2555.0
72862.11121331436,2667.0
86400.0,2667.0
# temp #6741
0.0,2234.0
9246.30160618108,2234.0
9246.30160618108,2555.0
26179.329064744532,2555.0
26179.329064744532,2429.0
26559.979527653202,2429.0
26559.979527653202,2555.0
49608.08236661834,2555.0
49608.08236661834,2429.0
50222.078623040594,2429.0
50222.078623040594,2555.0
50867.65417379794,2555.0
50867.65417379794,2429.0
86400.0,2429.0
# temp #6742
0.0,2234.0
3154.964315774851,2234.0
3154.964315774851,2667.0
9996.617160039024,2667.0
9996.617160039024,2555.0
11164.65272200294,2555.0
11164.65272200294,2667.0
45678.401982458316,2667.0
45678.401982458316,2555.0
45978.401982458316,2555.0
45978.401982458316,2667.0
46651.289279898636,2667.0
46651.289279898636,2555.0
47251.289279898636,2555.0
47251.289279898636,2667.0
70506.48375756574,2667.0
70506.48375756574,2555.0
86400.0,2555.0
# temp #6743
0.0,2234.0
49102.598494431004,2234.0
49102.598494431004,2883.0
51502.598494431004,2883.0
51502.598494431004,2667.0
79948.27997828834,2667.0
79948.27997828834,2883.0
86400.000002,2883.0
# temp #6744
0.0,2234.0
6571.442653471605,2234.0
6571.442653471605,2555.0
30597.501230193306,2555.0
30597.501230193306,2429.0
69296.58179352993,2429.0
69296.58179352993,2234.0
75884.49146503118,2234.0
75884.49146503118,2429.0
83388.38258776815,2429.0
83388.38258776815,2234.0
86400.0,2234.0
# temp #6745
0.0,2234.0
42282.37933684141,2234.0
42282.37933684141,2555.0
46312.89237078746,2555.0
46312.89237078746,2667.0
46810.92757803854,2667.0
46810.92757803854,2555.0
47110.92757803854,2555.0
47110.92757803854,2667.0
50710.92757803854,2667.0
50710.92757803854,2555.0
52210.92757803854,2555.0
52210.92757803854,2429.0
71581.51469989681,2429.0
71581.51469989681,2234.0
76079.97078238988,2234.0
76079.97078238988,2667.0
81493.17269464956,2667.0
81493.17269464956,2555.0
85761.53693078087,2555.0
85761.53693078087,2667.0
86400.000002,2667.0
# temp #6746
0.0,2234.0
49427.15479109903,2234.0
49427.15479109903,2429.0
81527.15479109902,2429.0
81527.15479109902,2555.0
81827.15479109902,2555.0
81827.15479109902,2667.0
86400.0,2667.0
# temp #6747
0.0,2234.0
85756.74565611409,2234.0
85756.74565611409,2555.0
86400.000002,2555.0
# temp #6748
0.0,2234.0
3434.754943661392,2234.0
3434.754943661392,2429.0
3744.2964836256583,2429.0
3744.2964836256583,2555.0
8626.083614607343,2555.0
8626.083614607343,2429.0
36883.454615925446,2429.0
36883.454615925446,2555.0
58149.976729368806,2555.0
58149.976729368806,2429.0
69127.5573521387,2429.0
69127.5573521387,2234.0
71161.85333279429,2234.0
71161.85333279429,2429.0
78496.75477696584,2429.0
78496.75477696584,2555.0
84831.06683464722,2555.0
84831.06683464722,2667.0
86400.0,2667.0
# temp #6749
0.0,2234.0
30407.543249870654,2234.0
30407.543249870654,2429.0
30945.54935221095,2429.0
30945.54935221095,2234.0
31727.6404067874,2234.0
31727.6404067874,2429.0
36552.61524575763,2429.0
36552.61524575763,2234.0
50647.76679687203,2234.0
50647.76679687203,2429.0
51138.2948804414,2429.0
51138.2948804414,2234.0
65574.52732825188,2234.0
65574.52732825188,2667.0
86400.0,2667.0
# temp #6750
0.0,2234.0
15222.155220969582,2234.0
15222.155220969582,2429.0
15641.61962340586,2429.0
15641.61962340586,2234.0
16377.697724453175,2234.0
16377.697724453175,2429.0
22027.341115172025,2429.0
22027.341115172025,2234.0
33585.68738750182,2234.0
33585.68738750182,2429.0
34079.77465367876,2429.0
34079.77465367876,2555.0
34524.113854626194,2555.0
34524.113854626194,2429.0
34824.113854626194,2429.0
34824.113854626194,2555.0
55224.113854626194,2555.0
55224.113854626194,2429.0
55524.113854626194,2429.0
55524.113854626194,2555.0
56124.113854626194,2555.0
56124.113854626194,2667.0
85368.2840286987,2667.0
85368.2840286987,2555.0
86400.000002,2555.0
# temp #6751
0.0,2234.0
3338.695001089946,2234.0
3338.695001089946,2667.0
26414.426416601058,2667.0
26414.426416601058,2555.0
27166.92755694967,2555.0
27166.92755694967,2667.0
31483.98391089868,2667.0
31483.98391089868,2555.0
31783.98391089868,2555.0
31783.98391089868,2429.0
64904.894273565165,2429.0
64904.894273565165,2555.0
67038.83252015804,2555.0
67038.83252015804,2667.0
86400.0,2667.0
# temp #6752
0.0,2234.0
79571.5998835629,2234.0
79571.5998835629,2555.0
80843.16434666982,2555.0
80843.16434666982,2667.0
86400.0,2667.0
# temp #6753
0.0,2234.0
28279.0282860864,2234.0
28279.0282860864,2555.0
46772.68606172875,2555.0
46772.68606172875,2429.0
77028.75174628572,2429.0
77028.75174628572,2234.0
79359.47075639853,2234.0
79359.47075639853,2429.0
86400.000002,2429.0
# temp #6754
0.0,2234.0
9592.283027688974,2234.0
9592.283027688974,2555.0
13722.759563382719,2555.0
13722.759563382719,2667.0
14163.903726101857,2667.0
14163.903726101857,2555.0
14463.903726101857,2555.0
14463.903726101857,2667.0
41163.90372610185,2667.0
41163.90372610185,2555.0
57063.90372610185,2555.0
57063.90372610185,2234.0
60663.90372610185,2234.0
60663.90372610185,2429.0
70563.90372610185,2429.0
70563.90372610185,2555.0
71163.90372610185,2555.0
71163.90372610185,2667.0
83463.90372610185,2667.0
83463.90372610185,2883.0
86400.0,2883.0
# temp #6755
0.0,2234.0
2173.627873021178,2234.0
2173.627873021178,2883.0
2968.241199175827,2883.0
2968.241199175827,2667.0
9646.970986831002,2667.0
9646.970986831002,2883.0
31573.62833276857,2883.0
31573.62833276857,2429.0
34371.82714997326,2429.0
34371.82714997326,2555.0
65748.88974172065,2555.0
65748.88974172065,2429.0
86400.000002,2429.0
# temp #6756
0.0,2234.0
15120.240822737109,2234.0
15120.240822737109,2883.0
15741.557996277701,2883.0
15741.557996277701,2667.0
20895.68442581222,2667.0
20895.68442581222,2883.0
53397.706765425406,2883.0
53397.706765425406,2429.0
62101.38373479714,2429.0
62101.38373479714,2555.0
81270.71516162252,2555.0
81270.71516162252,2667.0
86400.0,2667.0
# temp #6757
0.0,2234.0
80617.97504788266,2234.0
80617.97504788266,2555.0
86400.000002,2555.0
# temp #6758
0.0,2234.0
5673.751261015424,2234.0
5673.751261015424,2667.0
51071.358601329855,2667.0
51071.358601329855,2555.0
51481.2451644335,2555.0
51481.2451644335,2667.0
75846.30931746216,2667.0
75846.30931746216,2555.0
76446.30931746216,2555.0
76446.30931746216,2667.0
86400.0,2667.0
# temp #6759
0.0,2234.0
12033.885341556745,2234.0
12033.885341556745,2883.0
13662.152655562388,2883.0
13662.152655562388,2667.0
23806.29590756726,2667.0
23806.29590756726,2883.0
42509.89913118538,2883.0
42509.89913118538,2667.0
43666.28740564921,2667.0
43666.28740564921,2555.0
54407.24728158676,2555.0
54407.24728158676,2667.0
86400.000002,2667.0
# temp #6760
0.0,2234.0
2408.790264464915,2234.0
2408.790264464915,2883.0
3151.208909950219,2883.0
3151.208909950219,2667.0
9283.880052133463,2667.0
9283.880052133463,2883.0
9873.246205109172,2883.0
9873.246205109172,2667.0
27357.490210700784,2667.0
27357.490210700784,2555.0
46356.51078633965,2555.0
46356.51078633965,2667.0
67371.95842859802,2667.0
67371.95842859802,2555.0
86400.000002,2555.0
# temp #6761
0.0,2234.0
16438.46393823624,2234.0
16438.46393823624,2555.0
34115.1058820542,2555.0
34115.1058820542,2429.0
52755.36075881684,2429.0
52755.36075881684,2234.0
53055.36075881684,2234.0
53055.36075881684,2017.0
54167.68969420811,2017.0
54167.68969420811,2234.0
84905.98301582506,2234.0
84905.98301582506,2429.0
86400.000002,2429.0
# temp #6762
0.0,2234.0
33715.66521988717,2234.0
33715.66521988717,2555.0
41622.28029782419,2555.0
41622.28029782419,2429.0
41948.76811124851,2429.0
41948.76811124851,2555.0
56708.45176437871,2555.0
56708.45176437871,2429.0
58156.86361268164,2429.0
58156.86361268164,2555.0
59386.89239630477,2555.0
59386.89239630477,2429.0
86400.0,2429.0
# temp #6763
0.0,2234.0
1234.1236086096615,2234.0
1234.1236086096615,2667.0
23195.361468940977,2667.0
23195.361468940977,2555.0
23635.591359715912,2555.0
23635.591359715912,2429.0
45085.02444948536,2429.0
45085.02444948536,2234.0
53721.55804233626,2234.0
53721.55804233626,2429.0
83280.58008982336,2429.0
83280.58008982336,2555.0
86252.2499458166,2555.0
86252.2499458166,2667.0
86400.000002,2667.0
# temp #6764
0.0,2234.0
6857.581454026514,2234.0
6857.581454026514,2555.0
17773.398561752405,2555.0
17773.398561752405,2429.0
18159.607681492347,2429.0
18159.607681492347,2555.0
30318.61713551917,2555.0
30318.61713551917,2429.0
31203.8720546756,2429.0
31203.8720546756,2555.0
32281.11815038138,2555.0
32281.11815038138,2429.0
32581.11815038138,2429.0
32581.11815038138,2555.0
52981.11815038138,2555.0
52981.11815038138,2429.0
53281.11815038138,2429.0
53281.11815038138,2555.0
53881.11815038138,2555.0
53881.11815038138,2667.0
57490.59967850336,2667.0
57490.59967850336,2883.0
65196.08636149206,2883.0
65196.08636149206,2667.0
79293.66791532376,2667.0
79293.66791532376,2883.0
86400.0,2883.0
# temp #6765
0.0,2234.0
43401.03028267622,2234.0
43401.03028267622,2555.0
59504.81968503446,2555.0
59504.81968503446,2667.0
70749.8898107093,2667.0
70749.8898107093,2234.0
79585.21558342037,2234.0
79585.21558342037,2429.0
86400.000002,2429.0
# temp #6766
0.0,2234.0
80007.97963903753,2234.0
80007.97963903753,2555.0
86400.0,2555.0
# temp #6767
0.0,2234.0
85510.92862605584,2234.0
85510.92862605584,2555.0
86400.0,2555.0
# temp #6768
0.0,2234.0
21877.224055817354,2234.0
21877.224055817354,2017.0
27879.23060911708,2017.0
27879.23060911708,2234.0
47494.32062865236,2234.0
47494.32062865236,2017.0
82151.90744460562,2017.0
82151.90744460562,2234.0
86400.000002,2234.0
# temp #6769
0.0,2234.0
23865.969004179355,2234.0
23865.969004179355,2555.0
51130.72274022271,2555.0
51130.72274022271,2429.0
56549.52791773249,2429.0
56549.52791773249,2234.0
57149.52791773249,2234.0
57149.52791773249,2429.0
75449.52791773248,2429.0
75449.52791773248,2555.0
76949.52791773248,2555.0
76949.52791773248,2429.0
86400.000002,2429.0
# temp #6770
0.0,2234.0
26716.73359642737,2234.0
26716.73359642737,2555.0
41767.748886113994,2555.0
41767.748886113994,2429.0
86400.000002,2429.0
# temp #6771
0.0,2234.0
5961.72341471538,2234.0
5961.72341471538,2667.0
54881.910349312246,2667.0
54881.910349312246,2555.0
55924.31378213224,2555.0
55924.31378213224,2667.0
62373.31829045434,2667.0
62373.31829045434,2555.0
62673.31829045434,2555.0
62673.31829045434,2667.0
63414.029376022525,2667.0
63414.029376022525,2555.0
64014.029376022525,2555.0
64014.029376022525,2667.0
86400.000002,2667.0
# temp #6772
0.0,2234.0
5445.140017988161,2234.0
5445.140017988161,2667.0
6119.554662122392,2667.0
6119.554662122392,2555.0
6537.163570686244,2555.0
6537.163570686244,2667.0
43855.245236190975,2667.0
43855.245236190975,2555.0
44155.245236190975,2555.0
44155.245236190975,2429.0
50551.69332500082,2429.0
50551.69332500082,2555.0
53443.63839549479,2555.0
53443.63839549479,2667.0
85916.97344526184,2667.0
85916.97344526184,2883.0
86400.0,2883.0
# temp #6773
0.0,2234.0
40908.231244445786,2234.0
40908.231244445786,2429.0
41262.02148268931,2429.0
41262.02148268931,2555.0
41645.85723686033,2555.0
41645.85723686033,2429.0
59555.70002398455,2429.0
59555.70002398455,2883.0
69679.82339537704,2883.0
69679.82339537704,2667.0
86400.0,2667.0
# temp #6774
0.0,2234.0
8413.7765864376,2234.0
8413.7765864376,2667.0
15036.798883066516,2667.0
15036.798883066516,2555.0
16378.722911817025,2555.0
16378.722911817025,2429.0
22042.526523862038,2429.0
22042.526523862038,2555.0
39187.55729086698,2555.0
39187.55729086698,2667.0
59559.914894797854,2667.0
59559.914894797854,2234.0
59901.99260995725,2234.0
59901.99260995725,2555.0
64796.76591516474,2555.0
64796.76591516474,2429.0
86400.000002,2429.0
# temp #6775
0.0,2234.0
79515.35853620154,2234.0
79515.35853620154,2555.0
86400.0,2555.0
# temp #6776
0.0,2234.0
29774.343655980196,2234.0
29774.343655980196,2429.0
61874.34365598019,2429.0
61874.34365598019,2555.0
62174.34365598019,2555.0
62174.34365598019,2667.0
66762.76437963825,2667.0
66762.76437963825,2555.0
86400.000002,2555.0
# temp #6777
0.0,2234.0
32462.64066200238,2234.0
32462.64066200238,2429.0
33018.69519765024,2429.0
33018.69519765024,2555.0
34359.70277676825,2555.0
34359.70277676825,2429.0
41912.07240682562,2429.0
41912.07240682562,2883.0
58006.34749825113,2883.0
58006.34749825113,2429.0
76779.37304377557,2429.0
76779.37304377557,2555.0
86400.0,2555.0
# temp #6778
0.0,2234.0
28769.888004474346,2234.0
28769.888004474346,2017.0
57769.496570248164,2017.0
57769.496570248164,2234.0
65274.53832104803,2234.0
65274.53832104803,2017.0
70055.13685340995,2017.0
70055.13685340995,2234.0
86400.0,2234.0
# temp #6779
0.0,2234.0
19613.045376003724,2234.0
19613.045376003724,2429.0
20125.62787458301,2429.0
20125.62787458301,2555.0
21230.84042295814,2555.0
21230.84042295814,2429.0
40282.84285711125,2429.0
40282.84285711125,2555.0
62649.40476038029,2555.0
62649.40476038029,2429.0
65176.01384769661,2429.0
65176.01384769661,2667.0
86400.0,2667.0
# temp #6780
0.0,2234.0
1894.102304801345,2234.0
1894.102304801345,2667.0
34360.65479340032,2667.0
34360.65479340032,2555.0
35777.67180902884,2555.0
35777.67180902884,2667.0
61269.29908990861,2667.0
61269.29908990861,2555.0
61569.29908990861,2555.0
61569.29908990861,2667.0
61869.29908990861,2667.0
61869.29908990861,2555.0
65169.29908990861,2555.0
65169.29908990861,2667.0
86400.0,2667.0
# temp #6781
0.0,2234.0
26379.940883070234,2234.0
26379.940883070234,2429.0
26979.940883070234,2429.0
26979.940883070234,2555.0
28317.185701802377,2555.0
28317.185701802377,2429.0
56166.942261834636,2429.0
56166.942261834636,2555.0
65499.37799039763,2555.0
65499.37799039763,2429.0
77133.2563559292,2429.0
77133.2563559292,2234.0
86400.000002,2234.0
# temp #6782
0.0,2234.0
57639.45897936356,2234.0
57639.45897936356,2555.0
62140.359736676335,2555.0
62140.359736676335,2667.0
68440.35973667634,2667.0
68440.35973667634,2555.0
69640.35973667634,2555.0
69640.35973667634,2429.0
86400.000002,2429.0
# temp #6783
0.0,2234.0
2810.7115771388635,2234.0
2810.7115771388635,2883.0
3316.388416592963,2883.0
3316.388416592963,2667.0
8293.412405624986,2667.0
8293.412405624986,2883.0
29431.59361984581,2883.0
29431.59361984581,2429.0
34315.55438186043,2429.0
34315.55438186043,2555.0
52265.10104485788,2555.0
52265.10104485788,2667.0
79333.75754286537,2667.0
79333.75754286537,2555.0
86400.000002,2555.0
# temp #6784
0.0,2234.0
47934.34977040161,2234.0
47934.34977040161,2555.0
52013.55618329254,2555.0
52013.55618329254,2667.0
61913.55618329254,2667.0
61913.55618329254,2555.0
65697.06395992545,2555.0
65697.06395992545,2429.0
86400.000002,2429.0
# temp #6785
0.0,2234.0
4208.125923830085,2234.0
4208.125923830085,2667.0
14803.277226327922,2667.0
14803.277226327922,2555.0
16242.482622130778,2555.0
16242.482622130778,2667.0
50062.05964169932,2667.0
50062.05964169932,2555.0
50362.05964169932,2555.0
50362.05964169932,2667.0
50662.05964169932,2667.0
50662.05964169932,2555.0
53962.05964169932,2555.0
53962.05964169932,2667.0
79462.05964169932,2667.0
79462.05964169932,2883.0
86400.0,2883.0
# temp #6786
0.0,2234.0
2548.0717249447484,2234.0
2548.0717249447484,2555.0
5911.979807401077,2555.0
5911.979807401077,2667.0
6302.777107176372,2667.0
6302.777107176372,2555.0
12302.777107176371,2555.0
12302.777107176371,2429.0
14702.777107176371,2429.0
14702.777107176371,2234.0
18302.77710717637,2234.0
18302.77710717637,2429.0
19502.77710717637,2429.0
19502.77710717637,2234.0
25202.77710717637,2234.0
25202.77710717637,2429.0
37260.31350370031,2429.0
37260.31350370031,2555.0
51349.80498428923,2555.0
51349.80498428923,2429.0
86400.000002,2429.0
# temp #6787
0.0,2234.0
66466.98405314237,2234.0
66466.98405314237,2555.0
84602.65566904563,2555.0
84602.65566904563,2234.0
86400.000002,2234.0
# temp #6788
0.0,2234.0
923.5548891825601,2234.0
923.5548891825601,2667.0
36091.28507953138,2667.0
36091.28507953138,2555.0
36501.989901904024,2555.0
36501.989901904024,2429.0
84064.98016789557,2429.0
84064.98016789557,2883.0
86400.000002,2883.0
# temp #6789
0.0,2234.0
4761.928500467912,2234.0
4761.928500467912,2667.0
20673.979727947157,2667.0
20673.979727947157,2555.0
21464.434888050895,2555.0
21464.434888050895,2429.0
57566.890621092185,2429.0
57566.890621092185,2555.0
78119.21192547308,2555.0
78119.21192547308,2667.0
86400.0,2667.0
# temp #6790
0.0,2234.0
5731.550063844771,2234.0
5731.550063844771,2429.0
37831.55006384477,2429.0
37831.55006384477,2555.0
38131.55006384477,2555.0
38131.55006384477,2667.0
52763.00665838644,2667.0
52763.00665838644,2883.0
69768.24611853808,2883.0
69768.24611853808,2667.0
86400.0,2667.0
# temp #6791
0.0,2234.0
1032.5873563997447,2234.0
1032.5873563997447,2667.0
7332.882702467033,2667.0
7332.882702467033,2555.0
7849.675698042848,2555.0
7849.675698042848,2667.0
29029.207851598043,2667.0
29029.207851598043,2555.0
29329.207851598043,2555.0
29329.207851598043,2429.0
59856.95821512492,2429.0
59856.95821512492,2555.0
65057.293326105006,2555.0
65057.293326105006,2429.0
80929.10880125129,2429.0
80929.10880125129,2555.0
86400.0,2555.0
# temp #6792
0.0,2234.0
49756.29479263444,2234.0
49756.29479263444,2555.0
58693.013908644214,2555.0
58693.013908644214,2429.0
86400.000002,2429.0
# temp #6793
0.0,2234.0
6400.616359733977,2234.0
6400.616359733977,2883.0
7422.815444902518,2883.0
7422.815444902518,2667.0
17116.53768885881,2667.0
17116.53768885881,2883.0
29531.299004517503,2883.0
29531.299004517503,2667.0
54928.344828961424,2667.0
54928.344828961424,2555.0
73802.93378422504,2555.0
73802.93378422504,2429.0
86400.0,2429.0
# temp #6794
0.0,2234.0
3157.9633056186144,2234.0
3157.9633056186144,2667.0
18570.29392013792,2667.0
18570.29392013792,2555.0
19378.814980876636,2555.0
19378.814980876636,2667.0
44706.779746664695,2667.0
44706.779746664695,2555.0
45306.779746664695,2555.0
45306.779746664695,2667.0
62407.88808362559,2667.0
62407.88808362559,2555.0
63515.439776424326,2555.0
63515.439776424326,2429.0
68384.68421932777,2429.0
68384.68421932777,2555.0
86400.0,2555.0
# temp #6795
0.0,2234.0
66986.56770153904,2234.0
66986.56770153904,2555.0
68232.27859293112,2555.0
68232.27859293112,2429.0
76580.16720344314,2429.0
76580.16720344314,2234.0
77180.16720344314,2234.0
77180.16720344314,2429.0
86400.000002,2429.0
# temp #6796
0.0,2234.0
15802.538902941162,2234.0
15802.538902941162,2429.0
16224.022181332113,2429.0
16224.022181332113,2555.0
16963.834368065003,2555.0
16963.834368065003,2429.0
20831.533486442644,2429.0
20831.533486442644,2555.0
50468.200700380854,2555.0
50468.200700380854,2429.0
70822.84669114744,2429.0
70822.84669114744,2883.0
80914.41123413389,2883.0
80914.41123413389,2667.0
86400.000002,2667.0
# temp #6797
0.0,2234.0
2357.2025822242726,2234.0
2357.2025822242726,2667.0
48176.37299636845,2667.0
48176.37299636845,2555.0
49639.28405831103,2555.0
49639.28405831103,2667.0
59798.60136550852,2667.0
59798.60136550852,2555.0
60398.60136550852,2555.0
60398.60136550852,2667.0
78201.88937466592,2667.0
78201.88937466592,2555.0
78696.22749555856,2555.0
78696.22749555856,2429.0
86400.000002,2429.0
# temp #6798
0.0,2234.0
19950.77777677216,2234.0
19950.77777677216,2017.0
44164.52682316304,2017.0
44164.52682316304,2234.0
46753.48332747818,2234.0
46753.48332747818,2017.0
47471.07597892173,2017.0
47471.07597892173,2234.0
72715.84975230509,2234.0
72715.84975230509,2017.0
86400.000002,2017.0
# temp #6799
0.0,2234.0
11954.324177023955,2234.0
11954.324177023955,2429.0
12328.472755872644,2429.0
12328.472755872644,2234.0
13143.61144497525,2234.0
13143.61144497525,2429.0
14789.236982935108,2429.0
14789.236982935108,2234.0
37394.95276948437,2234.0
37394.95276948437,2429.0
38077.59662226309,2429.0
38077.59662226309,2234.0
40726.804424193695,2234.0
40726.804424193695,2667.0
43435.325803491294,2667.0
43435.325803491294,2555.0
45317.717390879996,2555.0
45317.717390879996,2429.0
68224.67906596139,2429.0
68224.67906596139,2234.0
81725.29735439458,2234.0
81725.29735439458,2429.0
86400.000002,2429.0
# temp #6800
0.0,2234.0
14992.72016838659,2234.0
14992.72016838659,2883.0
16099.074056628164,2883.0
16099.074056628164,2667.0
25692.157442076135,2667.0
25692.157442076135,2883.0
34472.41063287948,2883.0
34472.41063287948,2429.0
56475.80985082314,2429.0
56475.80985082314,2555.0
82954.05060527848,2555.0
82954.05060527848,2429.0
86400.0,2429.0
# temp #6801
0.0,2234.0
57437.67386348919,2234.0
57437.67386348919,2555.0
80222.04918502831,2555.0
80222.04918502831,2429.0
80583.06892553811,2429.0
80583.06892553811,2555.0
86400.000002,2555.0
# temp #6802
0.0,2234.0
38538.766989531,2234.0
38538.766989531,2555.0
70500.60521182606,2555.0
70500.60521182606,2429.0
70943.58091622127,2429.0
70943.58091622127,2555.0
79598.24443194085,2555.0
79598.24443194085,2429.0
80607.48208088336,2429.0
80607.48208088336,2234.0
86400.000002,2234.0
# temp #6803
0.0,2234.0
19465.879951533865,2234.0
19465.879951533865,2555.0
44838.04737136234,2555.0
44838.04737136234,2429.0
45201.93965784275,2429.0
45201.93965784275,2555.0
45803.95736752544,2555.0
45803.95736752544,2429.0
46642.06686434337,2429.0
46642.06686434337,2234.0
64098.69873770514,2234.0
64098.69873770514,2667.0
74367.34254830518,2667.0
74367.34254830518,2883.0
78338.5903107701,2883.0
78338.5903107701,2429.0
86400.0,2429.0
# temp #6804
0.0,2234.0
6220.014867908322,2234.0
6220.014867908322,2667.0
26447.652906412262,2667.0
26447.652906412262,2555.0
27081.53217765503,2555.0
27081.53217765503,2667.0
48818.02224051208,2667.0
48818.02224051208,2555.0
49418.02224051208,2555.0
49418.02224051208,2667.0
63871.409278269864,2667.0
63871.409278269864,2555.0
68783.58552334832,2555.0
68783.58552334832,2429.0
86400.000002,2429.0
# temp #6805
0.0,2234.0
34634.26203250419,2234.0
34634.26203250419,2883.0
37034.26203250419,2883.0
37034.26203250419,2667.0
70152.82270868775,2667.0
70152.82270868775,2883.0
86400.000002,2883.0
# temp #6806
0.0,2234.0
19548.23624719866,2234.0
19548.23624719866,2555.0
30966.779196169235,2555.0
30966.779196169235,2429.0
31458.741208096042,2429.0
31458.741208096042,2555.0
50272.77315349785,2555.0
50272.77315349785,2429.0
50764.75781060291,2429.0
50764.75781060291,2555.0
51912.69957355691,2555.0
51912.69957355691,2429.0
52212.69957355691,2429.0
52212.69957355691,2555.0
53712.69957355691,2555.0
53712.69957355691,2429.0
63912.69957355691,2429.0
63912.69957355691,2234.0
86400.0,2234.0
# temp #6807
0.0,2234.0
43420.30497472734,2234.0
43420.30497472734,2555.0
76666.10871269369,2555.0
76666.10871269369,2429.0
77130.33637676855,2429.0
77130.33637676855,2555.0
86400.000002,2555.0
# temp #6808
0.0,2234.0
41611.35664251634,2234.0
41611.35664251634,2017.0
62115.13971341775,2017.0
62115.13971341775,2234.0
84055.09416209535,2234.0
84055.09416209535,2017.0
86400.000002,2017.0
# temp #6809
0.0,2234.0
7640.86077839602,2234.0
7640.86077839602,2667.0
39182.26369551849,2667.0
39182.26369551849,2555.0
40661.061635124504,2555.0
40661.061635124504,2429.0
60048.21031268222,2429.0
60048.21031268222,2883.0
61356.159863504596,2883.0
61356.159863504596,2667.0
66157.5330173364,2667.0
66157.5330173364,2555.0
80011.92318282557,2555.0
80011.92318282557,2667.0
81841.57572879923,2667.0
81841.57572879923,2883.0
86400.0,2883.0
# temp #6810
0.0,2234.0
28946.854932862338,2234.0
28946.854932862338,2555.0
30379.353407188322,2555.0
30379.353407188322,2667.0
36679.35340718832,2667.0
36679.35340718832,2555.0
37879.35340718832,2555.0
37879.35340718832,2429.0
81079.35340718832,2429.0
81079.35340718832,2234.0
86400.0,2234.0
# temp #6811
0.0,2234.0
7831.041161203758,2234.0
7831.041161203758,2429.0
8192.563067888841,2429.0
8192.563067888841,2555.0
10231.273410608994,2555.0
10231.273410608994,2429.0
37732.57970013656,2429.0
37732.57970013656,2555.0
38358.30423985609,2555.0
38358.30423985609,2429.0
43908.60768200365,2429.0
43908.60768200365,2555.0
68213.94091104157,2555.0
68213.94091104157,2429.0
86400.0,2429.0
# temp #6812
0.0,2234.0
5385.880541964435,2234.0
5385.880541964435,2667.0
39849.82911602129,2667.0
39849.82911602129,2555.0
40236.20415742044,2555.0
40236.20415742044,2667.0
49090.207361639485,2667.0
49090.207361639485,2555.0
49390.207361639485,2555.0
49390.207361639485,2667.0
50030.96189985518,2667.0
50030.96189985518,2555.0
50630.96189985518,2555.0
50630.96189985518,2667.0
78557.33166534921,2667.0
78557.33166534921,2883.0
86400.000002,2883.0
# temp #6813
0.0,2234.0
38730.3177129943,2234.0
38730.3177129943,2555.0
53056.94501912222,2555.0
53056.94501912222,2429.0
53524.13656872232,2429.0
53524.13656872232,2555.0
67168.33759169096,2555.0
67168.33759169096,2429.0
68148.11712219381,2429.0
68148.11712219381,2234.0
73377.03668510077,2234.0
73377.03668510077,2429.0
86400.000002,2429.0
# temp #6814
0.0,2234.0
5247.919549536892,2234.0
5247.919549536892,2883.0
6238.407202670352,2883.0
6238.407202670352,2667.0
17585.07758737542,2667.0
17585.07758737542,2883.0
34285.56799474173,2883.0
34285.56799474173,2667.0
71008.82308878937,2667.0
71008.82308878937,2883.0
86400.000002,2883.0
# temp #6815
0.0,2234.0
73876.21734773276,2234.0
73876.21734773276,2555.0
86400.000002,2555.0
# temp #6816
0.0,2234.0
6827.86267984193,2234.0
6827.86267984193,2667.0
48772.583965212114,2667.0
48772.583965212114,2555.0
49772.88394337521,2555.0
49772.88394337521,2429.0
81696.72675691546,2429.0
81696.72675691546,2883.0
86400.000002,2883.0
# temp #6817
0.0,2234.0
6628.99755074177,2234.0
6628.99755074177,2667.0
48458.71412067209,2667.0
48458.71412067209,2555.0
48839.261625171646,2555.0
48839.261625171646,2429.0
78204.00771314745,2429.0
78204.00771314745,2234.0
86400.0,2234.0
# temp #6818
0.0,2234.0
1089.3947063013911,2234.0
1089.3947063013911,2555.0
24110.401664581153,2555.0
24110.401664581153,2429.0
24492.385971383195,2429.0
24492.385971383195,2555.0
28164.371517556723,2555.0
28164.371517556723,2429.0
29606.47622791585,2429.0
29606.47622791585,2555.0
30470.08413865697,2555.0
30470.08413865697,2429.0
30770.08413865697,2429.0
30770.08413865697,2555.0
51170.08413865697,2555.0
51170.08413865697,2429.0
51470.08413865697,2429.0
51470.08413865697,2555.0
52070.08413865697,2555.0
52070.08413865697,2667.0
69544.07905088738,2667.0
69544.07905088738,2555.0
74227.35868741294,2555.0
74227.35868741294,2429.0
86400.0,2429.0
# temp #6819
0.0,2234.0
5810.591828380712,2234.0
5810.591828380712,2667.0
10794.798879744487,2667.0
10794.798879744487,2555.0
11390.16639380716,2555.0
11390.16639380716,2667.0
46898.813564842574,2667.0
46898.813564842574,2555.0
47198.813564842574,2555.0
47198.813564842574,2667.0
47498.813564842574,2667.0
47498.813564842574,2555.0
50798.813564842574,2555.0
50798.813564842574,2667.0
76298.81356484257,2667.0
76298.81356484257,2883.0
86400.0,2883.0
# temp #6820
0.0,2234.0
39469.78473868222,2234.0
39469.78473868222,2017.0
80218.64787410015,2017.0
80218.64787410015,2234.0
86400.000002,2234.0
# temp #6821
0.0,2234.0
12903.550110105427,2234.0
12903.550110105427,2555.0
16890.837529208515,2555.0
16890.837529208515,2667.0
17439.08702298068,2667.0
17439.08702298068,2555.0
17739.08702298068,2555.0
17739.08702298068,2667.0
21339.08702298068,2667.0
21339.08702298068,2555.0
22839.08702298068,2555.0
22839.08702298068,2429.0
33829.049803409725,2429.0
33829.049803409725,2234.0
69823.68396744133,2234.0
69823.68396744133,2429.0
86400.0,2429.0
# temp #6822
0.0,2234.0
6654.0613933699215,2234.0
6654.0613933699215,2667.0
41637.75494699367,2667.0
41637.75494699367,2555.0
42457.33566661366,2555.0
42457.33566661366,2667.0
72376.03215377314,2667.0
72376.03215377314,2555.0
75376.03215377314,2555.0
75376.03215377314,2667.0
86400.000002,2667.0
# temp #6823
0.0,2234.0
24202.20509776846,2234.0
24202.20509776846,2017.0
80592.53742727452,2017.0
80592.53742727452,2234.0
84588.02054193804,2234.0
84588.02054193804,2017.0
86400.0,2017.0
# temp #6824
0.0,2234.0
26745.386974979196,2234.0
26745.386974979196,2017.0
56147.081592399634,2017.0
56147.081592399634,2234.0
81009.24405930565,2234.0
81009.24405930565,2017.0
86400.000002,2017.0
# temp #6825
0.0,2234.0
70674.22277920414,2234.0
70674.22277920414,2555.0
74237.16143269558,2555.0
74237.16143269558,2234.0
86400.000002,2234.0
# temp #6826
0.0,2234.0
15833.537410944702,2234.0
15833.537410944702,2017.0
70898.73405494727,2017.0
70898.73405494727,2234.0
86400.0,2234.0
# temp #6827
0.0,2234.0
23277.803926449273,2234.0
23277.803926449273,2017.0
70007.40249934608,2017.0
70007.40249934608,2234.0
86400.000002,2234.0
# temp #6828
0.0,2234.0
43117.23569403403,2234.0
43117.23569403403,2429.0
43617.125619552105,2429.0
43617.125619552105,2555.0
44340.95715691802,2555.0
44340.95715691802,2429.0
68770.95970592929,2429.0
68770.95970592929,2234.0
76965.04887545017,2234.0
76965.04887545017,2667.0
86400.000002,2667.0
# temp #6829
0.0,2234.0
62463.761257985614,2234.0
62463.761257985614,2555.0
72237.07383731382,2555.0
72237.07383731382,2429.0
86400.000002,2429.0
# temp #6830
0.0,2234.0
24578.69933601469,2234.0
24578.69933601469,2555.0
42263.71664581821,2555.0
42263.71664581821,2429.0
83295.66407902168,2429.0
83295.66407902168,2234.0
83895.66407902168,2234.0
83895.66407902168,2429.0
86295.66407902168,2429.0
86295.66407902168,2555.0
86400.000002,2555.0
# temp #6831
0.0,2234.0
27424.779282789677,2234.0
27424.779282789677,2555.0
46879.63662506082,2555.0
46879.63662506082,2429.0
57957.39179807716,2429.0
57957.39179807716,2555.0
74579.17509404944,2555.0
74579.17509404944,2429.0
79029.81449849905,2429.0
79029.81449849905,2883.0
86400.000002,2883.0
# temp #6832
0.0,2234.0
41930.52455121652,2234.0
41930.52455121652,2017.0
55657.79020017945,2017.0
55657.79020017945,2234.0
80771.43663209864,2234.0
80771.43663209864,2017.0
86400.000002,2017.0
# temp #6833
0.0,2234.0
11474.913549469786,2234.0
11474.913549469786,2555.0
33508.988363714896,2555.0
33508.988363714896,2429.0
68065.41652721354,2429.0
68065.41652721354,2234.0
68665.41652721354,2234.0
68665.41652721354,2429.0
71065.41652721354,2429.0
71065.41652721354,2555.0
81265.41652721354,2555.0
81265.41652721354,2667.0
84259.91870183499,2667.0
84259.91870183499,2555.0
86400.0,2555.0
# temp #6834
0.0,2234.0
51473.29961119686,2234.0
51473.29961119686,2555.0
52053.6816260079,2555.0
52053.6816260079,2667.0
52445.84136649501,2667.0
52445.84136649501,2555.0
58445.84136649501,2555.0
58445.84136649501,2429.0
60845.84136649501,2429.0
60845.84136649501,2234.0
64445.84136649501,2234.0
64445.84136649501,2429.0
65645.841366495,2429.0
65645.841366495,2234.0
71345.841366495,2234.0
71345.841366495,2429.0
83858.60580238515,2429.0
83858.60580238515,2234.0
86400.0,2234.0
# temp #6835
0.0,2234.0
6292.952121281997,2234.0
6292.952121281997,2667.0
50398.59319115058,2667.0
50398.59319115058,2555.0
51429.338582418866,2555.0
51429.338582418866,2667.0
71852.35624560156,2667.0
71852.35624560156,2555.0
72152.35624560156,2555.0
72152.35624560156,2667.0
72809.25216141624,2667.0
72809.25216141624,2555.0
73409.25216141624,2555.0
73409.25216141624,2667.0
86400.0,2667.0
# temp #6836
0.0,2234.0
6401.40816543717,2234.0
6401.40816543717,2555.0
20275.15900174622,2555.0
20275.15900174622,2429.0
39527.838818379685,2429.0
39527.838818379685,2234.0
39827.838818379685,2234.0
39827.838818379685,2017.0
58732.78321449181,2017.0
58732.78321449181,2234.0
62229.63912861889,2234.0
62229.63912861889,2429.0
76478.94755329473,2429.0
76478.94755329473,2234.0
83471.97295592634,2234.0
83471.97295592634,2667.0
86400.000002,2667.0
# temp #6837
0.0,2234.0
52277.23211513367,2234.0
52277.23211513367,2555.0
80810.31080398244,2555.0
80810.31080398244,2429.0
86400.000002,2429.0
# temp #6838
0.0,2234.0
64983.75716179145,2234.0
64983.75716179145,2555.0
68130.58067879175,2555.0
68130.58067879175,2429.0
86400.000002,2429.0
# temp #6839
0.0,2234.0
12707.399164047094,2234.0
12707.399164047094,2883.0
13964.693646552043,2883.0
13964.693646552043,2667.0
25357.575535867367,2667.0
25357.575535867367,2883.0
33233.28942703084,2883.0
33233.28942703084,2667.0
40219.30751320907,2667.0
40219.30751320907,2234.0
50917.602146300494,2234.0
50917.602146300494,2429.0
51161.469302675694,2429.0
51161.469302675694,2555.0
69816.57785174904,2555.0
69816.57785174904,2667.0
86400.0,2667.0
# temp #6840
0.0,2234.0
12152.582440059634,2234.0
12152.582440059634,2017.0
24762.610517861325,2017.0
24762.610517861325,2234.0
33118.80159988068,2234.0
33118.80159988068,2017.0
61948.8746970892,2017.0
61948.8746970892,2234.0
85364.92549376564,2234.0
85364.92549376564,2017.0
86400.000002,2017.0
# temp #6841
0.0,2234.0
13565.308590489441,2234.0
13565.308590489441,2883.0
14592.187420721168,2883.0
14592.187420721168,2667.0
25423.944000829946,2667.0
25423.944000829946,2883.0
56889.23287193758,2883.0
56889.23287193758,2429.0
59551.413813116975,2429.0
59551.413813116975,2555.0
86400.000002,2555.0
# temp #6842
0.0,2234.0
5895.772497891449,2234.0
5895.772497891449,2429.0
6362.353560025805,2429.0
6362.353560025805,2555.0
8884.067538077945,2555.0
8884.067538077945,2429.0
22776.158411661167,2429.0
22776.158411661167,2234.0
47526.562948641375,2234.0
47526.562948641375,2429.0
58898.34662969225,2429.0
58898.34662969225,2555.0
77028.05580399,2555.0
77028.05580399,2667.0
82748.45134878998,2667.0
82748.45134878998,2234.0
86400.0,2234.0
# temp #6843
0.0,2234.0
7448.396625439638,2234.0
7448.396625439638,2667.0
44124.345242721036,2667.0
44124.345242721036,2555.0
44465.392697439536,2555.0
44465.392697439536,2667.0
62500.612699356876,2667.0
62500.612699356876,2555.0
65500.612699356876,2555.0
65500.612699356876,2667.0
86400.0,2667.0
# temp #6844
0.0,2234.0
6133.5945768049,2234.0
6133.5945768049,2883.0
7335.191379790195,2883.0
7335.191379790195,2667.0
11976.040662825108,2667.0
11976.040662825108,2883.0
30727.190828206953,2883.0
30727.190828206953,2429.0
62423.43780049124,2429.0
62423.43780049124,2555.0
75597.93908796275,2555.0
75597.93908796275,2429.0
86209.21236912256,2429.0
86209.21236912256,2234.0
86400.000002,2234.0
# temp #6845
0.0,2234.0
16329.924648930322,2234.0
16329.924648930322,2883.0
17484.30349272676,2883.0
17484.30349272676,2667.0
27086.983452527787,2667.0
27086.983452527787,2883.0
43654.076768970124,2883.0
43654.076768970124,2429.0
48725.84277614952,2429.0
48725.84277614952,2555.0
80745.9962810157,2555.0
80745.9962810157,2429.0
86400.000002,2429.0
# temp #6846
0.0,2234.0
1413.6332225985827,2234.0
1413.6332225985827,2667.0
32424.370676628318,2667.0
32424.370676628318,2555.0
33076.79780151229,2555.0
33076.79780151229,2667.0
60265.51891544369,2667.0
60265.51891544369,2555.0
60865.51891544369,2555.0
60865.51891544369,2667.0
80602.3983549094,2667.0
80602.3983549094,2555.0
84554.83265218792,2555.0
84554.83265218792,2429.0
86400.000002,2429.0
# temp #6847
0.0,2234.0
4566.172953438946,2234.0
4566.172953438946,2429.0
5111.103692930193,2429.0
5111.103692930193,2555.0
9987.169014941903,2555.0
9987.169014941903,2429.0
45910.409490438185,2429.0
45910.409490438185,2555.0
66254.61743935013,2555.0
66254.61743935013,2667.0
86400.000002,2667.0
# temp #6848
0.0,2234.0
15152.287159301344,2234.0
15152.287159301344,2883.0
16213.099180860449,2883.0
16213.099180860449,2667.0
20907.391587481838,2667.0
20907.391587481838,2883.0
49406.26472951846,2883.0
49406.26472951846,2429.0
56811.37607542334,2429.0
56811.37607542334,2555.0
71095.49215987792,2555.0
71095.49215987792,2429.0
86400.000002,2429.0
# temp #6849
0.0,2234.0
4625.586806377397,2234.0
4625.586806377397,2667.0
16700.56329458021,2667.0
16700.56329458021,2555.0
18159.686155663807,2555.0
18159.686155663807,2667.0
53892.34267396388,2667.0
53892.34267396388,2555.0
54492.34267396388,2555.0
54492.34267396388,2667.0
69255.9330348624,2667.0
69255.9330348624,2555.0
72423.91082129908,2555.0
72423.91082129908,2429.0
81693.76754919068,2429.0
81693.76754919068,2555.0
86400.0,2555.0
# temp #6850
0.0,2234.0
2604.5205546543007,2234.0
2604.5205546543007,2667.0
45387.31715418399,2667.0
45387.31715418399,2555.0
46329.45084571839,2555.0
46329.45084571839,2667.0
72971.27453174909,2667.0
72971.27453174909,2555.0
75971.27453174909,2555.0
75971.27453174909,2667.0
86400.0,2667.0
# temp #6851
0.0,2234.0
49039.93170149625,2234.0
49039.93170149625,2555.0
55729.07871329226,2555.0
55729.07871329226,2429.0
86400.000002,2429.0
# temp #6852
0.0,2234.0
1760.8803238486873,2234.0
1760.8803238486873,2555.0
23010.008555813696,2555.0
23010.008555813696,2429.0
23331.70209496748,2429.0
23331.70209496748,2555.0
43244.27837224212,2555.0
43244.27837224212,2429.0
43557.52798102331,2429.0
43557.52798102331,2234.0
68105.93059079257,2234.0
68105.93059079257,2429.0
82068.40239444283,2429.0
82068.40239444283,2883.0
86400.0,2883.0
# temp #6853
0.0,2234.0
60223.56167596299,2234.0
60223.56167596299,2555.0
66442.34423011076,2555.0
66442.34423011076,2234.0
81411.14486202132,2234.0
81411.14486202132,2667.0
86400.000002,2667.0
# temp #6854
0.0,2234.0
65718.05488688407,2234.0
65718.05488688407,2555.0
78106.5719334176,2555.0
78106.5719334176,2429.0
86400.0,2429.0
# temp #6855
0.0,2234.0
22691.239558719102,2234.0
22691.239558719102,2555.0
26074.06275069807,2555.0
26074.06275069807,2667.0
32374.06275069807,2667.0
32374.06275069807,2555.0
33574.06275069807,2555.0
33574.06275069807,2429.0
76774.06275069807,2429.0
76774.06275069807,2234.0
79983.55608405545,2234.0
79983.55608405545,2429.0
86400.000002,2429.0
# temp #6856
0.0,2234.0
3748.859532899224,2234.0
3748.859532899224,2667.0
8595.916398754345,2667.0
8595.916398754345,2555.0
9436.312192445623,2555.0
9436.312192445623,2667.0
28967.6736450987,2667.0
28967.6736450987,2555.0
29267.6736450987,2555.0
29267.6736450987,2429.0
30773.190978448845,2429.0
30773.190978448845,2555.0
62430.8902379824,2555.0
62430.8902379824,2429.0
86400.0,2429.0
# temp #6857
0.0,2234.0
83790.11944506784,2234.0
83790.11944506784,2555.0
85578.205159097,2555.0
85578.205159097,2667.0
85992.22640229856,2667.0
85992.22640229856,2555.0
86292.22640229856,2555.0
86292.22640229856,2667.0
86400.0,2667.0
# temp #6858
0.0,2234.0
11612.91533878539,2234.0
11612.91533878539,2883.0
12308.255862118678,2883.0
12308.255862118678,2667.0
19185.119376378138,2667.0
19185.119376378138,2883.0
33480.01294950955,2883.0
33480.01294950955,2429.0
36503.69056987111,2429.0
36503.69056987111,2555.0
68698.24236743154,2555.0
68698.24236743154,2429.0
86400.0,2429.0
# temp #6859
0.0,2234.0
2015.8287643454971,2234.0
2015.8287643454971,2667.0
39786.99713114184,2667.0
39786.99713114184,2555.0
40561.101487814456,2555.0
40561.101487814456,2667.0
70611.43022817561,2667.0
70611.43022817561,2555.0
70911.43022817561,2555.0
70911.43022817561,2667.0
71211.43022817561,2667.0
71211.43022817561,2555.0
74511.43022817561,2555.0
74511.43022817561,2667.0
86400.0,2667.0
# temp #6860
0.0,2234.0
3846.652479004116,2234.0
3846.652479004116,2667.0
5094.408675539308,2667.0
5094.408675539308,2555.0
6105.68344553467,2555.0
6105.68344553467,2667.0
10040.436955494808,2667.0
10040.436955494808,2555.0
10340.436955494808,2555.0
10340.436955494808,2667.0
10640.436955494808,2667.0
10640.436955494808,2555.0
13940.436955494808,2555.0
13940.436955494808,2667.0
39440.436955494806,2667.0
39440.436955494806,2883.0
86400.0,2883.0
# temp #6861
0.0,2234.0
45533.220118749894,2234.0
45533.220118749894,2429.0
45889.60240236484,2429.0
45889.60240236484,2555.0
48605.515320366256,2555.0
48605.515320366256,2429.0
68615.35388510676,2429.0
68615.35388510676,2555.0
70084.41757725088,2555.0
70084.41757725088,2429.0
86400.0,2429.0
# temp #6862
0.0,2234.0
13822.496877377855,2234.0
13822.496877377855,2555.0
47637.36337381416,2555.0
47637.36337381416,2429.0
82569.9928875547,2429.0
82569.9928875547,2234.0
82869.9928875547,2234.0
82869.9928875547,2017.0
86400.000002,2017.0
# temp #6863
0.0,2234.0
7660.23911512457,2234.0
7660.23911512457,2667.0
16479.554905858826,2667.0
16479.554905858826,2555.0
16813.557708752345,2555.0
16813.557708752345,2429.0
39870.59832264204,2429.0
39870.59832264204,2883.0
46639.181372523315,2883.0
46639.181372523315,2429.0
49457.94125050307,2429.0
49457.94125050307,2883.0
58563.34146000446,2883.0
58563.34146000446,2429.0
82189.23738969026,2429.0
82189.23738969026,2555.0
86400.000002,2555.0
# temp #6864
0.0,2234.0
14037.249712063933,2234.0
14037.249712063933,2555.0
17166.93776773755,2555.0
17166.93776773755,2667.0
17551.22919911519,2667.0
17551.22919911519,2555.0
17851.22919911519,2555.0
17851.22919911519,2667.0
21451.22919911519,2667.0
21451.22919911519,2555.0
22951.22919911519,2555.0
22951.22919911519,2429.0
34410.36708613392,2429.0
34410.36708613392,2234.0
48728.18720990327,2234.0
48728.18720990327,2667.0
83991.7773424415,2667.0
83991.7773424415,2883.0
86400.0,2883.0
# temp #6865
0.0,2234.0
5936.387856979855,2234.0
5936.387856979855,2667.0
22417.09561685566,2667.0
22417.09561685566,2555.0
23090.54865867365,2555.0
23090.54865867365,2429.0
41078.39697645977,2429.0
41078.39697645977,2555.0
55615.30870981515,2555.0
55615.30870981515,2429.0
81119.72747670954,2429.0
81119.72747670954,2555.0
86400.0,2555.0
# temp #6866
0.0,2234.0
9325.15630563721,2234.0
9325.15630563721,2429.0
9667.617894010618,2429.0
9667.617894010618,2234.0
10515.866973018274,2234.0
10515.866973018274,2429.0
14507.718647830188,2429.0
14507.718647830188,2234.0
27652.526885038245,2234.0
27652.526885038245,2429.0
28686.61091672257,2429.0
28686.61091672257,2234.0
40103.65249325988,2234.0
40103.65249325988,2429.0
67941.0768099362,2429.0
67941.0768099362,2555.0
71206.64541993757,2555.0
71206.64541993757,2667.0
86400.0,2667.0
# temp #6867
0.0,2234.0
28847.44520725217,2234.0
28847.44520725217,2429.0
29315.62474414241,2429.0
29315.62474414241,2234.0
30065.48213702627,2234.0
30065.48213702627,2429.0
33804.08881776967,2429.0
33804.08881776967,2234.0
57478.32400097978,2234.0
57478.32400097978,2429.0
58726.87338448596,2429.0
58726.87338448596,2555.0
59377.61711643544,2555.0
59377.61711643544,2429.0
59677.61711643544,2429.0
59677.61711643544,2555.0
61177.61711643544,2555.0
61177.61711643544,2429.0
71377.61711643543,2429.0
71377.61711643543,2234.0
86400.0,2234.0
# temp #6868
0.0,2234.0
45351.35171602015,2234.0
45351.35171602015,2555.0
74596.47015889642,2555.0
74596.47015889642,2429.0
75170.8766953787,2429.0
75170.8766953787,2555.0
75483.41435180047,2555.0
75483.41435180047,2429.0
75901.38594754973,2429.0
75901.38594754973,2555.0
76488.95503976384,2555.0
76488.95503976384,2429.0
76788.95503976384,2429.0
76788.95503976384,2555.0
86400.000002,2555.0
# temp #6869
0.0,2234.0
4117.953608161771,2234.0
4117.953608161771,2667.0
37244.14366758429,2667.0
37244.14366758429,2555.0
37748.49890009501,2555.0
37748.49890009501,2667.0
40158.5887805326,2667.0
40158.5887805326,2555.0
40758.5887805326,2555.0
40758.5887805326,2667.0
59153.52446821054,2667.0
59153.52446821054,2555.0
59763.458363455735,2555.0
59763.458363455735,2429.0
60817.96769520735,2429.0
60817.96769520735,2555.0
85820.03036818934,2555.0
85820.03036818934,2429.0
86400.0,2429.0
# temp #6870
0.0,2234.0
5388.144359411673,2234.0
5388.144359411673,2883.0
6159.516120585614,2883.0
6159.516120585614,2667.0
9848.198571335524,2667.0
9848.198571335524,2883.0
27187.198912259195,2883.0
27187.198912259195,2667.0
49725.87856231258,2667.0
49725.87856231258,2555.0
56578.85032016785,2555.0
56578.85032016785,2667.0
67002.87959771232,2667.0
67002.87959771232,2555.0
69880.63723894303,2555.0
69880.63723894303,2429.0
78472.94187659865,2429.0
78472.94187659865,2883.0
86400.0,2883.0
# temp #6871
0.0,2234.0
10446.1929876823,2234.0
10446.1929876823,2883.0
11883.803968224676,2883.0
11883.803968224676,2667.0
13835.523982392626,2667.0
13835.523982392626,2883.0
46060.23304383272,2883.0
46060.23304383272,2429.0
81751.69651200996,2429.0
81751.69651200996,2555.0
86400.000002,2555.0
# temp #6872
0.0,2234.0
13612.770208809527,2234.0
13612.770208809527,2883.0
14069.291489222089,2883.0
14069.291489222089,2667.0
26283.265238720927,2667.0
26283.265238720927,2883.0
43025.992626417436,2883.0
43025.992626417436,2667.0
63138.06390808897,2667.0
63138.06390808897,2883.0
77058.6213860661,2883.0
77058.6213860661,2667.0
77341.70978832991,2667.0
77341.70978832991,2555.0
79482.27777800059,2555.0
79482.27777800059,2429.0
86400.000002,2429.0
# temp #6873
0.0,2234.0
9631.062586046757,2234.0
9631.062586046757,2883.0
10950.905468571002,2883.0
10950.905468571002,2667.0
20579.95190655347,2667.0
20579.95190655347,2883.0
30526.6358477762,2883.0
30526.6358477762,2667.0
69032.00649849606,2667.0
69032.00649849606,2883.0
86400.0,2883.0
# temp #6874
0.0,2234.0
81522.22651275808,2234.0
81522.22651275808,2555.0
83381.25154764859,2555.0
83381.25154764859,2667.0
83836.24098433649,2667.0
83836.24098433649,2555.0
86400.000002,2555.0
# temp #6875
0.0,2234.0
9105.705677485095,2234.0
9105.705677485095,2883.0
9553.72337603476,2883.0
9553.72337603476,2667.0
18168.778757890686,2667.0
18168.778757890686,2883.0
41285.043854895055,2883.0
41285.043854895055,2429.0
52915.38621741348,2429.0
52915.38621741348,2555.0
56957.141372049235,2555.0
56957.141372049235,2667.0
58128.49291227759,2667.0
58128.49291227759,2555.0
75623.37758119685,2555.0
75623.37758119685,2429.0
86400.000002,2429.0
# temp #6876
0.0,2234.0
10203.944097692149,2234.0
10203.944097692149,2883.0
21303.944097692147,2883.0
21303.944097692147,2555.0
31863.89805483632,2555.0
31863.89805483632,2667.0
45806.53920017649,2667.0
45806.53920017649,2555.0
50159.67148693745,2555.0
50159.67148693745,2667.0
85311.2109867856,2667.0
85311.2109867856,2555.0
86400.000002,2555.0
# temp #6877
0.0,2234.0
36681.238818727434,2234.0
36681.238818727434,2883.0
39081.238818727434,2883.0
39081.238818727434,2667.0
41794.677003636025,2667.0
41794.677003636025,2234.0
54056.10324719455,2234.0
54056.10324719455,2667.0
83244.70358658582,2667.0
83244.70358658582,2234.0
86400.000002,2234.0
# temp #6878
0.0,2234.0
49281.906429771334,2234.0
49281.906429771334,2883.0
51681.906429771334,2883.0
51681.906429771334,2667.0
61029.627044219524,2667.0
61029.627044219524,2883.0
61367.72601809353,2883.0
61367.72601809353,2667.0
70955.89155319612,2667.0
70955.89155319612,2555.0
76567.08527987357,2555.0
76567.08527987357,2667.0
86400.000002,2667.0
# temp #6879
0.0,2234.0
32722.989119589332,2234.0
32722.989119589332,2555.0
54511.04711664376,2555.0
54511.04711664376,2429.0
86400.000002,2429.0
# temp #6880
0.0,2234.0
8083.090585889297,2234.0
8083.090585889297,2667.0
54822.95271337499,2667.0
54822.95271337499,2555.0
56230.27789474,2555.0
56230.27789474,2667.0
63497.61952415575,2667.0
63497.61952415575,2555.0
66497.61952415576,2555.0
66497.61952415576,2667.0
86400.000002,2667.0
# temp #6881
0.0,2234.0
1130.825504148379,2234.0
1130.825504148379,2667.0
29687.121233297516,2667.0
29687.121233297516,2555.0
31108.982253586877,2555.0
31108.982253586877,2429.0
57308.77980231308,2429.0
57308.77980231308,2234.0
72419.94407479653,2234.0
72419.94407479653,2667.0
84204.34240114411,2667.0
84204.34240114411,2555.0
86400.000002,2555.0
# temp #6882
0.0,2234.0
33349.509961763404,2234.0
33349.509961763404,2555.0
35721.29295375199,2555.0
35721.29295375199,2429.0
65044.365095905974,2429.0
65044.365095905974,2234.0
70894.03159716168,2234.0
70894.03159716168,2429.0
85358.17526711618,2429.0
85358.17526711618,2234.0
86400.0,2234.0
# temp #6883
0.0,2234.0
2400.228476640769,2234.0
2400.228476640769,2667.0
33999.61958436761,2667.0
33999.61958436761,2555.0
34770.93801798765,2555.0
34770.93801798765,2667.0
49868.764516501695,2667.0
49868.764516501695,2555.0
50168.764516501695,2555.0
50168.764516501695,2667.0
50852.44527580217,2667.0
50852.44527580217,2555.0
51452.44527580217,2555.0
51452.44527580217,2667.0
86400.000002,2667.0
# temp #6884
0.0,2234.0
30153.25620649383,2234.0
30153.25620649383,2429.0
30730.271888826977,2429.0
30730.271888826977,2555.0
32904.98503327836,2555.0
32904.98503327836,2429.0
40658.803185727455,2429.0
40658.803185727455,2555.0
50634.67126144097,2555.0
50634.67126144097,2667.0
79376.39645438177,2667.0
79376.39645438177,2555.0
86400.0,2555.0
# temp #6885
0.0,2234.0
20389.063469599936,2234.0
20389.063469599936,2429.0
20833.707729494203,2429.0
20833.707729494203,2555.0
25582.244187360633,2555.0
25582.244187360633,2429.0
32077.580483607024,2429.0
32077.580483607024,2555.0
34642.22875109409,2555.0
34642.22875109409,2429.0
60142.1261978103,2429.0
60142.1261978103,2555.0
86400.0,2555.0
# temp #6886
0.0,2234.0
5734.173715487123,2234.0
5734.173715487123,2429.0
6290.431034169161,2429.0
6290.431034169161,2555.0
9372.790881595576,2555.0
9372.790881595576,2429.0
11618.443064019086,2429.0
11618.443064019086,2234.0
31871.295028296303,2234.0
31871.295028296303,2429.0
58764.53128829599,2429.0
58764.53128829599,2555.0
63535.149467177696,2555.0
63535.149467177696,2667.0
86400.0,2667.0
# temp #6887
0.0,2234.0
51773.178103775725,2234.0
51773.178103775725,2555.0
66573.87572166046,2555.0
66573.87572166046,2429.0
68246.90471899231,2429.0
68246.90471899231,2234.0
68546.90471899231,2234.0
68546.90471899231,2017.0
77771.54034180568,2017.0
77771.54034180568,2234.0
86400.000002,2234.0
# temp #6888
0.0,2234.0
8316.932939272376,2234.0
8316.932939272376,2667.0
29278.43824359589,2667.0
29278.43824359589,2555.0
30464.596698666,2555.0
30464.596698666,2667.0
37313.17949427758,2667.0
37313.17949427758,2555.0
37913.17949427758,2555.0
37913.17949427758,2667.0
55684.17126985733,2667.0
55684.17126985733,2555.0
60395.97109670286,2555.0
60395.97109670286,2429.0
61736.469111708,2429.0
61736.469111708,2234.0
68965.32906792128,2234.0
68965.32906792128,2429.0
75652.43212259376,2429.0
75652.43212259376,2883.0
86400.000002,2883.0
# temp #6889
0.0,2234.0
18822.985451971184,2234.0
18822.985451971184,2555.0
19226.347401109528,2555.0
19226.347401109528,2667.0
19757.443055603657,2667.0
19757.443055603657,2555.0
20057.443055603657,2555.0
20057.443055603657,2667.0
23657.443055603657,2667.0
23657.443055603657,2555.0
25157.443055603657,2555.0
25157.443055603657,2429.0
45865.516048832804,2429.0
45865.516048832804,2234.0
61380.52956825124,2234.0
61380.52956825124,2429.0
63383.38490920143,2429.0
63383.38490920143,2555.0
65326.375146489605,2555.0
65326.375146489605,2667.0
86400.000002,2667.0
# temp #6890
0.0,2234.0
4869.248105306179,2234.0
4869.248105306179,2555.0
14581.585404742513,2555.0
14581.585404742513,2429.0
15152.508144336756,2429.0
15152.508144336756,2555.0
27664.293200732216,2555.0
27664.293200732216,2429.0
28691.456704004675,2429.0
28691.456704004675,2234.0
41530.763229983866,2234.0
41530.763229983866,2667.0
50797.77938830667,2667.0
50797.77938830667,2555.0
65918.61070306042,2555.0
65918.61070306042,2667.0
72014.66474889313,2667.0
72014.66474889313,2234.0
86163.32430238837,2234.0
86163.32430238837,2429.0
86400.000002,2429.0
# temp #6891
0.0,2234.0
17136.631315760318,2234.0
17136.631315760318,2883.0
28236.631315760318,2883.0
28236.631315760318,2555.0
33738.75608118252,2555.0
33738.75608118252,2429.0
43401.75321183634,2429.0
43401.75321183634,2234.0
75084.52254943551,2234.0
75084.52254943551,2429.0
86400.000002,2429.0
# temp #6892
0.0,2234.0
18026.04933218099,2234.0
18026.04933218099,2429.0
18438.33611877635,2429.0
18438.33611877635,2234.0
19179.137562518008,2234.0
19179.137562518008,2429.0
20108.504881546833,2429.0
20108.504881546833,2234.0
36840.95703614876,2234.0
36840.95703614876,2429.0
37393.8043073751,2429.0
37393.8043073751,2555.0
38555.14763016254,2555.0
38555.14763016254,2429.0
38855.14763016254,2429.0
38855.14763016254,2555.0
39155.14763016254,2555.0
39155.14763016254,2429.0
39755.14763016254,2429.0
39755.14763016254,2555.0
42598.731734789915,2555.0
42598.731734789915,2429.0
75120.02205583268,2429.0
75120.02205583268,2555.0
86400.0,2555.0
# temp #6893
0.0,2234.0
33411.719385255135,2234.0
33411.719385255135,2429.0
33736.11373370514,2429.0
33736.11373370514,2555.0
36939.17757226155,2555.0
36939.17757226155,2429.0
39011.86146007386,2429.0
39011.86146007386,2234.0
65682.99027909526,2234.0
65682.99027909526,2429.0
86400.000002,2429.0
# temp #6894
0.0,2234.0
85847.6938061882,2234.0
85847.6938061882,2555.0
86400.0,2555.0
# temp #6895
0.0,2234.0
445.74512941762805,2234.0
445.74512941762805,2429.0
745.745129417628,2429.0
745.745129417628,2234.0
6221.941938553938,2234.0
6221.941938553938,2429.0
38794.10501774401,2429.0
38794.10501774401,2555.0
46081.77136480809,2555.0
46081.77136480809,2667.0
84125.57683442721,2667.0
84125.57683442721,2555.0
86400.000002,2555.0
# temp #6896
0.0,2234.0
54596.66094565765,2234.0
54596.66094565765,2555.0
80745.44027103113,2555.0
80745.44027103113,2429.0
86400.0,2429.0
# temp #6897
0.0,2234.0
7160.117225744763,2234.0
7160.117225744763,2667.0
13846.825226861987,2667.0
13846.825226861987,2555.0
14830.061051622037,2555.0
14830.061051622037,2667.0
52103.48777552136,2667.0
52103.48777552136,2555.0
52403.48777552136,2555.0
52403.48777552136,2667.0
53013.29666837119,2667.0
53013.29666837119,2555.0
53613.29666837119,2555.0
53613.29666837119,2667.0
54901.79456295446,2667.0
54901.79456295446,2555.0
81405.88356521913,2555.0
81405.88356521913,2429.0
86400.0,2429.0
# temp #6898
0.0,2234.0
6269.4025869481275,2234.0
6269.4025869481275,2429.0
38369.40258694813,2429.0
38369.40258694813,2555.0
38669.40258694813,2555.0
38669.40258694813,2667.0
50276.63019981701,2667.0
50276.63019981701,2555.0
62403.53058998007,2555.0
62403.53058998007,2667.0
65754.32663848624,2667.0
65754.32663848624,2234.0
77485.86323666386,2234.0
77485.86323666386,2429.0
86400.000002,2429.0
# temp #6899
0.0,2234.0
74743.39000079782,2234.0
74743.39000079782,2555.0
77524.25765516238,2555.0
77524.25765516238,2667.0
78077.74758331945,2667.0
78077.74758331945,2555.0
78377.74758331945,2555.0
78377.74758331945,2667.0
86400.0,2667.0
# temp #6900
0.0,2234.0
26304.928986355666,2234.0
26304.928986355666,2429.0
26704.02404784691,2429.0
26704.02404784691,2234.0
27492.74250129238,2234.0
27492.74250129238,2429.0
31936.381848296154,2429.0
31936.381848296154,2234.0
38401.27473352478,2234.0
38401.27473352478,2429.0
39106.69489810244,2429.0
39106.69489810244,2555.0
40323.46882950515,2555.0
40323.46882950515,2429.0
86400.0,2429.0
# temp #6901
0.0,2234.0
32674.931394984018,2234.0
32674.931394984018,2429.0
33176.34566235357,2429.0
33176.34566235357,2555.0
33599.77784003132,2555.0
33599.77784003132,2429.0
54620.36612955854,2429.0
54620.36612955854,2555.0
81314.37747648453,2555.0
81314.37747648453,2429.0
86400.0,2429.0
# temp #6902
0.0,2234.0
22326.562169403773,2234.0
22326.562169403773,2429.0
54426.56216940377,2429.0
54426.56216940377,2555.0
54726.56216940377,2555.0
54726.56216940377,2667.0
58418.57620174997,2667.0
58418.57620174997,2555.0
63669.875800679445,2555.0
63669.875800679445,2429.0
79373.96413253155,2429.0
79373.96413253155,2234.0
86400.0,2234.0
# temp #6903
0.0,2234.0
40685.11898028665,2234.0
40685.11898028665,2429.0
41270.927219185985,2429.0
41270.927219185985,2234.0
41974.43803637289,2234.0
41974.43803637289,2429.0
45414.59347307683,2429.0
45414.59347307683,2234.0
66628.37846840268,2234.0
66628.37846840268,2429.0
67572.72559537088,2429.0
67572.72559537088,2234.0
86400.0,2234.0
# temp #6904
0.0,2234.0
57027.46027575341,2234.0
57027.46027575341,2883.0
59427.46027575341,2883.0
59427.46027575341,2667.0
72160.04324171228,2667.0
72160.04324171228,2555.0
85442.84840847833,2555.0
85442.84840847833,2667.0
86400.000002,2667.0
# temp #6905
0.0,2234.0
7479.325259733016,2234.0
7479.325259733016,2667.0
14077.052059792917,2667.0
14077.052059792917,2555.0
14848.961164732467,2555.0
14848.961164732467,2667.0
51768.34705921356,2667.0
51768.34705921356,2555.0
52368.34705921356,2555.0
52368.34705921356,2667.0
66172.15627559926,2667.0
66172.15627559926,2555.0
71207.1459596744,2555.0
71207.1459596744,2429.0
74360.00496000053,2429.0
74360.00496000053,2555.0
82605.55826565252,2555.0
82605.55826565252,2429.0
86400.000002,2429.0
# temp #6906
0.0,2234.0
17363.227200368423,2234.0
17363.227200368423,2555.0
18627.447283384394,2555.0
18627.447283384394,2667.0
19148.408759431917,2667.0
19148.408759431917,2555.0
25148.408759431917,2555.0
25148.408759431917,2429.0
27548.408759431917,2429.0
27548.408759431917,2234.0
31148.408759431917,2234.0
31148.408759431917,2429.0
32348.408759431917,2429.0
32348.408759431917,2234.0
38048.40875943191,2234.0
38048.40875943191,2429.0
56585.72700654623,2429.0
56585.72700654623,2555.0
79129.58016127815,2555.0
79129.58016127815,2429.0
86400.000002,2429.0
# temp #6907
0.0,2234.0
16346.666214242581,2234.0
16346.666214242581,2883.0
17237.647310039032,2883.0
17237.647310039032,2667.0
28936.689293570824,2667.0
28936.689293570824,2883.0
46931.40875485261,2883.0
46931.40875485261,2429.0
78796.46742325278,2429.0
78796.46742325278,2555.0
86400.0,2555.0
# temp #6908
0.0,2234.0
45016.015984816484,2234.0
45016.015984816484,2429.0
45468.07814079803,2429.0
45468.07814079803,2555.0
47103.884917753756,2555.0
47103.884917753756,2429.0
70634.78985659314,2429.0
70634.78985659314,2234.0
72029.96484318284,2234.0
72029.96484318284,2667.0
76478.79029090983,2667.0
76478.79029090983,2555.0
86400.000002,2555.0
# temp #6909
0.0,2234.0
65435.35158752931,2234.0
65435.35158752931,2555.0
67137.1314781951,2555.0
67137.1314781951,2667.0
67489.70947677737,2667.0
67489.70947677737,2555.0
73489.70947677737,2555.0
73489.70947677737,2429.0
75889.70947677737,2429.0
75889.70947677737,2234.0
79489.70947677737,2234.0
79489.70947677737,2429.0
80689.70947677737,2429.0
80689.70947677737,2234.0
86389.70947677737,2234.0
86400.000002,2429.0
# temp #6910
0.0,2234.0
16880.657155718654,2234.0
16880.657155718654,2429.0
17480.657155718654,2429.0
17480.657155718654,2555.0
21443.470458593223,2555.0
21443.470458593223,2429.0
23259.41134714522,2429.0
23259.41134714522,2555.0
31991.06390797534,2555.0
31991.06390797534,2667.0
38951.46284184885,2667.0
38951.46284184885,2234.0
58536.49922960905,2234.0
58536.49922960905,2429.0
61365.43680201286,2429.0
61365.43680201286,2555.0
64317.36969274936,2555.0
64317.36969274936,2429.0
72289.07350448427,2429.0
72289.07350448427,2555.0
76442.24286542741,2555.0
76442.24286542741,2667.0
86400.000002,2667.0
# temp #6911
0.0,2234.0
10345.06305512041,2234.0
10345.06305512041,2017.0
40519.240109156824,2017.0
40519.240109156824,2234.0
65568.9081111923,2234.0
65568.9081111923,2017.0
86400.0,2017.0
# temp #6912
0.0,2234.0
2268.7246334971865,2234.0
2268.7246334971865,2667.0
9857.019240036609,2667.0
9857.019240036609,2555.0
10395.167770609261,2555.0
10395.167770609261,2667.0
23418.385383649733,2667.0
23418.385383649733,2555.0
23718.385383649733,2555.0
23718.385383649733,2667.0
24569.167186017152,2667.0
24569.167186017152,2555.0
25169.167186017152,2555.0
25169.167186017152,2667.0
36728.92739942764,2667.0
36728.92739942764,2555.0
61946.79910345004,2555.0
61946.79910345004,2429.0
80711.7147427518,2429.0
80711.7147427518,2555.0
86400.0,2555.0
# temp #6913
0.0,2234.0
6752.281194180251,2234.0
6752.281194180251,2017.0
53217.66085764394,2017.0
53217.66085764394,2234.0
70371.43913190813,2234.0
70371.43913190813,2017.0
86400.000002,2017.0
# temp #6914
0.0,2234.0
69214.85563865864,2234.0
69214.85563865864,2555.0
86400.0,2555.0
# temp #6915
0.0,2234.0
45785.68784671371,2234.0
45785.68784671371,2555.0
51412.477238872096,2555.0
51412.477238872096,2429.0
51870.12432678603,2429.0
51870.12432678603,2555.0
73120.62909691596,2555.0
73120.62909691596,2429.0
74618.57422194445,2429.0
74618.57422194445,2555.0
75593.48095064053,2555.0
75593.48095064053,2429.0
75893.48095064053,2429.0
75893.48095064053,2555.0
86400.0,2555.0
# temp #6916
0.0,2234.0
1203.2645010156557,2234.0
1203.2645010156557,2555.0
9458.630122966135,2555.0
9458.630122966135,2429.0
29115.56845901069,2429.0
29115.56845901069,2234.0
31318.016979703687,2234.0
31318.016979703687,2429.0
38992.35831387342,2429.0
38992.35831387342,2234.0
57339.6599574946,2234.0
57339.6599574946,2667.0
86400.0,2667.0
# temp #6917
0.0,2234.0
79926.64369298147,2234.0
79926.64369298147,2555.0
81732.2035697289,2555.0
81732.2035697289,2667.0
86400.0,2667.0
# temp #6918
0.0,2234.0
69033.81472569892,2234.0
69033.81472569892,2555.0
73207.93051610237,2555.0
73207.93051610237,2667.0
73659.51207261534,2667.0
73659.51207261534,2555.0
73959.51207261534,2555.0
73959.51207261534,2667.0
77559.51207261534,2667.0
77559.51207261534,2555.0
79059.51207261534,2555.0
79059.51207261534,2429.0
86400.0,2429.0
# temp #6919
0.0,2234.0
1327.0040134666488,2234.0
1327.0040134666488,2667.0
34033.3311608294,2667.0
34033.3311608294,2555.0
34464.95374564547,2555.0
34464.95374564547,2429.0
61645.467044692494,2429.0
61645.467044692494,2555.0
75012.90292362684,2555.0
75012.90292362684,2429.0
86400.0,2429.0
# temp #6920
0.0,2234.0
1568.7580847181382,2234.0
1568.7580847181382,2429.0
1868.7580847181382,2429.0
1868.7580847181382,2234.0
18772.032519523058,2234.0
18772.032519523058,2667.0
22836.476182029586,2667.0
22836.476182029586,2234.0
36505.322409211665,2234.0
36505.322409211665,2429.0
37188.496438949376,2429.0
37188.496438949376,2883.0
52550.24390823674,2883.0
52550.24390823674,2667.0
67880.1883107517,2667.0
67880.1883107517,2555.0
70177.4034577422,2555.0
70177.4034577422,2429.0
86400.0,2429.0
# temp #6921
0.0,2234.0
10146.35306184646,2234.0
10146.35306184646,2883.0
21246.353061846457,2883.0
21246.353061846457,2555.0
33680.603477102704,2555.0
33680.603477102704,2429.0
49728.45747058746,2429.0
49728.45747058746,2555.0
62268.32059433219,2555.0
62268.32059433219,2667.0
78731.65688537994,2667.0
78731.65688537994,2555.0
86400.0,2555.0
# temp #6922
0.0,2234.0
43255.59896249325,2234.0
43255.59896249325,2429.0
43855.59896249325,2429.0
43855.59896249325,2555.0
47158.14589876682,2555.0
47158.14589876682,2429.0
84984.21575948597,2429.0
84984.21575948597,2555.0
86400.0,2555.0
# temp #6923
0.0,2234.0
14380.414793221284,2234.0
14380.414793221284,2883.0
14801.386647764597,2883.0
14801.386647764597,2667.0
24077.369083045054,2667.0
24077.369083045054,2883.0
42588.49948667922,2883.0
42588.49948667922,2667.0
43274.081078753814,2667.0
43274.081078753814,2234.0
72740.83351939918,2234.0
72740.83351939918,2429.0
86400.0,2429.0
# temp #6924
0.0,2234.0
59505.86128123105,2234.0
59505.86128123105,2555.0
63380.249430891134,2555.0
63380.249430891134,2429.0
86400.000002,2429.0
# temp #6925
0.0,2234.0
21339.433200610805,2234.0
21339.433200610805,2555.0
35064.63169693016,2555.0
35064.63169693016,2429.0
38411.042272439234,2429.0
38411.042272439234,2234.0
38711.042272439234,2234.0
38711.042272439234,2017.0
64316.75423998387,2017.0
64316.75423998387,2555.0
70571.37449753938,2555.0
70571.37449753938,2429.0
86400.0,2429.0
# temp #6926
0.0,2234.0
49758.762438758284,2234.0
49758.762438758284,2429.0
50327.620887989186,2429.0
50327.620887989186,2555.0
54371.10267304816,2555.0
54371.10267304816,2429.0
86400.000002,2429.0
# temp #6927
0.0,2234.0
5724.0251256153,2234.0
5724.0251256153,2555.0
9298.33885941189,2555.0
9298.33885941189,2667.0
19198.338859411888,2667.0
19198.338859411888,2555.0
19981.64377275389,2555.0
19981.64377275389,2429.0
24207.162861269902,2429.0
24207.162861269902,2555.0
43395.10901898612,2555.0
43395.10901898612,2667.0
60455.91348696036,2667.0
60455.91348696036,2234.0
69046.50938005654,2234.0
69046.50938005654,2429.0
72359.96497976595,2429.0
72359.96497976595,2555.0
75687.05051033759,2555.0
75687.05051033759,2429.0
86400.000002,2429.0
# temp #6928
0.0,2234.0
85845.72265853641,2234.0
85845.72265853641,2555.0
86400.0,2555.0
# temp #6929
0.0,2234.0
5052.992584439927,2234.0
5052.992584439927,2667.0
34582.71440479439,2667.0
34582.71440479439,2555.0
36077.59116652888,2555.0
36077.59116652888,2667.0
70607.29381239509,2667.0
70607.29381239509,2555.0
70907.29381239509,2555.0
70907.29381239509,2667.0
71658.28816532159,2667.0
71658.28816532159,2555.0
72258.28816532159,2555.0
72258.28816532159,2667.0
86400.000002,2667.0
# temp #6930
0.0,2234.0
80034.23455611338,2234.0
80034.23455611338,2555.0
85430.76045003255,2555.0
85430.76045003255,2667.0
86400.0,2667.0
# temp #6931
0.0,2234.0
68620.4340499593,2234.0
68620.4340499593,2883.0
71020.4340499593,2883.0
71020.4340499593,2667.0
86400.000002,2667.0
# temp #6932
0.0,2234.0
6163.840391370469,2234.0
6163.840391370469,2667.0
10809.182617859917,2667.0
10809.182617859917,2555.0
11607.3297359515,2555.0
11607.3297359515,2667.0
18598.416673718024,2667.0
18598.416673718024,2555.0
18898.416673718024,2555.0
18898.416673718024,2667.0
19198.416673718024,2667.0
19198.416673718024,2555.0
22498.416673718024,2555.0
22498.416673718024,2667.0
47998.41667371802,2667.0
47998.41667371802,2883.0
86400.000002,2883.0
# temp #6933
0.0,2234.0
2164.0659138327464,2234.0
2164.0659138327464,2883.0
2731.606684997678,2883.0
2731.606684997678,2667.0
6083.222878840752,2667.0
6083.222878840752,2883.0
23273.484705341983,2883.0
23273.484705341983,2429.0
69031.89454651439,2429.0
69031.89454651439,2883.0
86400.0,2883.0
# temp #6934
0.0,2234.0
6306.187016679906,2234.0
6306.187016679906,2667.0
41145.4132040497,2667.0
41145.4132040497,2555.0
42446.81783211418,2555.0
42446.81783211418,2667.0
47888.45333999489,2667.0
47888.45333999489,2555.0
48188.45333999489,2555.0
48188.45333999489,2429.0
73280.1243190421,2429.0
73280.1243190421,2555.0
77321.07289570851,2555.0
77321.07289570851,2667.0
86400.0,2667.0
# temp #6935
0.0,2234.0
23743.910108227286,2234.0
23743.910108227286,2429.0
24343.910108227286,2429.0
24343.910108227286,2555.0
27923.502280656252,2555.0
27923.502280656252,2429.0
65980.03463989591,2429.0
65980.03463989591,2555.0
66484.17187447195,2555.0
66484.17187447195,2667.0
86400.0,2667.0
# temp #6936
0.0,2234.0
18572.75638645515,2234.0
18572.75638645515,2017.0
34504.79411222041,2017.0
34504.79411222041,2234.0
68964.48602685705,2234.0
68964.48602685705,2017.0
86400.0,2017.0
# temp #6937
0.0,2234.0
67135.96511904616,2234.0
67135.96511904616,2883.0
69535.96511904616,2883.0
69535.96511904616,2667.0
78698.12537580729,2667.0
78698.12537580729,2555.0
86400.0,2555.0
# temp #6938
0.0,2234.0
59923.34788532463,2234.0
59923.34788532463,2555.0
77970.16525666697,2555.0
77970.16525666697,2429.0
78303.27362890822,2429.0
78303.27362890822,2234.0
86400.0,2234.0
# temp #6939
0.0,2234.0
4597.432495071554,2234.0
4597.432495071554,2667.0
9191.056207660587,2667.0
9191.056207660587,2555.0
10645.690882299097,2555.0
10645.690882299097,2667.0
23729.093319224197,2667.0
23729.093319224197,2555.0
24029.093319224197,2555.0
24029.093319224197,2667.0
24329.093319224197,2667.0
24329.093319224197,2555.0
27629.093319224197,2555.0
27629.093319224197,2667.0
53129.093319224194,2667.0
53129.093319224194,2883.0
86400.000002,2883.0
# temp #6940
0.0,2234.0
8964.363638148645,2234.0
8964.363638148645,2883.0
10756.906769494528,2883.0
10756.906769494528,2667.0
22978.033095225695,2667.0
22978.033095225695,2883.0
55710.72497076822,2883.0
55710.72497076822,2429.0
63962.363660568386,2429.0
63962.363660568386,2555.0
80577.96779586935,2555.0
80577.96779586935,2429.0
86400.0,2429.0
# temp #6941
0.0,2234.0
53037.70432407037,2234.0
53037.70432407037,2555.0
78931.8328857422,2555.0
78931.8328857422,2429.0
86400.0,2429.0
# temp #6942
0.0,2234.0
4416.5823123883465,2234.0
4416.5823123883465,2667.0
27048.32527348772,2667.0
27048.32527348772,2555.0
28300.36403825507,2555.0
28300.36403825507,2667.0
59688.78560350278,2667.0
59688.78560350278,2555.0
59988.78560350278,2555.0
59988.78560350278,2667.0
60813.93955692185,2667.0
60813.93955692185,2555.0
61413.93955692185,2555.0
61413.93955692185,2667.0
86400.0,2667.0
# temp #6943
0.0,2234.0
57240.14366359916,2234.0
57240.14366359916,2555.0
86400.000002,2555.0
# temp #6944
0.0,2234.0
5608.042753511109,2234.0
5608.042753511109,2667.0
20980.970848398287,2667.0
20980.970848398287,2555.0
21708.63869651221,2555.0
21708.63869651221,2667.0
55586.74638415688,2667.0
55586.74638415688,2555.0
56186.74638415688,2555.0
56186.74638415688,2667.0
75016.96308986285,2667.0
75016.96308986285,2555.0
79294.61198584178,2555.0
79294.61198584178,2429.0
86400.0,2429.0
# temp #6945
0.0,2234.0
3532.2852493263786,2234.0
3532.2852493263786,2667.0
51825.25003803895,2667.0
51825.25003803895,2555.0
53307.89055638016,2555.0
53307.89055638016,2429.0
84473.96215398332,2429.0
84473.96215398332,2555.0
86400.0,2555.0
# temp #6946
0.0,2234.0
10278.320566518234,2234.0
10278.320566518234,2017.0
43527.27024159395,2017.0
43527.27024159395,2234.0
49227.27024159395,2234.0
49227.27024159395,2429.0
86400.000002,2429.0
# temp #6947
0.0,2234.0
4376.077638077551,2234.0
4376.077638077551,2667.0
44348.4313806519,2667.0
44348.4313806519,2555.0
45107.15777277947,2555.0
45107.15777277947,2667.0
77381.07117000037,2667.0
77381.07117000037,2555.0
77681.07117000037,2555.0
77681.07117000037,2667.0
78282.50690752176,2667.0
78282.50690752176,2555.0
78882.50690752176,2555.0
78882.50690752176,2667.0
84494.2337124143,2667.0
84494.2337124143,2555.0
86400.0,2555.0
# temp #6948
0.0,2234.0
5623.256374569611,2234.0
5623.256374569611,2883.0
7064.129989966751,2883.0
7064.129989966751,2667.0
10611.333243758418,2667.0
10611.333243758418,2883.0
23326.36307787616,2883.0
23326.36307787616,2667.0
26874.943879852075,2667.0
26874.943879852075,2555.0
30079.870028654117,2555.0
30079.870028654117,2667.0
54890.84279320669,2667.0
54890.84279320669,2555.0
80790.41560138577,2555.0
80790.41560138577,2429.0
86400.0,2429.0
# temp #6949
0.0,2234.0
30913.09534502216,2234.0
30913.09534502216,2017.0
58332.59450756014,2017.0
58332.59450756014,2234.0
86400.000002,2234.0
# temp #6950
0.0,2234.0
13507.793359179052,2234.0
13507.793359179052,2883.0
13850.94514747616,2883.0
13850.94514747616,2667.0
16173.256249842236,2667.0
16173.256249842236,2883.0
31306.47580157966,2883.0
31306.47580157966,2429.0
80531.3089429401,2429.0
80531.3089429401,2883.0
86400.000002,2883.0
# temp #6951
0.0,2234.0
2948.994736745954,2234.0
2948.994736745954,2555.0
16648.56568844989,2555.0
16648.56568844989,2429.0
54916.84445785359,2429.0
54916.84445785359,2234.0
64489.43768078462,2234.0
64489.43768078462,2429.0
71493.168409355,2429.0
71493.168409355,2234.0
75335.70118958598,2234.0
75335.70118958598,2429.0
86400.000002,2429.0
# temp #6952
0.0,2234.0
6573.826263542288,2234.0
6573.826263542288,2667.0
30569.404025073167,2667.0
30569.404025073167,2555.0
31253.288052580323,2555.0
31253.288052580323,2429.0
31662.012219149623,2429.0
31662.012219149623,2555.0
51078.954053297646,2555.0
51078.954053297646,2667.0
72676.44281191753,2667.0
72676.44281191753,2234.0
84562.04715818168,2234.0
84562.04715818168,2667.0
86400.000002,2667.0
# temp #6953
0.0,2234.0
7216.214077477345,2234.0
7216.214077477345,2667.0
46862.03330091667,2667.0
46862.03330091667,2555.0
48027.17631447595,2555.0
48027.17631447595,2667.0
80168.0578605272,2667.0
80168.0578605272,2555.0
83168.0578605272,2555.0
83168.0578605272,2667.0
86400.000002,2667.0
# temp #6954
0.0,2234.0
6686.125077330509,2234.0
6686.125077330509,2667.0
37189.66909898446,2667.0
37189.66909898446,2555.0
37515.169502981014,2555.0
37515.169502981014,2667.0
43298.78517792095,2667.0
43298.78517792095,2555.0
46298.78517792095,2555.0
46298.78517792095,2667.0
72398.78517792094,2667.0
72398.78517792094,2883.0
86400.000002,2883.0
# temp #6955
0.0,2234.0
60819.024386722594,2234.0
60819.024386722594,2555.0
71804.05123746023,2555.0
71804.05123746023,2234.0
86400.000002,2234.0
# temp #6956
0.0,2234.0
5472.36850638874,2234.0
5472.36850638874,2667.0
20873.11249931809,2667.0
20873.11249931809,2555.0
21361.81300969329,2555.0
21361.81300969329,2667.0
32604.914536583245,2667.0
32604.914536583245,2555.0
32904.914536583245,2555.0
32904.914536583245,2667.0
33692.545392620385,2667.0
33692.545392620385,2555.0
34292.545392620385,2555.0
34292.545392620385,2667.0
72095.6647296902,2667.0
72095.6647296902,2555.0
86400.000002,2555.0
# temp #6957
0.0,2234.0
12310.804237914273,2234.0
12310.804237914273,2883.0
13632.297324738467,2883.0
13632.297324738467,2667.0
20684.2383091338,2667.0
20684.2383091338,2883.0
38886.1217558384,2883.0
38886.1217558384,2667.0
65808.11565353071,2667.0
65808.11565353071,2555.0
67791.30932001864,2555.0
67791.30932001864,2667.0
72078.81833456924,2667.0
72078.81833456924,2555.0
82969.68403311913,2555.0
82969.68403311913,2667.0
86400.000002,2667.0
# temp #6958
0.0,2234.0
3217.0917869545524,2234.0
3217.0917869545524,2667.0
8154.715660493823,2667.0
8154.715660493823,2555.0
9419.576311949642,2555.0
9419.576311949642,2429.0
57373.590146563954,2429.0
57373.590146563954,2883.0
67803.97799760105,2883.0
67803.97799760105,2429.0
86400.0,2429.0
# temp #6959
0.0,2234.0
7823.212920874358,2234.0
7823.212920874358,2017.0
42205.96532933415,2017.0
42205.96532933415,2234.0
50368.52203449235,2234.0
50368.52203449235,2017.0
86400.000002,2017.0
# temp #6960
0.0,2234.0
19189.96054544114,2234.0
19189.96054544114,2429.0
19615.827338397507,2429.0
19615.827338397507,2555.0
21554.839034378532,2555.0
21554.839034378532,2429.0
29179.02490168345,2429.0
29179.02490168345,2555.0
51419.35142318253,2555.0
51419.35142318253,2429.0
63758.7018537568,2429.0
63758.7018537568,2555.0
67205.68863409573,2555.0
67205.68863409573,2429.0
71025.18514017576,2429.0
71025.18514017576,2883.0
86400.0,2883.0
# temp #6961
0.0,2234.0
2291.5003603091463,2234.0
2291.5003603091463,2883.0
13391.500360309146,2883.0
13391.500360309146,2555.0
28546.041223802607,2555.0
28546.041223802607,2429.0
30034.021273045804,2429.0
30034.021273045804,2555.0
47700.696456315934,2555.0
47700.696456315934,2667.0
76565.92271507253,2667.0
76565.92271507253,2555.0
86400.000002,2555.0
# temp #6962
0.0,2234.0
50252.50882725232,2234.0
50252.50882725232,2555.0
64824.866907158874,2555.0
64824.866907158874,2429.0
86400.0,2429.0
# temp #6963
0.0,2234.0
20263.0319850985,2234.0
20263.0319850985,2017.0
50418.730692844845,2017.0
50418.730692844845,2234.0
86400.0,2234.0
# temp #6964
0.0,2234.0
4435.681823082269,2234.0
4435.681823082269,2017.0
14584.667867375541,2017.0
14584.667867375541,2234.0
34480.64862429165,2234.0
34480.64862429165,2017.0
49026.29302139395,2017.0
49026.29302139395,2234.0
55233.9961827267,2234.0
55233.9961827267,2017.0
61818.227093433976,2017.0
61818.227093433976,2234.0
86400.0,2234.0
# temp #6965
0.0,2234.0
69431.39316597955,2234.0
69431.39316597955,2555.0
72660.78283432873,2555.0
72660.78283432873,2667.0
73240.14966683464,2667.0
73240.14966683464,2555.0
79240.14966683464,2555.0
79240.14966683464,2429.0
81640.14966683464,2429.0
81640.14966683464,2234.0
85240.14966683464,2234.0
85240.14966683464,2429.0
86400.0,2429.0
# temp #6966
0.0,2234.0
16541.935977246616,2234.0
16541.935977246616,2883.0
17049.69563407358,2883.0
17049.69563407358,2667.0
19873.17050909624,2667.0
19873.17050909624,2883.0
38391.9767956948,2883.0
38391.9767956948,2429.0
57670.17952005846,2429.0
57670.17952005846,2883.0
86400.000002,2883.0
# temp #6967
0.0,2234.0
1562.1832984965297,2234.0
1562.1832984965297,2555.0
2777.3385701235384,2555.0
2777.3385701235384,2667.0
3305.09705292061,2667.0
3305.09705292061,2555.0
3605.09705292061,2555.0
3605.09705292061,2667.0
30305.09705292061,2667.0
30305.09705292061,2555.0
46205.09705292061,2555.0
46205.09705292061,2234.0
49805.09705292061,2234.0
49805.09705292061,2429.0
59705.09705292061,2429.0
59705.09705292061,2555.0
60305.09705292061,2555.0
60305.09705292061,2667.0
72605.09705292061,2667.0
72605.09705292061,2883.0
83884.69265992753,2883.0
83888.7553496752,2555.0
83888.7553496752,2429.0
86400.000002,2429.0
# temp #6968
0.0,2234.0
35169.86747039483,2234.0
35169.86747039483,2555.0
40561.838465603076,2555.0
40561.838465603076,2667.0
50461.838465603076,2667.0
50461.838465603076,2555.0
54766.92752544769,2555.0
54766.92752544769,2429.0
65937.54411418924,2429.0
65937.54411418924,2555.0
86400.000002,2555.0
# temp #6969
0.0,2234.0
34700.526895746596,2234.0
34700.526895746596,2017.0
47202.30292109773,2017.0
47202.30292109773,2234.0
66304.43961247803,2234.0
66304.43961247803,2017.0
73140.43472497725,2017.0
73140.43472497725,2234.0
86400.000002,2234.0
# temp #6970
0.0,2234.0
1602.224356052466,2234.0
1602.224356052466,2667.0
31010.074425511997,2667.0
31010.074425511997,2555.0
31368.206593883227,2555.0
31368.206593883227,2667.0
45114.417077391416,2667.0
45114.417077391416,2555.0
45414.417077391416,2555.0
45414.417077391416,2429.0
75574.15350421797,2429.0
75574.15350421797,2883.0
86400.0,2883.0
# temp #6971
0.0,2234.0
40022.36253367738,2234.0
40022.36253367738,2429.0
40405.38002767135,2429.0
40405.38002767135,2234.0
41261.78526941222,2234.0
41261.78526941222,2429.0
45813.372060726404,2429.0
45813.372060726404,2234.0
67954.87899673173,2234.0
67954.87899673173,2429.0
69088.5871931445,2429.0
69088.5871931445,2555.0
70369.41397148186,2555.0
70369.41397148186,2429.0
86400.000002,2429.0
# temp #6972
0.0,2234.0
66732.16571859084,2234.0
66732.16571859084,2883.0
69132.16571859084,2883.0
69132.16571859084,2667.0
86400.0,2667.0
# temp #6973
0.0,2234.0
56515.19378630911,2234.0
56515.19378630911,2555.0
73737.94139341918,2555.0
73737.94139341918,2429.0
86400.000002,2429.0
# temp #6974
0.0,2234.0
14815.991769195536,2234.0
14815.991769195536,2555.0
23106.931182858538,2555.0
23106.931182858538,2429.0
23472.773891617548,2429.0
23472.773891617548,2555.0
29026.31474209484,2555.0
29026.31474209484,2429.0
30032.10998370778,2429.0
30032.10998370778,2555.0
30615.997695713308,2555.0
30615.997695713308,2429.0
30915.997695713308,2429.0
30915.997695713308,2555.0
32415.997695713308,2555.0
32415.997695713308,2429.0
42615.997695713304,2429.0
42615.997695713304,2234.0
86400.0,2234.0
# temp #6975
0.0,2234.0
32638.39298123494,2234.0
32638.39298123494,2429.0
33238.39298123494,2429.0
33238.39298123494,2555.0
34595.0838119723,2555.0
34595.0838119723,2429.0
37098.73879663647,2429.0
37098.73879663647,2883.0
55108.932936564095,2883.0
55108.932936564095,2667.0
81466.46489286797,2667.0
81466.46489286797,2883.0
86400.000002,2883.0
# temp #6976
0.0,2234.0
2625.2467906102543,2234.0
2625.2467906102543,2017.0
48245.9315809887,2017.0
48245.9315809887,2234.0
50736.18991482072,2234.0
50736.18991482072,2017.0
51071.15335729905,2017.0
51071.15335729905,2234.0
86400.000002,2234.0
# temp #6977
0.0,2234.0
48736.56583826524,2234.0
48736.56583826524,2555.0
80459.26117699129,2555.0
80459.26117699129,2429.0
80769.88201767673,2429.0
80769.88201767673,2555.0
86400.0,2555.0
# temp #6978
0.0,2234.0
84237.4525106745,2234.0
84237.4525106745,2555.0
86400.0,2555.0
# temp #6979
0.0,2234.0
36766.51083827019,2234.0
36766.51083827019,2883.0
39166.51083827019,2883.0
39166.51083827019,2667.0
56750.59674214572,2667.0
56750.59674214572,2883.0
57008.130240580074,2883.0
57008.130240580074,2429.0
85048.96407562774,2429.0
85048.96407562774,2555.0
86400.0,2555.0
# temp #6980
0.0,2234.0
1550.1635264838117,2234.0
1550.1635264838117,2667.0
49501.29722447601,2667.0
49501.29722447601,2555.0
50826.408317754984,2555.0
50826.408317754984,2667.0
80291.79742641283,2667.0
80291.79742641283,2555.0
80891.79742641283,2555.0
80891.79742641283,2667.0
86400.0,2667.0
# temp #6981
0.0,2234.0
29284.876542887654,2234.0
29284.876542887654,2429.0
29601.55105562881,2429.0
29601.55105562881,2555.0
34357.78009565548,2555.0
34357.78009565548,2429.0
36935.99640363828,2429.0
36935.99640363828,2667.0
79383.14555324616,2667.0
79383.14555324616,2883.0
86400.000002,2883.0
# temp #6982
0.0,2234.0
34849.41546698101,2234.0
34849.41546698101,2883.0
37249.41546698101,2883.0
37249.41546698101,2667.0
62470.95011835918,2667.0
62470.95011835918,2555.0
70404.91730114445,2555.0
70404.91730114445,2429.0
77491.21968371328,2429.0
77491.21968371328,2555.0
83497.49904850032,2555.0
83497.49904850032,2667.0
84695.49424136059,2667.0
84695.49424136059,2555.0
86400.0,2555.0
# temp #6983
0.0,2234.0
49102.730367262855,2234.0
49102.730367262855,2555.0
51093.386550690055,2555.0
51093.386550690055,2667.0
51675.96613517963,2667.0
51675.96613517963,2555.0
51975.96613517963,2555.0
51975.96613517963,2667.0
55575.96613517963,2667.0
55575.96613517963,2555.0
57075.96613517963,2555.0
57075.96613517963,2429.0
75063.11381652487,2429.0
75063.11381652487,2234.0
77503.87627249585,2234.0
77503.87627249585,2429.0
86400.0,2429.0
# temp #6984
0.0,2234.0
30832.426800741818,2234.0
30832.426800741818,2429.0
62932.426800741814,2429.0
62932.426800741814,2555.0
63232.426800741814,2555.0
63232.426800741814,2667.0
70910.17162527423,2667.0
70910.17162527423,2555.0
86400.0,2555.0
# temp #6985
0.0,2234.0
16114.046901301484,2234.0
16114.046901301484,2883.0
17169.57650429104,2883.0
17169.57650429104,2667.0
21271.04641995393,2667.0
21271.04641995393,2883.0
40137.66006049701,2883.0
40137.66006049701,2667.0
68520.33520722763,2667.0
68520.33520722763,2555.0
80803.02352518776,2555.0
80803.02352518776,2429.0
86400.0,2429.0
# temp #6986
0.0,2234.0
55003.66301019677,2234.0
55003.66301019677,2429.0
55502.235637349084,2429.0
55502.235637349084,2555.0
55895.9179082187,2555.0
55895.9179082187,2429.0
81777.43560494857,2429.0
81777.43560494857,2555.0
86400.0,2555.0
# temp #6987
0.0,2234.0
70968.41069706716,2234.0
70968.41069706716,2555.0
79676.70569827314,2555.0
79676.70569827314,2234.0
86400.000002,2234.0
# temp #6988
0.0,2234.0
31705.736843193885,2234.0
31705.736843193885,2555.0
33376.48356633727,2555.0
33376.48356633727,2667.0
33912.99288268202,2667.0
33912.99288268202,2555.0
34212.99288268202,2555.0
34212.99288268202,2667.0
60912.99288268201,2667.0
60912.99288268201,2555.0
76812.99288268201,2555.0
76812.99288268201,2234.0
80412.99288268201,2234.0
80412.99288268201,2429.0
86400.000002,2429.0
# temp #6989
0.0,2234.0
5567.681128741243,2234.0
5567.681128741243,2667.0
48523.944734525874,2667.0
48523.944734525874,2555.0
49033.919138205245,2555.0
49033.919138205245,2667.0
54099.19471107424,2667.0
54099.19471107424,2555.0
54399.19471107424,2555.0
54399.19471107424,2667.0
54699.19471107424,2667.0
54699.19471107424,2555.0
57999.19471107424,2555.0
57999.19471107424,2667.0
83499.19471107423,2667.0
83499.19471107423,2883.0
86400.0,2883.0
# temp #6990
0.0,2234.0
26687.786506069828,2234.0
26687.786506069828,2017.0
31936.27953110263,2017.0
31936.27953110263,2234.0
48939.61675772444,2234.0
48939.61675772444,2017.0
86400.0,2017.0
# temp #6991
0.0,2234.0
60520.70434670896,2234.0
60520.70434670896,2555.0
86400.0,2555.0
# temp #6992
0.0,2234.0
33057.214222988114,2234.0
33057.214222988114,2429.0
33357.214222988114,2429.0
33357.214222988114,2234.0
51444.7423347272,2234.0
51444.7423347272,2429.0
59037.919923872694,2429.0
59037.919923872694,2555.0
64914.576620911255,2555.0
64914.576620911255,2667.0
86400.000002,2667.0
# temp #6993
0.0,2234.0
6963.118037790993,2234.0
6963.118037790993,2667.0
34364.18003069703,2667.0
34364.18003069703,2555.0
34790.48179371749,2555.0
34790.48179371749,2667.0
49574.67382731849,2667.0
49574.67382731849,2555.0
49874.67382731849,2555.0
49874.67382731849,2667.0
50174.67382731849,2667.0
50174.67382731849,2555.0
53474.67382731849,2555.0
53474.67382731849,2667.0
78974.67382731849,2667.0
78974.67382731849,2883.0
86400.0,2883.0
# temp #6994
0.0,2234.0
48567.40675535985,2234.0
48567.40675535985,2429.0
48963.998724985875,2429.0
48963.998724985875,2555.0
50680.44512690977,2555.0
50680.44512690977,2429.0
73905.36741160323,2429.0
73905.36741160323,2555.0
81317.03257632909,2555.0
81317.03257632909,2429.0
86400.000002,2429.0
# temp #6995
0.0,2234.0
77936.92036550494,2234.0
77936.92036550494,2555.0
86400.0,2555.0
# temp #6996
0.0,2234.0
13591.814427939245,2234.0
13591.814427939245,2555.0
47416.78121129517,2555.0
47416.78121129517,2429.0
47776.37426150032,2429.0
47776.37426150032,2555.0
64607.65891224147,2555.0
64607.65891224147,2429.0
66001.81747684257,2429.0
66001.81747684257,2555.0
66908.1023049541,2555.0
66908.1023049541,2429.0
67208.1023049541,2429.0
67208.1023049541,2555.0
86400.000002,2555.0
# temp #6997
0.0,2234.0
37149.1861099843,2234.0
37149.1861099843,2555.0
70816.40709824862,2555.0
70816.40709824862,2429.0
76559.66004543008,2429.0
76559.66004543008,2234.0
76859.66004543008,2234.0
76859.66004543008,2017.0
86400.0,2017.0
# temp #6998
0.0,2234.0
35332.115664705634,2234.0
35332.115664705634,2883.0
37732.115664705634,2883.0
37732.115664705634,2667.0
49404.120532097295,2667.0
49404.120532097295,2234.0
63095.33333305736,2234.0
63095.33333305736,2429.0
86400.000002,2429.0
# temp #6999
0.0,2234.0
6135.989361628891,2234.0
6135.989361628891,2883.0
6922.010710719042,2883.0
6922.010710719042,2667.0
10075.582004478201,2667.0
10075.582004478201,2883.0
27936.902408162136,2883.0
27936.902408162136,2667.0
55516.4076226065,2667.0
55516.4076226065,2555.0
56938.397513818934,2555.0
56938.397513818934,2667.0
85405.06081588102,2667.0
85405.06081588102,2555.0
86400.000002,2555.0
# temp #7000
0.0,2234.0
39871.93593448029,2234.0
39871.93593448029,2429.0
40171.93593448029,2429.0
40171.93593448029,2234.0
44678.888656036004,2234.0
44678.888656036004,2429.0
45475.24278794882,2429.0
45475.24278794882,2555.0
50998.941725562334,2555.0
50998.941725562334,2667.0
68081.41062415672,2667.0
68081.41062415672,2234.0
86400.0,2234.0
# temp #7001
0.0,2234.0
44458.8457181817,2234.0
44458.8457181817,2555.0
49245.644792052924,2555.0
49245.644792052924,2667.0
59145.644792052924,2667.0
59145.644792052924,2555.0
62830.689762043774,2555.0
62830.689762043774,2429.0
66453.43396996615,2429.0
66453.43396996615,2883.0
74099.34344084469,2883.0
74099.34344084469,2667.0
86400.0,2667.0
# temp #7002
0.0,2234.0
8166.691270703451,2234.0
8166.691270703451,2429.0
8676.815542671831,2429.0
8676.815542671831,2555.0
10816.597749385985,2555.0
10816.597749385985,2429.0
13368.160747736694,2429.0
13368.160747736694,2555.0
39885.12058560737,2555.0
39885.12058560737,2429.0
65103.70027783794,2429.0
65103.70027783794,2555.0
71946.15195819644,2555.0
71946.15195819644,2667.0
86400.000002,2667.0
# temp #7003
0.0,2234.0
82529.5671087457,2234.0
82529.5671087457,2555.0
86400.000002,2555.0
# temp #7004
0.0,2234.0
36171.793916425675,2234.0
36171.793916425675,2429.0
36592.07929302939,2429.0
36592.07929302939,2555.0
37622.022355394445,2555.0
37622.022355394445,2429.0
53838.50164187608,2429.0
53838.50164187608,2555.0
60372.952371463194,2555.0
60372.952371463194,2429.0
76905.70992815775,2429.0
76905.70992815775,2555.0
86400.0,2555.0
# temp #7005
0.0,2234.0
47205.08566985373,2234.0
47205.08566985373,2429.0
47775.087685673505,2429.0
47775.087685673505,2555.0
50680.4030844709,2555.0
50680.4030844709,2429.0
63983.78944548313,2429.0
63983.78944548313,2555.0
75971.9056552509,2555.0
75971.9056552509,2667.0
83060.44276398608,2667.0
83060.44276398608,2555.0
86400.0,2555.0
# temp #7006
0.0,2234.0
67121.84987417424,2234.0
67121.84987417424,2555.0
67450.47125173734,2555.0
67450.47125173734,2667.0
77350.47125173734,2667.0
77350.47125173734,2555.0
77682.70727125929,2555.0
77682.70727125929,2429.0
86400.000002,2429.0
# temp #7007
0.0,2234.0
57939.59401412868,2234.0
57939.59401412868,2429.0
58239.59401412868,2429.0
58239.59401412868,2234.0
80522.40645519925,2234.0
80522.40645519925,2429.0
82306.29729987124,2429.0
82306.29729987124,2555.0
86400.000002,2555.0
# temp #7008
0.0,2234.0
43101.03511519265,2234.0
43101.03511519265,2555.0
46682.63321632986,2555.0
46682.63321632986,2429.0
47035.30947861728,2429.0
47035.30947861728,2555.0
70535.43251215016,2555.0
70535.43251215016,2429.0
71249.2395240348,2429.0
71249.2395240348,2234.0
84876.84175162578,2234.0
84876.84175162578,2667.0
86400.000002,2667.0
# temp #7009
0.0,2234.0
5112.527166469955,2234.0
5112.527166469955,2667.0
23344.638798781674,2667.0
23344.638798781674,2555.0
24029.428653814834,2555.0
24029.428653814834,2667.0
58428.28753176147,2667.0
58428.28753176147,2555.0
58728.28753176147,2555.0
58728.28753176147,2667.0
59028.28753176147,2667.0
59028.28753176147,2555.0
62328.28753176147,2555.0
62328.28753176147,2667.0
86400.000002,2667.0
# temp #7010
0.0,2234.0
25853.690494992774,2234.0
25853.690494992774,2555.0
29688.07879497763,2555.0
29688.07879497763,2667.0
30224.087776872333,2667.0
30224.087776872333,2555.0
30524.087776872333,2555.0
30524.087776872333,2667.0
57224.08777687233,2667.0
57224.08777687233,2555.0
73124.08777687233,2555.0
73124.08777687233,2234.0
76724.08777687233,2234.0
76724.08777687233,2429.0
86400.000002,2429.0
# temp #7011
0.0,2234.0
16932.039641076703,2234.0
16932.039641076703,2017.0
30567.32648327016,2017.0
30567.32648327016,2234.0
63643.92898106018,2234.0
63643.92898106018,2017.0
86400.0,2017.0
# temp #7012
0.0,2234.0
4017.318462207914,2234.0
4017.318462207914,2883.0
4523.028093064204,2883.0
4523.028093064204,2667.0
14114.848038973287,2667.0
14114.848038973287,2883.0
25603.199687157758,2883.0
25603.199687157758,2429.0
42679.050781368285,2429.0
42679.050781368285,2555.0
54608.77051767894,2555.0
54608.77051767894,2429.0
76114.49204308448,2429.0
76114.49204308448,2234.0
86400.0,2234.0
# temp #7013
0.0,2234.0
2256.2416357453912,2234.0
2256.2416357453912,2555.0
34626.91318807193,2555.0
34626.91318807193,2429.0
41678.43592283317,2429.0
41678.43592283317,2234.0
41978.43592283317,2234.0
41978.43592283317,2017.0
62090.816499525696,2017.0
62090.816499525696,2555.0
86400.000002,2555.0
# temp #7014
0.0,2234.0
28895.102105475966,2234.0
28895.102105475966,2429.0
29495.102105475966,2429.0
29495.102105475966,2555.0
33410.832205228515,2555.0
33410.832205228515,2429.0
47934.507038653835,2429.0
47934.507038653835,2234.0
69856.888169772,2234.0
69856.888169772,2429.0
83936.37775084937,2429.0
83936.37775084937,2555.0
86400.0,2555.0
# temp #7015
0.0,2234.0
34477.07457777579,2234.0
34477.07457777579,2555.0
41214.210560568616,2555.0
41214.210560568616,2429.0
74973.22634349113,2429.0
74973.22634349113,2234.0
75573.22634349113,2234.0
75573.22634349113,2429.0
77973.22634349113,2429.0
77973.22634349113,2555.0
86400.000002,2555.0
# temp #7016
0.0,2234.0
49888.320654840216,2234.0
49888.320654840216,2555.0
51033.065069373704,2555.0
51033.065069373704,2667.0
57333.065069373704,2667.0
57333.065069373704,2555.0
58533.065069373704,2555.0
58533.065069373704,2429.0
86400.000002,2429.0
# temp #7017
0.0,2234.0
14610.443352092992,2234.0
14610.443352092992,2883.0
15666.300229635093,2883.0
15666.300229635093,2667.0
17959.847090276893,2667.0
17959.847090276893,2883.0
37428.485587402254,2883.0
37428.485587402254,2667.0
58293.47749042792,2667.0
58293.47749042792,2555.0
66893.2057520142,2555.0
66893.2057520142,2667.0
86400.000002,2667.0
# temp #7018
0.0,2234.0
41835.31586620957,2234.0
41835.31586620957,2555.0
71385.69542993793,2555.0
71385.69542993793,2429.0
75743.34466571455,2429.0
75743.34466571455,2555.0
86400.000002,2555.0
# temp #7019
0.0,2234.0
21978.095505014066,2234.0
21978.095505014066,2429.0
22578.095505014066,2429.0
22578.095505014066,2555.0
27192.689527943734,2555.0
27192.689527943734,2429.0
36527.24044199568,2429.0
36527.24044199568,2555.0
37258.78693812993,2555.0
37258.78693812993,2667.0
41768.939875275835,2667.0
41768.939875275835,2234.0
58621.34366165848,2234.0
58621.34366165848,2429.0
86400.000002,2429.0
# temp #7020
0.0,2234.0
3544.7874710429464,2234.0
3544.7874710429464,2667.0
38295.44125080575,2667.0
38295.44125080575,2555.0
39528.59497864266,2555.0
39528.59497864266,2667.0
72014.83793060762,2667.0
72014.83793060762,2555.0
72614.83793060762,2555.0
72614.83793060762,2667.0
86400.0,2667.0
# temp #7021
0.0,2234.0
37185.66767068115,2234.0
37185.66767068115,2555.0
38305.16271558591,2555.0
38305.16271558591,2667.0
38766.75125083421,2667.0
38766.75125083421,2555.0
44766.75125083421,2555.0
44766.75125083421,2429.0
47166.75125083421,2429.0
47166.75125083421,2234.0
50766.75125083421,2234.0
50766.75125083421,2429.0
51966.75125083421,2429.0
51966.75125083421,2234.0
57666.75125083421,2234.0
57666.75125083421,2429.0
68576.74714734314,2429.0
68576.74714734314,2555.0
75862.80348754955,2555.0
75862.80348754955,2667.0
86400.000002,2667.0
# temp #7022
0.0,2234.0
7563.652532268316,2234.0
7563.652532268316,2017.0
45140.89522166178,2017.0
45140.89522166178,2234.0
70708.03619138898,2234.0
70708.03619138898,2017.0
86400.0,2017.0
# temp #7023
0.0,2234.0
6683.041459671223,2234.0
6683.041459671223,2555.0
20967.213768954392,2555.0
20967.213768954392,2429.0
37754.231854970574,2429.0
37754.231854970574,2234.0
44158.26417272911,2234.0
44158.26417272911,2429.0
55965.46479980463,2429.0
55965.46479980463,2234.0
74990.774666355,2234.0
74990.774666355,2429.0
86400.000002,2429.0
# temp #7024
0.0,2234.0
52859.1611505719,2234.0
52859.1611505719,2555.0
54229.08056003508,2555.0
54229.08056003508,2429.0
54742.862532986335,2429.0
54742.862532986335,2555.0
73699.57291013563,2555.0
73699.57291013563,2429.0
74741.28099395895,2429.0
74741.28099395895,2234.0
86400.0,2234.0
# temp #7025
0.0,2234.0
8580.516124097632,2234.0
8580.516124097632,2667.0
44312.090697255924,2667.0
44312.090697255924,2555.0
45181.13315629308,2555.0
45181.13315629308,2667.0
49506.654481007725,2667.0
49506.654481007725,2555.0
49806.654481007725,2555.0
49806.654481007725,2429.0
54223.36958697998,2429.0
54223.36958697998,2234.0
86400.0,2234.0
# temp #7026
0.0,2234.0
19278.803238063123,2234.0
19278.803238063123,2429.0
19755.78919469845,2429.0
19755.78919469845,2555.0
24780.97354068887,2555.0
24780.97354068887,2429.0
68560.2806596784,2429.0
68560.2806596784,2883.0
84864.16882784107,2883.0
84864.16882784107,2429.0
86400.0,2429.0
# temp #7027
0.0,2234.0
63219.523835624575,2234.0
63219.523835624575,2883.0
65619.52383562457,2883.0
65619.52383562457,2667.0
86400.0,2667.0
# temp #7028
0.0,2234.0
70731.50748973712,2234.0
70731.50748973712,2555.0
82910.96833383199,2555.0
82910.96833383199,2234.0
83257.96747987624,2234.0
83257.96747987624,2667.0
86400.000002,2667.0
# temp #7029
0.0,2234.0
8047.937151789667,2234.0
8047.937151789667,2667.0
38578.98054546677,2667.0
38578.98054546677,2555.0
38945.915570994846,2555.0
38945.915570994846,2667.0
69053.33729891574,2667.0
69053.33729891574,2555.0
69353.33729891574,2555.0
69353.33729891574,2667.0
70219.92486070377,2667.0
70219.92486070377,2555.0
70819.92486070377,2555.0
70819.92486070377,2667.0
86400.000002,2667.0
# temp #7030
0.0,2234.0
28490.318682859655,2234.0
28490.318682859655,2429.0
28845.15620861203,2429.0
28845.15620861203,2234.0
29584.041205979887,2234.0
29584.041205979887,2429.0
30550.031230458993,2429.0
30550.031230458993,2234.0
47009.04569160193,2234.0
47009.04569160193,2429.0
47398.31742227543,2429.0
47398.31742227543,2234.0
61937.08363466431,2234.0
61937.08363466431,2667.0
73471.90059497952,2667.0
73471.90059497952,2555.0
86400.0,2555.0
# temp #7031
0.0,2234.0
43499.210753222,2234.0
43499.210753222,2429.0
43866.71679660213,2429.0
43866.71679660213,2555.0
46275.13249337208,2555.0
46275.13249337208,2429.0
78964.73073957024,2429.0
78964.73073957024,2883.0
86400.000002,2883.0
# temp #7032
0.0,2234.0
749.1910793585703,2234.0
749.1910793585703,2667.0
19356.438394356523,2667.0
19356.438394356523,2555.0
20178.697357233617,2555.0
20178.697357233617,2667.0
54746.328597958214,2667.0
54746.328597958214,2555.0
55046.328597958214,2555.0
55046.328597958214,2667.0
55662.52606550699,2667.0
55662.52606550699,2555.0
56262.52606550699,2555.0
56262.52606550699,2667.0
73267.9096971173,2667.0
73267.9096971173,2234.0
85246.22560653371,2234.0
85246.22560653371,2429.0
86400.0,2429.0
# temp #7033
0.0,2234.0
26165.610706200827,2234.0
26165.610706200827,2555.0
31136.28351897933,2555.0
31136.28351897933,2667.0
37436.28351897933,2667.0
37436.28351897933,2555.0
38636.28351897933,2555.0
38636.28351897933,2429.0
81836.28351897933,2429.0
81836.28351897933,2234.0
82721.12107977738,2234.0
82721.12107977738,2429.0
86400.0,2429.0
# temp #7034
0.0,2234.0
26831.34676348418,2234.0
26831.34676348418,2555.0
37958.52162502706,2555.0
37958.52162502706,2667.0
67315.70536752699,2667.0
67315.70536752699,2555.0
69949.34643551243,2555.0
69949.34643551243,2667.0
86400.0,2667.0
# temp #7035
0.0,2234.0
2787.66175985802,2234.0
2787.66175985802,2429.0
34887.66175985802,2429.0
34887.66175985802,2555.0
35187.66175985802,2555.0
35187.66175985802,2667.0
37893.96810794715,2667.0
37893.96810794715,2234.0
67287.41613384336,2234.0
67287.41613384336,2429.0
76733.51596842987,2429.0
76733.51596842987,2555.0
79563.59351396096,2555.0
79563.59351396096,2667.0
86400.0,2667.0
# temp #7036
0.0,2234.0
24252.26305110846,2234.0
24252.26305110846,2429.0
24552.26305110846,2429.0
24552.26305110846,2234.0
27506.255547911864,2234.0
27506.255547911864,2667.0
58145.415320154294,2667.0
58145.415320154294,2555.0
77664.34232331814,2555.0
77664.34232331814,2667.0
86400.0,2667.0
# temp #7037
0.0,2234.0
71531.24810974115,2234.0
71531.24810974115,2555.0
76620.68928151859,2555.0
76620.68928151859,2667.0
82920.68928151859,2667.0
82920.68928151859,2555.0
84120.68928151859,2555.0
84120.68928151859,2429.0
86400.0,2429.0
# temp #7038
0.0,2234.0
65164.84563492706,2234.0
65164.84563492706,2555.0
74303.62349159551,2555.0
74303.62349159551,2429.0
86400.0,2429.0
# temp #7039
0.0,2234.0
14905.410293326717,2234.0
14905.410293326717,2883.0
16220.765616651628,2883.0
16220.765616651628,2667.0
18952.252518245954,2667.0
18952.252518245954,2883.0
52988.753600441865,2883.0
52988.753600441865,2429.0
86400.0,2429.0
# temp #7040
0.0,2234.0
75391.22413659935,2234.0
75391.22413659935,2555.0
86400.0,2555.0
# temp #7041
0.0,2234.0
13810.424008592965,2234.0
13810.424008592965,2017.0
22512.697697058324,2017.0
22512.697697058324,2234.0
52223.513778951026,2234.0
52223.513778951026,2017.0
86400.0,2017.0
# temp #7042
0.0,2234.0
65182.14989395347,2234.0
65182.14989395347,2883.0
67582.14989395346,2883.0
67582.14989395346,2667.0
80549.8528461205,2667.0
80549.8528461205,2555.0
86400.0,2555.0
# temp #7043
0.0,2234.0
36097.60369816796,2234.0
36097.60369816796,2555.0
69216.77707680502,2555.0
69216.77707680502,2429.0
86400.0,2429.0
# temp #7044
0.0,2234.0
49819.17950555217,2234.0
49819.17950555217,2555.0
68551.34892293719,2555.0
68551.34892293719,2429.0
86375.22768729833,2429.0
86375.22768729833,2234.0
86400.000002,2234.0
# temp #7045
0.0,2234.0
62686.49013948161,2234.0
62686.49013948161,2555.0
67821.1903344607,2555.0
67821.1903344607,2234.0
72035.30294524971,2234.0
72035.30294524971,2429.0
72757.49964688439,2429.0
72757.49964688439,2234.0
86400.0,2234.0
# temp #7046
0.0,2234.0
78774.81508499479,2234.0
78774.81508499479,2555.0
86400.000002,2555.0
# temp #7047
0.0,2234.0
19455.45347935986,2234.0
19455.45347935986,2429.0
20017.215128964748,2429.0
20017.215128964748,2555.0
22609.704852453437,2555.0
22609.704852453437,2429.0
49208.48287395202,2429.0
49208.48287395202,2555.0
56506.38129771688,2555.0
56506.38129771688,2667.0
86400.000002,2667.0
# temp #7048
0.0,2234.0
24382.564387237657,2234.0
24382.564387237657,2017.0
35242.343906220056,2017.0
35242.343906220056,2234.0
57257.35171046109,2234.0
57257.35171046109,2017.0
86400.000002,2017.0
# temp #7049
0.0,2234.0
68979.8942008987,2234.0
68979.8942008987,2555.0
72692.6442905562,2555.0
72692.6442905562,2234.0
75599.01826980058,2234.0
75599.01826980058,2667.0
86400.0,2667.0
# temp #7050
0.0,2234.0
72001.58419010697,2234.0
72001.58419010697,2555.0
86400.0,2555.0
# temp #7051
0.0,2234.0
20271.743189077828,2234.0
20271.743189077828,2555.0
56765.567942708745,2555.0
56765.567942708745,2429.0
86400.0,2429.0
# temp #7052
0.0,2234.0
6152.413189108484,2234.0
6152.413189108484,2429.0
6452.413189108484,2429.0
6452.413189108484,2234.0
22941.543611674573,2234.0
22941.543611674573,2429.0
24101.009626686577,2429.0
24101.009626686577,2555.0
36945.78081043438,2555.0
36945.78081043438,2667.0
57385.588762024425,2667.0
57385.588762024425,2234.0
66802.3702423554,2234.0
66802.3702423554,2667.0
86400.000002,2667.0
# temp #7053
0.0,2234.0
4551.831222348847,2234.0
4551.831222348847,2667.0
27116.573739610616,2667.0
27116.573739610616,2555.0
27475.651495065544,2555.0
27475.651495065544,2429.0
36432.21828402021,2429.0
36432.21828402021,2555.0
46488.01869959571,2555.0
46488.01869959571,2667.0
50648.4323849436,2667.0
50648.4323849436,2555.0
57878.49612194114,2555.0
57878.49612194114,2667.0
65896.60500478932,2667.0
65896.60500478932,2555.0
74426.59549922684,2555.0
74426.59549922684,2667.0
75615.37865402644,2667.0
75615.37865402644,2555.0
86400.000002,2555.0
# temp #7054
0.0,2234.0
21379.803230683323,2234.0
21379.803230683323,2555.0
28564.851358649325,2555.0
28564.851358649325,2429.0
50055.74759405573,2429.0
50055.74759405573,2234.0
58764.50913751033,2234.0
58764.50913751033,2429.0
65558.31798200963,2429.0
65558.31798200963,2234.0
77831.59341474531,2234.0
77831.59341474531,2667.0
86400.0,2667.0
# temp #7055
0.0,2234.0
63750.9190892335,2234.0
63750.9190892335,2555.0
73776.3738721842,2555.0
73776.3738721842,2234.0
86400.000002,2234.0
# temp #7056
0.0,2234.0
54594.85251246952,2234.0
54594.85251246952,2555.0
83647.20812388697,2555.0
83647.20812388697,2429.0
86400.000002,2429.0
# temp #7057
0.0,2234.0
17507.656675251204,2234.0
17507.656675251204,2883.0
18700.210285512734,2883.0
18700.210285512734,2667.0
29275.800179899677,2667.0
29275.800179899677,2883.0
38549.113314435825,2883.0
38549.113314435825,2429.0
86400.000002,2429.0
# temp #7058
0.0,2234.0
60389.49169234839,2234.0
60389.49169234839,2555.0
80610.10724364316,2555.0
80610.10724364316,2429.0
81048.98673200516,2429.0
81048.98673200516,2555.0
86400.0,2555.0
# temp #7059
0.0,2234.0
35030.160925537355,2234.0
35030.160925537355,2017.0
54690.58917104268,2017.0
54690.58917104268,2234.0
64923.40676696041,2234.0
64923.40676696041,2017.0
79025.77438247392,2017.0
79025.77438247392,2234.0
86400.000002,2234.0
# temp #7060
0.0,2234.0
13168.341103428977,2234.0
13168.341103428977,2883.0
14093.912751786413,2883.0
14093.912751786413,2667.0
18916.33170072455,2667.0
18916.33170072455,2883.0
45501.57161476091,2883.0
45501.57161476091,2429.0
59169.09401596059,2429.0
59169.09401596059,2555.0
61938.42277724762,2555.0
61938.42277724762,2667.0
81699.21441790649,2667.0
81699.21441790649,2555.0
86400.000002,2555.0
# temp #7061
0.0,2234.0
3623.3850197866564,2234.0
3623.3850197866564,2883.0
3937.0879524154593,2883.0
3937.0879524154593,2667.0
16058.007648889909,2667.0
16058.007648889909,2883.0
47687.64981203713,2883.0
47687.64981203713,2429.0
49882.541053416215,2429.0
49882.541053416215,2667.0
50610.21635639482,2667.0
50610.21635639482,2555.0
61501.597943762325,2555.0
61501.597943762325,2667.0
74153.69605435991,2667.0
74153.69605435991,2883.0
86400.0,2883.0
# temp #7062
0.0,2234.0
5517.634702334181,2234.0
5517.634702334181,2883.0
16617.63470233418,2883.0
16617.63470233418,2555.0
20656.418938888237,2555.0
20656.418938888237,2667.0
41102.1048364928,2667.0
41102.1048364928,2555.0
50683.53236757685,2555.0
50683.53236757685,2429.0
53317.53376058769,2429.0
53317.53376058769,2234.0
67387.21725752112,2234.0
67387.21725752112,2667.0
86400.0,2667.0
# temp #7063
0.0,2234.0
16815.307254390795,2234.0
16815.307254390795,2883.0
17518.08582900558,2883.0
17518.08582900558,2667.0
20703.643483319323,2667.0
20703.643483319323,2883.0
30100.192692456774,2883.0
30100.192692456774,2429.0
51423.32273593639,2429.0
51423.32273593639,2555.0
56711.278575123295,2555.0
56711.278575123295,2429.0
64765.43475897052,2429.0
64765.43475897052,2555.0
66857.14652216995,2555.0
66857.14652216995,2667.0
70746.68959693519,2667.0
70746.68959693519,2555.0
84506.7066584481,2555.0
84506.7066584481,2667.0
86400.000002,2667.0
# temp #7064
0.0,2234.0
2540.610187291168,2234.0
2540.610187291168,2667.0
42873.06786580012,2667.0
42873.06786580012,2555.0
44121.85489051045,2555.0
44121.85489051045,2429.0
57653.057814762,2429.0
57653.057814762,2883.0
60179.25564860926,2883.0
60179.25564860926,2667.0
82099.4568510214,2667.0
82099.4568510214,2234.0
86400.000002,2234.0
# temp #7065
0.0,2234.0
62188.16807940602,2234.0
62188.16807940602,2555.0
63891.01124522276,2555.0
63891.01124522276,2234.0
80930.99300586618,2234.0
80930.99300586618,2667.0
83481.75032143481,2667.0
83481.75032143481,2883.0
86400.000002,2883.0
# temp #7066
0.0,2234.0
22985.14533529524,2234.0
22985.14533529524,2555.0
23413.098804862242,2555.0
23413.098804862242,2667.0
23994.999740947973,2667.0
23994.999740947973,2555.0
24294.999740947973,2555.0
24294.999740947973,2667.0
50994.99974094797,2667.0
50994.99974094797,2555.0
66894.99974094797,2555.0
66894.99974094797,2234.0
70494.99974094797,2234.0
70494.99974094797,2429.0
80394.99974094797,2429.0
80394.99974094797,2555.0
80994.99974094797,2555.0
80994.99974094797,2667.0
86400.000002,2667.0
# temp #7067
0.0,2234.0
2677.0985424052924,2234.0
2677.0985424052924,2883.0
4006.942544155754,2883.0
4006.942544155754,2667.0
16172.448435542176,2667.0
16172.448435542176,2883.0
16810.01222378109,2883.0
16810.01222378109,2429.0
22376.77724445239,2429.0
22376.77724445239,2555.0
23695.21522521973,2555.0
23695.21522521973,2667.0
27040.453554689888,2667.0
27040.453554689888,2555.0
28708.372699934993,2555.0
28708.372699934993,2667.0
49757.86761303899,2667.0
49757.86761303899,2555.0
68147.78664533516,2555.0
68147.78664533516,2429.0
72250.50817946905,2429.0
72250.50817946905,2555.0
86400.0,2555.0
# temp #7068
0.0,2234.0
20182.859466830272,2234.0
20182.859466830272,2555.0
20740.540201845582,2555.0
20740.540201845582,2667.0
30640.540201845582,2667.0
30640.540201845582,2555.0
35487.3095921008,2555.0
35487.3095921008,2429.0
36106.02048535366,2429.0
36106.02048535366,2234.0
45609.33081808035,2234.0
45609.33081808035,2667.0
73857.83287023661,2667.0
73857.83287023661,2555.0
81845.7647538744,2555.0
81845.7647538744,2429.0
84145.17301220914,2429.0
84145.17301220914,2667.0
86400.0,2667.0
# temp #7069
0.0,2234.0
4750.727564049885,2234.0
4750.727564049885,2883.0
6461.425262410194,2883.0
6461.425262410194,2667.0
9590.64855761826,2667.0
9590.64855761826,2883.0
10650.06435541436,2883.0
10650.06435541436,2667.0
25318.659140774984,2667.0
25318.659140774984,2555.0
28075.908288499344,2555.0
28075.908288499344,2667.0
40102.318735071465,2667.0
40102.318735071465,2555.0
75220.16020640732,2555.0
75220.16020640732,2429.0
86400.0,2429.0
# temp #7070
0.0,2234.0
15585.206595319327,2234.0
15585.206595319327,2883.0
16688.824344333265,2883.0
16688.824344333265,2667.0
24519.674754445445,2667.0
24519.674754445445,2883.0
26481.94035517518,2883.0
26481.94035517518,2667.0
53373.82094564383,2667.0
53373.82094564383,2555.0
54448.19179570769,2555.0
54448.19179570769,2667.0
75723.50588527044,2667.0
75723.50588527044,2883.0
86400.0,2883.0
# temp #7071
0.0,2234.0
4345.371433929541,2234.0
4345.371433929541,2667.0
17137.233346723955,2667.0
17137.233346723955,2555.0
18277.988279820423,2555.0
18277.988279820423,2667.0
47217.873898870326,2667.0
47217.873898870326,2555.0
47817.873898870326,2555.0
47817.873898870326,2667.0
62871.07016227675,2667.0
62871.07016227675,2555.0
67528.06357189549,2555.0
67528.06357189549,2429.0
73819.21546349769,2429.0
73819.21546349769,2555.0
86400.000002,2555.0
# temp #7072
0.0,2234.0
3240.6671060482045,2234.0
3240.6671060482045,2667.0
43834.235205198645,2667.0
43834.235205198645,2555.0
45164.7357342532,2555.0
45164.7357342532,2429.0
77549.97980142945,2429.0
77549.97980142945,2555.0
83152.67102359796,2555.0
83152.67102359796,2667.0
86125.31890729444,2667.0
86125.31890729444,2555.0
86400.000002,2555.0
# temp #7073
0.0,2234.0
18348.906176118184,2234.0
18348.906176118184,2017.0
42698.12540025451,2017.0
42698.12540025451,2234.0
58955.06345503964,2234.0
58955.06345503964,2017.0
80756.66724513286,2017.0
80756.66724513286,2234.0
86400.0,2234.0
# temp #7074
0.0,2234.0
7017.11974963546,2234.0
7017.11974963546,2667.0
52967.77716244106,2667.0
52967.77716244106,2555.0
54428.399192844525,2555.0
54428.399192844525,2667.0
86400.0,2667.0
# temp #7075
0.0,2234.0
84390.3123194352,2234.0
84390.3123194352,2555.0
86400.0,2555.0
# temp #7076
0.0,2234.0
3326.758171222173,2234.0
3326.758171222173,2667.0
13946.70452421997,2667.0
13946.70452421997,2555.0
14753.859251481483,2555.0
14753.859251481483,2667.0
20136.599286552522,2667.0
20136.599286552522,2555.0
23136.599286552522,2555.0
23136.599286552522,2667.0
49236.59928655252,2667.0
49236.59928655252,2883.0
86400.0,2883.0
# temp #7077
0.0,2234.0
40731.40508830548,2234.0
40731.40508830548,2429.0
47631.40508830548,2429.0
47631.40508830548,2555.0
49431.40508830548,2555.0
49431.40508830548,2429.0
62331.40508830548,2429.0
62331.40508830548,2234.0
62631.40508830548,2234.0
62631.40508830548,2017.0
62931.40508830548,2017.0
62931.40508830548,2234.0
63231.40508830548,2234.0
63231.40508830548,2017.0
82863.03568545265,2017.0
82863.03568545265,2234.0
86400.0,2234.0
# temp #7078
0.0,2234.0
33218.394144438214,2234.0
33218.394144438214,2017.0
72104.56703715028,2017.0
72104.56703715028,2234.0
86400.000002,2234.0
# temp #7079
0.0,2234.0
9428.793797479013,2234.0
9428.793797479013,2429.0
9728.793797479013,2429.0
9728.793797479013,2234.0
24671.143884281635,2234.0
24671.143884281635,2429.0
58933.937834110126,2429.0
58933.937834110126,2555.0
85438.51203457454,2555.0
85438.51203457454,2429.0
86400.0,2429.0
# temp #7080
0.0,2234.0
31929.24835737795,2234.0
31929.24835737795,2429.0
32529.24835737795,2429.0
32529.24835737795,2555.0
33010.583876632154,2555.0
33010.583876632154,2429.0
68871.29072297832,2429.0
68871.29072297832,2555.0
86400.000002,2555.0
# temp #7081
0.0,2234.0
67007.58244001774,2234.0
67007.58244001774,2555.0
68936.8719399674,2555.0
68936.8719399674,2429.0
69491.57219706105,2429.0
69491.57219706105,2555.0
76943.51472810378,2555.0
76943.51472810378,2429.0
77482.58288281506,2429.0
77482.58288281506,2555.0
78185.82531160211,2555.0
78185.82531160211,2429.0
78485.82531160211,2429.0
78485.82531160211,2555.0
78785.82531160211,2555.0
78785.82531160211,2429.0
79385.82531160211,2429.0
79385.82531160211,2555.0
81871.88260315453,2555.0
81871.88260315453,2429.0
86400.000002,2429.0
# temp #7082
0.0,2234.0
689.2491879640147,2234.0
689.2491879640147,2429.0
1000.3734771860763,2429.0
1000.3734771860763,2555.0
1672.5965660763904,2555.0
1672.5965660763904,2429.0
15898.891337472016,2429.0
15898.891337472016,2555.0
30943.793549551632,2555.0
30943.793549551632,2667.0
51910.67093310413,2667.0
51910.67093310413,2555.0
86400.000002,2555.0
# temp #7083
0.0,2234.0
7356.887074909173,2234.0
7356.887074909173,2429.0
14256.887074909173,2429.0
14256.887074909173,2555.0
16056.887074909173,2555.0
16056.887074909173,2429.0
28956.887074909173,2429.0
28956.887074909173,2234.0
29256.887074909173,2234.0
29256.887074909173,2017.0
29556.887074909173,2017.0
29556.887074909173,2234.0
29856.887074909173,2234.0
29856.887074909173,2017.0
32867.24454907235,2017.0
32867.24454907235,2234.0
38265.6774419127,2234.0
38265.6774419127,2667.0
58308.17817288917,2667.0
58308.17817288917,2234.0
86400.0,2234.0
# temp #7084
0.0,2234.0
2468.477634969168,2234.0
2468.477634969168,2667.0
43686.98797272519,2667.0
43686.98797272519,2555.0
45110.155987925835,2555.0
45110.155987925835,2667.0
79679.94575423656,2667.0
79679.94575423656,2555.0
82679.94575423656,2555.0
82679.94575423656,2667.0
86400.000002,2667.0
# temp #7085
0.0,2234.0
25906.08898303472,2234.0
25906.08898303472,2429.0
26492.528127855625,2429.0
26492.528127855625,2234.0
27169.184968108315,2234.0
27169.184968108315,2429.0
30359.960941225294,2429.0
30359.960941225294,2234.0
34384.0362191666,2234.0
34384.0362191666,2429.0
35163.537086150616,2429.0
35163.537086150616,2234.0
60219.79560696055,2234.0
60219.79560696055,2429.0
68114.95246735869,2429.0
68114.95246735869,2555.0
72431.02436901537,2555.0
72431.02436901537,2667.0
78250.3429445671,2667.0
78250.3429445671,2234.0
86400.000002,2234.0
# temp #7086
0.0,2234.0
22116.13538344391,2234.0
22116.13538344391,2017.0
41803.78237799742,2017.0
41803.78237799742,2234.0
65827.69283107483,2234.0
65827.69283107483,2017.0
83729.24096658827,2017.0
83729.24096658827,2234.0
86400.000002,2234.0
# temp #7087
0.0,2234.0
39676.569379284054,2234.0
39676.569379284054,2429.0
40021.75488523208,2429.0
40021.75488523208,2234.0
40833.24308451266,2234.0
40833.24308451266,2429.0
44619.90478145891,2429.0
44619.90478145891,2234.0
65217.42637418212,2234.0
65217.42637418212,2429.0
66041.88764488792,2429.0
66041.88764488792,2234.0
67242.40807306489,2234.0
67242.40807306489,2667.0
86400.000002,2667.0
# temp #7088
0.0,2234.0
8788.602959085258,2234.0
8788.602959085258,2883.0
10266.807564790362,2883.0
10266.807564790362,2667.0
19631.97714134585,2667.0
19631.97714134585,2883.0
37286.96232419462,2883.0
37286.96232419462,2429.0
64266.70608683491,2429.0
64266.70608683491,2555.0
77397.8418363724,2555.0
77397.8418363724,2667.0
86400.000002,2667.0
# temp #7089
0.0,2234.0
67904.76639429109,2234.0
67904.76639429109,2555.0
86400.0,2555.0
# temp #7090
0.0,2234.0
3132.579607679509,2234.0
3132.579607679509,2667.0
27299.04652317055,2667.0
27299.04652317055,2555.0
28011.85863898136,2555.0
28011.85863898136,2667.0
49097.774875746116,2667.0
49097.774875746116,2555.0
49397.774875746116,2555.0
49397.774875746116,2667.0
50263.99276787416,2667.0
50263.99276787416,2555.0
50863.99276787416,2555.0
50863.99276787416,2667.0
82793.65868812894,2667.0
82793.65868812894,2555.0
86400.000002,2555.0
# temp #7091
0.0,2234.0
5013.71031976305,2234.0
5013.71031976305,2429.0
37113.71031976305,2429.0
37113.71031976305,2555.0
37413.71031976305,2555.0
37413.71031976305,2667.0
56073.944643326104,2667.0
56073.944643326104,2234.0
83760.19536056557,2234.0
83760.19536056557,2429.0
86400.0,2429.0
# temp #7092
0.0,2234.0
12950.003019464204,2234.0
12950.003019464204,2555.0
32329.67704196927,2555.0
32329.67704196927,2429.0
32826.922146021396,2429.0
32826.922146021396,2555.0
34518.847290775746,2555.0
34518.847290775746,2429.0
34920.06520635915,2429.0
34920.06520635915,2234.0
71211.34104556406,2234.0
71211.34104556406,2429.0
86400.0,2429.0
# temp #7093
0.0,2234.0
9035.270239901729,2234.0
9035.270239901729,2429.0
9350.613653543405,2429.0
9350.613653543405,2234.0
10181.324983178638,2234.0
10181.324983178638,2429.0
14461.760259163566,2429.0
14461.760259163566,2234.0
29260.983328940347,2234.0
29260.983328940347,2429.0
29622.88451869972,2429.0
29622.88451869972,2555.0
30779.010962555185,2555.0
30779.010962555185,2429.0
86400.000002,2429.0
# temp #7094
0.0,2234.0
29176.750880107287,2234.0
29176.750880107287,2555.0
42815.74689745904,2555.0
42815.74689745904,2429.0
52589.34268802405,2429.0
52589.34268802405,2234.0
58313.59339719639,2234.0
58313.59339719639,2429.0
76759.15283574724,2429.0
76759.15283574724,2234.0
86291.93172524685,2234.0
86291.93172524685,2429.0
86400.000002,2429.0
# temp #7095
0.0,2234.0
9731.22432776727,2234.0
9731.22432776727,2429.0
10289.03547821101,2429.0
10289.03547821101,2555.0
13340.405070385897,2555.0
13340.405070385897,2429.0
38340.68912824151,2429.0
38340.68912824151,2555.0
56089.64797945229,2555.0
56089.64797945229,2667.0
86209.58058186808,2667.0
86209.58058186808,2555.0
86400.000002,2555.0
# temp #7096
0.0,2234.0
35602.28406102397,2234.0
35602.28406102397,2429.0
35980.45581306797,2429.0
35980.45581306797,2555.0
39617.43156190497,2555.0
39617.43156190497,2429.0
45356.01083678194,2429.0
45356.01083678194,2234.0
62921.765773510575,2234.0
62921.765773510575,2429.0
82759.31093206165,2429.0
82759.31093206165,2555.0
86400.000002,2555.0
# temp #7097
0.0,2234.0
21889.311062428173,2234.0
21889.311062428173,2429.0
22398.555817734454,2429.0
22398.555817734454,2555.0
26788.10068694875,2555.0
26788.10068694875,2429.0
53546.096898894764,2429.0
53546.096898894764,2883.0
68372.96527556611,2883.0
68372.96527556611,2429.0
82506.72792575789,2429.0
82506.72792575789,2883.0
86400.0,2883.0
# temp #7098
0.0,2234.0
9317.922568693759,2234.0
9317.922568693759,2429.0
9617.922568693759,2429.0
9617.922568693759,2234.0
21300.551141006876,2234.0
21300.551141006876,2429.0
30736.009347229272,2429.0
30736.009347229272,2555.0
38264.29429154378,2555.0
38264.29429154378,2667.0
40576.77965490148,2667.0
40576.77965490148,2555.0
56443.92398279162,2555.0
56443.92398279162,2667.0
69173.83635635489,2667.0
69173.83635635489,2234.0
86400.0,2234.0
# temp #7099
0.0,2234.0
10446.34625001345,2234.0
10446.34625001345,2555.0
14639.85570338555,2555.0
14639.85570338555,2667.0
15176.621208759028,2667.0
15176.621208759028,2555.0
21176.62120875903,2555.0
21176.62120875903,2429.0
23576.62120875903,2429.0
23576.62120875903,2234.0
27176.62120875903,2234.0
27176.62120875903,2429.0
28376.62120875903,2429.0
28376.62120875903,2234.0
34076.621208759025,2234.0
34076.621208759025,2429.0
71400.47461024951,2429.0
71400.47461024951,2555.0
80857.90930639488,2555.0
80857.90930639488,2667.0
86400.000002,2667.0
# temp #7100
0.0,2234.0
24864.77598859929,2234.0
24864.77598859929,2429.0
25386.125529301356,2429.0
25386.125529301356,2555.0
29370.127323386263,2555.0
29370.127323386263,2429.0
53996.52860378847,2429.0
53996.52860378847,2555.0
57651.63860265166,2555.0
57651.63860265166,2667.0
57957.88550558501,2667.0
57957.88550558501,2555.0
74164.82445909643,2555.0
74164.82445909643,2429.0
80750.63572679648,2429.0
80750.63572679648,2555.0
86400.000002,2555.0
# temp #7101
0.0,2234.0
27893.183312821206,2234.0
27893.183312821206,2555.0
66290.38263664117,2555.0
66290.38263664117,2429.0
73871.66426063051,2429.0
73871.66426063051,2234.0
81943.59582660256,2234.0
81943.59582660256,2429.0
86400.000002,2429.0
# temp #7102
0.0,2234.0
57131.62838167046,2234.0
57131.62838167046,2555.0
72231.31900217851,2555.0
72231.31900217851,2429.0
86400.0,2429.0
# temp #7103
0.0,2234.0
8541.796574019829,2234.0
8541.796574019829,2429.0
8841.796574019829,2429.0
8841.796574019829,2234.0
18090.339526464235,2234.0
18090.339526464235,2667.0
39323.74061301817,2667.0
39323.74061301817,2883.0
54367.98160832842,2883.0
54367.98160832842,2667.0
66165.3628635686,2667.0
66165.3628635686,2555.0
71268.68616412395,2555.0
71268.68616412395,2667.0
77025.14460172971,2667.0
77025.14460172971,2234.0
84462.70912431648,2234.0
84462.70912431648,2667.0
86400.0,2667.0
# temp #7104
0.0,2234.0
47454.700590809814,2234.0
47454.700590809814,2429.0
79554.7005908098,2429.0
79554.7005908098,2555.0
79854.7005908098,2555.0
79854.7005908098,2667.0
84265.60482422357,2667.0
84265.60482422357,2555.0
86400.000002,2555.0
# temp #7105
0.0,2234.0
67970.81125262193,2234.0
67970.81125262193,2555.0
72415.73182130232,2555.0
72415.73182130232,2234.0
86400.0,2234.0
# temp #7106
0.0,2234.0
17686.096123047177,2234.0
17686.096123047177,2429.0
17986.096123047177,2429.0
17986.096123047177,2234.0
28858.42074025423,2234.0
28858.42074025423,2667.0
39443.205831153326,2667.0
39443.205831153326,2555.0
57185.42853207329,2555.0
57185.42853207329,2667.0
62759.71669675784,2667.0
62759.71669675784,2555.0
66422.80524624513,2555.0
66422.80524624513,2667.0
80843.89416889755,2667.0
80843.89416889755,2555.0
86400.0,2555.0
# temp #7107
0.0,2234.0
12743.491392885337,2234.0
12743.491392885337,2883.0
23843.491392885335,2883.0
23843.491392885335,2555.0
55503.4199373331,2555.0
55503.4199373331,2429.0
73748.64351027647,2429.0
73748.64351027647,2883.0
86400.0,2883.0
# temp #7108
0.0,2234.0
46422.382128168836,2234.0
46422.382128168836,2555.0
47999.32742309757,2555.0
47999.32742309757,2667.0
48518.3764736401,2667.0
48518.3764736401,2555.0
48818.3764736401,2555.0
48818.3764736401,2667.0
52418.3764736401,2667.0
52418.3764736401,2555.0
53918.3764736401,2555.0
53918.3764736401,2429.0
67972.48731034344,2429.0
67972.48731034344,2234.0
84072.38057276701,2234.0
84072.38057276701,2667.0
86400.0,2667.0
# temp #7109
0.0,2234.0
42249.93149579969,2234.0
42249.93149579969,2555.0
53019.484250689864,2555.0
53019.484250689864,2429.0
59430.20862161648,2429.0
59430.20862161648,2234.0
60030.20862161648,2234.0
60030.20862161648,2429.0
62430.20862161648,2429.0
62430.20862161648,2555.0
72630.20862161649,2555.0
72630.20862161649,2667.0
86400.0,2667.0
# temp #7110
0.0,2234.0
9758.623581938446,2234.0
9758.623581938446,2017.0
27740.868446230892,2017.0
27740.868446230892,2234.0
53527.70585976542,2234.0
53527.70585976542,2017.0
67954.24234899694,2017.0
67954.24234899694,2234.0
74316.79372410291,2234.0
74316.79372410291,2017.0
86400.000002,2017.0
# temp #7111
0.0,2234.0
4927.827283786611,2234.0
4927.827283786611,2667.0
19947.819895762954,2667.0
19947.819895762954,2555.0
21111.48456791416,2555.0
21111.48456791416,2667.0
51211.96005851963,2667.0
51211.96005851963,2555.0
54211.96005851963,2555.0
54211.96005851963,2667.0
80311.96005851963,2667.0
80311.96005851963,2883.0
86400.000002,2883.0
# temp #7112
0.0,2234.0
11955.34047195688,2234.0
11955.34047195688,2555.0
14766.335794120097,2555.0
14766.335794120097,2667.0
15218.076103529895,2667.0
15218.076103529895,2555.0
15518.076103529895,2555.0
15518.076103529895,2667.0
42218.07610352989,2667.0
42218.07610352989,2555.0
58118.07610352989,2555.0
58118.07610352989,2234.0
61718.07610352989,2234.0
61718.07610352989,2429.0
71618.0761035299,2429.0
71618.0761035299,2555.0
72218.0761035299,2555.0
72218.0761035299,2667.0
84518.0761035299,2667.0
84518.0761035299,2883.0
86400.000002,2883.0
# temp #7113
0.0,2234.0
25529.864406189885,2234.0
25529.864406189885,2555.0
33498.20647544694,2555.0
33498.20647544694,2429.0
33915.21430236754,2429.0
33915.21430236754,2555.0
46379.53637880274,2555.0
46379.53637880274,2429.0
47716.265060892336,2429.0
47716.265060892336,2555.0
48995.75764001348,2555.0
48995.75764001348,2429.0
49295.75764001348,2429.0
49295.75764001348,2555.0
49595.75764001348,2555.0
49595.75764001348,2429.0
50195.75764001348,2429.0
50195.75764001348,2555.0
51998.87577393093,2555.0
51998.87577393093,2429.0
86400.000002,2429.0
# temp #7114
0.0,2234.0
18984.74278729409,2234.0
18984.74278729409,2017.0
74952.98722134903,2017.0
74952.98722134903,2234.0
75894.64940764011,2234.0
75894.64940764011,2017.0
86400.000002,2017.0
# temp #7115
0.0,2234.0
6376.783419842833,2234.0
6376.783419842833,2555.0
36960.78272948508,2555.0
36960.78272948508,2429.0
37384.66767382343,2429.0
37384.66767382343,2555.0
61770.519880182124,2555.0
61770.519880182124,2429.0
62269.708603410996,2429.0
62269.708603410996,2555.0
62832.72963312922,2555.0
62832.72963312922,2429.0
63132.72963312922,2429.0
63132.72963312922,2555.0
63432.72963312922,2555.0
63432.72963312922,2429.0
64032.72963312922,2429.0
64032.72963312922,2555.0
67818.07586399374,2555.0
67818.07586399374,2429.0
75399.4551919168,2429.0
75399.4551919168,2883.0
78166.18330331986,2883.0
78166.18330331986,2429.0
86400.0,2429.0
# temp #7116
0.0,2234.0
24829.601778765213,2234.0
24829.601778765213,2555.0
47614.24833170605,2555.0
47614.24833170605,2429.0
48916.339981625795,2429.0
48916.339981625795,2234.0
49216.339981625795,2234.0
49216.339981625795,2017.0
52359.39439956565,2017.0
52359.39439956565,2234.0
57304.3784743175,2234.0
57304.3784743175,2429.0
71003.99472615683,2429.0
71003.99472615683,2234.0
80281.75521329978,2234.0
80281.75521329978,2667.0
86400.000002,2667.0
# temp #7117
0.0,2234.0
36208.33838135004,2234.0
36208.33838135004,2555.0
53909.94309056551,2555.0
53909.94309056551,2667.0
59830.75327849948,2667.0
59830.75327849948,2555.0
74961.15830303171,2555.0
74961.15830303171,2667.0
86400.0,2667.0
# temp #7118
0.0,2234.0
6321.808090852574,2234.0
6321.808090852574,2883.0
6982.383061805741,2883.0
6982.383061805741,2667.0
15193.42191433534,2667.0
15193.42191433534,2883.0
29485.756406653676,2883.0
29485.756406653676,2667.0
52382.40076359362,2667.0
52382.40076359362,2555.0
61645.7218815107,2555.0
61645.7218815107,2429.0
82481.15434746725,2429.0
82481.15434746725,2234.0
86400.0,2234.0
# temp #7119
0.0,2234.0
34831.75265220926,2234.0
34831.75265220926,2555.0
68789.35769302772,2555.0
68789.35769302772,2429.0
86400.0,2429.0
# temp #7120
0.0,2234.0
8549.797884095462,2234.0
8549.797884095462,2017.0
62593.19034833462,2017.0
62593.19034833462,2234.0
86400.0,2234.0
# temp #7121
0.0,2234.0
2729.2186974780634,2234.0
2729.2186974780634,2883.0
3329.562542284839,2883.0
3329.562542284839,2667.0
5941.141633177176,2667.0
5941.141633177176,2883.0
15679.207914741712,2883.0
15679.207914741712,2667.0
49615.055140550256,2667.0
49615.055140550256,2555.0
66538.1845514523,2555.0
66538.1845514523,2429.0
76502.86963661203,2429.0
76502.86963661203,2234.0
86400.0,2234.0
# temp #7122
0.0,2234.0
49161.89142332879,2234.0
49161.89142332879,2429.0
49608.728156494915,2429.0
49608.728156494915,2555.0
52692.85892571789,2555.0
52692.85892571789,2429.0
56387.504974007614,2429.0
56387.504974007614,2555.0
61408.970872499056,2555.0
61408.970872499056,2667.0
63405.35242860206,2667.0
63405.35242860206,2555.0
72440.83675718868,2555.0
72440.83675718868,2667.0
86400.0,2667.0
# temp #7123
0.0,2234.0
29399.76458391175,2234.0
29399.76458391175,2429.0
29742.20583799761,2429.0
29742.20583799761,2234.0
30586.576479719955,2234.0
30586.576479719955,2429.0
32176.336612086747,2429.0
32176.336612086747,2234.0
55010.97993822769,2234.0
55010.97993822769,2429.0
55989.65532816947,2429.0
55989.65532816947,2234.0
65317.63779642061,2234.0
65317.63779642061,2667.0
80005.12573944872,2667.0
80005.12573944872,2555.0
86400.000002,2555.0
# temp #7124
0.0,2234.0
63124.327446590185,2234.0
63124.327446590185,2555.0
63654.85671123025,2555.0
63654.85671123025,2667.0
64155.36728175358,2667.0
64155.36728175358,2555.0
70155.36728175357,2555.0
70155.36728175357,2429.0
72555.36728175357,2429.0
72555.36728175357,2234.0
76155.36728175357,2234.0
76155.36728175357,2429.0
77355.36728175357,2429.0
77355.36728175357,2234.0
83055.36728175357,2234.0
83055.36728175357,2429.0
86400.000002,2429.0
# temp #7125
0.0,2234.0
80792.72418064067,2234.0
80792.72418064067,2883.0
83192.72418064067,2883.0
83192.72418064067,2667.0
86400.0,2667.0
# temp #7126
0.0,2234.0
22751.79497804493,2234.0
22751.79497804493,2017.0
25348.490546643738,2017.0
25348.490546643738,2234.0
31258.57334146277,2234.0
31258.57334146277,2017.0
34048.819902352996,2017.0
34048.819902352996,2234.0
69988.08347554879,2234.0
69988.08347554879,2017.0
85061.50453956799,2017.0
85061.50453956799,2234.0
86400.0,2234.0
# temp #7127
0.0,2234.0
60207.46424552054,2234.0
60207.46424552054,2883.0
62607.46424552054,2883.0
62607.46424552054,2667.0
78373.60580277165,2667.0
78373.60580277165,2555.0
86400.000002,2555.0
# temp #7128
0.0,2234.0
56951.31846426521,2234.0
56951.31846426521,2555.0
81683.3419017261,2555.0
81683.3419017261,2429.0
82054.66813102832,2429.0
82054.66813102832,2555.0
86400.0,2555.0
# temp #7129
0.0,2234.0
16187.07413217053,2234.0
16187.07413217053,2555.0
51295.9701913409,2555.0
51295.9701913409,2429.0
51767.901329998866,2429.0
51767.901329998866,2555.0
60436.17379800417,2555.0
60436.17379800417,2429.0
60902.0509076072,2429.0
60902.0509076072,2234.0
72141.77444062663,2234.0
72141.77444062663,2429.0
86400.000002,2429.0
# temp #7130
0.0,2234.0
77396.9310052693,2234.0
77396.9310052693,2883.0
79796.9310052693,2883.0
79796.9310052693,2667.0
86400.000002,2667.0
# temp #7131
0.0,2234.0
24794.93598493282,2234.0
24794.93598493282,2555.0
59072.652167058564,2555.0
59072.652167058564,2429.0
80897.37435949502,2429.0
80897.37435949502,2234.0
84934.10814064556,2234.0
84934.10814064556,2429.0
86005.08533769754,2429.0
86005.08533769754,2234.0
86400.000002,2234.0
# temp #7132
0.0,2234.0
78249.5219941484,2234.0
78249.5219941484,2555.0
86400.0,2555.0
# temp #7133
0.0,2234.0
42020.552661689006,2234.0
42020.552661689006,2555.0
46125.796963647015,2555.0
46125.796963647015,2667.0
46470.17256834079,2667.0
46470.17256834079,2555.0
46770.17256834079,2555.0
46770.17256834079,2667.0
50370.17256834079,2667.0
50370.17256834079,2555.0
51870.17256834079,2555.0
51870.17256834079,2429.0
55974.99730205164,2429.0
55974.99730205164,2234.0
76090.0580671616,2234.0
76090.0580671616,2667.0
86400.000002,2667.0
# temp #7134
0.0,2234.0
3242.8253575460985,2234.0
3242.8253575460985,2883.0
4606.755261216313,2883.0
4606.755261216313,2667.0
11934.68915540725,2667.0
11934.68915540725,2883.0
29281.68937331066,2883.0
29281.68937331066,2667.0
49169.52755616513,2667.0
49169.52755616513,2234.0
57283.10818474275,2234.0
57283.10818474275,2667.0
69112.49178531581,2667.0
69112.49178531581,2555.0
86400.000002,2555.0
# temp #7135
0.0,2234.0
16447.56378717721,2234.0
16447.56378717721,2017.0
19751.94206661545,2017.0
19751.94206661545,2234.0
43967.184101091705,2234.0
43967.184101091705,2017.0
57369.01770955884,2017.0
57369.01770955884,2234.0
80468.8957266044,2234.0
80468.8957266044,2017.0
86400.0,2017.0
# temp #7136
0.0,2234.0
56418.20008547512,2234.0
56418.20008547512,2555.0
61094.211528729655,2555.0
61094.211528729655,2667.0
61486.11164123286,2667.0
61486.11164123286,2555.0
61786.11164123286,2555.0
61786.11164123286,2667.0
86400.0,2667.0
# temp #7137
0.0,2234.0
1406.8953312467786,2234.0
1406.8953312467786,2555.0
33640.06060813554,2555.0
33640.06060813554,2429.0
33998.55652491097,2429.0
33998.55652491097,2555.0
46649.8088751454,2555.0
46649.8088751454,2429.0
47364.26172000357,2429.0
47364.26172000357,2555.0
48099.47512387299,2555.0
48099.47512387299,2429.0
48399.47512387299,2429.0
48399.47512387299,2555.0
68799.47512387298,2555.0
68799.47512387298,2429.0
69099.47512387298,2429.0
69099.47512387298,2555.0
69699.47512387298,2555.0
69699.47512387298,2667.0
86400.000002,2667.0
# temp #7138
0.0,2234.0
35597.89104466327,2234.0
35597.89104466327,2017.0
55598.36913510227,2017.0
55598.36913510227,2234.0
61606.65700226092,2234.0
61606.65700226092,2017.0
86400.0,2017.0
# temp #7139
0.0,2234.0
8766.738080768848,2234.0
8766.738080768848,2555.0
9144.480897369796,2555.0
9144.480897369796,2667.0
9654.922870290467,2667.0
9654.922870290467,2555.0
15654.922870290467,2555.0
15654.922870290467,2429.0
18054.922870290466,2429.0
18054.922870290466,2234.0
21654.922870290466,2234.0
21654.922870290466,2429.0
22854.922870290466,2429.0
22854.922870290466,2234.0
28554.922870290466,2234.0
28554.922870290466,2429.0
48387.35357718543,2429.0
48387.35357718543,2555.0
59635.618483833976,2555.0
59635.618483833976,2667.0
81809.04120889028,2667.0
81809.04120889028,2555.0
86400.0,2555.0
# temp #7140
0.0,2234.0
24458.210038533438,2234.0
24458.210038533438,2555.0
26774.254825548272,2555.0
26774.254825548272,2667.0
36674.25482554827,2667.0
36674.25482554827,2555.0
40409.79823975359,2555.0
40409.79823975359,2429.0
55357.22232058179,2429.0
55357.22232058179,2555.0
74365.6967274612,2555.0
74365.6967274612,2429.0
86400.0,2429.0
# temp #7141
0.0,2234.0
12239.16766215116,2234.0
12239.16766215116,2555.0
28350.794620346285,2555.0
28350.794620346285,2429.0
36360.52159471438,2429.0
36360.52159471438,2234.0
43969.541726633914,2234.0
43969.541726633914,2429.0
55798.747758683756,2429.0
55798.747758683756,2234.0
70231.76041601693,2234.0
70231.76041601693,2667.0
86400.0,2667.0
# temp #7142
0.0,2234.0
8664.928336115556,2234.0
8664.928336115556,2883.0
10353.057685447859,2883.0
10353.057685447859,2667.0
21598.200186132457,2667.0
21598.200186132457,2883.0
26839.002642408017,2883.0
26839.002642408017,2429.0
47517.44904834778,2429.0
47517.44904834778,2883.0
64171.759935957394,2883.0
64171.759935957394,2429.0
82959.73365793472,2429.0
82959.73365793472,2555.0
85128.09484165629,2555.0
85128.09484165629,2667.0
86400.000002,2667.0
# temp #7143
0.0,2234.0
84931.75977780485,2234.0
84931.75977780485,2555.0
86400.000002,2555.0
# temp #7144
0.0,2234.0
8506.894736085087,2234.0
8506.894736085087,2429.0
15406.894736085087,2429.0
15406.894736085087,2555.0
17206.894736085087,2555.0
17206.894736085087,2429.0
30106.894736085087,2429.0
30106.894736085087,2234.0
30406.894736085087,2234.0
30406.894736085087,2017.0
30706.894736085087,2017.0
30706.894736085087,2234.0
31006.894736085087,2234.0
31006.894736085087,2017.0
32638.44148402568,2017.0
32638.44148402568,2234.0
48724.81378472876,2234.0
48724.81378472876,2667.0
56685.59297032189,2667.0
56685.59297032189,2555.0
67698.8355122041,2555.0
67698.8355122041,2429.0
86400.0,2429.0
# temp #7145
0.0,2234.0
43642.51258035657,2234.0
43642.51258035657,2555.0
65695.42885122357,2555.0
65695.42885122357,2429.0
70329.16353119073,2429.0
70329.16353119073,2234.0
70929.16353119073,2234.0
70929.16353119073,2429.0
73329.16353119073,2429.0
73329.16353119073,2555.0
83529.16353119073,2555.0
83529.16353119073,2667.0
86400.000002,2667.0
# temp #7146
0.0,2234.0
5628.650540043601,2234.0
5628.650540043601,2667.0
12209.644372737968,2667.0
12209.644372737968,2555.0
12921.020272909665,2555.0
12921.020272909665,2667.0
42437.787361093804,2667.0
42437.787361093804,2555.0
42737.787361093804,2555.0
42737.787361093804,2667.0
43037.787361093804,2667.0
43037.787361093804,2555.0
46337.787361093804,2555.0
46337.787361093804,2667.0
71837.7873610938,2667.0
71837.7873610938,2883.0
86400.000002,2883.0
# temp #7147
0.0,2234.0
15400.916562974455,2234.0
15400.916562974455,2429.0
16000.916562974455,2429.0
16000.916562974455,2555.0
19024.04590174556,2555.0
19024.04590174556,2429.0
28346.481036208574,2429.0
28346.481036208574,2234.0
31057.866758946333,2234.0
31057.866758946333,2667.0
43493.11589654536,2667.0
43493.11589654536,2883.0
55016.749514266856,2883.0
55016.749514266856,2667.0
58938.6750413105,2667.0
58938.6750413105,2555.0
79299.40278427677,2555.0
79299.40278427677,2667.0
86400.000002,2667.0
# temp #7148
0.0,2234.0
58006.04221879039,2234.0
58006.04221879039,2555.0
59083.35857524071,2555.0
59083.35857524071,2234.0
83949.51699413359,2234.0
83949.51699413359,2429.0
85577.94874641113,2429.0
85577.94874641113,2555.0
86400.000002,2555.0
# temp #7149
0.0,2234.0
76990.03550244962,2234.0
76990.03550244962,2883.0
79390.03550244962,2883.0
79390.03550244962,2667.0
86400.000002,2667.0
# temp #7150
0.0,2234.0
80345.44306467289,2234.0
80345.44306467289,2555.0
80794.33569540271,2555.0
80794.33569540271,2667.0
81347.90862137453,2667.0
81347.90862137453,2555.0
86400.000002,2555.0
# temp #7151
0.0,2234.0
7022.029812773691,2234.0
7022.029812773691,2667.0
45698.86893953663,2667.0
45698.86893953663,2555.0
46534.17245240417,2555.0
46534.17245240417,2667.0
77144.16919033976,2667.0
77144.16919033976,2555.0
77744.16919033976,2555.0
77744.16919033976,2667.0
86400.0,2667.0
# temp #7152
0.0,2234.0
77408.16358693411,2234.0
77408.16358693411,2555.0
86400.0,2555.0
# temp #7153
0.0,2234.0
42725.971465883784,2234.0
42725.971465883784,2017.0
52151.963912090294,2017.0
52151.963912090294,2234.0
86400.000002,2234.0
# temp #7154
0.0,2234.0
16585.385900549594,2234.0
16585.385900549594,2555.0
20599.900194606747,2555.0
20599.900194606747,2667.0
26899.900194606747,2667.0
26899.900194606747,2555.0
28099.900194606747,2555.0
28099.900194606747,2429.0
71299.90019460674,2429.0
71299.90019460674,2234.0
86400.000002,2234.0
# temp #7155
0.0,2234.0
29766.01451688912,2234.0
29766.01451688912,2429.0
36666.01451688912,2429.0
36666.01451688912,2555.0
38466.01451688912,2555.0
38466.01451688912,2429.0
51366.01451688912,2429.0
51366.01451688912,2234.0
51666.01451688912,2234.0
51666.01451688912,2017.0
51966.01451688912,2017.0
51966.01451688912,2234.0
52266.01451688912,2234.0
52266.01451688912,2017.0
64010.545867402114,2017.0
64010.545867402114,2234.0
83310.6737252092,2234.0
83310.6737252092,2429.0
86400.0,2429.0
# temp #7156
0.0,2234.0
1287.662702263333,2234.0
1287.662702263333,2667.0
2263.4440678171813,2667.0
2263.4440678171813,2555.0
3002.2269668988883,2555.0
3002.2269668988883,2667.0
6372.576945880428,2667.0
6372.576945880428,2555.0
6672.576945880428,2555.0
6672.576945880428,2667.0
6972.576945880428,2667.0
6972.576945880428,2555.0
10272.576945880428,2555.0
10272.576945880428,2667.0
35772.57694588043,2667.0
35772.57694588043,2883.0
86400.0,2883.0
# temp #7157
0.0,2234.0
18041.3855540799,2234.0
18041.3855540799,2555.0
47073.7640147796,2555.0
47073.7640147796,2429.0
47613.98252989166,2429.0
47613.98252989166,2555.0
65843.29241300003,2555.0
65843.29241300003,2429.0
66714.12543375047,2429.0
66714.12543375047,2234.0
80580.68473124878,2234.0
80580.68473124878,2667.0
86400.000002,2667.0
# temp #7158
0.0,2234.0
9021.702208695935,2234.0
9021.702208695935,2017.0
61287.076803250246,2017.0
61287.076803250246,2234.0
66987.07680325024,2234.0
66987.07680325024,2429.0
75883.85835103692,2429.0
75883.85835103692,2234.0
86400.000002,2234.0
# temp #7159
0.0,2234.0
27468.885532300923,2234.0
27468.885532300923,2017.0
55889.96786777862,2017.0
55889.96786777862,2234.0
61589.96786777862,2234.0
61589.96786777862,2429.0
74034.70530642664,2429.0
74034.70530642664,2555.0
86400.000002,2555.0
# temp #7160
0.0,2234.0
4811.621652287431,2234.0
4811.621652287431,2883.0
5115.331720816903,2883.0
5115.331720816903,2667.0
9818.489429284818,2667.0
9818.489429284818,2883.0
17968.565209046938,2883.0
17968.565209046938,2667.0
31440.002530929636,2667.0
31440.002530929636,2883.0
41461.14896277432,2883.0
41461.14896277432,2667.0
48082.71563623567,2667.0
48082.71563623567,2555.0
65276.492557791076,2555.0
65276.492557791076,2667.0
73178.17341203337,2667.0
73178.17341203337,2555.0
76083.16860857887,2555.0
76083.16860857887,2429.0
86400.0,2429.0
# temp #7161
0.0,2234.0
26090.38472066168,2234.0
26090.38472066168,2555.0
28908.169805863876,2555.0
28908.169805863876,2667.0
35208.16980586387,2667.0
35208.16980586387,2555.0
36408.16980586387,2555.0
36408.16980586387,2429.0
79608.16980586387,2429.0
79608.16980586387,2234.0
86400.0,2234.0
# temp #7162
0.0,2234.0
27872.758718580008,2234.0
27872.758718580008,2555.0
61211.764864716686,2555.0
61211.764864716686,2429.0
81015.57068615222,2429.0
81015.57068615222,2555.0
86400.0,2555.0
# temp #7163
0.0,2234.0
57363.421853422195,2234.0
57363.421853422195,2555.0
85414.74598248025,2555.0
85414.74598248025,2429.0
85799.38400045504,2429.0
85799.38400045504,2555.0
86400.0,2555.0
# temp #7164
0.0,2234.0
42523.97782732733,2234.0
42523.97782732733,2017.0
75278.09859928676,2017.0
75278.09859928676,2234.0
82290.58173461819,2234.0
82290.58173461819,2017.0
86400.000002,2017.0
# temp #7165
0.0,2234.0
5180.386605276727,2234.0
5180.386605276727,2667.0
18257.789473654706,2667.0
18257.789473654706,2555.0
19129.728389298547,2555.0
19129.728389298547,2667.0
21257.354064658288,2667.0
21257.354064658288,2555.0
21557.354064658288,2555.0
21557.354064658288,2667.0
21857.354064658288,2667.0
21857.354064658288,2555.0
25157.354064658288,2555.0
25157.354064658288,2667.0
50657.354064658284,2667.0
50657.354064658284,2883.0
86400.0,2883.0
# temp #7166
0.0,2234.0
52547.21955035348,2234.0
52547.21955035348,2429.0
53122.89792776574,2429.0
53122.89792776574,2555.0
54230.58422387113,2555.0
54230.58422387113,2429.0
58188.75485407189,2429.0
58188.75485407189,2555.0
75770.84483066575,2555.0
75770.84483066575,2429.0
86400.000002,2429.0
# temp #7167
0.0,2234.0
35565.386056923315,2234.0
35565.386056923315,2555.0
74583.80260525738,2555.0
74583.80260525738,2429.0
75227.402073727,2429.0
75227.402073727,2234.0
75827.402073727,2234.0
75827.402073727,2429.0
78227.402073727,2429.0
78227.402073727,2555.0
86400.000002,2555.0
# temp #7168
0.0,2234.0
2751.2685535708447,2234.0
2751.2685535708447,2667.0
29179.785083234314,2667.0
29179.785083234314,2555.0
30347.18992542476,2555.0
30347.18992542476,2667.0
58313.159938249744,2667.0
58313.159938249744,2555.0
61313.159938249744,2555.0
61313.159938249744,2667.0
86400.000002,2667.0
# temp #7169
0.0,2234.0
30232.736324449073,2234.0
30232.736324449073,2555.0
56086.32419093047,2555.0
56086.32419093047,2429.0
56452.03063320369,2429.0
56452.03063320369,2555.0
66559.31621098427,2555.0
66559.31621098427,2429.0
67434.90458275193,2429.0
67434.90458275193,2234.0
86400.0,2234.0
# temp #7170
0.0,2234.0
2122.515019937419,2234.0
2122.515019937419,2667.0
25965.33509998117,2667.0
25965.33509998117,2555.0
27365.970736392777,2555.0
27365.970736392777,2667.0
38202.381099807106,2667.0
38202.381099807106,2555.0
38502.381099807106,2555.0
38502.381099807106,2667.0
39378.57282855549,2667.0
39378.57282855549,2555.0
39978.57282855549,2555.0
39978.57282855549,2667.0
65832.13043776342,2667.0
65832.13043776342,2234.0
70617.59516573513,2234.0
70617.59516573513,2667.0
86400.000002,2667.0
# temp #7171
0.0,2234.0
14787.898115208374,2234.0
14787.898115208374,2429.0
46887.89811520837,2429.0
46887.89811520837,2555.0
47187.89811520837,2555.0
47187.89811520837,2667.0
71864.53050761484,2667.0
71864.53050761484,2555.0
86400.0,2555.0
# temp #7172
0.0,2234.0
25231.068197381686,2234.0
25231.068197381686,2429.0
25604.06186752953,2429.0
25604.06186752953,2234.0
26333.043427113447,2234.0
26333.043427113447,2429.0
28463.86030465365,2429.0
28463.86030465365,2234.0
38547.174029960304,2234.0
38547.174029960304,2429.0
39870.24074911606,2429.0
39870.24074911606,2555.0
40441.295015788644,2555.0
40441.295015788644,2429.0
40741.295015788644,2429.0
40741.295015788644,2555.0
61141.295015788644,2555.0
61141.295015788644,2429.0
61441.295015788644,2429.0
61441.295015788644,2555.0
62041.295015788644,2555.0
62041.295015788644,2667.0
86400.0,2667.0
# temp #7173
0.0,2234.0
81952.0735044731,2234.0
81952.0735044731,2555.0
86400.000002,2555.0
# temp #7174
0.0,2234.0
4646.19298609905,2234.0
4646.19298609905,2667.0
34002.028201986104,2667.0
34002.028201986104,2555.0
34421.30095465109,2555.0
34421.30095465109,2667.0
63448.31583404449,2667.0
63448.31583404449,2555.0
63748.31583404449,2555.0
63748.31583404449,2667.0
64481.281560519725,2667.0
64481.281560519725,2555.0
65081.281560519725,2555.0
65081.281560519725,2667.0
86400.000002,2667.0
# temp #7175
0.0,2234.0
7330.063830781729,2234.0
7330.063830781729,2883.0
7760.290920292028,2883.0
7760.290920292028,2667.0
17060.574872628786,2667.0
17060.574872628786,2883.0
21043.18413140718,2883.0
21043.18413140718,2429.0
50514.526135870256,2429.0
50514.526135870256,2234.0
64874.29222455249,2234.0
64874.29222455249,2429.0
71232.31812820306,2429.0
71232.31812820306,2234.0
86400.000002,2234.0
# temp #7176
0.0,2234.0
7558.912386721932,2234.0
7558.912386721932,2883.0
9110.215027956294,2883.0
9110.215027956294,2667.0
12307.587198656984,2667.0
12307.587198656984,2883.0
23077.805281360637,2883.0
23077.805281360637,2667.0
55179.14424848278,2667.0
55179.14424848278,2883.0
73464.7127659293,2883.0
73464.7127659293,2667.0
74408.12700970565,2667.0
74408.12700970565,2555.0
86400.0,2555.0
# temp #7177
0.0,2234.0
7496.148101496512,2234.0
7496.148101496512,2667.0
54912.139555695474,2667.0
54912.139555695474,2555.0
55446.48506676313,2555.0
55446.48506676313,2667.0
78774.67077733019,2667.0
78774.67077733019,2555.0
81774.67077733019,2555.0
81774.67077733019,2667.0
86400.0,2667.0
# temp #7178
0.0,2234.0
11896.368674375119,2234.0
11896.368674375119,2429.0
12400.429186108524,2429.0
12400.429186108524,2555.0
14692.103607463652,2555.0
14692.103607463652,2429.0
20784.485451690856,2429.0
20784.485451690856,2555.0
34950.66791977734,2555.0
34950.66791977734,2667.0
54297.91003426072,2667.0
54297.91003426072,2555.0
60965.996922575876,2555.0
60965.996922575876,2429.0
84985.09359962774,2429.0
84985.09359962774,2234.0
86400.0,2234.0
# temp #7179
0.0,2234.0
44451.568260113716,2234.0
44451.568260113716,2555.0
66338.64610616585,2555.0
66338.64610616585,2429.0
66757.04889739865,2429.0
66757.04889739865,2555.0
69289.31364901365,2555.0
69289.31364901365,2429.0
70361.68588036673,2429.0
70361.68588036673,2555.0
71372.87170635538,2555.0
71372.87170635538,2429.0
71672.87170635538,2429.0
71672.87170635538,2555.0
73172.87170635538,2555.0
73172.87170635538,2429.0
83372.87170635538,2429.0
83372.87170635538,2234.0
86400.0,2234.0
# temp #7180
0.0,2234.0
2400.4889410687615,2234.0
2400.4889410687615,2555.0
7695.888453139925,2555.0
7695.888453139925,2667.0
8001.458442932928,2667.0
8001.458442932928,2555.0
8301.458442932928,2555.0
8301.458442932928,2667.0
35001.458442932926,2667.0
35001.458442932926,2555.0
50901.458442932926,2555.0
50901.458442932926,2234.0
54501.458442932926,2234.0
54501.458442932926,2429.0
64401.458442932926,2429.0
64401.458442932926,2555.0
65001.458442932926,2555.0
65001.458442932926,2667.0
77301.45844293293,2667.0
77301.45844293293,2883.0
86400.0,2883.0
# temp #7181
0.0,2234.0
4508.512338926084,2234.0
4508.512338926084,2883.0
5288.028125907294,2883.0
5288.028125907294,2667.0
8828.99551789742,2667.0
8828.99551789742,2883.0
25403.537902585234,2883.0
25403.537902585234,2667.0
48444.92794065737,2667.0
48444.92794065737,2555.0
57217.43559907191,2555.0
57217.43559907191,2429.0
86400.0,2429.0
# temp #7182
0.0,2234.0
13617.022108705716,2234.0
13617.022108705716,2883.0
14383.601027447732,2883.0
14383.601027447732,2667.0
20835.53739774507,2667.0
20835.53739774507,2883.0
55612.45644330048,2883.0
55612.45644330048,2429.0
65954.56671151334,2429.0
65954.56671151334,2883.0
77237.12613643149,2883.0
77237.12613643149,2667.0
86400.000002,2667.0
# temp #7183
0.0,2234.0
40307.74480879773,2234.0
40307.74480879773,2429.0
40788.165276241496,2429.0
40788.165276241496,2234.0
41430.5468533421,2234.0
41430.5468533421,2429.0
45106.32743525785,2429.0
45106.32743525785,2234.0
50531.51069136803,2234.0
50531.51069136803,2429.0
51171.38878230472,2429.0
51171.38878230472,2234.0
51772.21932385583,2234.0
51772.21932385583,2667.0
63309.9246853497,2667.0
63309.9246853497,2555.0
65065.2549671475,2555.0
65065.2549671475,2667.0
72409.13855340333,2667.0
72409.13855340333,2234.0
81312.94135346544,2234.0
81312.94135346544,2429.0
86400.0,2429.0
# temp #7184
0.0,2234.0
7075.482577853837,2234.0
7075.482577853837,2883.0
7817.191026429647,2883.0
7817.191026429647,2667.0
13831.588214356454,2667.0
13831.588214356454,2883.0
28630.722108017657,2883.0
28630.722108017657,2667.0
57872.20505399165,2667.0
57872.20505399165,2555.0
65530.479712109096,2555.0
65530.479712109096,2667.0
78563.91424282921,2667.0
78563.91424282921,2555.0
86400.0,2555.0
# temp #7185
0.0,2234.0
20840.103480289694,2234.0
20840.103480289694,2555.0
60041.39029628133,2555.0
60041.39029628133,2429.0
83485.87911149954,2429.0
83485.87911149954,2234.0
86400.000002,2234.0
# temp #7186
0.0,2234.0
77104.18879135979,2234.0
77104.18879135979,2555.0
80863.02656710615,2555.0
80863.02656710615,2667.0
81203.58828878963,2667.0
81203.58828878963,2555.0
86400.000002,2555.0
# temp #7187
0.0,2234.0
9729.172552074308,2234.0
9729.172552074308,2883.0
20829.172552074306,2883.0
20829.172552074306,2555.0
43024.90068920889,2555.0
43024.90068920889,2429.0
78049.02395932005,2429.0
78049.02395932005,2555.0
86400.000002,2555.0
# temp #7188
0.0,2234.0
8573.968635848725,2234.0
8573.968635848725,2667.0
21628.351873112846,2667.0
21628.351873112846,2555.0
22506.48924778216,2555.0
22506.48924778216,2667.0
23390.403853054162,2667.0
23390.403853054162,2555.0
23990.403853054162,2555.0
23990.403853054162,2667.0
40050.96789852251,2667.0
40050.96789852251,2555.0
43513.65225606133,2555.0
43513.65225606133,2429.0
64948.832326778225,2429.0
64948.832326778225,2883.0
86166.28964280245,2883.0
86166.28964280245,2429.0
86400.0,2429.0
# temp #7189
0.0,2234.0
26771.636600908827,2234.0
26771.636600908827,2555.0
42144.237043359324,2555.0
42144.237043359324,2429.0
69083.33521450406,2429.0
69083.33521450406,2234.0
69683.33521450406,2234.0
69683.33521450406,2429.0
72083.33521450406,2429.0
72083.33521450406,2555.0
82283.33521450406,2555.0
82283.33521450406,2667.0
86400.000002,2667.0
# temp #7190
0.0,2234.0
11287.59340841789,2234.0
11287.59340841789,2555.0
15900.116983219054,2555.0
15900.116983219054,2667.0
16366.809468786236,2667.0
16366.809468786236,2555.0
16666.809468786236,2555.0
16666.809468786236,2667.0
43366.80946878623,2667.0
43366.80946878623,2555.0
59266.80946878623,2555.0
59266.80946878623,2234.0
62866.80946878623,2234.0
62866.80946878623,2429.0
72766.80946878623,2429.0
72766.80946878623,2555.0
73366.80946878623,2555.0
73366.80946878623,2667.0
85666.80946878623,2667.0
85666.80946878623,2883.0
86400.0,2883.0
# temp #7191
0.0,2234.0
23312.941512744877,2234.0
23312.941512744877,2555.0
43327.76979510673,2555.0
43327.76979510673,2429.0
43636.50786420331,2429.0
43636.50786420331,2555.0
44783.086983463734,2555.0
44783.086983463734,2429.0
46271.42465317157,2429.0
46271.42465317157,2555.0
46981.431143428206,2555.0
46981.431143428206,2429.0
47281.431143428206,2429.0
47281.431143428206,2555.0
47581.431143428206,2555.0
47581.431143428206,2429.0
48181.431143428206,2429.0
48181.431143428206,2555.0
51315.16481756699,2555.0
51315.16481756699,2429.0
61454.663223470576,2429.0
61454.663223470576,2883.0
82073.00329946449,2883.0
82073.00329946449,2429.0
86400.0,2429.0
# temp #7192
0.0,2234.0
31951.106653106403,2234.0
31951.106653106403,2429.0
38851.1066531064,2429.0
38851.1066531064,2555.0
40651.1066531064,2555.0
40651.1066531064,2429.0
53551.1066531064,2429.0
53551.1066531064,2234.0
53851.1066531064,2234.0
53851.1066531064,2017.0
54151.1066531064,2017.0
54151.1066531064,2234.0
54451.1066531064,2234.0
54451.1066531064,2017.0
75263.06365965866,2017.0
75263.06365965866,2234.0
81373.28128865921,2234.0
81373.28128865921,2667.0
86400.000002,2667.0
# temp #7193
0.0,2234.0
44800.34786586184,2234.0
44800.34786586184,2883.0
47200.34786586184,2883.0
47200.34786586184,2667.0
75067.21812703181,2667.0
75067.21812703181,2555.0
86400.000002,2555.0
# temp #7194
0.0,2234.0
79789.28144001403,2234.0
79789.28144001403,2555.0
82131.89761550167,2555.0
82131.89761550167,2234.0
86400.000002,2234.0
# temp #7195
0.0,2234.0
6609.719567885622,2234.0
6609.719567885622,2429.0
13509.719567885622,2429.0
13509.719567885622,2555.0
15309.719567885622,2555.0
15309.719567885622,2429.0
28209.719567885622,2429.0
28209.719567885622,2234.0
28509.719567885622,2234.0
28509.719567885622,2017.0
28809.719567885622,2017.0
28809.719567885622,2234.0
29109.719567885622,2234.0
29109.719567885622,2017.0
38529.47564169299,2017.0
38529.47564169299,2234.0
74291.62942268886,2234.0
74291.62942268886,2429.0
86400.000002,2429.0
# temp #7196
0.0,2234.0
3083.6658223997806,2234.0
3083.6658223997806,2555.0
5854.554620850832,2555.0
5854.554620850832,2667.0
15754.554620850831,2667.0
15754.554620850831,2555.0
17258.730600122362,2555.0
17258.730600122362,2429.0
20262.806160142645,2429.0
20262.806160142645,2234.0
33217.52061622683,2234.0
33217.52061622683,2429.0
40085.72851989885,2429.0
40085.72851989885,2234.0
49914.39032850322,2234.0
49914.39032850322,2429.0
76949.92229884957,2429.0
76949.92229884957,2234.0
84894.45095197299,2234.0
84894.45095197299,2429.0
86400.0,2429.0
# temp #7197
0.0,2234.0
879.5354708097875,2234.0
879.5354708097875,2667.0
25166.296641924422,2667.0
25166.296641924422,2555.0
26502.57048227359,2555.0
26502.57048227359,2667.0
33549.891709559604,2667.0
33549.891709559604,2555.0
33849.891709559604,2555.0
33849.891709559604,2667.0
34524.30327082985,2667.0
34524.30327082985,2555.0
35124.30327082985,2555.0
35124.30327082985,2667.0
39253.272600495264,2667.0
39253.272600495264,2234.0
46864.38234171365,2234.0
46864.38234171365,2667.0
78872.959303041,2667.0
78872.959303041,2555.0
86400.000002,2555.0
# temp #7198
0.0,2234.0
10726.086052274333,2234.0
10726.086052274333,2555.0
48730.68687538617,2555.0
48730.68687538617,2429.0
69807.29347611779,2429.0
69807.29347611779,2234.0
77680.6344458135,2234.0
77680.6344458135,2429.0
86400.0,2429.0
# temp #7199
0.0,2234.0
37145.07739311085,2234.0
37145.07739311085,2555.0
70638.29197771849,2555.0
70638.29197771849,2429.0
71192.75144243149,2429.0
71192.75144243149,2555.0
86400.0,2555.0
# temp #7200
0.0,2234.0
23082.426082505848,2234.0
23082.426082505848,2429.0
23399.323137081232,2429.0
23399.323137081232,2234.0
24278.45047374722,2234.0
24278.45047374722,2429.0
25940.07025456522,2429.0
25940.07025456522,2234.0
26986.259001027796,2234.0
26986.259001027796,2429.0
27693.47423706204,2429.0
27693.47423706204,2555.0
28274.743776116524,2555.0
28274.743776116524,2429.0
28574.743776116524,2429.0
28574.743776116524,2555.0
28874.743776116524,2555.0
28874.743776116524,2429.0
29474.743776116524,2429.0
29474.743776116524,2555.0
31701.40162976459,2555.0
31701.40162976459,2429.0
56559.976827353246,2429.0
56559.976827353246,2883.0
59451.558442111134,2883.0
59451.558442111134,2429.0
62082.693517813466,2429.0
62082.693517813466,2234.0
65819.78259771132,2234.0
65819.78259771132,2667.0
86400.0,2667.0
# temp #7201
0.0,2234.0
78404.54699839467,2234.0
78404.54699839467,2555.0
82477.8732208768,2555.0
82477.8732208768,2667.0
86400.000002,2667.0
# temp #7202
0.0,2234.0
2476.930908369832,2234.0
2476.930908369832,2667.0
4981.813619099558,2667.0
4981.813619099558,2555.0
5326.475224737079,2555.0
5326.475224737079,2667.0
16795.07885850035,2667.0
16795.07885850035,2555.0
17395.07885850035,2555.0
17395.07885850035,2667.0
30110.800608107824,2667.0
30110.800608107824,2555.0
32555.297018447895,2555.0
32555.297018447895,2429.0
49098.351163021296,2429.0
49098.351163021296,2555.0
64231.33627285716,2555.0
64231.33627285716,2667.0
82348.25171409176,2667.0
82348.25171409176,2555.0
85353.27054157389,2555.0
85353.27054157389,2429.0
86400.0,2429.0
# temp #7203
0.0,2234.0
17824.618189316247,2234.0
17824.618189316247,2429.0
18176.403710385788,2429.0
18176.403710385788,2555.0
18847.93193950318,2555.0
18847.93193950318,2429.0
46895.349071687095,2429.0
46895.349071687095,2883.0
48731.95673895535,2883.0
48731.95673895535,2429.0
54091.30833987147,2429.0
54091.30833987147,2555.0
68547.06074399875,2555.0
68547.06074399875,2667.0
79196.47965494079,2667.0
79196.47965494079,2555.0
86400.000002,2555.0
# temp #7204
0.0,2234.0
42042.37412041985,2234.0
42042.37412041985,2429.0
42458.689469494864,2429.0
42458.689469494864,2555.0
46222.51417266671,2555.0
46222.51417266671,2429.0
72189.97581596488,2429.0
72189.97581596488,2555.0
86400.0,2555.0
# temp #7205
0.0,2234.0
7774.919511470945,2234.0
7774.919511470945,2883.0
18874.919511470944,2883.0
18874.919511470944,2555.0
26653.591298125684,2555.0
26653.591298125684,2667.0
63933.4125092486,2667.0
63933.4125092486,2555.0
84928.97631009111,2555.0
84928.97631009111,2429.0
86400.000002,2429.0
# temp #7206
0.0,2234.0
10284.404038544744,2234.0
10284.404038544744,2429.0
10884.404038544744,2429.0
10884.404038544744,2555.0
11751.011282857507,2555.0
11751.011282857507,2429.0
37183.68669783231,2429.0
37183.68669783231,2555.0
69084.67897991651,2555.0
69084.67897991651,2429.0
86400.0,2429.0
# temp #7207
0.0,2234.0
10049.449307913894,2234.0
10049.449307913894,2555.0
26194.542198465213,2555.0
26194.542198465213,2429.0
49346.489170775756,2429.0
49346.489170775756,2234.0
49946.489170775756,2234.0
49946.489170775756,2429.0
68246.48917077575,2429.0
68246.48917077575,2555.0
69746.48917077575,2555.0
69746.48917077575,2429.0
72445.82853103058,2429.0
72445.82853103058,2234.0
77353.22342002766,2234.0
77353.22342002766,2667.0
86400.0,2667.0
# temp #7208
0.0,2234.0
21383.309676800858,2234.0
21383.309676800858,2555.0
22372.43568731938,2555.0
22372.43568731938,2667.0
32272.43568731938,2667.0
32272.43568731938,2555.0
33035.5070138583,2555.0
33035.5070138583,2429.0
38083.18039351144,2429.0
38083.18039351144,2555.0
67328.10563987588,2555.0
67328.10563987588,2429.0
71703.68067717647,2429.0
71703.68067717647,2234.0
86400.000002,2234.0
# temp #7209
0.0,2234.0
8093.625816539863,2234.0
8093.625816539863,2667.0
51905.128960730515,2667.0
51905.128960730515,2555.0
53118.40076227673,2555.0
53118.40076227673,2667.0
82776.94845080843,2667.0
82776.94845080843,2555.0
83076.94845080843,2555.0
83076.94845080843,2667.0
83920.06022853313,2667.0
83920.06022853313,2555.0
84520.06022853313,2555.0
84520.06022853313,2667.0
86400.0,2667.0
# temp #7210
0.0,2234.0
7583.842023345643,2234.0
7583.842023345643,2555.0
11225.307480432095,2555.0
11225.307480432095,2667.0
21125.307480432093,2667.0
21125.307480432093,2555.0
22648.37757814676,2555.0
22648.37757814676,2429.0
32761.57629322261,2429.0
32761.57629322261,2883.0
52625.7342606783,2883.0
52625.7342606783,2667.0
59748.17103836686,2667.0
59748.17103836686,2234.0
65152.94367719908,2234.0
65152.94367719908,2429.0
86400.0,2429.0
# temp #7211
0.0,2234.0
3570.9318428300326,2234.0
3570.9318428300326,2555.0
23893.97950842977,2555.0
23893.97950842977,2429.0
35726.87046155334,2429.0
35726.87046155334,2234.0
36326.87046155334,2234.0
36326.87046155334,2429.0
38726.87046155334,2429.0
38726.87046155334,2555.0
48926.87046155334,2555.0
48926.87046155334,2667.0
49113.39846435004,2667.0
49113.39846435004,2555.0
54032.32855873649,2555.0
54032.32855873649,2429.0
71534.25253601746,2429.0
71534.25253601746,2555.0
73092.97559510452,2555.0
73092.97559510452,2429.0
74241.14073584789,2429.0
74241.14073584789,2555.0
86400.0,2555.0
# temp #7212
0.0,2234.0
6915.273027238438,2234.0
6915.273027238438,2667.0
49483.10037923512,2667.0
49483.10037923512,2555.0
49990.60292195064,2555.0
49990.60292195064,2429.0
62401.14503530786,2429.0
62401.14503530786,2555.0
70595.10308888277,2555.0
70595.10308888277,2429.0
77790.70500230884,2429.0
77790.70500230884,2555.0
86400.0,2555.0
# temp #7213
0.0,2234.0
5955.864042439499,2234.0
5955.864042439499,2555.0
41482.62706270908,2555.0
41482.62706270908,2429.0
67629.62010672783,2429.0
67629.62010672783,2234.0
70392.522363388,2234.0
70392.522363388,2429.0
86400.0,2429.0
# temp #7214
0.0,2234.0
7166.392206237652,2234.0
7166.392206237652,2555.0
11647.05620063469,2555.0
11647.05620063469,2667.0
12183.339178352619,2667.0
12183.339178352619,2555.0
18183.339178352617,2555.0
18183.339178352617,2429.0
20583.339178352617,2429.0
20583.339178352617,2234.0
24183.339178352617,2234.0
24183.339178352617,2429.0
25383.339178352617,2429.0
25383.339178352617,2234.0
31083.339178352617,2234.0
31083.339178352617,2429.0
59008.59982401599,2429.0
59008.59982401599,2555.0
86400.000002,2555.0
# temp #7215
0.0,2234.0
6405.948062776589,2234.0
6405.948062776589,2667.0
53843.724877643406,2667.0
53843.724877643406,2555.0
55160.20280483645,2555.0
55160.20280483645,2667.0
76786.44097151702,2667.0
76786.44097151702,2555.0
77086.44097151702,2555.0
77086.44097151702,2429.0
86400.0,2429.0
# temp #7216
0.0,2234.0
54488.73397875578,2234.0
54488.73397875578,2555.0
56713.39354002849,2555.0
56713.39354002849,2667.0
57183.13266418409,2667.0
57183.13266418409,2555.0
57483.13266418409,2555.0
57483.13266418409,2667.0
61083.13266418409,2667.0
61083.13266418409,2555.0
62583.13266418409,2555.0
62583.13266418409,2429.0
72596.7990471516,2429.0
72596.7990471516,2234.0
80287.27083583364,2234.0
80287.27083583364,2667.0
83368.06290233509,2667.0
83368.06290233509,2555.0
86400.0,2555.0
# temp #7217
0.0,2234.0
49660.14766688459,2234.0
49660.14766688459,2555.0
84905.85648631678,2555.0
84905.85648631678,2429.0
86400.000002,2429.0
# temp #7218
0.0,2234.0
49476.52247312945,2234.0
49476.52247312945,2555.0
51148.01481720061,2555.0
51148.01481720061,2667.0
51710.62294675504,2667.0
51710.62294675504,2555.0
52010.62294675504,2555.0
52010.62294675504,2667.0
55610.62294675504,2667.0
55610.62294675504,2555.0
57110.62294675504,2555.0
57110.62294675504,2429.0
67118.23543247303,2429.0
67118.23543247303,2234.0
86400.000002,2234.0
# temp #7219
0.0,2234.0
83619.44781672211,2234.0
83619.44781672211,2555.0
85598.47375522369,2555.0
85598.47375522369,2429.0
86400.0,2429.0
# temp #7220
0.0,2234.0
57047.8963792557,2234.0
57047.8963792557,2555.0
83353.76709380654,2555.0
83353.76709380654,2429.0
86400.0,2429.0
# temp #7221
0.0,2234.0
9332.978980522603,2234.0
9332.978980522603,2017.0
30111.158942431215,2017.0
30111.158942431215,2234.0
46742.28383637965,2234.0
46742.28383637965,2017.0
75638.27685392462,2017.0
75638.27685392462,2234.0
86400.0,2234.0
# temp #7222
0.0,2234.0
80954.5127854217,2234.0
80954.5127854217,2883.0
83354.5127854217,2883.0
83354.5127854217,2667.0
86400.0,2667.0
# temp #7223
0.0,2234.0
34372.13247595355,2234.0
34372.13247595355,2555.0
62381.379038072206,2555.0
62381.379038072206,2429.0
86400.000002,2429.0
# temp #7224
0.0,2234.0
79664.78999590037,2234.0
79664.78999590037,2555.0
86400.0,2555.0
# temp #7225
0.0,2234.0
4436.9548633229,2234.0
4436.9548633229,2667.0
27281.028057192456,2667.0
27281.028057192456,2555.0
27773.59531412367,2555.0
27773.59531412367,2667.0
32475.587663473565,2667.0
32475.587663473565,2555.0
32775.58766347357,2555.0
32775.58766347357,2667.0
33075.58766347357,2667.0
33075.58766347357,2555.0
36375.58766347357,2555.0
36375.58766347357,2667.0
61875.58766347356,2667.0
61875.58766347356,2883.0
86400.0,2883.0
# temp #7226
0.0,2234.0
13195.130551862532,2234.0
13195.130551862532,2429.0
45295.13055186253,2429.0
45295.13055186253,2555.0
45595.13055186253,2555.0
45595.13055186253,2667.0
68045.0038562296,2667.0
68045.0038562296,2883.0
74485.69814739749,2883.0
74485.69814739749,2429.0
86400.000002,2429.0
# temp #7227
0.0,2234.0
45021.56338628848,2234.0
45021.56338628848,2429.0
45496.52437185869,2429.0
45496.52437185869,2555.0
47806.20074747131,2555.0
47806.20074747131,2429.0
74090.63530156856,2429.0
74090.63530156856,2555.0
77742.4421225209,2555.0
77742.4421225209,2429.0
77780.54282069208,2429.0
77780.54282069208,2555.0
81541.00724877791,2555.0
81541.00724877791,2667.0
86400.0,2667.0
# temp #7228
0.0,2234.0
34908.66722166539,2234.0
34908.66722166539,2555.0
43252.0450453274,2555.0
43252.0450453274,2429.0
83474.10613847898,2429.0
83474.10613847898,2234.0
84074.10613847898,2234.0
84074.10613847898,2429.0
86400.0,2429.0
# temp #7229
0.0,2234.0
4239.778443868272,2234.0
4239.778443868272,2555.0
35815.41277945508,2555.0
35815.41277945508,2429.0
80032.14761645069,2429.0
80032.14761645069,2234.0
86400.000002,2234.0
# temp #7230
0.0,2234.0
32179.2119584512,2234.0
32179.2119584512,2017.0
77483.6818444077,2017.0
77483.6818444077,2234.0
86400.000002,2234.0
# temp #7231
0.0,2234.0
27592.52322034445,2234.0
27592.52322034445,2555.0
54469.54533860554,2555.0
54469.54533860554,2429.0
66486.14690036049,2429.0
66486.14690036049,2234.0
66786.14690036049,2234.0
66786.14690036049,2017.0
80223.94795347938,2017.0
80223.94795347938,2555.0
86400.0,2555.0
# temp #7232
0.0,2234.0
8616.105221165346,2234.0
8616.105221165346,2883.0
19716.105221165344,2883.0
19716.105221165344,2555.0
36279.267813521445,2555.0
36279.267813521445,2429.0
54026.744262292064,2429.0
54026.744262292064,2234.0
61674.07657708974,2234.0
61674.07657708974,2429.0
86400.0,2429.0
# temp #7233
0.0,2234.0
63263.69977975265,2234.0
63263.69977975265,2883.0
65663.69977975264,2883.0
65663.69977975264,2667.0
86400.000002,2667.0
# temp #7234
0.0,2234.0
20140.757637843493,2234.0
20140.757637843493,2017.0
47057.566721225165,2017.0
47057.566721225165,2234.0
85556.96077966133,2234.0
85556.96077966133,2017.0
86400.0,2017.0
# temp #7235
0.0,2234.0
34090.50835424569,2234.0
34090.50835424569,2555.0
38926.173706096604,2555.0
38926.173706096604,2667.0
39490.90339320247,2667.0
39490.90339320247,2555.0
39790.90339320247,2555.0
39790.90339320247,2667.0
43390.90339320247,2667.0
43390.90339320247,2555.0
44890.90339320247,2555.0
44890.90339320247,2429.0
53674.36454650016,2429.0
53674.36454650016,2234.0
61134.32166650893,2234.0
61134.32166650893,2667.0
86400.0,2667.0
# temp #7236
0.0,2234.0
39280.528294108815,2234.0
39280.528294108815,2429.0
39629.75185434335,2429.0
39629.75185434335,2555.0
42260.18090131693,2555.0
42260.18090131693,2429.0
60264.93407492527,2429.0
60264.93407492527,2883.0
65078.85107011536,2883.0
65078.85107011536,2429.0
86400.0,2429.0
# temp #7237
0.0,2234.0
8579.445869266057,2234.0
8579.445869266057,2667.0
31750.68033817225,2667.0
31750.68033817225,2555.0
32122.707964153968,2555.0
32122.707964153968,2667.0
32535.672414698645,2667.0
32535.672414698645,2555.0
32835.672414698645,2555.0
32835.672414698645,2667.0
33525.90344601777,2667.0
33525.90344601777,2555.0
34125.90344601777,2555.0
34125.90344601777,2667.0
49953.92697108911,2667.0
49953.92697108911,2555.0
51041.33559165058,2555.0
51041.33559165058,2429.0
81393.5188780306,2429.0
81393.5188780306,2555.0
86400.000002,2555.0
# temp #7238
0.0,2234.0
57458.7686991552,2234.0
57458.7686991552,2555.0
62804.64085419663,2555.0
62804.64085419663,2667.0
63163.833058392636,2667.0
63163.833058392636,2555.0
63463.833058392636,2555.0
63463.833058392636,2667.0
86400.000002,2667.0
# temp #7239
0.0,2234.0
2442.7299962611874,2234.0
2442.7299962611874,2667.0
27190.57245946024,2667.0
27190.57245946024,2555.0
28347.448786650788,2555.0
28347.448786650788,2667.0
42079.088521655656,2667.0
42079.088521655656,2555.0
42379.088521655656,2555.0
42379.088521655656,2667.0
43069.092615321286,2667.0
43069.092615321286,2555.0
43669.092615321286,2555.0
43669.092615321286,2667.0
70472.82033835072,2667.0
70472.82033835072,2555.0
81230.84656200373,2555.0
81230.84656200373,2883.0
86400.000002,2883.0
# temp #7240
0.0,2234.0
32404.1075402638,2234.0
32404.1075402638,2555.0
48054.35869710056,2555.0
48054.35869710056,2429.0
48592.12295764593,2429.0
48592.12295764593,2555.0
71437.18861900271,2555.0
71437.18861900271,2429.0
72245.3344856389,2429.0
72245.3344856389,2234.0
82688.4159879992,2234.0
82688.4159879992,2555.0
83888.4159879992,2555.0
83888.4159879992,2883.0
86400.0,2883.0
# temp #7241
0.0,2234.0
10524.785931408407,2234.0
10524.785931408407,2429.0
10850.51450498868,2429.0
10850.51450498868,2555.0
12651.219301228413,2555.0
12651.219301228413,2429.0
14898.26081406791,2429.0
14898.26081406791,2883.0
29125.34131261055,2883.0
29125.34131261055,2429.0
45451.08179901727,2429.0
45451.08179901727,2555.0
46120.23318749853,2555.0
46120.23318749853,2667.0
68759.0648391517,2667.0
68759.0648391517,2555.0
69865.25352413302,2555.0
69865.25352413302,2667.0
86400.000002,2667.0
# temp #7242
0.0,2234.0
48482.82166512218,2234.0
48482.82166512218,2555.0
80554.24980476966,2555.0
80554.24980476966,2429.0
81060.02153421288,2429.0
81060.02153421288,2555.0
86400.000002,2555.0
# temp #7243
0.0,2234.0
12008.210902847351,2234.0
12008.210902847351,2017.0
33464.16663564742,2017.0
33464.16663564742,2234.0
49593.87895138935,2234.0
49593.87895138935,2017.0
53881.415142863996,2017.0
53881.415142863996,2234.0
79265.13580726461,2234.0
79265.13580726461,2017.0
86400.000002,2017.0
# temp #7244
0.0,2234.0
16948.068565875292,2234.0
16948.068565875292,2017.0
40280.413397960365,2017.0
40280.413397960365,2234.0
85444.88394465299,2234.0
85444.88394465299,2017.0
86400.000002,2017.0
# temp #7245
0.0,2234.0
34748.0941600632,2234.0
34748.0941600632,2017.0
80335.85219518283,2017.0
80335.85219518283,2234.0
86400.000002,2234.0
# temp #7246
0.0,2234.0
19165.14913158026,2234.0
19165.14913158026,2555.0
19706.558942561973,2555.0
19706.558942561973,2667.0
29606.558942561973,2667.0
29606.558942561973,2555.0
33102.24348097109,2555.0
33102.24348097109,2429.0
67452.17822338456,2429.0
67452.17822338456,2883.0
69905.9212440625,2883.0
69905.9212440625,2429.0
86400.0,2429.0
# temp #7247
0.0,2234.0
29449.248210433874,2234.0
29449.248210433874,2429.0
29802.963324123997,2429.0
29802.963324123997,2555.0
33046.045449608944,2555.0
33046.045449608944,2429.0
55622.96705078334,2429.0
55622.96705078334,2234.0
59622.956949519,2234.0
59622.956949519,2429.0
86400.000002,2429.0
# temp #7248
0.0,2234.0
36552.86413184368,2234.0
36552.86413184368,2555.0
59656.89839101398,2555.0
59656.89839101398,2429.0
86400.000002,2429.0
# temp #7249
0.0,2234.0
4521.649257838727,2234.0
4521.649257838727,2017.0
21143.22894467041,2017.0
21143.22894467041,2234.0
62416.06344329194,2234.0
62416.06344329194,2017.0
80385.0801060442,2017.0
80385.0801060442,2234.0
86400.000002,2234.0
# temp #7250
0.0,2234.0
4330.975719541312,2234.0
4330.975719541312,2667.0
33601.27322003245,2667.0
33601.27322003245,2555.0
35024.4215941988,2555.0
35024.4215941988,2429.0
36827.17668644619,2429.0
36827.17668644619,2555.0
56583.03226106801,2555.0
56583.03226106801,2429.0
86400.000002,2429.0
# temp #7251
0.0,2234.0
50623.501544329345,2234.0
50623.501544329345,2555.0
66579.91353159306,2555.0
66579.91353159306,2429.0
67012.39154208453,2429.0
67012.39154208453,2555.0
86400.000002,2555.0
# temp #7252
0.0,2234.0
30621.761899301786,2234.0
30621.761899301786,2555.0
39650.49461117015,2555.0
39650.49461117015,2429.0
40155.95306432807,2429.0
40155.95306432807,2555.0
62908.00670944156,2555.0
62908.00670944156,2429.0
63855.49539327623,2429.0
63855.49539327623,2555.0
64491.013915836826,2555.0
64491.013915836826,2429.0
64791.013915836826,2429.0
64791.013915836826,2555.0
65091.013915836826,2555.0
65091.013915836826,2429.0
65691.01391583683,2429.0
65691.01391583683,2555.0
67667.67748184504,2555.0
67667.67748184504,2429.0
86400.000002,2429.0
# temp #7253
0.0,2234.0
51159.97453643941,2234.0
51159.97453643941,2555.0
54148.74299636577,2555.0
54148.74299636577,2667.0
54502.552186371766,2667.0
54502.552186371766,2555.0
54802.552186371766,2555.0
54802.552186371766,2667.0
58402.552186371766,2667.0
58402.552186371766,2555.0
59902.552186371766,2555.0
59902.552186371766,2429.0
77777.15819058941,2429.0
77777.15819058941,2234.0
86400.000002,2234.0
# temp #7254
0.0,2234.0
58575.991404941306,2234.0
58575.991404941306,2555.0
71596.62221542094,2555.0
71596.62221542094,2234.0
82799.28751043044,2234.0
82799.28751043044,2429.0
86400.000002,2429.0
# temp #7255
0.0,2234.0
77906.60221490545,2234.0
77906.60221490545,2555.0
86400.0,2555.0
# temp #7256
0.0,2234.0
21245.837581437085,2234.0
21245.837581437085,2555.0
38260.473066056154,2555.0
38260.473066056154,2429.0
38598.4309013933,2429.0
38598.4309013933,2555.0
44371.81241973304,2555.0
44371.81241973304,2429.0
45126.20998746716,2429.0
45126.20998746716,2555.0
45637.35303045251,2555.0
45637.35303045251,2429.0
86400.0,2429.0
# temp #7257
0.0,2234.0
76295.99277265371,2234.0
76295.99277265371,2555.0
86400.0,2555.0
# temp #7258
0.0,2234.0
66415.79465058168,2234.0
66415.79465058168,2555.0
86400.0,2555.0
# temp #7259
0.0,2234.0
54603.7269511493,2234.0
54603.7269511493,2429.0
54906.41795522534,2429.0
54906.41795522534,2555.0
57531.08226447367,2555.0
57531.08226447367,2429.0
75833.1089010928,2429.0
75833.1089010928,2555.0
85275.36613340491,2555.0
85275.36613340491,2667.0
86400.0,2667.0
# temp #7260
0.0,2234.0
9295.478304591961,2234.0
9295.478304591961,2429.0
9771.234714821912,2429.0
9771.234714821912,2234.0
10640.43701493647,2234.0
10640.43701493647,2429.0
12579.106717533432,2429.0
12579.106717533432,2234.0
33648.74989511445,2234.0
33648.74989511445,2429.0
34364.733972307295,2429.0
34364.733972307295,2555.0
34982.70802963525,2555.0
34982.70802963525,2429.0
35282.70802963525,2429.0
35282.70802963525,2555.0
35582.70802963525,2555.0
35582.70802963525,2429.0
36182.70802963525,2429.0
36182.70802963525,2555.0
37318.29709690064,2555.0
37318.29709690064,2429.0
39882.58278009017,2429.0
39882.58278009017,2555.0
40716.26853647177,2555.0
40716.26853647177,2667.0
52310.731691680856,2667.0
52310.731691680856,2555.0
69281.86336029321,2555.0
69281.86336029321,2667.0
86400.0,2667.0
# temp #7261
0.0,2234.0
2551.585140824318,2234.0
2551.585140824318,2883.0
4014.7850030567497,2883.0
4014.7850030567497,2667.0
14075.024411757478,2667.0
14075.024411757478,2883.0
25098.899021465335,2883.0
25098.899021465335,2429.0
34533.31897482277,2429.0
34533.31897482277,2555.0
65035.684815491564,2555.0
65035.684815491564,2429.0
81913.9729629038,2429.0
81913.9729629038,2555.0
86400.000002,2555.0
# temp #7262
0.0,2234.0
69727.82749927139,2234.0
69727.82749927139,2555.0
70995.01175098123,2555.0
70995.01175098123,2667.0
71563.55465368835,2667.0
71563.55465368835,2555.0
71863.55465368835,2555.0
71863.55465368835,2667.0
75463.55465368835,2667.0
75463.55465368835,2555.0
76963.55465368835,2555.0
76963.55465368835,2429.0
80339.0135363443,2429.0
80339.0135363443,2234.0
86400.000002,2234.0
# temp #7263
0.0,2234.0
32196.377002866942,2234.0
32196.377002866942,2017.0
83437.53744727002,2017.0
83437.53744727002,2234.0
86400.0,2234.0
# temp #7264
0.0,2234.0
84236.67668283453,2234.0
84236.67668283453,2555.0
86400.0,2555.0
# temp #7265
0.0,2234.0
13975.208124797793,2234.0
13975.208124797793,2017.0
54516.96811281145,2017.0
54516.96811281145,2234.0
86400.0,2234.0
# temp #7266
0.0,2234.0
9703.302260837518,2234.0
9703.302260837518,2429.0
10115.902195754461,2429.0
10115.902195754461,2234.0
10892.426957027055,2234.0
10892.426957027055,2429.0
13548.71500369627,2429.0
13548.71500369627,2234.0
22860.806475067515,2234.0
22860.806475067515,2429.0
24040.52205481567,2429.0
24040.52205481567,2555.0
24681.74405121245,2555.0
24681.74405121245,2429.0
24981.74405121245,2429.0
24981.74405121245,2555.0
45381.744051212445,2555.0
45381.744051212445,2429.0
45681.744051212445,2429.0
45681.744051212445,2555.0
46281.744051212445,2555.0
46281.744051212445,2667.0
61549.940533284105,2667.0
61549.940533284105,2555.0
65349.74833521993,2555.0
65349.74833521993,2667.0
86400.0,2667.0
# temp #7267
0.0,2234.0
19372.936959145594,2234.0
19372.936959145594,2017.0
54587.95530600475,2017.0
54587.95530600475,2234.0
78997.923031915,2234.0
78997.923031915,2017.0
86400.0,2017.0
# temp #7268
0.0,2234.0
4809.092845581473,2234.0
4809.092845581473,2667.0
29016.983386036012,2667.0
29016.983386036012,2555.0
30154.408671241257,2555.0
30154.408671241257,2429.0
60614.91298077164,2429.0
60614.91298077164,2555.0
86400.0,2555.0
# temp #7269
0.0,2234.0
30361.18392585777,2234.0
30361.18392585777,2555.0
43740.30761634932,2555.0
43740.30761634932,2429.0
86400.0,2429.0
# temp #7270
0.0,2234.0
9632.30965230614,2234.0
9632.30965230614,2429.0
10093.284356198274,2429.0
10093.284356198274,2234.0
10847.185577522032,2234.0
10847.185577522032,2429.0
14112.874907883815,2429.0
14112.874907883815,2234.0
17799.91434230469,2234.0
17799.91434230469,2429.0
18270.01752408687,2429.0
18270.01752408687,2234.0
41433.46096202731,2234.0
41433.46096202731,2429.0
53336.32046347485,2429.0
53336.32046347485,2883.0
75133.21850330103,2883.0
75133.21850330103,2429.0
80233.28790755478,2429.0
80233.28790755478,2555.0
86400.0,2555.0
# temp #7271
0.0,2234.0
18543.892732495442,2234.0
18543.892732495442,2429.0
18939.090526336804,2429.0
18939.090526336804,2234.0
19814.431412913837,2234.0
19814.431412913837,2429.0
20397.214890900068,2429.0
20397.214890900068,2234.0
30872.569051617756,2234.0
30872.569051617756,2429.0
31669.91121140309,2429.0
31669.91121140309,2555.0
32845.00324758701,2555.0
32845.00324758701,2429.0
33145.00324758701,2429.0
33145.00324758701,2555.0
34645.00324758701,2555.0
34645.00324758701,2429.0
44845.00324758701,2429.0
44845.00324758701,2234.0
86400.000002,2234.0
# temp #7272
0.0,2234.0
1966.3758887210863,2234.0
1966.3758887210863,2667.0
46488.07395296172,2667.0
46488.07395296172,2555.0
46798.78813466058,2555.0
46798.78813466058,2667.0
65640.35690159073,2667.0
65640.35690159073,2555.0
66240.35690159073,2555.0
66240.35690159073,2667.0
84394.43923027722,2667.0
84394.43923027722,2555.0
85116.67524443475,2555.0
85116.67524443475,2429.0
86400.0,2429.0
# temp #7273
0.0,2234.0
49153.21326025297,2234.0
49153.21326025297,2555.0
50286.800129245974,2555.0
50286.800129245974,2667.0
50614.75759078749,2667.0
50614.75759078749,2555.0
50914.75759078749,2555.0
50914.75759078749,2667.0
54514.75759078749,2667.0
54514.75759078749,2555.0
56014.75759078749,2555.0
56014.75759078749,2429.0
74568.30694663805,2429.0
74568.30694663805,2234.0
86400.0,2234.0
# temp #7274
0.0,2234.0
47667.06535751001,2234.0
47667.06535751001,2555.0
76379.29796255195,2555.0
76379.29796255195,2429.0
85953.1223898288,2429.0
85953.1223898288,2234.0
86253.1223898288,2234.0
86253.1223898288,2017.0
86400.0,2017.0
# temp #7275
0.0,2234.0
12626.249106670732,2234.0
12626.249106670732,2883.0
14308.983753458599,2883.0
14308.983753458599,2667.0
22651.88750680536,2667.0
22651.88750680536,2883.0
34171.73384106718,2883.0
34171.73384106718,2429.0
55213.11074886472,2429.0
55213.11074886472,2555.0
70820.73450302707,2555.0
70820.73450302707,2667.0
86400.0,2667.0
# temp #7276
0.0,2234.0
54432.00169843622,2234.0
54432.00169843622,2429.0
86400.000002,2429.0
# temp #7277
0.0,2234.0
4755.083058192396,2234.0
4755.083058192396,2667.0
52366.26875675284,2667.0
52366.26875675284,2555.0
53522.57398939692,2555.0
53522.57398939692,2667.0
57713.76647406724,2667.0
57713.76647406724,2555.0
58013.76647406724,2555.0
58013.76647406724,2667.0
58876.632036175586,2667.0
58876.632036175586,2555.0
59476.632036175586,2555.0
59476.632036175586,2667.0
71091.08848494945,2667.0
71091.08848494945,2555.0
86400.000002,2555.0
# temp #7278
0.0,2234.0
27864.18351363391,2234.0
27864.18351363391,2017.0
49112.48248480261,2017.0
49112.48248480261,2234.0
54812.48248480261,2234.0
54812.48248480261,2429.0
86400.0,2429.0
# temp #7279
0.0,2234.0
31684.06685753726,2234.0
31684.06685753726,2555.0
70684.50036440046,2555.0
70684.50036440046,2429.0
71263.81222356578,2429.0
71263.81222356578,2555.0
86400.0,2555.0
# temp #7280
0.0,2234.0
1671.5020992793145,2234.0
1671.5020992793145,2017.0
48786.79804396816,2017.0
48786.79804396816,2234.0
50755.86629589089,2234.0
50755.86629589089,2017.0
51385.864117601894,2017.0
51385.864117601894,2234.0
86400.0,2234.0
# temp #7281
0.0,2234.0
5444.8930273996675,2234.0
5444.8930273996675,2667.0
30155.400972836655,2667.0
30155.400972836655,2555.0
31483.583375927996,2555.0
31483.583375927996,2667.0
61134.290530392915,2667.0
61134.290530392915,2555.0
64134.290530392915,2555.0
64134.290530392915,2667.0
86400.0,2667.0
# temp #7282
0.0,2234.0
58847.26425390691,2234.0
58847.26425390691,2555.0
59625.943741528325,2555.0
59625.943741528325,2667.0
60172.13541192469,2667.0
60172.13541192469,2555.0
60472.13541192469,2555.0
60472.13541192469,2667.0
86400.000002,2667.0
# temp #7283
0.0,2234.0
26866.117323841903,2234.0
26866.117323841903,2017.0
76909.37630161644,2017.0
76909.37630161644,2234.0
84363.85454423727,2234.0
84363.85454423727,2017.0
86400.0,2017.0
# temp #7284
0.0,2234.0
73565.71571859533,2234.0
73565.71571859533,2555.0
86400.0,2555.0
# temp #7285
0.0,2234.0
51427.649907418534,2234.0
51427.649907418534,2555.0
53880.123397847645,2555.0
53880.123397847645,2667.0
54357.2100352496,2667.0
54357.2100352496,2555.0
60357.2100352496,2555.0
60357.2100352496,2429.0
62757.2100352496,2429.0
62757.2100352496,2234.0
66357.2100352496,2234.0
66357.2100352496,2429.0
67557.2100352496,2429.0
67557.2100352496,2234.0
73257.2100352496,2234.0
73257.2100352496,2429.0
86400.000002,2429.0
# temp #7286
0.0,2234.0
13569.924219232054,2234.0
13569.924219232054,2883.0
24669.924219232053,2883.0
24669.924219232053,2555.0
40646.220369078226,2555.0
40646.220369078226,2667.0
49681.693812925376,2667.0
49681.693812925376,2883.0
76944.81509544422,2883.0
76944.81509544422,2429.0
86400.0,2429.0
# temp #7287
0.0,2234.0
25981.050103018064,2234.0
25981.050103018064,2555.0
54359.97219546699,2555.0
54359.97219546699,2429.0
86400.000002,2429.0
# temp #7288
0.0,2234.0
28762.087689992044,2234.0
28762.087689992044,2429.0
29362.087689992044,2429.0
29362.087689992044,2555.0
30412.496653106067,2555.0
30412.496653106067,2429.0
54725.47885891982,2429.0
54725.47885891982,2234.0
75052.1681756247,2234.0
75052.1681756247,2667.0
86400.000002,2667.0
# temp #7289
0.0,2234.0
6386.616723379121,2234.0
6386.616723379121,2667.0
34543.94065621309,2667.0
34543.94065621309,2555.0
35977.88640414365,2555.0
35977.88640414365,2667.0
45014.24208548852,2667.0
45014.24208548852,2555.0
45314.24208548852,2555.0
45314.24208548852,2667.0
45919.62158521638,2667.0
45919.62158521638,2555.0
46519.62158521638,2555.0
46519.62158521638,2667.0
55237.37111021765,2667.0
55237.37111021765,2234.0
66791.31079930814,2234.0
66791.31079930814,2429.0
85788.21600910743,2429.0
85788.21600910743,2234.0
86400.000002,2234.0
# temp #7290
0.0,2234.0
4111.614233977162,2234.0
4111.614233977162,2667.0
20548.406055243686,2667.0
20548.406055243686,2555.0
21714.94403849356,2555.0
21714.94403849356,2667.0
51784.85652313103,2667.0
51784.85652313103,2555.0
52084.85652313103,2555.0
52084.85652313103,2667.0
52788.411347963854,2667.0
52788.411347963854,2555.0
53388.411347963854,2555.0
53388.411347963854,2667.0
69747.2562328214,2667.0
69747.2562328214,2883.0
72267.67005685253,2883.0
72267.67005685253,2429.0
86400.0,2429.0
# temp #7291
0.0,2234.0
57909.741363557994,2234.0
57909.741363557994,2555.0
73746.88219770325,2555.0
73746.88219770325,2429.0
74324.6374911396,2429.0
74324.6374911396,2555.0
82570.85741471966,2555.0
82570.85741471966,2429.0
83635.80512639602,2429.0
83635.80512639602,2234.0
86400.000002,2234.0
# temp #7292
0.0,2234.0
9363.834652514199,2234.0
9363.834652514199,2429.0
9708.025571261534,2429.0
9708.025571261534,2555.0
11836.485115368852,2555.0
11836.485115368852,2429.0
46259.14834379219,2429.0
46259.14834379219,2555.0
66387.9403228406,2555.0
66387.9403228406,2429.0
86400.000002,2429.0
# temp #7293
0.0,2234.0
2114.2466297373176,2234.0
2114.2466297373176,2667.0
5632.355382107198,2667.0
5632.355382107198,2555.0
6628.37656941265,2555.0
6628.37656941265,2667.0
45008.073594560854,2667.0
45008.073594560854,2555.0
45608.073594560854,2555.0
45608.073594560854,2667.0
61406.364930979915,2667.0
61406.364930979915,2555.0
61890.137581340976,2555.0
61890.137581340976,2429.0
86400.0,2429.0
# temp #7294
0.0,2234.0
4510.045759566128,2234.0
4510.045759566128,2883.0
15610.045759566128,2883.0
15610.045759566128,2555.0
27394.277706812136,2555.0
27394.277706812136,2429.0
32884.67981745489,2429.0
32884.67981745489,2234.0
42883.321638638154,2234.0
42883.321638638154,2667.0
63453.27418281232,2667.0
63453.27418281232,2555.0
86400.0,2555.0
# temp #7295
0.0,2234.0
7673.216296546163,2234.0
7673.216296546163,2667.0
9232.40829643328,2667.0
9232.40829643328,2555.0
9779.453882505188,2555.0
9779.453882505188,2667.0
24092.58806041908,2667.0
24092.58806041908,2555.0
24392.58806041908,2555.0
24392.58806041908,2667.0
24692.58806041908,2667.0
24692.58806041908,2555.0
27992.58806041908,2555.0
27992.58806041908,2667.0
53492.588060419075,2667.0
53492.588060419075,2883.0
86400.0,2883.0
# temp #7296
0.0,2234.0
2257.9169767443095,2234.0
2257.9169767443095,2667.0
30470.03325875849,2667.0
30470.03325875849,2555.0
30902.83103473485,2555.0
30902.83103473485,2429.0
31678.06151127443,2429.0
31678.06151127443,2234.0
51185.65801642836,2234.0
51185.65801642836,2667.0
77095.55793658366,2667.0
77095.55793658366,2234.0
79954.70138594975,2234.0
79954.70138594975,2667.0
86400.0,2667.0
# temp #7297
0.0,2234.0
60974.77835419122,2234.0
60974.77835419122,2555.0
80903.2359384466,2555.0
80903.2359384466,2234.0
86400.0,2234.0
# temp #7298
0.0,2234.0
11125.324294273743,2234.0
11125.324294273743,2883.0
22225.32429427374,2883.0
22225.32429427374,2555.0
39819.38581096475,2555.0
39819.38581096475,2667.0
65174.88951960114,2667.0
65174.88951960114,2234.0
66681.44155098127,2234.0
66681.44155098127,2429.0
86400.0,2429.0
# temp #7299
0.0,2234.0
60550.23059095256,2234.0
60550.23059095256,2555.0
79290.77951735817,2555.0
79290.77951735817,2234.0
86400.000002,2234.0
# temp #7300
0.0,2234.0
85930.05075166003,2234.0
85930.05075166003,2883.0
86400.000002,2883.0
# temp #7301
0.0,2234.0
9597.753930464389,2234.0
9597.753930464389,2555.0
12234.148502885366,2555.0
12234.148502885366,2667.0
12739.026370458307,2667.0
12739.026370458307,2555.0
13039.026370458307,2555.0
13039.026370458307,2667.0
16639.02637045831,2667.0
16639.02637045831,2555.0
18139.02637045831,2555.0
18139.02637045831,2429.0
29683.009543013763,2429.0
29683.009543013763,2234.0
46002.69205863588,2234.0
46002.69205863588,2429.0
64284.96823324823,2429.0
64284.96823324823,2883.0
75369.83587522992,2883.0
75369.83587522992,2667.0
86400.0,2667.0
# temp #7302
0.0,2234.0
39047.79457761907,2234.0
39047.79457761907,2555.0
60099.57222654486,2555.0
60099.57222654486,2429.0
60682.457030983656,2429.0
60682.457030983656,2555.0
84028.85214909913,2555.0
84028.85214909913,2429.0
84543.40442810209,2429.0
84543.40442810209,2555.0
84984.39791025595,2555.0
84984.39791025595,2429.0
85284.39791025595,2429.0
85284.39791025595,2555.0
85584.39791025595,2555.0
85584.39791025595,2429.0
86184.39791025595,2429.0
86184.39791025595,2555.0
86400.0,2555.0
# temp #7303
0.0,2234.0
37596.45050873515,2234.0
37596.45050873515,2429.0
38161.086760740734,2429.0
38161.086760740734,2555.0
41521.52175782249,2555.0
41521.52175782249,2429.0
58349.78434850929,2429.0
58349.78434850929,2555.0
66895.79063015991,2555.0
66895.79063015991,2429.0
86400.0,2429.0
# temp #7304
0.0,2234.0
2028.0401778174567,2234.0
2028.0401778174567,2667.0
32320.39443268441,2667.0
32320.39443268441,2555.0
33277.467381907634,2555.0
33277.467381907634,2667.0
41304.83727988322,2667.0
41304.83727988322,2555.0
41604.83727988322,2555.0
41604.83727988322,2667.0
42298.8469622098,2667.0
42298.8469622098,2555.0
42898.8469622098,2555.0
42898.8469622098,2667.0
83530.0863585435,2667.0
83530.0863585435,2883.0
86400.000002,2883.0
# temp #7305
0.0,2234.0
61819.6386542637,2234.0
61819.6386542637,2555.0
65577.03819880263,2555.0
65577.03819880263,2429.0
86400.0,2429.0
# temp #7306
0.0,2234.0
6703.435480571354,2234.0
6703.435480571354,2667.0
30141.530154459186,2667.0
30141.530154459186,2555.0
30498.99515211583,2555.0
30498.99515211583,2667.0
35603.936950326904,2667.0
35603.936950326904,2555.0
38603.936950326904,2555.0
38603.936950326904,2667.0
64703.936950326904,2667.0
64703.936950326904,2883.0
86400.0,2883.0
# temp #7307
0.0,2234.0
2666.49396205321,2234.0
2666.49396205321,2017.0
39048.74046840706,2017.0
39048.74046840706,2234.0
67626.80824357086,2234.0
67626.80824357086,2017.0
86400.000002,2017.0
# temp #7308
0.0,2234.0
628.2486712094396,2234.0
628.2486712094396,2555.0
15412.914152350279,2555.0
15412.914152350279,2429.0
15857.199656520972,2429.0
15857.199656520972,2555.0
28371.212080889385,2555.0
28371.212080889385,2429.0
28845.366848981943,2429.0
28845.366848981943,2234.0
48236.81477545761,2234.0
48236.81477545761,2429.0
77465.64637594858,2429.0
77465.64637594858,2555.0
86400.000002,2555.0
# temp #7309
0.0,2234.0
3557.878602831625,2234.0
3557.878602831625,2883.0
4983.331403369085,2883.0
4983.331403369085,2667.0
10271.793863363564,2667.0
10271.793863363564,2883.0
11613.348145969214,2883.0
11613.348145969214,2667.0
21333.954015257772,2667.0
21333.954015257772,2555.0
33090.634982404306,2555.0
33090.634982404306,2429.0
36486.62408441306,2429.0
36486.62408441306,2234.0
54935.953027289375,2234.0
54935.953027289375,2667.0
86400.000002,2667.0
# temp #7310
0.0,2234.0
11503.973864600996,2234.0
11503.973864600996,2555.0
21333.10145332944,2555.0
21333.10145332944,2429.0
39110.33900573385,2429.0
39110.33900573385,2234.0
39410.33900573385,2234.0
39410.33900573385,2017.0
72141.09285261949,2017.0
72141.09285261949,2555.0
86400.0,2555.0
# temp #7311
0.0,2234.0
7683.749448903838,2234.0
7683.749448903838,2667.0
29254.434733861133,2667.0
29254.434733861133,2555.0
30610.49255656545,2555.0
30610.49255656545,2667.0
60284.775230241954,2667.0
60284.775230241954,2555.0
60884.775230241954,2555.0
60884.775230241954,2667.0
82161.48397601211,2667.0
82161.48397601211,2555.0
83592.60567552412,2555.0
83592.60567552412,2429.0
86400.000002,2429.0
# temp #7312
0.0,2234.0
18586.839412199337,2234.0
18586.839412199337,2017.0
39006.25405046158,2017.0
39006.25405046158,2234.0
44706.25405046158,2234.0
44706.25405046158,2429.0
66554.7559579136,2429.0
66554.7559579136,2555.0
67604.15678608698,2555.0
67604.15678608698,2429.0
70719.63671394625,2429.0
70719.63671394625,2555.0
72706.139564747,2555.0
72706.139564747,2429.0
86400.000002,2429.0
# temp #7313
0.0,2234.0
6832.749274070376,2234.0
6832.749274070376,2429.0
7334.766638581642,2429.0
7334.766638581642,2555.0
10166.376820136795,2555.0
10166.376820136795,2429.0
12259.30776356254,2429.0
12259.30776356254,2234.0
26029.414486535832,2234.0
26029.414486535832,2429.0
50465.76233853121,2429.0
50465.76233853121,2555.0
52244.45154138376,2555.0
52244.45154138376,2429.0
63150.87857174222,2429.0
63150.87857174222,2555.0
68671.9781638356,2555.0
68671.9781638356,2667.0
68861.42180131284,2667.0
68861.42180131284,2555.0
73867.48194422109,2555.0
73867.48194422109,2667.0
86400.000002,2667.0
# temp #7314
0.0,2234.0
79668.26490545647,2234.0
79668.26490545647,2555.0
86400.000002,2555.0
# temp #7315
0.0,2234.0
37186.19418907911,2234.0
37186.19418907911,2017.0
86400.0,2017.0
# temp #7316
0.0,2234.0
22647.13840715122,2234.0
22647.13840715122,2555.0
37148.70696177241,2555.0
37148.70696177241,2429.0
37528.229330247275,2429.0
37528.229330247275,2555.0
44259.83926984482,2555.0
44259.83926984482,2429.0
44639.22843779438,2429.0
44639.22843779438,2555.0
45592.19943168574,2555.0
45592.19943168574,2429.0
45892.19943168574,2429.0
45892.19943168574,2555.0
46192.19943168574,2555.0
46192.19943168574,2429.0
46792.19943168574,2429.0
46792.19943168574,2555.0
51402.49148975127,2555.0
51402.49148975127,2429.0
75230.79399091659,2429.0
75230.79399091659,2555.0
86400.000002,2555.0
# temp #7317
0.0,2234.0
6611.73604396172,2234.0
6611.73604396172,2667.0
14389.915168331938,2667.0
14389.915168331938,2555.0
15565.507936896758,2555.0
15565.507936896758,2667.0
18979.213810572404,2667.0
18979.213810572404,2555.0
19279.213810572404,2555.0
19279.213810572404,2667.0
20019.951175712053,2667.0
20019.951175712053,2555.0
20619.951175712053,2555.0
20619.951175712053,2667.0
29131.759865465578,2667.0
29131.759865465578,2555.0
38051.72491776758,2555.0
38051.72491776758,2429.0
40548.69173392654,2429.0
40548.69173392654,2667.0
66409.79307750241,2667.0
66409.79307750241,2555.0
71204.35325244909,2555.0
71204.35325244909,2429.0
77192.26236250253,2429.0
77192.26236250253,2555.0
86400.000002,2555.0
# temp #7318
0.0,2234.0
30719.02951318771,2234.0
30719.02951318771,2429.0
31319.02951318771,2429.0
31319.02951318771,2555.0
36062.52597067506,2555.0
36062.52597067506,2429.0
65659.60267474875,2429.0
65659.60267474875,2883.0
86400.0,2883.0
# temp #7319
0.0,2234.0
17337.49469406903,2234.0
17337.49469406903,2555.0
18458.46668290906,2555.0
18458.46668290906,2667.0
24758.46668290906,2667.0
24758.46668290906,2555.0
25958.46668290906,2555.0
25958.46668290906,2429.0
69158.46668290906,2429.0
69158.46668290906,2234.0
86400.000002,2234.0
# temp #7320
0.0,2234.0
7385.173305496575,2234.0
7385.173305496575,2667.0
30380.424795602456,2667.0
30380.424795602456,2555.0
31424.989809771076,2555.0
31424.989809771076,2667.0
56444.21297740193,2667.0
56444.21297740193,2555.0
56744.21297740193,2555.0
56744.21297740193,2667.0
57563.487664028085,2667.0
57563.487664028085,2555.0
58163.487664028085,2555.0
58163.487664028085,2667.0
65710.63352054918,2667.0
65710.63352054918,2555.0
81606.18322421798,2555.0
81606.18322421798,2667.0
86400.0,2667.0
# temp #7321
0.0,2234.0
57388.751600543044,2234.0
57388.751600543044,2555.0
59238.41536988039,2555.0
59238.41536988039,2667.0
59600.46101217159,2667.0
59600.46101217159,2555.0
59900.46101217159,2555.0
59900.46101217159,2667.0
63500.46101217159,2667.0
63500.46101217159,2555.0
65000.46101217159,2555.0
65000.46101217159,2429.0
71401.95211709944,2429.0
71401.95211709944,2234.0
74852.08484621254,2234.0
74852.08484621254,2667.0
86400.0,2667.0
# temp #7322
0.0,2234.0
68498.59199691565,2234.0
68498.59199691565,2555.0
70862.34887384345,2555.0
70862.34887384345,2667.0
71291.66458058172,2667.0
71291.66458058172,2555.0
71591.66458058172,2555.0
71591.66458058172,2667.0
86400.000002,2667.0
# temp #7323
0.0,2234.0
8517.635373864325,2234.0
8517.635373864325,2429.0
8863.26109855436,2429.0
8863.26109855436,2555.0
11806.530701508747,2555.0
11806.530701508747,2429.0
16819.437606353316,2429.0
16819.437606353316,2555.0
40100.985189504,2555.0
40100.985189504,2429.0
55285.543657466784,2429.0
55285.543657466784,2555.0
60048.84265135044,2555.0
60048.84265135044,2429.0
86400.000002,2429.0
# temp #7324
0.0,2234.0
5790.49078768585,2234.0
5790.49078768585,2555.0
35438.28812304419,2555.0
35438.28812304419,2429.0
35863.72824506835,2429.0
35863.72824506835,2555.0
56697.0973345684,2555.0
56697.0973345684,2429.0
57977.05023468008,2429.0
57977.05023468008,2555.0
58680.42255279144,2555.0
58680.42255279144,2429.0
58980.42255279144,2429.0
58980.42255279144,2555.0
79380.42255279144,2555.0
79380.42255279144,2429.0
79680.42255279144,2429.0
79680.42255279144,2555.0
80280.42255279144,2555.0
80280.42255279144,2667.0
85366.8982408941,2667.0
85366.8982408941,2234.0
86400.0,2234.0
# temp #7325
0.0,2234.0
7685.594167700039,2234.0
7685.594167700039,2667.0
9170.018158620225,2667.0
9170.018158620225,2555.0
10566.764668235557,2555.0
10566.764668235557,2667.0
41152.42147715764,2667.0
41152.42147715764,2555.0
41452.42147715764,2555.0
41452.42147715764,2667.0
42352.08329006565,2667.0
42352.08329006565,2555.0
42952.08329006565,2555.0
42952.08329006565,2667.0
69411.62350417582,2667.0
69411.62350417582,2555.0
86400.000002,2555.0
# temp #7326
0.0,2234.0
5365.549983107486,2234.0
5365.549983107486,2667.0
28836.983872018758,2667.0
28836.983872018758,2555.0
29624.126975052062,2555.0
29624.126975052062,2667.0
45566.59611719661,2667.0
45566.59611719661,2555.0
45866.59611719661,2555.0
45866.59611719661,2667.0
46166.59611719661,2667.0
46166.59611719661,2555.0
49466.59611719661,2555.0
49466.59611719661,2667.0
74966.5961171966,2667.0
74966.5961171966,2883.0
86400.0,2883.0
# temp #7327
0.0,2234.0
81142.09369404709,2234.0
81142.09369404709,2555.0
86400.0,2555.0
# temp #7328
0.0,2234.0
6370.764417992906,2234.0
6370.764417992906,2667.0
15156.836027791727,2667.0
15156.836027791727,2555.0
15566.920957015831,2555.0
15566.920957015831,2667.0
26173.472500825308,2667.0
26173.472500825308,2555.0
26473.472500825308,2555.0
26473.472500825308,2429.0
49198.338772868745,2429.0
49198.338772868745,2883.0
64114.97795549222,2883.0
64114.97795549222,2667.0
86400.0,2667.0
# temp #7329
0.0,2234.0
21168.709781882357,2234.0
21168.709781882357,2555.0
23724.985971674327,2555.0
23724.985971674327,2667.0
30024.985971674327,2667.0
30024.985971674327,2555.0
31224.985971674327,2555.0
31224.985971674327,2429.0
74424.98597167432,2429.0
74424.98597167432,2234.0
86400.0,2234.0
# temp #7330
0.0,2234.0
40338.72885745951,2234.0
40338.72885745951,2429.0
40638.72885745951,2429.0
40638.72885745951,2234.0
60470.21680022591,2234.0
60470.21680022591,2667.0
86400.0,2667.0
# temp #7331
0.0,2234.0
7374.909795122222,2234.0
7374.909795122222,2555.0
9120.572693855504,2555.0
9120.572693855504,2667.0
9534.017141908409,2667.0
9534.017141908409,2555.0
9834.017141908409,2555.0
9834.017141908409,2667.0
13434.017141908409,2667.0
13434.017141908409,2555.0
14934.017141908409,2555.0
14934.017141908409,2429.0
28247.882384969857,2429.0
28247.882384969857,2234.0
30283.771424344744,2234.0
30283.771424344744,2667.0
65166.090121096946,2667.0
65166.090121096946,2883.0
73421.53834118509,2883.0
73421.53834118509,2429.0
86400.000002,2429.0
# temp #7332
0.0,2234.0
40377.2290108027,2234.0
40377.2290108027,2429.0
40737.87761831191,2429.0
40737.87761831191,2555.0
44584.45896150079,2555.0
44584.45896150079,2429.0
48765.83696447779,2429.0
48765.83696447779,2234.0
79096.18785590866,2234.0
79096.18785590866,2429.0
86400.0,2429.0
# temp #7333
0.0,2234.0
2030.7566759409385,2234.0
2030.7566759409385,2429.0
2419.006553920917,2429.0
2419.006553920917,2555.0
3457.652351888828,2555.0
3457.652351888828,2429.0
4577.797819767147,2429.0
4577.797819767147,2234.0
12021.466322382914,2234.0
12021.466322382914,2429.0
46423.158530169174,2429.0
46423.158530169174,2555.0
49406.15669453983,2555.0
49406.15669453983,2667.0
56360.36835189444,2667.0
56360.36835189444,2555.0
62278.711215569645,2555.0
62278.711215569645,2667.0
86400.0,2667.0
# temp #7334
0.0,2234.0
21663.4020292433,2234.0
21663.4020292433,2555.0
59971.44232469147,2555.0
59971.44232469147,2429.0
60570.57517447976,2429.0
60570.57517447976,2555.0
84228.94606534393,2555.0
84228.94606534393,2429.0
85420.0098465197,2429.0
85420.0098465197,2555.0
86330.58915836738,2555.0
86330.58915836738,2429.0
86400.000002,2429.0
# temp #7335
0.0,2234.0
39592.740014009185,2234.0
39592.740014009185,2017.0
86400.000002,2017.0
# temp #7336
0.0,2234.0
35913.295236602426,2234.0
35913.295236602426,2555.0
63602.18329781202,2555.0
63602.18329781202,2429.0
66934.49814193884,2429.0
66934.49814193884,2555.0
77725.29990922195,2555.0
77725.29990922195,2429.0
79434.40298032948,2429.0
79434.40298032948,2555.0
86400.000002,2555.0
# temp #7337
0.0,2234.0
73586.0228757374,2234.0
73586.0228757374,2555.0
84231.83081187308,2555.0
84231.83081187308,2234.0
86400.000002,2234.0
# temp #7338
0.0,2234.0
11818.763676239178,2234.0
11818.763676239178,2429.0
18718.763676239178,2429.0
18718.763676239178,2555.0
20518.763676239178,2555.0
20518.763676239178,2429.0
33418.76367623918,2429.0
33418.76367623918,2234.0
33718.76367623918,2234.0
33718.76367623918,2017.0
34018.76367623918,2017.0
34018.76367623918,2234.0
34318.76367623918,2234.0
34318.76367623918,2017.0
40789.20307341032,2017.0
40789.20307341032,2234.0
54717.15475511737,2234.0
54717.15475511737,2667.0
73028.91504450236,2667.0
73028.91504450236,2555.0
85393.1528250687,2555.0
85393.1528250687,2429.0
86400.000002,2429.0
# temp #7339
0.0,2234.0
16242.145554232413,2234.0
16242.145554232413,2429.0
23142.14555423241,2429.0
23142.14555423241,2555.0
24942.14555423241,2555.0
24942.14555423241,2429.0
37842.14555423241,2429.0
37842.14555423241,2234.0
38142.14555423241,2234.0
38142.14555423241,2017.0
38442.14555423241,2017.0
38442.14555423241,2234.0
38742.14555423241,2234.0
38742.14555423241,2017.0
42544.26675501745,2017.0
42544.26675501745,2234.0
47020.27465382125,2234.0
47020.27465382125,2667.0
73292.01391625684,2667.0
73292.01391625684,2555.0
86400.0,2555.0
# temp #7340
0.0,2234.0
75485.75990935789,2234.0
75485.75990935789,2555.0
77492.57209911013,2555.0
77492.57209911013,2667.0
78075.4993011011,2667.0
78075.4993011011,2555.0
78375.4993011011,2555.0
78375.4993011011,2667.0
86400.0,2667.0
# temp #7341
0.0,2234.0
42715.9658511635,2234.0
42715.9658511635,2555.0
67598.92104626635,2555.0
67598.92104626635,2429.0
75481.54161111453,2429.0
75481.54161111453,2234.0
78549.77870425211,2234.0
78549.77870425211,2429.0
86400.000002,2429.0
# temp #7342
0.0,2234.0
31953.540086187426,2234.0
31953.540086187426,2555.0
42919.89090023563,2555.0
42919.89090023563,2429.0
43489.09449751955,2429.0
43489.09449751955,2555.0
65856.3511142973,2555.0
65856.3511142973,2429.0
66174.94131429122,2429.0
66174.94131429122,2234.0
76961.88545348124,2234.0
76961.88545348124,2667.0
86400.0,2667.0
# temp #7343
0.0,2234.0
58316.06198090595,2234.0
58316.06198090595,2555.0
85800.1832706621,2555.0
85800.1832706621,2429.0
86316.3876942359,2429.0
86316.3876942359,2555.0
86400.000002,2555.0
# temp #7344
0.0,2234.0
80391.35604940822,2234.0
80391.35604940822,2555.0
86400.000002,2555.0
# temp #7345
0.0,2234.0
8677.386664599182,2234.0
8677.386664599182,2667.0
29654.007603437647,2667.0
29654.007603437647,2555.0
30708.312383224264,2555.0
30708.312383224264,2667.0
31648.8561726641,2667.0
31648.8561726641,2555.0
31948.8561726641,2555.0
31948.8561726641,2667.0
32586.147483950488,2667.0
32586.147483950488,2555.0
33186.14748395049,2555.0
33186.14748395049,2667.0
53573.25525186026,2667.0
53573.25525186026,2883.0
81848.51757560392,2883.0
81848.51757560392,2429.0
86400.0,2429.0
# temp #7346
0.0,2234.0
46064.35112063774,2234.0
46064.35112063774,2555.0
76492.6583481487,2555.0
76492.6583481487,2429.0
76847.81383008232,2429.0
76847.81383008232,2555.0
79021.13142823802,2555.0
79021.13142823802,2429.0
80111.14158045968,2429.0
80111.14158045968,2234.0
86400.0,2234.0
# temp #7347
0.0,2234.0
3383.918648748659,2234.0
3383.918648748659,2555.0
35771.50231890847,2555.0
35771.50231890847,2429.0
36317.7917665802,2429.0
36317.7917665802,2555.0
60402.06174294,2555.0
60402.06174294,2429.0
61432.55538095256,2429.0
61432.55538095256,2555.0
62728.92177274918,2555.0
62728.92177274918,2429.0
86400.0,2429.0
# temp #7348
0.0,2234.0
82819.37853929123,2234.0
82819.37853929123,2555.0
84771.37356719469,2555.0
84771.37356719469,2429.0
85206.19642634412,2429.0
85206.19642634412,2555.0
86400.000002,2555.0
# temp #7349
0.0,2234.0
34104.956699511975,2234.0
34104.956699511975,2429.0
34526.32046132349,2429.0
34526.32046132349,2555.0
38262.259596353404,2555.0
38262.259596353404,2429.0
39516.52856098954,2429.0
39516.52856098954,2234.0
58973.88714021073,2234.0
58973.88714021073,2429.0
73666.26211507247,2429.0
73666.26211507247,2883.0
86400.0,2883.0
# temp #7350
0.0,2234.0
19511.1010091845,2234.0
19511.1010091845,2017.0
53536.25207073057,2017.0
53536.25207073057,2234.0
55730.60290929863,2234.0
55730.60290929863,2017.0
86400.000002,2017.0
# temp #7351
0.0,2234.0
7673.219085833991,2234.0
7673.219085833991,2667.0
18976.654550526295,2667.0
18976.654550526295,2555.0
19845.84590038285,2555.0
19845.84590038285,2667.0
21851.7731016269,2667.0
21851.7731016269,2555.0
22151.7731016269,2555.0
22151.7731016269,2667.0
22451.7731016269,2667.0
22451.7731016269,2555.0
25751.7731016269,2555.0
25751.7731016269,2667.0
51251.773101626895,2667.0
51251.773101626895,2883.0
86400.0,2883.0
# temp #7352
0.0,2234.0
4141.8355020694435,2234.0
4141.8355020694435,2883.0
5535.172764700837,2883.0
5535.172764700837,2667.0
11693.174360878766,2667.0
11693.174360878766,2883.0
23738.41268231627,2883.0
23738.41268231627,2429.0
42841.69267800172,2429.0
42841.69267800172,2555.0
53332.726137642756,2555.0
53332.726137642756,2667.0
71881.53861688917,2667.0
71881.53861688917,2555.0
86400.0,2555.0
# temp #7353
0.0,2234.0
23796.392887900587,2234.0
23796.392887900587,2429.0
24096.392887900587,2429.0
24096.392887900587,2234.0
35973.88291682583,2234.0
35973.88291682583,2667.0
38965.164013579495,2667.0
38965.164013579495,2234.0
53649.18013648131,2234.0
53649.18013648131,2429.0
56188.923933869235,2429.0
56188.923933869235,2883.0
86400.000002,2883.0
# temp #7354
0.0,2234.0
78483.75777946787,2234.0
78483.75777946787,2555.0
86400.000002,2555.0
# temp #7355
0.0,2234.0
47766.71462010127,2234.0
47766.71462010127,2555.0
49606.266516912736,2555.0
49606.266516912736,2667.0
59506.266516912736,2667.0
59506.266516912736,2555.0
60297.45434420184,2555.0
60297.45434420184,2429.0
67403.86276880746,2429.0
67403.86276880746,2555.0
86400.0,2555.0
# temp #7356
0.0,2234.0
54038.130607455976,2234.0
54038.130607455976,2555.0
56345.815979596235,2555.0
56345.815979596235,2667.0
56942.27176643909,2667.0
56942.27176643909,2555.0
57242.27176643909,2555.0
57242.27176643909,2667.0
60842.27176643909,2667.0
60842.27176643909,2555.0
62342.27176643909,2555.0
62342.27176643909,2429.0
75061.82101580781,2429.0
75061.82101580781,2234.0
86400.000002,2234.0
# temp #7357
0.0,2234.0
32504.749870346866,2234.0
32504.749870346866,2017.0
80941.63137548605,2017.0
80941.63137548605,2234.0
86400.0,2234.0
# temp #7358
0.0,2234.0
16006.195710576143,2234.0
16006.195710576143,2883.0
17071.655298373666,2883.0
17071.655298373666,2667.0
24446.061588102024,2667.0
24446.061588102024,2883.0
28700.814907089814,2883.0
28700.814907089814,2667.0
63197.25143895486,2667.0
63197.25143895486,2555.0
79513.56562699658,2555.0
79513.56562699658,2429.0
86400.0,2429.0
# temp #7359
0.0,2234.0
31573.034534999173,2234.0
31573.034534999173,2429.0
32164.05857135542,2429.0
32164.05857135542,2555.0
34632.10336086341,2555.0
34632.10336086341,2429.0
47922.42577553262,2429.0
47922.42577553262,2555.0
61454.25111155492,2555.0
61454.25111155492,2429.0
74566.78787511775,2429.0
74566.78787511775,2234.0
84234.85017581844,2234.0
84234.85017581844,2667.0
86400.0,2667.0
# temp #7360
0.0,2234.0
21584.621993545446,2234.0
21584.621993545446,2017.0
66455.01824598761,2017.0
66455.01824598761,2234.0
86400.000002,2234.0
# temp #7361
0.0,2234.0
13618.413308355957,2234.0
13618.413308355957,2429.0
14218.413308355957,2429.0
14218.413308355957,2555.0
17309.834122750908,2555.0
17309.834122750908,2429.0
37624.71900230739,2429.0
37624.71900230739,2234.0
72840.86356605405,2234.0
72840.86356605405,2429.0
86400.000002,2429.0
# temp #7362
0.0,2234.0
31835.43358251918,2234.0
31835.43358251918,2883.0
34235.43358251918,2883.0
34235.43358251918,2667.0
52307.966851838864,2667.0
52307.966851838864,2555.0
60553.94362409134,2555.0
60553.94362409134,2429.0
69039.21529767103,2429.0
69039.21529767103,2555.0
75006.43287249842,2555.0
75006.43287249842,2667.0
86400.000002,2667.0
# temp #7363
0.0,2234.0
31267.119268770333,2234.0
31267.119268770333,2555.0
69649.80892029127,2555.0
69649.80892029127,2429.0
70231.88355707099,2429.0
70231.88355707099,2555.0
75162.11753832178,2555.0
75162.11753832178,2429.0
76324.2248545401,2429.0
76324.2248545401,2555.0
77497.27413682269,2555.0
77497.27413682269,2429.0
86400.0,2429.0
# temp #7364
0.0,2234.0
16982.3575651506,2234.0
16982.3575651506,2883.0
17375.40128154215,2883.0
17375.40128154215,2667.0
19397.214671107944,2667.0
19397.214671107944,2883.0
22230.35214019474,2883.0
22230.35214019474,2667.0
32113.134577777244,2667.0
32113.134577777244,2555.0
43075.860614329584,2555.0
43075.860614329584,2667.0
48582.08579979838,2667.0
48582.08579979838,2555.0
56954.198366403594,2555.0
56954.198366403594,2667.0
86400.0,2667.0
# temp #7365
0.0,2234.0
14130.646610353144,2234.0
14130.646610353144,2555.0
16713.336626789536,2555.0
16713.336626789536,2667.0
17022.82535489649,2667.0
17022.82535489649,2555.0
23022.825354896486,2555.0
23022.825354896486,2429.0
25422.825354896486,2429.0
25422.825354896486,2234.0
29022.825354896486,2234.0
29022.825354896486,2429.0
30222.825354896486,2429.0
30222.825354896486,2234.0
35922.825354896486,2234.0
35922.825354896486,2429.0
36913.65365772508,2429.0
36913.65365772508,2555.0
42593.58125491999,2555.0
42593.58125491999,2667.0
78200.93752986286,2667.0
78200.93752986286,2555.0
86400.0,2555.0
# temp #7366
0.0,2234.0
35984.7924650414,2234.0
35984.7924650414,2429.0
36386.03241294623,2429.0
36386.03241294623,2234.0
37247.68105619588,2234.0
37247.68105619588,2429.0
41835.812510736294,2429.0
41835.812510736294,2234.0
49230.191603628926,2234.0
49230.191603628926,2429.0
50334.72300949507,2429.0
50334.72300949507,2555.0
50966.32741712966,2555.0
50966.32741712966,2429.0
51266.32741712966,2429.0
51266.32741712966,2555.0
52766.32741712966,2555.0
52766.32741712966,2429.0
62966.32741712966,2429.0
62966.32741712966,2234.0
86400.0,2234.0
# temp #7367
0.0,2234.0
24426.365664345216,2234.0
24426.365664345216,2429.0
24931.646381411705,2429.0
24931.646381411705,2234.0
25696.105408994485,2234.0
25696.105408994485,2429.0
28843.258313555274,2429.0
28843.258313555274,2234.0
36041.42657797784,2234.0
36041.42657797784,2429.0
37513.03652850912,2429.0
37513.03652850912,2555.0
38254.209824558355,2555.0
38254.209824558355,2429.0
86400.000002,2429.0
# temp #7368
0.0,2234.0
83246.60228881986,2234.0
83246.60228881986,2555.0
86400.0,2555.0
# temp #7369
0.0,2234.0
27517.72932345048,2234.0
27517.72932345048,2429.0
28004.126702249054,2429.0
28004.126702249054,2234.0
28740.92971393839,2234.0
28740.92971393839,2429.0
31639.900789735842,2429.0
31639.900789735842,2234.0
45793.305853335194,2234.0
45793.305853335194,2429.0
46660.68596248516,2429.0
46660.68596248516,2234.0
67879.44791635966,2234.0
67879.44791635966,2429.0
85894.47135699449,2429.0
85894.47135699449,2555.0
86400.000002,2555.0
# temp #7370
0.0,2234.0
13296.60412129015,2234.0
13296.60412129015,2883.0
13959.284680453131,2883.0
13959.284680453131,2667.0
17881.720634736124,2667.0
17881.720634736124,2883.0
23739.369720965627,2883.0
23739.369720965627,2667.0
41187.97599258833,2667.0
41187.97599258833,2555.0
52768.958484241746,2555.0
52768.958484241746,2667.0
79190.49410428853,2667.0
79190.49410428853,2234.0
86400.0,2234.0
# temp #7371
0.0,2234.0
6117.095968639479,2234.0
6117.095968639479,2883.0
7823.546888446436,2883.0
7823.546888446436,2667.0
12079.757697391324,2667.0
12079.757697391324,2883.0
36490.523071959615,2883.0
36490.523071959615,2429.0
52795.82814441529,2429.0
52795.82814441529,2234.0
75415.10870957281,2234.0
75415.10870957281,2429.0
77701.4923840994,2429.0
77701.4923840994,2667.0
86400.0,2667.0
# temp #7372
0.0,2234.0
24664.18423270807,2234.0
24664.18423270807,2429.0
31564.18423270807,2429.0
31564.18423270807,2555.0
33364.18423270807,2555.0
33364.18423270807,2429.0
46264.18423270807,2429.0
46264.18423270807,2234.0
46564.18423270807,2234.0
46564.18423270807,2017.0
46864.18423270807,2017.0
46864.18423270807,2234.0
47164.18423270807,2234.0
47164.18423270807,2017.0
56946.8978437828,2017.0
56946.8978437828,2234.0
84029.38663512468,2234.0
84029.38663512468,2429.0
86400.0,2429.0
# temp #7373
0.0,2234.0
5278.303021215835,2234.0
5278.303021215835,2667.0
48763.586270925596,2667.0
48763.586270925596,2555.0
49557.97149587889,2555.0
49557.97149587889,2667.0
65333.46036386212,2667.0
65333.46036386212,2555.0
65633.46036386212,2555.0
65633.46036386212,2667.0
66264.87576384099,2667.0
66264.87576384099,2555.0
66864.87576384099,2555.0
66864.87576384099,2667.0
86400.0,2667.0
# temp #7374
0.0,2234.0
2811.665928899311,2234.0
2811.665928899311,2667.0
4194.285970903003,2667.0
4194.285970903003,2555.0
5050.627972441726,2555.0
5050.627972441726,2429.0
27380.487144389193,2429.0
27380.487144389193,2555.0
35208.50990402979,2555.0
35208.50990402979,2429.0
48609.66152963229,2429.0
48609.66152963229,2555.0
67123.30020354131,2555.0
67123.30020354131,2429.0
75714.2474516295,2429.0
75714.2474516295,2234.0
86400.000002,2234.0
# temp #7375
0.0,2234.0
23358.852198533717,2234.0
23358.852198533717,2429.0
30258.852198533717,2429.0
30258.852198533717,2555.0
32058.852198533717,2555.0
32058.852198533717,2429.0
44958.852198533714,2429.0
44958.852198533714,2234.0
45258.852198533714,2234.0
45258.852198533714,2017.0
45558.852198533714,2017.0
45558.852198533714,2234.0
45858.852198533714,2234.0
45858.852198533714,2017.0
47908.77208288293,2017.0
47908.77208288293,2234.0
49864.18032457587,2234.0
49864.18032457587,2667.0
52718.99671400898,2667.0
52718.99671400898,2555.0
70467.34977797605,2555.0
70467.34977797605,2667.0
82545.28351742776,2667.0
82545.28351742776,2555.0
86156.88704783098,2555.0
86156.88704783098,2667.0
86400.0,2667.0
# temp #7376
0.0,2234.0
77809.09828122241,2234.0
77809.09828122241,2555.0
86400.0,2555.0
# temp #7377
0.0,2234.0
9615.837431140244,2234.0
9615.837431140244,2429.0
10215.837431140244,2429.0
10215.837431140244,2555.0
11478.2102169469,2555.0
11478.2102169469,2429.0
36139.925010711886,2429.0
36139.925010711886,2555.0
44959.236462204724,2555.0
44959.236462204724,2429.0
50850.8199131582,2429.0
50850.8199131582,2555.0
65405.9467366431,2555.0
65405.9467366431,2667.0
86400.000002,2667.0
# temp #7378
0.0,2234.0
1452.4368484737354,2234.0
1452.4368484737354,2555.0
21624.90641965997,2555.0
21624.90641965997,2429.0
21952.097040019,2429.0
21952.097040019,2555.0
31782.425448484726,2555.0
31782.425448484726,2429.0
32246.24270768837,2429.0
32246.24270768837,2234.0
40902.56825778634,2234.0
40902.56825778634,2667.0
48088.7569408631,2667.0
48088.7569408631,2234.0
65268.0386709748,2234.0
65268.0386709748,2667.0
69205.68506999408,2667.0
69205.68506999408,2234.0
72144.86459840556,2234.0
72144.86459840556,2667.0
86400.000002,2667.0
# temp #7379
0.0,2234.0
2193.112992402166,2234.0
2193.112992402166,2883.0
3160.906043392606,2883.0
3160.906043392606,2667.0
6611.651216028258,2667.0
6611.651216028258,2883.0
39620.021335990175,2883.0
39620.021335990175,2429.0
60578.117973217755,2429.0
60578.117973217755,2555.0
65583.77298661509,2555.0
65583.77298661509,2667.0
65961.86477201992,2667.0
65961.86477201992,2883.0
68876.4375873143,2883.0
68876.4375873143,2429.0
69233.75203446487,2429.0
69233.75203446487,2555.0
69881.03886230385,2555.0
69881.03886230385,2429.0
86400.000002,2429.0
# temp #7380
0.0,2234.0
37307.41223262158,2234.0
37307.41223262158,2555.0
61957.124294783,2555.0
61957.124294783,2429.0
62435.80899287482,2429.0
62435.80899287482,2555.0
82574.75280929358,2555.0
82574.75280929358,2429.0
83379.6495538205,2429.0
83379.6495538205,2555.0
84627.13281512262,2555.0
84627.13281512262,2429.0
84927.13281512262,2429.0
84927.13281512262,2555.0
85227.13281512262,2555.0
85227.13281512262,2429.0
85827.13281512262,2429.0
85827.13281512262,2555.0
86400.000002,2555.0
# temp #7381
0.0,2234.0
38794.58802337759,2234.0
38794.58802337759,2017.0
70123.75179980883,2017.0
70123.75179980883,2234.0
86400.000002,2234.0
# temp #7382
0.0,2234.0
4570.441970438696,2234.0
4570.441970438696,2883.0
5046.4870321098715,2883.0
5046.4870321098715,2667.0
10527.704036305659,2667.0
10527.704036305659,2883.0
35457.455789577216,2883.0
35457.455789577216,2429.0
52518.311996106066,2429.0
52518.311996106066,2234.0
56233.580371644355,2234.0
56233.580371644355,2667.0
77453.63092739136,2667.0
77453.63092739136,2555.0
86400.000002,2555.0
# temp #7383
0.0,2234.0
8543.65925928578,2234.0
8543.65925928578,2667.0
28043.888672464534,2667.0
28043.888672464534,2555.0
29192.539947037592,2555.0
29192.539947037592,2667.0
39374.326117476456,2667.0
39374.326117476456,2555.0
39674.326117476456,2555.0
39674.326117476456,2667.0
39974.326117476456,2667.0
39974.326117476456,2555.0
43274.326117476456,2555.0
43274.326117476456,2667.0
68774.32611747645,2667.0
68774.32611747645,2883.0
86400.0,2883.0
# temp #7384
0.0,2234.0
39141.306609381,2234.0
39141.306609381,2017.0
86400.0,2017.0
# temp #7385
0.0,2234.0
4480.1125426311055,2234.0
4480.1125426311055,2667.0
32308.083120267842,2667.0
32308.083120267842,2555.0
32659.10821957514,2555.0
32659.10821957514,2667.0
61808.433448662996,2667.0
61808.433448662996,2555.0
62108.433448662996,2555.0
62108.433448662996,2667.0
62408.433448662996,2667.0
62408.433448662996,2555.0
65708.433448663,2555.0
65708.433448663,2667.0
86400.000002,2667.0
# temp #7386
0.0,2234.0
27536.577153601687,2234.0
27536.577153601687,2555.0
56187.460230267614,2555.0
56187.460230267614,2429.0
56635.84595653229,2429.0
56635.84595653229,2555.0
76873.9588337252,2555.0
76873.9588337252,2429.0
77885.32463677695,2429.0
77885.32463677695,2234.0
86400.000002,2234.0
# temp #7387
0.0,2234.0
73175.11234993581,2234.0
73175.11234993581,2555.0
86400.0,2555.0
# temp #7388
0.0,2234.0
24257.912690355446,2234.0
24257.912690355446,2555.0
42364.236696646556,2555.0
42364.236696646556,2429.0
42910.59791750741,2429.0
42910.59791750741,2555.0
48260.43174827938,2555.0
48260.43174827938,2429.0
49448.85577254464,2429.0
49448.85577254464,2234.0
52832.776237581864,2234.0
52832.776237581864,2667.0
77192.20393281431,2667.0
77192.20393281431,2555.0
86400.0,2555.0
# temp #7389
0.0,2234.0
14759.275823179634,2234.0
14759.275823179634,2017.0
71089.77881167084,2017.0
71089.77881167084,2234.0
86400.0,2234.0
# temp #7390
0.0,2234.0
6708.976009511391,2234.0
6708.976009511391,2667.0
18978.250265610408,2667.0
18978.250265610408,2555.0
19492.11837903131,2555.0
19492.11837903131,2667.0
25190.066718170423,2667.0
25190.066718170423,2555.0
25490.066718170423,2555.0
25490.066718170423,2667.0
26385.011017159562,2667.0
26385.011017159562,2555.0
26985.011017159562,2555.0
26985.011017159562,2667.0
47246.74485528377,2667.0
47246.74485528377,2555.0
62885.884588561035,2555.0
62885.884588561035,2667.0
69919.82711297461,2667.0
69919.82711297461,2555.0
74364.5743370522,2555.0
74364.5743370522,2429.0
86400.0,2429.0
# temp #7391
0.0,2234.0
45934.63018743788,2234.0
45934.63018743788,2555.0
67711.50244718885,2555.0
67711.50244718885,2429.0
68176.13505916671,2429.0
68176.13505916671,2555.0
84799.33423816694,2555.0
84799.33423816694,2429.0
85296.05517983438,2429.0
85296.05517983438,2234.0
86400.0,2234.0
# temp #7392
0.0,2234.0
71210.79561088701,2234.0
71210.79561088701,2555.0
75642.6576020429,2555.0
75642.6576020429,2667.0
85542.6576020429,2667.0
85542.6576020429,2555.0
86400.000002,2555.0
# temp #7393
0.0,2234.0
23375.06555935834,2234.0
23375.06555935834,2555.0
33547.16639060062,2555.0
33547.16639060062,2429.0
33913.35508225021,2429.0
33913.35508225021,2555.0
54616.3491697982,2555.0
54616.3491697982,2429.0
55289.05123570003,2429.0
55289.05123570003,2234.0
61791.11540804152,2234.0
61791.11540804152,2429.0
65339.97492317577,2429.0
65339.97492317577,2555.0
66082.10651606787,2555.0
66082.10651606787,2667.0
86400.0,2667.0
# temp #7394
0.0,2234.0
79099.72647882534,2234.0
79099.72647882534,2555.0
86400.000002,2555.0
# temp #7395
0.0,2234.0
13030.855518020691,2234.0
13030.855518020691,2883.0
14805.648746341469,2883.0
14805.648746341469,2667.0
26865.973146376204,2667.0
26865.973146376204,2883.0
34163.38645017241,2883.0
34163.38645017241,2667.0
63741.700568469256,2667.0
63741.700568469256,2555.0
76087.43182579057,2555.0
76087.43182579057,2429.0
78245.52861289123,2429.0
78245.52861289123,2555.0
79568.44122405165,2555.0
79568.44122405165,2667.0
86400.0,2667.0
# temp #7396
0.0,2234.0
3679.0083728497857,2234.0
3679.0083728497857,2667.0
16082.099004532214,2667.0
16082.099004532214,2555.0
17122.74977525231,2555.0
17122.74977525231,2667.0
37208.36366177537,2667.0
37208.36366177537,2555.0
40208.36366177537,2555.0
40208.36366177537,2667.0
66308.36366177537,2667.0
66308.36366177537,2883.0
86400.000002,2883.0
# temp #7397
0.0,2234.0
8203.238139068708,2234.0
8203.238139068708,2555.0
10448.90280815307,2555.0
10448.90280815307,2667.0
11037.512767198496,2667.0
11037.512767198496,2555.0
17037.512767198496,2555.0
17037.512767198496,2429.0
19437.512767198496,2429.0
19437.512767198496,2234.0
23037.512767198496,2234.0
23037.512767198496,2429.0
24237.512767198496,2429.0
24237.512767198496,2234.0
29937.512767198496,2234.0
29937.512767198496,2429.0
64096.237207227394,2429.0
64096.237207227394,2555.0
75911.71750577634,2555.0
75911.71750577634,2429.0
86400.0,2429.0
# temp #7398
0.0,2234.0
6911.96511166636,2234.0
6911.96511166636,2555.0
9377.556067309344,2555.0
9377.556067309344,2429.0
37419.408734492026,2429.0
37419.408734492026,2234.0
42639.02058613022,2234.0
42639.02058613022,2429.0
48439.959079655826,2429.0
48439.959079655826,2234.0
63824.96733802837,2234.0
63824.96733802837,2667.0
68696.90980247689,2667.0
68696.90980247689,2883.0
75189.71597242636,2883.0
75189.71597242636,2667.0
79061.00989978296,2667.0
79061.00989978296,2883.0
80613.6788543081,2883.0
80613.6788543081,2667.0
86400.0,2667.0
# temp #7399
0.0,2234.0
32729.069340764552,2234.0
32729.069340764552,2555.0
51167.29377417361,2555.0
51167.29377417361,2429.0
51592.00740417001,2429.0
51592.00740417001,2555.0
60523.877110937625,2555.0
60523.877110937625,2429.0
61173.60255620444,2429.0
61173.60255620444,2555.0
61928.1038678717,2555.0
61928.1038678717,2429.0
62228.1038678717,2429.0
62228.1038678717,2555.0
82628.1038678717,2555.0
82628.1038678717,2429.0
82928.1038678717,2429.0
82928.1038678717,2555.0
83528.1038678717,2555.0
83528.1038678717,2667.0
86400.0,2667.0
# temp #7400
0.0,2234.0
1614.6670409012588,2234.0
1614.6670409012588,2667.0
15491.806625621395,2667.0
15491.806625621395,2555.0
16264.26353515126,2555.0
16264.26353515126,2429.0
30291.791132697836,2429.0
30291.791132697836,2883.0
39313.78149236553,2883.0
39313.78149236553,2667.0
57433.76620248892,2667.0
57433.76620248892,2555.0
86400.0,2555.0
# temp #7401
0.0,2234.0
2290.530706127174,2234.0
2290.530706127174,2883.0
13390.530706127174,2883.0
13390.530706127174,2555.0
31691.678321035582,2555.0
31691.678321035582,2429.0
40458.768401993446,2429.0
40458.768401993446,2555.0
56941.71035005712,2555.0
56941.71035005712,2429.0
86400.0,2429.0
# temp #7402
0.0,2234.0
5879.712160862983,2234.0
5879.712160862983,2883.0
7015.710358181969,2883.0
7015.710358181969,2667.0
16890.455058636147,2667.0
16890.455058636147,2883.0
35891.634554928176,2883.0
35891.634554928176,2667.0
57213.32923318261,2667.0
57213.32923318261,2555.0
84838.80523319823,2555.0
84838.80523319823,2429.0
86400.000002,2429.0
# temp #7403
0.0,2234.0
64205.77561862301,2234.0
64205.77561862301,2555.0
83690.50841715652,2555.0
83690.50841715652,2234.0
86400.0,2234.0
# temp #7404
0.0,2234.0
32548.22557519656,2234.0
32548.22557519656,2429.0
33128.51852250752,2429.0
33128.51852250752,2555.0
34844.828204414815,2555.0
34844.828204414815,2429.0
65907.74618061261,2429.0
65907.74618061261,2555.0
75263.75176738949,2555.0
75263.75176738949,2429.0
86400.000002,2429.0
# temp #7405
0.0,2234.0
38420.61956324615,2234.0
38420.61956324615,2017.0
40654.02887086385,2017.0
40654.02887086385,2234.0
53154.537564748905,2234.0
53154.537564748905,2017.0
66995.20815848374,2017.0
66995.20815848374,2234.0
77681.85907448643,2234.0
77681.85907448643,2017.0
78286.79643971847,2017.0
78286.79643971847,2234.0
79823.85711818935,2234.0
79823.85711818935,2017.0
86400.0,2017.0
# temp #7406
0.0,2234.0
67368.65536160769,2234.0
67368.65536160769,2555.0
86400.000002,2555.0
# temp #7407
0.0,2234.0
3186.0735751921316,2234.0
3186.0735751921316,2555.0
26859.373430698182,2555.0
26859.373430698182,2429.0
51526.42379903701,2429.0
51526.42379903701,2234.0
59441.48914343678,2234.0
59441.48914343678,2429.0
60623.88985245489,2429.0
60623.88985245489,2234.0
72438.00029943233,2234.0
72438.00029943233,2429.0
77001.69702556451,2429.0
77001.69702556451,2234.0
81966.22717820575,2234.0
81966.22717820575,2667.0
84814.73762809766,2667.0
84814.73762809766,2555.0
86400.0,2555.0
# temp #7408
0.0,2234.0
1390.7860981067645,2234.0
1390.7860981067645,2667.0
38204.866084875546,2667.0
38204.866084875546,2555.0
39099.52811063268,2555.0
39099.52811063268,2667.0
62531.77588835826,2667.0
62531.77588835826,2555.0
62831.77588835826,2555.0
62831.77588835826,2667.0
63131.77588835826,2667.0
63131.77588835826,2555.0
66431.77588835826,2555.0
66431.77588835826,2667.0
86400.000002,2667.0
# temp #7409
0.0,2234.0
45763.76005564817,2234.0
45763.76005564817,2555.0
83805.67118707114,2555.0
83805.67118707114,2429.0
84258.04893868045,2429.0
84258.04893868045,2555.0
86400.0,2555.0
# temp #7410
0.0,2234.0
43177.19296077267,2234.0
43177.19296077267,2429.0
43777.19296077267,2429.0
43777.19296077267,2555.0
45277.37620482222,2555.0
45277.37620482222,2429.0
53448.08373721317,2429.0
53448.08373721317,2883.0
77612.22387598829,2883.0
77612.22387598829,2429.0
86400.0,2429.0
# temp #7411
0.0,2234.0
32946.258960315026,2234.0
32946.258960315026,2883.0
35346.258960315026,2883.0
35346.258960315026,2667.0
46728.56582617387,2667.0
46728.56582617387,2555.0
60125.03129392862,2555.0
60125.03129392862,2429.0
74533.88757705688,2429.0
74533.88757705688,2234.0
86400.0,2234.0
# temp #7412
0.0,2234.0
25882.25544104353,2234.0
25882.25544104353,2555.0
26383.691342384558,2555.0
26383.691342384558,2667.0
26874.762995517816,2667.0
26874.762995517816,2555.0
32874.76299551781,2555.0
32874.76299551781,2429.0
35274.76299551781,2429.0
35274.76299551781,2234.0
38874.76299551781,2234.0
38874.76299551781,2429.0
40074.76299551781,2429.0
40074.76299551781,2234.0
45774.76299551781,2234.0
45774.76299551781,2429.0
54462.88669018541,2429.0
54462.88669018541,2555.0
55887.52569837962,2555.0
55887.52569837962,2429.0
62108.24623641093,2429.0
62108.24623641093,2555.0
76857.6043189969,2555.0
76857.6043189969,2429.0
79818.32821187565,2429.0
79818.32821187565,2234.0
86400.0,2234.0
# temp #7413
0.0,2234.0
1873.8729863427582,2234.0
1873.8729863427582,2667.0
18991.634588059973,2667.0
18991.634588059973,2555.0
20351.62837787066,2555.0
20351.62837787066,2429.0
29472.741014300853,2429.0
29472.741014300853,2555.0
58170.678871404394,2555.0
58170.678871404394,2429.0
86400.0,2429.0
# temp #7414
0.0,2234.0
11299.911417206751,2234.0
11299.911417206751,2017.0
19604.583163373172,2017.0
19604.583163373172,2234.0
29971.137196104977,2234.0
29971.137196104977,2017.0
70251.21182785371,2017.0
70251.21182785371,2234.0
86400.0,2234.0
# temp #7415
0.0,2234.0
8624.592020362617,2234.0
8624.592020362617,2667.0
42695.675777178265,2667.0
42695.675777178265,2555.0
43980.06281889976,2555.0
43980.06281889976,2667.0
48456.98942723685,2667.0
48456.98942723685,2555.0
51456.98942723685,2555.0
51456.98942723685,2667.0
77556.98942723684,2667.0
77556.98942723684,2883.0
86400.0,2883.0
# temp #7416
0.0,2234.0
11014.22101557255,2234.0
11014.22101557255,2017.0
38566.05914086104,2017.0
38566.05914086104,2234.0
57513.07417145,2234.0
57513.07417145,2017.0
86400.000002,2017.0
# temp #7417
0.0,2234.0
6353.247300186195,2234.0
6353.247300186195,2555.0
8198.004359565677,2555.0
8198.004359565677,2667.0
8564.825637778269,2667.0
8564.825637778269,2555.0
14564.825637778267,2555.0
14564.825637778267,2429.0
16964.825637778267,2429.0
16964.825637778267,2234.0
20564.825637778267,2234.0
20564.825637778267,2429.0
21764.825637778267,2429.0
21764.825637778267,2234.0
27464.825637778267,2234.0
27464.825637778267,2429.0
36966.33933268022,2429.0
36966.33933268022,2555.0
44547.035866859376,2555.0
44547.035866859376,2667.0
54163.57202231885,2667.0
54163.57202231885,2555.0
68524.38688050026,2555.0
68524.38688050026,2429.0
86400.000002,2429.0
# temp #7418
0.0,2234.0
40162.22551167012,2234.0
40162.22551167012,2429.0
40762.22551167012,2429.0
40762.22551167012,2555.0
44626.048050820835,2555.0
44626.048050820835,2429.0
59829.339304380126,2429.0
59829.339304380126,2883.0
80529.91488017143,2883.0
80529.91488017143,2429.0
86400.000002,2429.0
# temp #7419
0.0,2234.0
32207.581054139886,2234.0
32207.581054139886,2017.0
65832.33510833235,2017.0
65832.33510833235,2234.0
86400.0,2234.0
# temp #7420
0.0,2234.0
61261.86581959483,2234.0
61261.86581959483,2555.0
66197.61693994516,2555.0
66197.61693994516,2667.0
66533.66322380026,2667.0
66533.66322380026,2555.0
66833.66322380026,2555.0
66833.66322380026,2667.0
70433.66322380026,2667.0
70433.66322380026,2555.0
71933.66322380026,2555.0
71933.66322380026,2429.0
79527.9751412105,2429.0
79527.9751412105,2234.0
86400.0,2234.0
# temp #7421
0.0,2234.0
42785.61790664681,2234.0
42785.61790664681,2555.0
72726.92685504445,2555.0
72726.92685504445,2429.0
73212.67423576211,2429.0
73212.67423576211,2555.0
77988.32051069477,2555.0
77988.32051069477,2429.0
79073.48285992631,2429.0
79073.48285992631,2234.0
86400.000002,2234.0
# temp #7422
0.0,2234.0
5185.558148729616,2234.0
5185.558148729616,2883.0
6064.866313850508,2883.0
6064.866313850508,2667.0
16970.522375986915,2667.0
16970.522375986915,2883.0
43960.213571763605,2883.0
43960.213571763605,2429.0
60339.36909476762,2429.0
60339.36909476762,2555.0
64052.985846181415,2555.0
64052.985846181415,2667.0
71687.97696086114,2667.0
71687.97696086114,2883.0
86400.000002,2883.0
# temp #7423
0.0,2234.0
78206.87413774432,2234.0
78206.87413774432,2555.0
86400.0,2555.0
# temp #7424
0.0,2234.0
12524.165676045233,2234.0
12524.165676045233,2883.0
13170.00865833834,2883.0
13170.00865833834,2667.0
19568.59046753962,2667.0
19568.59046753962,2883.0
33191.97229959536,2883.0
33191.97229959536,2667.0
44714.01543463581,2667.0
44714.01543463581,2555.0
63844.08882858698,2555.0
63844.08882858698,2429.0
86400.0,2429.0
# temp #7425
0.0,2234.0
46052.34720788431,2234.0
46052.34720788431,2429.0
46438.47574086395,2429.0
46438.47574086395,2555.0
50924.77193938103,2555.0
50924.77193938103,2429.0
66316.35497573299,2429.0
66316.35497573299,2234.0
86400.0,2234.0
# temp #7426
0.0,2234.0
14713.739194278609,2234.0
14713.739194278609,2883.0
16032.76502634399,2883.0
16032.76502634399,2667.0
22888.019774551507,2667.0
22888.019774551507,2883.0
54192.77231711896,2883.0
54192.77231711896,2429.0
82988.08914232069,2429.0
82988.08914232069,2234.0
86400.0,2234.0
# temp #7427
0.0,2234.0
17434.522816864777,2234.0
17434.522816864777,2883.0
18786.35125807487,2883.0
18786.35125807487,2667.0
27122.084681619894,2667.0
27122.084681619894,2883.0
42942.678905907094,2883.0
42942.678905907094,2429.0
47648.06370574516,2429.0
47648.06370574516,2555.0
63230.47752461863,2555.0
63230.47752461863,2429.0
63600.12386811433,2429.0
63600.12386811433,2883.0
86400.000002,2883.0
# temp #7428
0.0,2234.0
36509.845559857786,2234.0
36509.845559857786,2555.0
43660.88664717973,2555.0
43660.88664717973,2667.0
65129.57196969074,2667.0
65129.57196969074,2555.0
86400.000002,2555.0
# temp #7429
0.0,2234.0
7931.691180006602,2234.0
7931.691180006602,2555.0
8808.086454612205,2555.0
8808.086454612205,2667.0
9287.509782356212,2667.0
9287.509782356212,2555.0
9587.509782356212,2555.0
9587.509782356212,2667.0
13187.50978235621,2667.0
13187.50978235621,2555.0
14687.50978235621,2555.0
14687.50978235621,2429.0
16730.222209193744,2429.0
16730.222209193744,2234.0
52037.4008596642,2234.0
52037.4008596642,2429.0
63900.31290182379,2429.0
63900.31290182379,2555.0
65726.49051023183,2555.0
65726.49051023183,2667.0
79179.3642598903,2667.0
79179.3642598903,2555.0
86400.0,2555.0
# temp #7430
0.0,2234.0
32595.468515530232,2234.0
32595.468515530232,2429.0
32947.34389968217,2429.0
32947.34389968217,2234.0
33738.48158600741,2234.0
33738.48158600741,2429.0
36831.708931876354,2429.0
36831.708931876354,2234.0
40249.35696199537,2234.0
40249.35696199537,2429.0
40582.73781384342,2429.0
40582.73781384342,2234.0
67147.42727510165,2234.0
67147.42727510165,2429.0
86400.000002,2429.0
# temp #7431
0.0,2234.0
6735.882416227833,2234.0
6735.882416227833,2555.0
20732.36004081555,2555.0
20732.36004081555,2429.0
49057.95440194198,2429.0
49057.95440194198,2234.0
49657.95440194198,2234.0
49657.95440194198,2429.0
52057.95440194198,2429.0
52057.95440194198,2555.0
62257.95440194198,2555.0
62257.95440194198,2667.0
70583.09741886333,2667.0
70583.09741886333,2234.0
86400.0,2234.0
# temp #7432
0.0,2234.0
21460.80710550305,2234.0
21460.80710550305,2555.0
31328.06539807935,2555.0
31328.06539807935,2429.0
31784.143257723197,2429.0
31784.143257723197,2555.0
50770.08395120503,2555.0
50770.08395120503,2429.0
51139.026324916646,2429.0
51139.026324916646,2555.0
51787.32426585631,2555.0
51787.32426585631,2429.0
52087.32426585631,2429.0
52087.32426585631,2555.0
52387.32426585631,2555.0
52387.32426585631,2429.0
52987.32426585631,2429.0
52987.32426585631,2555.0
54001.89546430485,2555.0
54001.89546430485,2429.0
76303.75912855381,2429.0
76303.75912855381,2555.0
86400.000002,2555.0
# temp #7433
0.0,2234.0
25859.197730105374,2234.0
25859.197730105374,2555.0
31195.629599271346,2555.0
31195.629599271346,2667.0
31663.415310974236,2667.0
31663.415310974236,2555.0
31963.415310974236,2555.0
31963.415310974236,2667.0
35563.41531097424,2667.0
35563.41531097424,2555.0
37063.41531097424,2555.0
37063.41531097424,2429.0
44754.74041358103,2429.0
44754.74041358103,2234.0
45727.41680850741,2234.0
45727.41680850741,2429.0
68334.87274541987,2429.0
68334.87274541987,2234.0
86400.0,2234.0
# temp #7434
0.0,2234.0
25337.85069251899,2234.0
25337.85069251899,2555.0
40007.78065973428,2555.0
40007.78065973428,2429.0
42891.25379452017,2429.0
42891.25379452017,2234.0
43191.25379452017,2234.0
43191.25379452017,2017.0
61377.02056718992,2017.0
61377.02056718992,2555.0
86400.000002,2555.0
# temp #7435
0.0,2234.0
8943.16197994631,2234.0
8943.16197994631,2555.0
14317.624535760846,2555.0
14317.624535760846,2429.0
14637.23497046158,2429.0
14637.23497046158,2555.0
30610.44850596227,2555.0
30610.44850596227,2429.0
31393.2588738855,2429.0
31393.2588738855,2555.0
32472.745860507715,2555.0
32472.745860507715,2429.0
86400.000002,2429.0
# temp #7436
0.0,2234.0
58057.1889191866,2234.0
58057.1889191866,2555.0
81780.4172545206,2555.0
81780.4172545206,2429.0
82191.31991746837,2429.0
82191.31991746837,2555.0
86400.000002,2555.0
# temp #7437
0.0,2234.0
4101.527924020776,2234.0
4101.527924020776,2667.0
38459.38834142872,2667.0
38459.38834142872,2555.0
38759.90106188693,2555.0
38759.90106188693,2429.0
63043.38659760544,2429.0
63043.38659760544,2883.0
81946.56431763434,2883.0
81946.56431763434,2667.0
86400.000002,2667.0
# temp #7438
0.0,2234.0
4518.712055683137,2234.0
4518.712055683137,2555.0
40654.75521306508,2555.0
40654.75521306508,2429.0
47052.73839826696,2429.0
47052.73839826696,2234.0
57817.921031336315,2234.0
57817.921031336315,2429.0
65922.67738364173,2429.0
65922.67738364173,2234.0
86400.000002,2234.0
# temp #7439
0.0,2234.0
65087.983369804,2234.0
65087.983369804,2555.0
72965.360265621,2555.0
72965.360265621,2429.0
73522.24566559309,2429.0
73522.24566559309,2555.0
86400.000002,2555.0
# temp #7440
0.0,2234.0
13982.737792795526,2234.0
13982.737792795526,2429.0
14522.076232032852,2429.0
14522.076232032852,2555.0
18257.064870418984,2555.0
18257.064870418984,2429.0
45037.896235194065,2429.0
45037.896235194065,2555.0
63229.742753226325,2555.0
63229.742753226325,2667.0
86400.000002,2667.0
# temp #7441
0.0,2234.0
32152.974213939164,2234.0
32152.974213939164,2429.0
32579.989384347577,2429.0
32579.989384347577,2234.0
33442.165072867654,2234.0
33442.165072867654,2429.0
37183.30738409423,2429.0
37183.30738409423,2234.0
52595.87194451597,2234.0
52595.87194451597,2429.0
52930.71514663753,2429.0
52930.71514663753,2555.0
53293.338209367364,2555.0
53293.338209367364,2429.0
53593.338209367364,2429.0
53593.338209367364,2555.0
53893.338209367364,2555.0
53893.338209367364,2429.0
54493.338209367364,2429.0
54493.338209367364,2555.0
57264.460915303796,2555.0
57264.460915303796,2429.0
86400.000002,2429.0
# temp #7442
0.0,2234.0
8852.459232858384,2234.0
8852.459232858384,2883.0
9495.038137212397,2883.0
9495.038137212397,2667.0
19063.334513199516,2667.0
19063.334513199516,2883.0
40026.04583704379,2883.0
40026.04583704379,2429.0
52318.92308236566,2429.0
52318.92308236566,2234.0
69146.10175173731,2234.0
69146.10175173731,2429.0
74687.7397597069,2429.0
74687.7397597069,2555.0
79013.0955859786,2555.0
79013.0955859786,2429.0
86400.0,2429.0
# temp #7443
0.0,2234.0
62281.55943439342,2234.0
62281.55943439342,2555.0
82679.64289707597,2555.0
82679.64289707597,2234.0
86400.0,2234.0
# temp #7444
0.0,2234.0
40455.16739899759,2234.0
40455.16739899759,2429.0
40755.16739899759,2429.0
40755.16739899759,2234.0
55921.75300859381,2234.0
55921.75300859381,2667.0
72592.3635180574,2667.0
72592.3635180574,2555.0
84841.31249464118,2555.0
84841.31249464118,2667.0
86400.0,2667.0
# temp #7445
0.0,2234.0
74273.88266539203,2234.0
74273.88266539203,2555.0
86400.0,2555.0
# temp #7446
0.0,2234.0
12774.21603470575,2234.0
12774.21603470575,2429.0
19674.21603470575,2429.0
19674.21603470575,2555.0
21474.21603470575,2555.0
21474.21603470575,2429.0
34374.21603470575,2429.0
34374.21603470575,2234.0
34674.21603470575,2234.0
34674.21603470575,2017.0
34974.21603470575,2017.0
34974.21603470575,2234.0
35274.21603470575,2234.0
35274.21603470575,2017.0
43085.0808220217,2017.0
43085.0808220217,2234.0
61706.36920512188,2234.0
61706.36920512188,2667.0
86400.000002,2667.0
# temp #7447
0.0,2234.0
78836.32171908395,2234.0
78836.32171908395,2555.0
79369.00306614117,2555.0
79369.00306614117,2429.0
86400.0,2429.0
# temp #7448
0.0,2234.0
7162.042222847233,2234.0
7162.042222847233,2667.0
9007.863100594843,2667.0
9007.863100594843,2555.0
9571.631339821035,2555.0
9571.631339821035,2667.0
47118.214505421936,2667.0
47118.214505421936,2555.0
47718.214505421936,2555.0
47718.214505421936,2667.0
66555.69667203819,2667.0
66555.69667203819,2555.0
71395.94529813623,2555.0
71395.94529813623,2429.0
86400.0,2429.0
# temp #7449
0.0,2234.0
5169.606495159679,2234.0
5169.606495159679,2429.0
5685.404945374467,2429.0
5685.404945374467,2555.0
10732.841079519132,2555.0
10732.841079519132,2429.0
35998.37642975618,2429.0
35998.37642975618,2555.0
42060.20171034616,2555.0
42060.20171034616,2429.0
52083.67306629663,2429.0
52083.67306629663,2555.0
58065.624963236056,2555.0
58065.624963236056,2667.0
75999.18289238123,2667.0
75999.18289238123,2234.0
86400.000002,2234.0
# temp #7450
0.0,2234.0
54301.87945696526,2234.0
54301.87945696526,2555.0
86400.000002,2555.0
# temp #7451
0.0,2234.0
70649.20677314512,2234.0
70649.20677314512,2555.0
74728.33128520288,2555.0
74728.33128520288,2234.0
83375.72917160578,2234.0
83375.72917160578,2667.0
86400.000002,2667.0
# temp #7452
0.0,2234.0
1761.3814212614673,2234.0
1761.3814212614673,2667.0
45041.682871920064,2667.0
45041.682871920064,2555.0
45743.79580740352,2555.0
45743.79580740352,2667.0
81832.00407335536,2667.0
81832.00407335536,2555.0
82432.00407335536,2555.0
82432.00407335536,2667.0
86400.0,2667.0
# temp #7453
0.0,2234.0
24502.271715318788,2234.0
24502.271715318788,2017.0
32233.050948427994,2017.0
32233.050948427994,2234.0
71481.3684014138,2234.0
71481.3684014138,2017.0
76672.78383281083,2017.0
76672.78383281083,2234.0
86400.0,2234.0
# temp #7454
0.0,2234.0
29762.63586308342,2234.0
29762.63586308342,2429.0
30212.86261940841,2429.0
30212.86261940841,2234.0
30819.245353178125,2234.0
30819.245353178125,2429.0
35154.75561206695,2429.0
35154.75561206695,2234.0
42547.953353868805,2234.0
42547.953353868805,2429.0
43681.00424003788,2429.0
43681.00424003788,2234.0
75029.49281777257,2234.0
75029.49281777257,2429.0
83963.40142996052,2429.0
83963.40142996052,2883.0
86400.000002,2883.0
# temp #7455
0.0,2234.0
24296.348228165883,2234.0
24296.348228165883,2429.0
31196.348228165883,2429.0
31196.348228165883,2555.0
32996.34822816588,2555.0
32996.34822816588,2429.0
45896.34822816588,2429.0
45896.34822816588,2234.0
46196.34822816588,2234.0
46196.34822816588,2017.0
46496.34822816588,2017.0
46496.34822816588,2234.0
46796.34822816588,2234.0
46796.34822816588,2017.0
62620.36704551429,2017.0
62620.36704551429,2234.0
79739.36218433082,2234.0
79739.36218433082,2667.0
86400.000002,2667.0
# temp #7456
0.0,2234.0
72976.27757184675,2234.0
72976.27757184675,2555.0
74661.85309547001,2555.0
74661.85309547001,2667.0
84561.85309547001,2667.0
84561.85309547001,2555.0
86351.39117385262,2555.0
86351.39117385262,2429.0
86400.000002,2429.0
# temp #7457
0.0,2234.0
3901.2724245199943,2234.0
3901.2724245199943,2667.0
39695.13727112208,2667.0
39695.13727112208,2555.0
40180.51679211204,2555.0
40180.51679211204,2667.0
48091.05488711503,2667.0
48091.05488711503,2555.0
48391.05488711503,2555.0
48391.05488711503,2667.0
49160.15967617278,2667.0
49160.15967617278,2555.0
49760.15967617278,2555.0
49760.15967617278,2667.0
57286.48535523099,2667.0
57286.48535523099,2234.0
81469.65394676664,2234.0
81469.65394676664,2429.0
86400.0,2429.0
# temp #7458
0.0,2234.0
59750.64177846071,2234.0
59750.64177846071,2883.0
62150.64177846071,2883.0
62150.64177846071,2667.0
86400.000002,2667.0
# temp #7459
0.0,2234.0
34588.927676109604,2234.0
34588.927676109604,2429.0
35166.152707580484,2429.0
35166.152707580484,2234.0
35896.472216583796,2234.0
35896.472216583796,2429.0
36798.89281117358,2429.0
36798.89281117358,2234.0
53638.57527771035,2234.0
53638.57527771035,2429.0
54137.622913392275,2429.0
54137.622913392275,2555.0
54736.04804263452,2555.0
54736.04804263452,2429.0
86400.000002,2429.0
# temp #7460
0.0,2234.0
69362.57786122152,2234.0
69362.57786122152,2555.0
86400.000002,2555.0
# temp #7461
0.0,2234.0
3529.882542835549,2234.0
3529.882542835549,2667.0
19238.544620526955,2667.0
19238.544620526955,2555.0
20555.635644542057,2555.0
20555.635644542057,2667.0
27584.398845909167,2667.0
27584.398845909167,2555.0
28184.398845909167,2555.0
28184.398845909167,2667.0
48169.121043104686,2667.0
48169.121043104686,2555.0
51036.416716966785,2555.0
51036.416716966785,2429.0
60670.56684501004,2429.0
60670.56684501004,2555.0
84087.7142078709,2555.0
84087.7142078709,2429.0
86400.000002,2429.0
# temp #7462
0.0,2234.0
2819.8403148679063,2234.0
2819.8403148679063,2883.0
4511.161422031,2883.0
4511.161422031,2667.0
13340.917373285629,2667.0
13340.917373285629,2883.0
48483.12971766573,2883.0
48483.12971766573,2429.0
76816.67960111519,2429.0
76816.67960111519,2555.0
81925.34987109249,2555.0
81925.34987109249,2429.0
86400.000002,2429.0
# temp #7463
0.0,2234.0
16321.920643514026,2234.0
16321.920643514026,2883.0
17844.392665685158,2883.0
17844.392665685158,2667.0
24589.57979162224,2667.0
24589.57979162224,2883.0
35186.34028374218,2883.0
35186.34028374218,2667.0
49172.841281932786,2667.0
49172.841281932786,2234.0
74113.81052210928,2234.0
74113.81052210928,2429.0
86400.000002,2429.0
# temp #7464
0.0,2234.0
15312.16182089411,2234.0
15312.16182089411,2883.0
17041.647040424872,2883.0
17041.647040424872,2667.0
23414.96951747686,2667.0
23414.96951747686,2883.0
56279.78989435361,2883.0
56279.78989435361,2429.0
61258.16282378511,2429.0
61258.16282378511,2234.0
68305.34790297972,2234.0
68305.34790297972,2667.0
86400.000002,2667.0
# temp #7465
0.0,2234.0
49499.6170477476,2234.0
49499.6170477476,2883.0
51899.6170477476,2883.0
51899.6170477476,2667.0
71837.17361383606,2667.0
71837.17361383606,2555.0
86400.000002,2555.0
# temp #7466
0.0,2234.0
56365.08687359747,2234.0
56365.08687359747,2555.0
86400.000002,2555.0
# temp #7467
0.0,2234.0
13674.687400460245,2234.0
13674.687400460245,2429.0
14114.574569184335,2429.0
14114.574569184335,2234.0
14751.375919673594,2234.0
14751.375919673594,2429.0
19611.120513221253,2429.0
19611.120513221253,2234.0
40051.52144338936,2234.0
40051.52144338936,2429.0
40683.96921213717,2429.0
40683.96921213717,2555.0
41352.61511513964,2555.0
41352.61511513964,2429.0
41652.61511513964,2429.0
41652.61511513964,2555.0
43152.61511513964,2555.0
43152.61511513964,2429.0
53352.61511513964,2429.0
53352.61511513964,2234.0
86400.0,2234.0
# temp #7468
0.0,2234.0
42106.633081217304,2234.0
42106.633081217304,2555.0
56793.39749256615,2555.0
56793.39749256615,2429.0
86400.0,2429.0
# temp #7469
0.0,2234.0
8061.011243518444,2234.0
8061.011243518444,2667.0
9535.49710758962,2667.0
9535.49710758962,2555.0
10936.26398839988,2555.0
10936.26398839988,2429.0
26713.771531940445,2429.0
26713.771531940445,2555.0
43764.29084243719,2555.0
43764.29084243719,2429.0
80818.61159666443,2429.0
80818.61159666443,2555.0
86400.0,2555.0
# temp #7470
0.0,2234.0
47261.604480841204,2234.0
47261.604480841204,2429.0
47590.88949530852,2429.0
47590.88949530852,2555.0
52149.90275732708,2555.0
52149.90275732708,2429.0
60461.03245380801,2429.0
60461.03245380801,2234.0
73997.0120455837,2234.0
73997.0120455837,2667.0
86400.0,2667.0
# temp #7471
0.0,2234.0
72016.04987732135,2234.0
72016.04987732135,2555.0
86400.000002,2555.0
# temp #7472
0.0,2234.0
5625.59100247454,2234.0
5625.59100247454,2667.0
25075.559975369837,2667.0
25075.559975369837,2555.0
26241.4195972262,2555.0
26241.4195972262,2429.0
30432.28784243111,2429.0
30432.28784243111,2555.0
31784.28467244376,2555.0
31784.28467244376,2667.0
63765.206314204275,2667.0
63765.206314204275,2555.0
86400.0,2555.0
# temp #7473
0.0,2234.0
2778.879507863894,2234.0
2778.879507863894,2883.0
4472.687363997102,2883.0
4472.687363997102,2667.0
11910.589050245471,2667.0
11910.589050245471,2883.0
42339.437246904716,2883.0
42339.437246904716,2429.0
56226.77041024436,2429.0
56226.77041024436,2883.0
58082.4015014805,2883.0
58082.4015014805,2429.0
58964.783389004886,2429.0
58964.783389004886,2234.0
70308.34516806064,2234.0
70308.34516806064,2667.0
86400.000002,2667.0
# temp #7474
0.0,2234.0
66612.59324213026,2234.0
66612.59324213026,2555.0
79898.74392945787,2555.0
79898.74392945787,2429.0
80231.35022597855,2429.0
80231.35022597855,2555.0
83973.72059330811,2555.0
83973.72059330811,2429.0
84275.07622225677,2429.0
84275.07622225677,2555.0
85422.38069290762,2555.0
85422.38069290762,2429.0
85722.38069290762,2429.0
85722.38069290762,2555.0
86400.000002,2555.0
# temp #7475
0.0,2234.0
13533.252986404115,2234.0
13533.252986404115,2555.0
14616.74344330095,2555.0
14616.74344330095,2667.0
20916.743443300948,2667.0
20916.743443300948,2555.0
22116.743443300948,2555.0
22116.743443300948,2429.0
65316.74344330095,2429.0
65316.74344330095,2234.0
86400.000002,2234.0
# temp #7476
0.0,2234.0
6066.142556397245,2234.0
6066.142556397245,2667.0
35976.296339789405,2667.0
35976.296339789405,2555.0
37046.88179441728,2555.0
37046.88179441728,2429.0
68449.41237943714,2429.0
68449.41237943714,2555.0
83093.73002140784,2555.0
83093.73002140784,2429.0
86400.000002,2429.0
# temp #7477
0.0,2234.0
1860.6247593183073,2234.0
1860.6247593183073,2667.0
2926.6645307885483,2667.0
2926.6645307885483,2555.0
4007.1699239546433,2555.0
4007.1699239546433,2429.0
14741.612616763452,2429.0
14741.612616763452,2883.0
32454.16983515025,2883.0
32454.16983515025,2429.0
43254.18799789623,2429.0
43254.18799789623,2555.0
72587.9551070044,2555.0
72587.9551070044,2429.0
77727.5534424931,2429.0
77727.5534424931,2234.0
86400.0,2234.0
# temp #7478
0.0,2234.0
33733.268316322945,2234.0
33733.268316322945,2555.0
58068.058056430906,2555.0
58068.058056430906,2429.0
58405.25122205728,2429.0
58405.25122205728,2555.0
78492.93552094606,2555.0
78492.93552094606,2429.0
79622.84288580997,2429.0
79622.84288580997,2234.0
86400.0,2234.0
# temp #7479
0.0,2234.0
25487.01254334301,2234.0
25487.01254334301,2429.0
26087.01254334301,2429.0
26087.01254334301,2555.0
28092.013796232644,2555.0
28092.013796232644,2429.0
35648.438080237254,2429.0
35648.438080237254,2555.0
38307.501228083864,2555.0
38307.501228083864,2667.0
44027.20830913168,2667.0
44027.20830913168,2555.0
74205.4333375767,2555.0
74205.4333375767,2429.0
80433.92808234786,2429.0
80433.92808234786,2555.0
86400.0,2555.0
# temp #7480
0.0,2234.0
83980.84290612025,2234.0
83980.84290612025,2555.0
86400.000002,2555.0
# temp #7481
0.0,2234.0
71182.75072330145,2234.0
71182.75072330145,2555.0
71618.59776105268,2555.0
71618.59776105268,2667.0
81518.59776105268,2667.0
81518.59776105268,2555.0
82100.83220999224,2555.0
82100.83220999224,2429.0
86400.0,2429.0
# temp #7482
0.0,2234.0
72470.99438889419,2234.0
72470.99438889419,2555.0
86400.000002,2555.0
# temp #7483
0.0,2234.0
6421.704708226026,2234.0
6421.704708226026,2667.0
10135.278928396294,2667.0
10135.278928396294,2555.0
11590.468278829941,2555.0
11590.468278829941,2667.0
47756.925368215896,2667.0
47756.925368215896,2555.0
48356.925368215896,2555.0
48356.925368215896,2667.0
62975.153568713,2667.0
62975.153568713,2555.0
65402.7207385283,2555.0
65402.7207385283,2429.0
80905.71570955218,2429.0
80905.71570955218,2555.0
86400.000002,2555.0
# temp #7484
0.0,2234.0
23309.7198544303,2234.0
23309.7198544303,2555.0
61876.343968673624,2555.0
61876.343968673624,2429.0
81352.51041369048,2429.0
81352.51041369048,2234.0
81952.51041369048,2234.0
81952.51041369048,2429.0
84352.51041369048,2429.0
84352.51041369048,2555.0
86400.0,2555.0
# temp #7485
0.0,2234.0
84322.56601166447,2234.0
84322.56601166447,2555.0
86400.0,2555.0
# temp #7486
0.0,2234.0
2855.582177569159,2234.0
2855.582177569159,2667.0
29904.870933853093,2667.0
29904.870933853093,2555.0
30899.541996605698,2555.0
30899.541996605698,2667.0
61004.5276744757,2667.0
61004.5276744757,2555.0
64004.5276744757,2555.0
64004.5276744757,2667.0
86400.0,2667.0
# temp #7487
0.0,2234.0
2054.036537487991,2234.0
2054.036537487991,2883.0
3410.746301198378,2883.0
3410.746301198378,2667.0
7206.873806286604,2667.0
7206.873806286604,2883.0
25586.985112424012,2883.0
25586.985112424012,2429.0
46179.202059935786,2429.0
46179.202059935786,2234.0
55833.38012017776,2234.0
55833.38012017776,2429.0
59651.14408575465,2429.0
59651.14408575465,2883.0
66354.46019957309,2883.0
66354.46019957309,2667.0
81946.6206186684,2667.0
81946.6206186684,2555.0
86400.0,2555.0
# temp #7488
0.0,2234.0
3942.9780956357727,2234.0
3942.9780956357727,2667.0
8577.76244140696,2667.0
8577.76244140696,2555.0
9452.11543289479,2555.0
9452.11543289479,2667.0
34997.137861931704,2667.0
34997.137861931704,2555.0
35297.137861931704,2555.0
35297.137861931704,2667.0
36137.59824209847,2667.0
36137.59824209847,2555.0
36737.59824209847,2555.0
36737.59824209847,2667.0
78361.17500080728,2667.0
78361.17500080728,2883.0
86400.0,2883.0
# temp #7489
0.0,2234.0
15697.96419348568,2234.0
15697.96419348568,2883.0
16593.126049172137,2883.0
16593.126049172137,2667.0
26136.780583276417,2667.0
26136.780583276417,2883.0
37949.93313902524,2883.0
37949.93313902524,2667.0
59847.91506382172,2667.0
59847.91506382172,2555.0
69954.93648599369,2555.0
69954.93648599369,2429.0
77854.66123851949,2429.0
77854.66123851949,2555.0
85581.12068711781,2555.0
85581.12068711781,2667.0
86400.0,2667.0
# temp #7490
0.0,2234.0
59645.7907709526,2234.0
59645.7907709526,2555.0
86400.0,2555.0
# temp #7491
0.0,2234.0
30945.889393240217,2234.0
30945.889393240217,2017.0
65127.167563280105,2017.0
65127.167563280105,2234.0
67904.25203111955,2234.0
67904.25203111955,2017.0
86400.0,2017.0
# temp #7492
0.0,2234.0
2482.7432361664255,2234.0
2482.7432361664255,2429.0
34582.743236166425,2429.0
34582.743236166425,2555.0
34882.743236166425,2555.0
34882.743236166425,2667.0
57742.7492009243,2667.0
57742.7492009243,2555.0
71178.16268603783,2555.0
71178.16268603783,2667.0
86400.0,2667.0
# temp #7493
0.0,2234.0
8417.800434934908,2234.0
8417.800434934908,2667.0
46109.85116441735,2667.0
46109.85116441735,2555.0
47277.849474130206,2555.0
47277.849474130206,2667.0
55441.37367289514,2667.0
55441.37367289514,2555.0
55741.37367289514,2555.0
55741.37367289514,2667.0
56364.612503699034,2667.0
56364.612503699034,2555.0
56964.612503699034,2555.0
56964.612503699034,2667.0
86400.000002,2667.0
# temp #7494
0.0,2234.0
26577.833977807317,2234.0
26577.833977807317,2017.0
54129.57860645839,2017.0
54129.57860645839,2234.0
64596.32248249837,2234.0
64596.32248249837,2017.0
78271.44522266464,2017.0
78271.44522266464,2234.0
86400.000002,2234.0
# temp #7495
0.0,2234.0
11315.155812003652,2234.0
11315.155812003652,2429.0
11846.144047379496,2429.0
11846.144047379496,2555.0
15576.60089582205,2555.0
15576.60089582205,2429.0
47128.85178246071,2429.0
47128.85178246071,2555.0
62862.56454123651,2555.0
62862.56454123651,2667.0
86400.0,2667.0
# temp #7496
0.0,2234.0
5255.18262195401,2234.0
5255.18262195401,2667.0
47297.654567565776,2667.0
47297.654567565776,2555.0
47841.558222100146,2555.0
47841.558222100146,2667.0
78118.83963032161,2667.0
78118.83963032161,2555.0
78418.83963032161,2555.0
78418.83963032161,2667.0
78718.83963032161,2667.0
78718.83963032161,2555.0
82018.83963032161,2555.0
82018.83963032161,2667.0
86400.000002,2667.0
# temp #7497
0.0,2234.0
2353.8875296711926,2234.0
2353.8875296711926,2667.0
28598.36558955722,2667.0
28598.36558955722,2555.0
29036.02498895489,2555.0
29036.02498895489,2667.0
29922.158086742278,2667.0
29922.158086742278,2555.0
32922.158086742274,2555.0
32922.158086742274,2667.0
59022.158086742274,2667.0
59022.158086742274,2883.0
86400.0,2883.0
# temp #7498
0.0,2234.0
2507.476236624643,2234.0
2507.476236624643,2883.0
3960.329892137088,2883.0
3960.329892137088,2667.0
16099.037645710634,2667.0
16099.037645710634,2883.0
27259.229367831726,2883.0
27259.229367831726,2667.0
55349.4369031163,2667.0
55349.4369031163,2555.0
56562.67271116377,2555.0
56562.67271116377,2429.0
60618.802543915815,2429.0
60618.802543915815,2234.0
69681.33900670802,2234.0
69681.33900670802,2429.0
71767.27294775193,2429.0
71767.27294775193,2883.0
79873.26392875986,2883.0
79873.26392875986,2429.0
86400.000002,2429.0
# temp #7499
0.0,2234.0
30577.4422894232,2234.0
30577.4422894232,2555.0
51114.198090042926,2555.0
51114.198090042926,2429.0
53501.67596933898,2429.0
53501.67596933898,2667.0
86400.000002,2667.0
# temp #7500
0.0,2234.0
5311.571206036025,2234.0
5311.571206036025,2667.0
32923.11729749199,2667.0
32923.11729749199,2555.0
33355.823016143404,2555.0
33355.823016143404,2667.0
59194.37772687525,2667.0
59194.37772687525,2555.0
59794.37772687525,2555.0
59794.37772687525,2667.0
78010.33798470162,2667.0
78010.33798470162,2555.0
81051.64807154798,2555.0
81051.64807154798,2429.0
86400.000002,2429.0
# temp #7501
0.0,2234.0
58303.998933336705,2234.0
58303.998933336705,2555.0
82097.40739956034,2555.0
82097.40739956034,2429.0
82497.32764132788,2429.0
82497.32764132788,2555.0
86400.000002,2555.0
# temp #7502
0.0,2234.0
27632.21843359061,2234.0
27632.21843359061,2555.0
30841.848130314615,2555.0
30841.848130314615,2667.0
31388.07026620489,2667.0
31388.07026620489,2555.0
37388.07026620489,2555.0
37388.07026620489,2429.0
39788.07026620489,2429.0
39788.07026620489,2234.0
43388.07026620489,2234.0
43388.07026620489,2429.0
44588.07026620489,2429.0
44588.07026620489,2234.0
50288.07026620489,2234.0
50288.07026620489,2429.0
76563.06281487923,2429.0
76563.06281487923,2883.0
86400.0,2883.0
# temp #7503
0.0,2234.0
36263.463505776606,2234.0
36263.463505776606,2555.0
72982.86638567226,2555.0
72982.86638567226,2429.0
73410.24259726984,2429.0
73410.24259726984,2555.0
86400.0,2555.0
# temp #7504
0.0,2234.0
67316.11279277132,2234.0
67316.11279277132,2555.0
72408.8404675713,2555.0
72408.8404675713,2667.0
72857.54403106404,2667.0
72857.54403106404,2555.0
73157.54403106404,2555.0
73157.54403106404,2667.0
86400.0,2667.0
# temp #7505
0.0,2234.0
82576.94196598606,2234.0
82576.94196598606,2555.0
86400.000002,2555.0
# temp #7506
0.0,2234.0
3614.165200875141,2234.0
3614.165200875141,2667.0
18190.378702129237,2667.0
18190.378702129237,2555.0
18626.59848590847,2555.0
18626.59848590847,2667.0
50126.16714003962,2667.0
50126.16714003962,2555.0
50426.16714003962,2555.0
50426.16714003962,2667.0
50726.16714003962,2667.0
50726.16714003962,2555.0
54026.16714003962,2555.0
54026.16714003962,2667.0
79526.16714003962,2667.0
79526.16714003962,2883.0
86400.0,2883.0
# temp #7507
0.0,2234.0
15017.337674950251,2234.0
15017.337674950251,2555.0
19127.485337108374,2555.0
19127.485337108374,2667.0
19719.496966595765,2667.0
19719.496966595765,2555.0
20019.496966595765,2555.0
20019.496966595765,2667.0
23619.49696659576,2667.0
23619.49696659576,2555.0
25119.49696659576,2555.0
25119.49696659576,2429.0
44791.72478516121,2429.0
44791.72478516121,2234.0
66180.00799873845,2234.0
66180.00799873845,2429.0
72744.46687919555,2429.0
72744.46687919555,2555.0
85724.83375368176,2555.0
85724.83375368176,2667.0
86400.0,2667.0
# temp #7508
0.0,2234.0
64013.087991625085,2234.0
64013.087991625085,2555.0
72261.09843906017,2555.0
72261.09843906017,2429.0
86400.000002,2429.0
# temp #7509
0.0,2234.0
2192.1215449227025,2234.0
2192.1215449227025,2667.0
48883.65948193242,2667.0
48883.65948193242,2555.0
49773.42026077677,2555.0
49773.42026077677,2667.0
80558.09569596314,2667.0
80558.09569596314,2555.0
80858.09569596314,2555.0
80858.09569596314,2429.0
86400.000002,2429.0
# temp #7510
0.0,2234.0
54254.76641790011,2234.0
54254.76641790011,2555.0
69559.439393878,2555.0
69559.439393878,2429.0
70087.79609163759,2429.0
70087.79609163759,2555.0
80530.04046664575,2555.0
80530.04046664575,2429.0
82000.56805727074,2429.0
82000.56805727074,2555.0
83335.7922782656,2555.0
83335.7922782656,2429.0
83635.7922782656,2429.0
83635.7922782656,2555.0
86400.0,2555.0
# temp #7511
0.0,2234.0
14358.430590550419,2234.0
14358.430590550419,2883.0
15892.661213083196,2883.0
15892.661213083196,2667.0
17921.223000367176,2667.0
17921.223000367176,2883.0
28935.230866656646,2883.0
28935.230866656646,2667.0
34051.947680697784,2667.0
34051.947680697784,2883.0
44621.28025658895,2883.0
44621.28025658895,2667.0
46223.111060494564,2667.0
46223.111060494564,2555.0
50508.10319012963,2555.0
50508.10319012963,2667.0
63128.68044013159,2667.0
63128.68044013159,2555.0
76926.93560030313,2555.0
76926.93560030313,2667.0
86400.000002,2667.0
# temp #7512
0.0,2234.0
21139.70878198743,2234.0
21139.70878198743,2555.0
27331.871291063726,2555.0
27331.871291063726,2429.0
63021.37377855834,2429.0
63021.37377855834,2555.0
74069.0075234743,2555.0
74069.0075234743,2429.0
86400.0,2429.0
# temp #7513
0.0,2234.0
23773.168151546273,2234.0
23773.168151546273,2429.0
24225.65111748409,2429.0
24225.65111748409,2555.0
26002.6936423732,2555.0
26002.6936423732,2429.0
46136.61500250456,2429.0
46136.61500250456,2234.0
49060.89523590636,2234.0
49060.89523590636,2667.0
52433.60520384741,2667.0
52433.60520384741,2234.0
84999.5053384686,2234.0
84999.5053384686,2429.0
86400.000002,2429.0
# temp #7514
0.0,2234.0
22159.044887102213,2234.0
22159.044887102213,2555.0
24025.112061551776,2555.0
24025.112061551776,2667.0
33925.11206155177,2667.0
33925.11206155177,2555.0
37465.61464292464,2555.0
37465.61464292464,2429.0
69314.26132083872,2429.0
69314.26132083872,2555.0
81153.06909824723,2555.0
81153.06909824723,2429.0
86400.0,2429.0
# temp #7515
0.0,2234.0
35450.350850634284,2234.0
35450.350850634284,2429.0
67550.35085063428,2429.0
67550.35085063428,2555.0
67850.35085063428,2555.0
67850.35085063428,2667.0
80578.59512942379,2667.0
80578.59512942379,2555.0
86400.000002,2555.0
# temp #7516
0.0,2234.0
17991.187172150243,2234.0
17991.187172150243,2555.0
45638.08174487204,2555.0
45638.08174487204,2429.0
46079.06824846287,2429.0
46079.06824846287,2555.0
52523.511286103174,2555.0
52523.511286103174,2429.0
53964.48996153195,2429.0
53964.48996153195,2555.0
55142.484842450365,2555.0
55142.484842450365,2429.0
55442.484842450365,2429.0
55442.484842450365,2555.0
55742.484842450365,2555.0
55742.484842450365,2429.0
56342.484842450365,2429.0
56342.484842450365,2555.0
60881.28080985044,2555.0
60881.28080985044,2429.0
76764.93213346695,2429.0
76764.93213346695,2555.0
86400.0,2555.0
# temp #7517
0.0,2234.0
11328.770067379812,2234.0
11328.770067379812,2883.0
22428.77006737981,2883.0
22428.77006737981,2555.0
23318.812081706714,2555.0
23318.812081706714,2667.0
25761.57698244788,2667.0
25761.57698244788,2234.0
55633.946133870646,2234.0
55633.946133870646,2429.0
84007.44907585905,2429.0
84007.44907585905,2883.0
86400.000002,2883.0
# temp #7518
0.0,2234.0
12485.895760520363,2234.0
12485.895760520363,2555.0
22048.223298392262,2555.0
22048.223298392262,2429.0
22429.720449680466,2429.0
22429.720449680466,2555.0
35695.78108820134,2555.0
35695.78108820134,2429.0
36461.351539520554,2429.0
36461.351539520554,2234.0
46718.21051887237,2234.0
46718.21051887237,2667.0
55637.74151941762,2667.0
55637.74151941762,2555.0
67710.49367040397,2555.0
67710.49367040397,2667.0
86400.0,2667.0
# temp #7519
0.0,2234.0
1866.404744423926,2234.0
1866.404744423926,2429.0
2348.9253779640426,2429.0
2348.9253779640426,2555.0
6600.118582486176,2555.0
6600.118582486176,2429.0
22010.732077248398,2429.0
22010.732077248398,2555.0
31068.915594555445,2555.0
31068.915594555445,2667.0
64662.906463723644,2667.0
64662.906463723644,2555.0
72605.67664392294,2555.0
72605.67664392294,2667.0
75876.87379661949,2667.0
75876.87379661949,2883.0
86400.000002,2883.0
# temp #7520
0.0,2234.0
20850.690462416973,2234.0
20850.690462416973,2555.0
56604.288898617975,2555.0
56604.288898617975,2429.0
57110.33696907108,2429.0
57110.33696907108,2555.0
60039.61383251009,2555.0
60039.61383251009,2429.0
60744.724136008896,2429.0
60744.724136008896,2555.0
61295.18877191005,2555.0
61295.18877191005,2429.0
61595.18877191005,2429.0
61595.18877191005,2555.0
81995.18877191005,2555.0
81995.18877191005,2429.0
82295.18877191005,2429.0
82295.18877191005,2555.0
82895.18877191005,2555.0
82895.18877191005,2667.0
86400.0,2667.0
# temp #7521
0.0,2234.0
79681.5467428649,2234.0
79681.5467428649,2555.0
86400.0,2555.0
# temp #7522
0.0,2234.0
14793.183653452437,2234.0
14793.183653452437,2883.0
16156.93308252376,2883.0
16156.93308252376,2667.0
19279.3422121089,2667.0
19279.3422121089,2883.0
28240.72191591841,2883.0
28240.72191591841,2429.0
49193.1237744866,2429.0
49193.1237744866,2883.0
68753.15321877135,2883.0
68753.15321877135,2429.0
86400.0,2429.0
# temp #7523
0.0,2234.0
6052.919693221339,2234.0
6052.919693221339,2667.0
52251.16297022906,2667.0
52251.16297022906,2555.0
53128.1180280028,2555.0
53128.1180280028,2667.0
79631.90427424853,2667.0
79631.90427424853,2555.0
80231.90427424853,2555.0
80231.90427424853,2667.0
86400.000002,2667.0
# temp #7524
0.0,2234.0
57414.05582805165,2234.0
57414.05582805165,2555.0
77381.2868858222,2555.0
77381.2868858222,2429.0
86400.000002,2429.0
# temp #7525
0.0,2234.0
3195.9784851176664,2234.0
3195.9784851176664,2883.0
14295.978485117666,2883.0
14295.978485117666,2555.0
15604.917246219702,2555.0
15604.917246219702,2429.0
34049.27691521589,2429.0
34049.27691521589,2555.0
46309.506446239546,2555.0
46309.506446239546,2667.0
75669.28884994704,2667.0
75669.28884994704,2883.0
80209.18886025903,2883.0
80209.18886025903,2429.0
82488.38221672924,2429.0
82488.38221672924,2555.0
86400.0,2555.0
# temp #7526
0.0,2234.0
2699.616523180157,2234.0
2699.616523180157,2883.0
3420.9113512421027,2883.0
3420.9113512421027,2667.0
13074.134686589241,2667.0
13074.134686589241,2883.0
47117.26206941531,2883.0
47117.26206941531,2429.0
48576.539261871956,2429.0
48576.539261871956,2234.0
66931.47004244385,2234.0
66931.47004244385,2429.0
84354.22675309239,2429.0
84354.22675309239,2555.0
86400.000002,2555.0
# temp #7527
0.0,2234.0
1629.7619642224165,2234.0
1629.7619642224165,2017.0
24189.7188118659,2017.0
24189.7188118659,2234.0
27860.191278252754,2234.0
27860.191278252754,2017.0
49887.33313819394,2017.0
49887.33313819394,2234.0
86286.96302343161,2234.0
86286.96302343161,2017.0
86400.0,2017.0
# temp #7528
0.0,2234.0
78636.40421975871,2234.0
78636.40421975871,2555.0
86400.000002,2555.0
# temp #7529
0.0,2234.0
21648.68476437405,2234.0
21648.68476437405,2429.0
22174.578549200673,2429.0
22174.578549200673,2234.0
22961.18810058106,2234.0
22961.18810058106,2429.0
25133.49637698848,2429.0
25133.49637698848,2234.0
26416.463738819588,2234.0
26416.463738819588,2429.0
27273.427630634982,2429.0
27273.427630634982,2555.0
28699.487007921565,2555.0
28699.487007921565,2429.0
28999.487007921565,2429.0
28999.487007921565,2555.0
29299.487007921565,2555.0
29299.487007921565,2429.0
29899.487007921565,2429.0
29899.487007921565,2555.0
30874.441016977657,2555.0
30874.441016977657,2429.0
67540.42292756496,2429.0
67540.42292756496,2555.0
86400.000002,2555.0
# temp #7530
0.0,2234.0
8412.294978532009,2234.0
8412.294978532009,2429.0
8866.682933061384,2429.0
8866.682933061384,2555.0
10946.034322469495,2555.0
10946.034322469495,2429.0
46542.014294327244,2429.0
46542.014294327244,2555.0
62303.80549379626,2555.0
62303.80549379626,2429.0
63183.579195197686,2429.0
63183.579195197686,2555.0
69186.47098126823,2555.0
69186.47098126823,2429.0
69491.28129479942,2429.0
69491.28129479942,2555.0
72889.94946603199,2555.0
72889.94946603199,2429.0
76519.75620884915,2429.0
76519.75620884915,2234.0
85872.11161425804,2234.0
85872.11161425804,2667.0
86400.000002,2667.0
# temp #7531
0.0,2234.0
3984.6372126135984,2234.0
3984.6372126135984,2667.0
23893.37545204908,2667.0
23893.37545204908,2555.0
24636.728140152994,2555.0
24636.728140152994,2667.0
61374.63408519981,2667.0
61374.63408519981,2555.0
61674.63408519981,2555.0
61674.63408519981,2429.0
68972.8190737311,2429.0
68972.8190737311,2555.0
77809.46221905762,2555.0
77809.46221905762,2667.0
80088.79402284512,2667.0
80088.79402284512,2555.0
86400.000002,2555.0
# temp #7532
0.0,2234.0
5507.751987618395,2234.0
5507.751987618395,2883.0
6923.072696453893,2883.0
6923.072696453893,2667.0
9104.644056851977,2667.0
9104.644056851977,2883.0
33681.39568653423,2883.0
33681.39568653423,2429.0
69650.46991074925,2429.0
69650.46991074925,2883.0
86400.0,2883.0
# temp #7533
0.0,2234.0
6115.239141695202,2234.0
6115.239141695202,2883.0
7547.140964912252,2883.0
7547.140964912252,2667.0
16237.352031958291,2667.0
16237.352031958291,2883.0
45773.44476194122,2883.0
45773.44476194122,2429.0
46707.70329753869,2429.0
46707.70329753869,2555.0
79132.24667371252,2555.0
79132.24667371252,2429.0
86400.0,2429.0
# temp #7534
0.0,2234.0
9271.062864898706,2234.0
9271.062864898706,2555.0
24275.034352834344,2555.0
24275.034352834344,2429.0
24593.78348502797,2429.0
24593.78348502797,2555.0
44889.52071208042,2555.0
44889.52071208042,2429.0
45508.34009272513,2429.0
45508.34009272513,2234.0
52625.2701454796,2234.0
52625.2701454796,2429.0
57068.403702881194,2429.0
57068.403702881194,2234.0
62870.85715038703,2234.0
62870.85715038703,2667.0
84693.45268795734,2667.0
84693.45268795734,2555.0
86400.000002,2555.0
# temp #7535
0.0,2234.0
5132.963685155847,2234.0
5132.963685155847,2883.0
5647.422054572963,2883.0
5647.422054572963,2667.0
13900.837841187604,2667.0
13900.837841187604,2883.0
34486.410092934966,2883.0
34486.410092934966,2429.0
41695.72259048001,2429.0
41695.72259048001,2883.0
45931.794282258496,2883.0
45931.794282258496,2429.0
64073.17906043027,2429.0
64073.17906043027,2555.0
86400.0,2555.0
# temp #7536
0.0,2234.0
7678.265226236546,2234.0
7678.265226236546,2667.0
43537.13658833877,2667.0
43537.13658833877,2555.0
44491.51938753203,2555.0
44491.51938753203,2667.0
50892.39730371629,2667.0
50892.39730371629,2555.0
51492.39730371629,2555.0
51492.39730371629,2667.0
68442.72237543482,2667.0
68442.72237543482,2555.0
69260.75277377387,2555.0
69260.75277377387,2429.0
77606.70562929008,2429.0
77606.70562929008,2234.0
86400.0,2234.0
# temp #7537
0.0,2234.0
31608.538076165136,2234.0
31608.538076165136,2555.0
36428.138893470175,2555.0
36428.138893470175,2667.0
37000.33280358185,2667.0
37000.33280358185,2555.0
37300.33280358185,2555.0
37300.33280358185,2667.0
40900.33280358185,2667.0
40900.33280358185,2555.0
42400.33280358185,2555.0
42400.33280358185,2429.0
49373.71459489223,2429.0
49373.71459489223,2234.0
81009.74988327363,2234.0
81009.74988327363,2429.0
81567.87477456966,2429.0
81567.87477456966,2883.0
86400.000002,2883.0
# temp #7538
0.0,2234.0
28363.360396516513,2234.0
28363.360396516513,2429.0
28848.338494054045,2429.0
28848.338494054045,2234.0
29545.281289704148,2234.0
29545.281289704148,2429.0
34855.27518619784,2429.0
34855.27518619784,2234.0
53110.44814945199,2234.0
53110.44814945199,2429.0
53621.599085116766,2429.0
53621.599085116766,2555.0
54474.39808272757,2555.0
54474.39808272757,2429.0
86400.000002,2429.0
# temp #7539
0.0,2234.0
85978.49378194661,2234.0
85978.49378194661,2555.0
86400.0,2555.0
# temp #7540
0.0,2234.0
2132.491862238385,2234.0
2132.491862238385,2429.0
2645.0785194989294,2429.0
2645.0785194989294,2555.0
7598.998203640805,2555.0
7598.998203640805,2429.0
29002.705682488162,2429.0
29002.705682488162,2883.0
40322.54570019432,2883.0
40322.54570019432,2667.0
70139.92361496204,2667.0
70139.92361496204,2555.0
86400.0,2555.0
# temp #7541
0.0,2234.0
5619.8506424669185,2234.0
5619.8506424669185,2667.0
18465.801729611125,2667.0
18465.801729611125,2555.0
19630.900792940523,2555.0
19630.900792940523,2429.0
40736.663447530016,2429.0
40736.663447530016,2555.0
52622.832115762874,2555.0
52622.832115762874,2667.0
68631.5198886674,2667.0
68631.5198886674,2234.0
72640.71593466216,2234.0
72640.71593466216,2667.0
86400.000002,2667.0
# temp #7542
0.0,2234.0
377.9125453205779,2234.0
377.9125453205779,2429.0
794.3458585068583,2429.0
794.3458585068583,2555.0
4375.369492359459,2555.0
4375.369492359459,2429.0
22040.584391495217,2429.0
22040.584391495217,2234.0
35785.73153042235,2234.0
35785.73153042235,2667.0
50199.851116072394,2667.0
50199.851116072394,2555.0
66953.67599555758,2555.0
66953.67599555758,2429.0
78450.36542066374,2429.0
78450.36542066374,2234.0
86400.000002,2234.0
# temp #7543
0.0,2234.0
6073.616653983482,2234.0
6073.616653983482,2667.0
46190.25212356356,2667.0
46190.25212356356,2555.0
47523.54129699525,2555.0
47523.54129699525,2429.0
72501.49084059523,2429.0
72501.49084059523,2555.0
86400.0,2555.0
# temp #7544
0.0,2234.0
73888.12189658638,2234.0
73888.12189658638,2555.0
86400.000002,2555.0
# temp #7545
0.0,2234.0
39876.32306569722,2234.0
39876.32306569722,2555.0
52520.76145021711,2555.0
52520.76145021711,2429.0
52838.806106359705,2429.0
52838.806106359705,2555.0
58865.02509231214,2555.0
58865.02509231214,2429.0
59167.085024854176,2429.0
59167.085024854176,2234.0
85204.35317403173,2234.0
85204.35317403173,2429.0
86400.000002,2429.0
# temp #7546
0.0,2234.0
11039.317902247423,2234.0
11039.317902247423,2883.0
22139.31790224742,2883.0
22139.31790224742,2555.0
23806.062046042647,2555.0
23806.062046042647,2667.0
64221.17186018732,2667.0
64221.17186018732,2883.0
86400.0,2883.0
# temp #7547
0.0,2234.0
2633.325239620172,2234.0
2633.325239620172,2667.0
23843.4547013836,2667.0
23843.4547013836,2555.0
24786.989106168043,2555.0
24786.989106168043,2667.0
26118.32150362898,2667.0
26118.32150362898,2555.0
26418.32150362898,2555.0
26418.32150362898,2667.0
27217.71614493337,2667.0
27217.71614493337,2555.0
27817.71614493337,2555.0
27817.71614493337,2667.0
31697.72799080238,2667.0
31697.72799080238,2555.0
38320.08707018104,2555.0
38320.08707018104,2429.0
83230.97129228992,2429.0
83230.97129228992,2883.0
86400.0,2883.0
# temp #7548
0.0,2234.0
36219.709633290775,2234.0
36219.709633290775,2429.0
36819.709633290775,2429.0
36819.709633290775,2555.0
40593.68206299842,2555.0
40593.68206299842,2429.0
64329.842263693004,2429.0
64329.842263693004,2555.0
72192.85191432574,2555.0
72192.85191432574,2429.0
80308.98456713186,2429.0
80308.98456713186,2555.0
86400.000002,2555.0
# temp #7549
0.0,2234.0
50105.31091718004,2234.0
50105.31091718004,2555.0
52527.678615879275,2555.0
52527.678615879275,2429.0
62767.70450721961,2429.0
62767.70450721961,2555.0
65820.99668628072,2555.0
65820.99668628072,2429.0
73645.66840915942,2429.0
73645.66840915942,2555.0
86400.000002,2555.0
# temp #7550
0.0,2234.0
60506.76057685633,2234.0
60506.76057685633,2555.0
86400.000002,2555.0
# temp #7551
0.0,2234.0
646.2593239964917,2234.0
646.2593239964917,2667.0
18246.702212467793,2667.0
18246.702212467793,2555.0
19393.746563605968,2555.0
19393.746563605968,2667.0
52624.98202580029,2667.0
52624.98202580029,2555.0
53224.98202580029,2555.0
53224.98202580029,2667.0
71426.91670255737,2667.0
71426.91670255737,2555.0
72476.13828862087,2555.0
72476.13828862087,2429.0
76458.48244847731,2429.0
76458.48244847731,2555.0
86400.000002,2555.0
# temp #7552
0.0,2234.0
18039.52926420607,2234.0
18039.52926420607,2555.0
29381.73902495765,2555.0
29381.73902495765,2429.0
64774.41190942192,2429.0
64774.41190942192,2234.0
65074.41190942192,2234.0
65074.41190942192,2017.0
82086.03929174134,2017.0
82086.03929174134,2555.0
86400.000002,2555.0
# temp #7553
0.0,2234.0
72438.49366921933,2234.0
72438.49366921933,2883.0
74838.49366921933,2883.0
74838.49366921933,2667.0
82570.96243277194,2667.0
82570.96243277194,2555.0
86400.0,2555.0
# temp #7554
0.0,2234.0
79099.96719018092,2234.0
79099.96719018092,2555.0
86400.0,2555.0
# temp #7555
0.0,2234.0
13663.384795608,2234.0
13663.384795608,2883.0
14367.62109110132,2883.0
14367.62109110132,2667.0
17788.21202656254,2667.0
17788.21202656254,2883.0
31338.39016919956,2883.0
31338.39016919956,2667.0
49139.43232989405,2667.0
49139.43232989405,2555.0
72400.41660515127,2555.0
72400.41660515127,2429.0
86400.000002,2429.0
# temp #7556
0.0,2234.0
50462.72310465575,2234.0
50462.72310465575,2555.0
66111.5562579129,2555.0
66111.5562579129,2429.0
66429.00091074409,2429.0
66429.00091074409,2555.0
72090.38706868888,2555.0
72090.38706868888,2429.0
73248.83429375479,2429.0
73248.83429375479,2234.0
86400.0,2234.0
# temp #7557
0.0,2234.0
57395.788628677845,2234.0
57395.788628677845,2555.0
76863.47852137407,2555.0
76863.47852137407,2429.0
77409.55845471473,2429.0
77409.55845471473,2555.0
86400.0,2555.0
# temp #7558
0.0,2234.0
58489.54961935524,2234.0
58489.54961935524,2555.0
72342.37104377244,2555.0
72342.37104377244,2234.0
80880.37643863354,2234.0
80880.37643863354,2667.0
82118.97631769534,2667.0
82118.97631769534,2234.0
86400.000002,2234.0
# temp #7559
0.0,2234.0
52710.63323859126,2234.0
52710.63323859126,2429.0
53191.651209373966,2429.0
53191.651209373966,2555.0
57437.15423264076,2555.0
57437.15423264076,2429.0
86079.77647266818,2429.0
86079.77647266818,2555.0
86400.000002,2555.0
# temp #7560
0.0,2234.0
39206.36993651279,2234.0
39206.36993651279,2429.0
39789.882744010545,2429.0
39789.882744010545,2234.0
40533.2214785507,2234.0
40533.2214785507,2429.0
45483.069860679105,2429.0
45483.069860679105,2234.0
69631.3693592325,2234.0
69631.3693592325,2429.0
70831.00695619361,2429.0
70831.00695619361,2555.0
72036.64895324038,2555.0
72036.64895324038,2429.0
72336.64895324038,2429.0
72336.64895324038,2555.0
86400.000002,2555.0
# temp #7561
0.0,2234.0
9451.624395861292,2234.0
9451.624395861292,2883.0
9982.661486277359,2883.0
9982.661486277359,2667.0
17709.25198690966,2667.0
17709.25198690966,2883.0
33963.79178445787,2883.0
33963.79178445787,2429.0
51043.93679467031,2429.0
51043.93679467031,2555.0
51724.751890031635,2555.0
51724.751890031635,2667.0
71207.56949137432,2667.0
71207.56949137432,2555.0
79028.47157358193,2555.0
79028.47157358193,2429.0
86400.0,2429.0
# temp #7562
0.0,2234.0
16511.16796934512,2234.0
16511.16796934512,2555.0
27201.496183848947,2555.0
27201.496183848947,2429.0
27677.225141529932,2429.0
27677.225141529932,2555.0
49706.84579357041,2555.0
49706.84579357041,2429.0
50057.75417599363,2429.0
50057.75417599363,2555.0
50361.54569636566,2555.0
50361.54569636566,2429.0
50661.54569636566,2429.0
50661.54569636566,2555.0
50961.54569636566,2555.0
50961.54569636566,2429.0
51561.54569636566,2429.0
51561.54569636566,2555.0
55777.00781549794,2555.0
55777.00781549794,2429.0
84656.23736351264,2429.0
84656.23736351264,2555.0
86400.000002,2555.0
# temp #7563
0.0,2234.0
3251.3510204851627,2234.0
3251.3510204851627,2883.0
3984.7434867639095,2883.0
3984.7434867639095,2667.0
12332.75519774761,2667.0
12332.75519774761,2883.0
28996.108826505955,2883.0
28996.108826505955,2429.0
67064.31424529293,2429.0
67064.31424529293,2555.0
86400.000002,2555.0
# temp #7564
0.0,2234.0
33460.99072247744,2234.0
33460.99072247744,2017.0
46505.87203251199,2017.0
46505.87203251199,2234.0
83240.41761355476,2234.0
83240.41761355476,2017.0
86400.0,2017.0
# temp #7565
0.0,2234.0
40562.83609305975,2234.0
40562.83609305975,2429.0
40936.60116163083,2429.0
40936.60116163083,2555.0
43635.32601599582,2555.0
43635.32601599582,2429.0
61423.724194010734,2429.0
61423.724194010734,2555.0
62368.30772473478,2555.0
62368.30772473478,2429.0
86400.000002,2429.0
# temp #7566
0.0,2234.0
8377.25828443654,2234.0
8377.25828443654,2883.0
9216.715713520536,2883.0
9216.715713520536,2667.0
12126.205752231182,2667.0
12126.205752231182,2883.0
19535.723994020376,2883.0
19535.723994020376,2667.0
53838.33786193282,2667.0
53838.33786193282,2883.0
68269.21214370524,2883.0
68269.21214370524,2429.0
70719.94016880637,2429.0
70719.94016880637,2667.0
86400.000002,2667.0
# temp #7567
0.0,2234.0
20404.816304217096,2234.0
20404.816304217096,2555.0
22710.947189270522,2555.0
22710.947189270522,2667.0
23092.90861571208,2667.0
23092.90861571208,2555.0
23392.90861571208,2555.0
23392.90861571208,2667.0
50092.90861571208,2667.0
50092.90861571208,2555.0
65992.90861571208,2555.0
65992.90861571208,2234.0
69592.90861571208,2234.0
69592.90861571208,2429.0
79492.90861571208,2429.0
79492.90861571208,2555.0
80092.90861571208,2555.0
80092.90861571208,2667.0
86400.000002,2667.0
# temp #7568
0.0,2234.0
7753.788540093229,2234.0
7753.788540093229,2883.0
9351.938950270416,2883.0
9351.938950270416,2667.0
20469.894767249938,2667.0
20469.894767249938,2883.0
53888.680367753856,2883.0
53888.680367753856,2429.0
83287.0512381429,2429.0
83287.0512381429,2883.0
86400.0,2883.0
# temp #7569
0.0,2234.0
15244.111224892551,2234.0
15244.111224892551,2429.0
15649.113359511832,2429.0
15649.113359511832,2234.0
16369.947737641634,2234.0
16369.947737641634,2429.0
20148.933504335586,2429.0
20148.933504335586,2234.0
23256.632040697154,2234.0
23256.632040697154,2429.0
23998.553302860822,2429.0
23998.553302860822,2555.0
24346.617437875833,2555.0
24346.617437875833,2429.0
24646.617437875833,2429.0
24646.617437875833,2555.0
26146.617437875833,2555.0
26146.617437875833,2429.0
36346.61743787583,2429.0
36346.61743787583,2234.0
86400.000002,2234.0
# temp #7570
0.0,2234.0
32027.406376507137,2234.0
32027.406376507137,2555.0
64240.129314037054,2555.0
64240.129314037054,2429.0
86400.0,2429.0
# temp #7571
0.0,2234.0
40483.478004927754,2234.0
40483.478004927754,2429.0
40783.478004927754,2429.0
40783.478004927754,2234.0
54582.02551666182,2234.0
54582.02551666182,2667.0
78722.25894676523,2667.0
78722.25894676523,2234.0
86400.0,2234.0
# temp #7572
0.0,2234.0
13402.447938895786,2234.0
13402.447938895786,2429.0
20302.447938895784,2429.0
20302.447938895784,2555.0
22102.447938895784,2555.0
22102.447938895784,2429.0
35002.447938895784,2429.0
35002.447938895784,2234.0
35302.447938895784,2234.0
35302.447938895784,2017.0
35602.447938895784,2017.0
35602.447938895784,2234.0
35902.447938895784,2234.0
35902.447938895784,2017.0
52711.9891199749,2017.0
52711.9891199749,2234.0
66325.33243582585,2234.0
66325.33243582585,2429.0
77910.96226719675,2429.0
77910.96226719675,2555.0
86400.0,2555.0
# temp #7573
0.0,2234.0
31971.48750959896,2234.0
31971.48750959896,2555.0
33299.46076031775,2555.0
33299.46076031775,2429.0
33735.587428277366,2429.0
33735.587428277366,2555.0
38709.47204972618,2555.0
38709.47204972618,2429.0
39764.773300895475,2429.0
39764.773300895475,2555.0
40090.15229861253,2555.0
40090.15229861253,2429.0
40390.15229861253,2429.0
40390.15229861253,2555.0
41890.15229861253,2555.0
41890.15229861253,2429.0
52090.15229861252,2429.0
52090.15229861252,2234.0
86400.000002,2234.0
# temp #7574
0.0,2234.0
17825.48989146017,2234.0
17825.48989146017,2555.0
46355.63162639738,2555.0
46355.63162639738,2429.0
57894.65383663774,2429.0
57894.65383663774,2234.0
58494.65383663774,2234.0
58494.65383663774,2429.0
76794.65383663774,2429.0
76794.65383663774,2555.0
78294.65383663774,2555.0
78294.65383663774,2429.0
86400.000002,2429.0
# temp #7575
0.0,2234.0
9734.718192438597,2234.0
9734.718192438597,2883.0
11014.298488525676,2883.0
11014.298488525676,2667.0
20240.97889973782,2667.0
20240.97889973782,2883.0
27641.08921210282,2883.0
27641.08921210282,2667.0
31883.62984140404,2667.0
31883.62984140404,2883.0
65029.67369123363,2883.0
65029.67369123363,2429.0
86400.000002,2429.0
# temp #7576
0.0,2234.0
15562.836516369138,2234.0
15562.836516369138,2883.0
16849.948256299835,2883.0
16849.948256299835,2667.0
28702.34820046463,2667.0
28702.34820046463,2883.0
41583.81174956449,2883.0
41583.81174956449,2667.0
47462.97279561405,2667.0
47462.97279561405,2234.0
60397.841244027964,2234.0
60397.841244027964,2667.0
82804.15953705089,2667.0
82804.15953705089,2555.0
86400.0,2555.0
# temp #7577
0.0,2234.0
12289.482018956916,2234.0
12289.482018956916,2555.0
13368.457444128582,2555.0
13368.457444128582,2667.0
23268.45744412858,2667.0
23268.45744412858,2555.0
24343.905173731036,2555.0
24343.905173731036,2429.0
46474.01516076644,2429.0
46474.01516076644,2555.0
62006.006611045465,2555.0
62006.006611045465,2429.0
86400.0,2429.0
# temp #7578
0.0,2234.0
4261.1926996847615,2234.0
4261.1926996847615,2555.0
5037.664996180683,2555.0
5037.664996180683,2667.0
5515.888187591918,2667.0
5515.888187591918,2555.0
5815.888187591918,2555.0
5815.888187591918,2667.0
9415.888187591918,2667.0
9415.888187591918,2555.0
10915.888187591918,2555.0
10915.888187591918,2429.0
21207.93245905079,2429.0
21207.93245905079,2234.0
29417.877226369455,2234.0
29417.877226369455,2555.0
30617.877226369455,2555.0
30617.877226369455,2883.0
36074.11747891456,2883.0
36074.11747891456,2429.0
60995.55129648653,2429.0
60995.55129648653,2555.0
63270.83085326013,2555.0
63270.83085326013,2667.0
82434.70408665018,2667.0
82434.70408665018,2555.0
86400.0,2555.0
# temp #7579
0.0,2234.0
32725.396809610545,2234.0
32725.396809610545,2555.0
33950.14168960043,2555.0
33950.14168960043,2667.0
34254.016300407246,2667.0
34254.016300407246,2555.0
34554.016300407246,2555.0
34554.016300407246,2667.0
61254.016300407246,2667.0
61254.016300407246,2555.0
77154.01630040724,2555.0
77154.01630040724,2234.0
80754.01630040724,2234.0
80754.01630040724,2429.0
86400.0,2429.0
# temp #7580
0.0,2234.0
56421.29780268297,2234.0
56421.29780268297,2555.0
67439.70146407375,2555.0
67439.70146407375,2429.0
67743.39834759013,2429.0
67743.39834759013,2555.0
86400.0,2555.0
# temp #7581
0.0,2234.0
13100.50893709995,2234.0
13100.50893709995,2883.0
13962.327838665808,2883.0
13962.327838665808,2667.0
22811.34258673992,2667.0
22811.34258673992,2883.0
35616.4731195895,2883.0
35616.4731195895,2667.0
43772.05909739715,2667.0
43772.05909739715,2555.0
55723.821764532484,2555.0
55723.821764532484,2429.0
84399.3923459435,2429.0
84399.3923459435,2555.0
86400.0,2555.0
# temp #7582
0.0,2234.0
21138.089508796114,2234.0
21138.089508796114,2555.0
32742.733974941082,2555.0
32742.733974941082,2429.0
48547.75607977063,2429.0
48547.75607977063,2234.0
54619.44420228247,2234.0
54619.44420228247,2429.0
75567.77541360354,2429.0
75567.77541360354,2234.0
86400.0,2234.0
# temp #7583
0.0,2234.0
17541.022630501542,2234.0
17541.022630501542,2429.0
18079.645004658963,2429.0
18079.645004658963,2234.0
18704.752161749642,2234.0
18704.752161749642,2429.0
21495.562576479282,2429.0
21495.562576479282,2234.0
23006.968430313285,2234.0
23006.968430313285,2429.0
23496.970539609905,2429.0
23496.970539609905,2555.0
24873.536287690516,2555.0
24873.536287690516,2429.0
25173.536287690516,2429.0
25173.536287690516,2555.0
45573.53628769051,2555.0
45573.53628769051,2429.0
45873.53628769051,2429.0
45873.53628769051,2555.0
46473.53628769051,2555.0
46473.53628769051,2667.0
70510.74990928173,2667.0
70510.74990928173,2555.0
86400.000002,2555.0
# temp #7584
0.0,2234.0
25352.13260056917,2234.0
25352.13260056917,2429.0
32252.13260056917,2429.0
32252.13260056917,2555.0
34052.132600569166,2555.0
34052.132600569166,2429.0
46952.132600569166,2429.0
46952.132600569166,2234.0
47252.132600569166,2234.0
47252.132600569166,2017.0
47552.132600569166,2017.0
47552.132600569166,2234.0
47852.132600569166,2234.0
47852.132600569166,2017.0
65373.57617486269,2017.0
65373.57617486269,2234.0
77170.87677097881,2234.0
77170.87677097881,2429.0
86400.0,2429.0
# temp #7585
0.0,2234.0
27929.499183828015,2234.0
27929.499183828015,2555.0
60790.43617774734,2555.0
60790.43617774734,2429.0
61334.23835551368,2429.0
61334.23835551368,2555.0
72931.9448963972,2555.0
72931.9448963972,2429.0
73426.34173196276,2429.0
73426.34173196276,2555.0
73810.61792524999,2555.0
73810.61792524999,2429.0
74110.61792524999,2429.0
74110.61792524999,2555.0
86400.0,2555.0
# temp #7586
0.0,2234.0
5142.12997625582,2234.0
5142.12997625582,2667.0
27401.982030621733,2667.0
27401.982030621733,2555.0
28494.190426426943,2555.0
28494.190426426943,2667.0
55881.40923497268,2667.0
55881.40923497268,2555.0
58881.40923497268,2555.0
58881.40923497268,2667.0
84981.40923497267,2667.0
84981.40923497267,2883.0
86400.000002,2883.0
# temp #7587
0.0,2234.0
3665.251616598108,2234.0
3665.251616598108,2667.0
49910.51235683263,2667.0
49910.51235683263,2555.0
51021.33869435639,2555.0
51021.33869435639,2429.0
80619.11678274629,2429.0
80619.11678274629,2555.0
86400.000002,2555.0
# temp #7588
0.0,2234.0
35594.50268726797,2234.0
35594.50268726797,2017.0
52695.69244002925,2017.0
52695.69244002925,2234.0
72749.16213853286,2234.0
72749.16213853286,2017.0
86400.000002,2017.0
# temp #7589
0.0,2234.0
4221.465716441163,2234.0
4221.465716441163,2667.0
21432.275356538597,2667.0
21432.275356538597,2555.0
22124.144664499912,2555.0
22124.144664499912,2429.0
35997.23015539349,2429.0
35997.23015539349,2883.0
71599.97135284358,2883.0
71599.97135284358,2429.0
81450.41956007482,2429.0
81450.41956007482,2555.0
86400.0,2555.0
# temp #7590
0.0,2234.0
82456.29378010055,2234.0
82456.29378010055,2555.0
86400.000002,2555.0
# temp #7591
0.0,2234.0
5456.115690199659,2234.0
5456.115690199659,2667.0
27283.831157837998,2667.0
27283.831157837998,2555.0
28255.78091091011,2555.0
28255.78091091011,2667.0
50634.15287733079,2667.0
50634.15287733079,2555.0
50934.15287733079,2555.0
50934.15287733079,2667.0
51737.18899867964,2667.0
51737.18899867964,2555.0
52337.18899867964,2555.0
52337.18899867964,2667.0
86400.000002,2667.0
# temp #7592
0.0,2234.0
10130.941633251497,2234.0
10130.941633251497,2555.0
13235.46322162729,2555.0
13235.46322162729,2429.0
33354.636036115706,2429.0
33354.636036115706,2234.0
33654.636036115706,2234.0
33654.636036115706,2017.0
65973.04716466462,2017.0
65973.04716466462,2555.0
80376.21492671316,2555.0
80376.21492671316,2667.0
86400.0,2667.0
# temp #7593
0.0,2234.0
4362.263244087809,2234.0
4362.263244087809,2667.0
8438.684477680365,2667.0
8438.684477680365,2555.0
9206.14911701996,2555.0
9206.14911701996,2667.0
13092.135941097515,2667.0
13092.135941097515,2555.0
13392.135941097515,2555.0
13392.135941097515,2667.0
14138.11427797191,2667.0
14138.11427797191,2555.0
14738.11427797191,2555.0
14738.11427797191,2667.0
36044.05245040544,2667.0
36044.05245040544,2555.0
47934.20812245459,2555.0
47934.20812245459,2429.0
59211.80535815658,2429.0
59211.80535815658,2555.0
69161.4054576494,2555.0
69161.4054576494,2667.0
86400.000002,2667.0
# temp #7594
0.0,2234.0
6176.294639194385,2234.0
6176.294639194385,2883.0
7248.990435060115,2883.0
7248.990435060115,2667.0
10563.956140168011,2667.0
10563.956140168011,2883.0
15378.751727007331,2883.0
15378.751727007331,2667.0
44433.76974191052,2667.0
44433.76974191052,2555.0
47407.335019600585,2555.0
47407.335019600585,2429.0
68390.0861549657,2429.0
68390.0861549657,2555.0
83605.5286471965,2555.0
83605.5286471965,2429.0
86400.0,2429.0
# temp #7595
0.0,2234.0
18611.266736453403,2234.0
18611.266736453403,2429.0
50711.2667364534,2429.0
50711.2667364534,2555.0
51011.2667364534,2555.0
51011.2667364534,2667.0
86400.0,2667.0
# temp #7596
0.0,2234.0
67656.0757986037,2234.0
67656.0757986037,2555.0
68913.75469600316,2555.0
68913.75469600316,2234.0
86400.0,2234.0
# temp #7597
0.0,2234.0
79570.13142853977,2234.0
79570.13142853977,2555.0
79992.23505654374,2555.0
79992.23505654374,2429.0
80443.85354148691,2429.0
80443.85354148691,2555.0
82472.70216050094,2555.0
82472.70216050094,2429.0
83708.38370046114,2429.0
83708.38370046114,2555.0
84030.26058145335,2555.0
84030.26058145335,2429.0
86400.0,2429.0
# temp #7598
0.0,2234.0
3721.0466971853757,2234.0
3721.0466971853757,2667.0
46947.35849343707,2667.0
46947.35849343707,2555.0
48300.8717438439,2555.0
48300.8717438439,2667.0
51599.706431524835,2667.0
51599.706431524835,2555.0
51899.706431524835,2555.0
51899.706431524835,2667.0
52749.93635639549,2667.0
52749.93635639549,2555.0
53349.93635639549,2555.0
53349.93635639549,2667.0
83225.053908024,2667.0
83225.053908024,2555.0
86400.000002,2555.0
# temp #7599
0.0,2234.0
13390.352748753505,2234.0
13390.352748753505,2883.0
13854.775962210262,2883.0
13854.775962210262,2667.0
23447.171994578093,2667.0
23447.171994578093,2883.0
34360.89539034292,2883.0
34360.89539034292,2667.0
40940.89066428133,2667.0
40940.89066428133,2555.0
68793.81503455808,2555.0
68793.81503455808,2429.0
81248.27063747217,2429.0
81248.27063747217,2555.0
86400.000002,2555.0
# temp #7600
0.0,2234.0
685.7773089548573,2234.0
685.7773089548573,2667.0
49619.60348531139,2667.0
49619.60348531139,2555.0
50276.720218244016,2555.0
50276.720218244016,2667.0
59997.137565398596,2667.0
59997.137565398596,2555.0
60297.137565398596,2555.0
60297.137565398596,2667.0
60597.137565398596,2667.0
60597.137565398596,2555.0
63897.137565398596,2555.0
63897.137565398596,2667.0
86400.0,2667.0
# temp #7601
0.0,2234.0
37873.47615254112,2234.0
37873.47615254112,2017.0
38572.08349225112,2017.0
38572.08349225112,2234.0
44272.08349225112,2234.0
44272.08349225112,2429.0
70351.67165470777,2429.0
70351.67165470777,2555.0
86400.0,2555.0
# temp #7602
0.0,2234.0
31046.695288340565,2234.0
31046.695288340565,2555.0
35805.80137814396,2555.0
35805.80137814396,2667.0
45705.80137814395,2667.0
45705.80137814395,2555.0
46393.537791771814,2555.0
46393.537791771814,2429.0
54288.046905538074,2429.0
54288.046905538074,2234.0
63438.21477110033,2234.0
63438.21477110033,2429.0
63708.44773629215,2429.0
63708.44773629215,2555.0
81237.94034847525,2555.0
81237.94034847525,2667.0
86400.000002,2667.0
# temp #7603
0.0,2234.0
37090.87513508276,2234.0
37090.87513508276,2017.0
52556.45521706902,2017.0
52556.45521706902,2234.0
61016.17371062749,2234.0
61016.17371062749,2017.0
85760.41223318317,2017.0
85760.41223318317,2234.0
86400.0,2234.0
# temp #7604
0.0,2234.0
14944.610181567263,2234.0
14944.610181567263,2883.0
15783.915526606146,2883.0
15783.915526606146,2667.0
23393.347191251818,2667.0
23393.347191251818,2883.0
28817.367336340256,2883.0
28817.367336340256,2667.0
57418.210111116074,2667.0
57418.210111116074,2555.0
73619.1257359693,2555.0
73619.1257359693,2667.0
84996.59596737476,2667.0
84996.59596737476,2555.0
86400.0,2555.0
# temp #7605
0.0,2234.0
1562.7198460511866,2234.0
1562.7198460511866,2667.0
17629.69119893387,2667.0
17629.69119893387,2555.0
18270.04273440689,2555.0
18270.04273440689,2667.0
30468.369692587297,2667.0
30468.369692587297,2555.0
33468.369692587294,2555.0
33468.369692587294,2667.0
59568.369692587294,2667.0
59568.369692587294,2883.0
86400.0,2883.0
# temp #7606
0.0,2234.0
21849.959739111368,2234.0
21849.959739111368,2017.0
77105.63343954274,2017.0
77105.63343954274,2234.0
86400.000002,2234.0
# temp #7607
0.0,2234.0
5241.706931241789,2234.0
5241.706931241789,2667.0
24396.059285849336,2667.0
24396.059285849336,2555.0
24774.590830877427,2555.0
24774.590830877427,2667.0
33358.22522174568,2667.0
33358.22522174568,2555.0
33658.22522174568,2555.0
33658.22522174568,2667.0
34413.10755992309,2667.0
34413.10755992309,2555.0
35013.10755992309,2555.0
35013.10755992309,2667.0
37653.7474841578,2667.0
37653.7474841578,2555.0
37893.15939440858,2555.0
37893.15939440858,2429.0
55739.48287039531,2429.0
55739.48287039531,2234.0
83062.0716798585,2234.0
83062.0716798585,2429.0
86400.0,2429.0
# temp #7608
0.0,2234.0
32882.84113265109,2234.0
32882.84113265109,2429.0
39782.84113265108,2429.0
39782.84113265108,2555.0
41582.84113265108,2555.0
41582.84113265108,2429.0
54482.84113265108,2429.0
54482.84113265108,2234.0
54782.84113265108,2234.0
54782.84113265108,2017.0
55082.84113265108,2017.0
55082.84113265108,2234.0
55382.84113265108,2234.0
55382.84113265108,2017.0
74986.00822265726,2017.0
74986.00822265726,2234.0
86400.000002,2234.0
# temp #7609
0.0,2234.0
5150.918711023406,2234.0
5150.918711023406,2667.0
15524.846368515868,2667.0
15524.846368515868,2555.0
16848.37721320801,2555.0
16848.37721320801,2429.0
41519.31895245799,2429.0
41519.31895245799,2883.0
42526.94090749138,2883.0
42526.94090749138,2667.0
80331.50170831943,2667.0
80331.50170831943,2883.0
86400.0,2883.0
# temp #7610
0.0,2234.0
20156.102577969436,2234.0
20156.102577969436,2017.0
52554.85999002122,2017.0
52554.85999002122,2234.0
74597.3480155226,2234.0
74597.3480155226,2017.0
86400.000002,2017.0
# temp #7611
0.0,2234.0
2393.0528480093926,2234.0
2393.0528480093926,2883.0
4030.1658421754837,2883.0
4030.1658421754837,2667.0
8062.700014421717,2667.0
8062.700014421717,2883.0
36767.35390441027,2883.0
36767.35390441027,2429.0
57689.04408663513,2429.0
57689.04408663513,2555.0
85713.30852527173,2555.0
85713.30852527173,2429.0
86400.0,2429.0
# temp #7612
0.0,2234.0
64347.37482843922,2234.0
64347.37482843922,2555.0
72935.79131816515,2555.0
72935.79131816515,2429.0
86400.0,2429.0
# temp #7613
0.0,2234.0
29207.456148415808,2234.0
29207.456148415808,2017.0
44230.16617577524,2017.0
44230.16617577524,2234.0
60153.580341395,2234.0
60153.580341395,2017.0
70035.3937124368,2017.0
70035.3937124368,2234.0
86400.0,2234.0
# temp #7614
0.0,2234.0
28013.326416676868,2234.0
28013.326416676868,2429.0
60113.326416676864,2429.0
60113.326416676864,2555.0
60413.326416676864,2555.0
60413.326416676864,2667.0
80433.57356374618,2667.0
80433.57356374618,2555.0
86400.0,2555.0
# temp #7615
0.0,2234.0
31415.874498803172,2234.0
31415.874498803172,2429.0
31885.22208882496,2429.0
31885.22208882496,2555.0
32884.00872526691,2555.0
32884.00872526691,2429.0
80467.87235615776,2429.0
80467.87235615776,2883.0
85599.1600899026,2883.0
85599.1600899026,2667.0
86400.0,2667.0
# temp #7616
0.0,2234.0
3848.066634731368,2234.0
3848.066634731368,2667.0
43474.458041950136,2667.0
43474.458041950136,2555.0
43878.87780459133,2555.0
43878.87780459133,2667.0
47672.39292701707,2667.0
47672.39292701707,2555.0
48272.39292701707,2555.0
48272.39292701707,2667.0
66895.78095842154,2667.0
66895.78095842154,2555.0
69253.14591620119,2555.0
69253.14591620119,2429.0
78323.21889633314,2429.0
78323.21889633314,2883.0
86400.000002,2883.0
# temp #7617
0.0,2234.0
18065.499925520275,2234.0
18065.499925520275,2017.0
35608.2923591137,2017.0
35608.2923591137,2234.0
41308.2923591137,2234.0
41308.2923591137,2429.0
49422.68499846105,2429.0
49422.68499846105,2234.0
68861.14353903105,2234.0
68861.14353903105,2667.0
86400.0,2667.0
# temp #7618
0.0,2234.0
34508.998465631164,2234.0
34508.998465631164,2017.0
60257.46783460492,2017.0
60257.46783460492,2234.0
86400.0,2234.0
# temp #7619
0.0,2234.0
72539.21550773086,2234.0
72539.21550773086,2555.0
86400.000002,2555.0
# temp #7620
0.0,2234.0
1854.6771546592938,2234.0
1854.6771546592938,2667.0
16508.118268218823,2667.0
16508.118268218823,2555.0
17737.790348497223,2555.0
17737.790348497223,2667.0
33941.63477264811,2667.0
33941.63477264811,2555.0
34241.63477264811,2555.0
34241.63477264811,2667.0
34864.639690588236,2667.0
34864.639690588236,2555.0
35464.639690588236,2555.0
35464.639690588236,2667.0
36982.29559266475,2667.0
36982.29559266475,2883.0
49079.43680996542,2883.0
49079.43680996542,2429.0
79459.486329183,2429.0
79459.486329183,2555.0
86400.0,2555.0
# temp #7621
0.0,2234.0
31098.457443318333,2234.0
31098.457443318333,2555.0
33340.89910041076,2555.0
33340.89910041076,2667.0
33751.32748971228,2667.0
33751.32748971228,2555.0
34051.32748971228,2555.0
34051.32748971228,2667.0
60751.327489712276,2667.0
60751.327489712276,2555.0
76651.32748971228,2555.0
76651.32748971228,2234.0
80251.32748971228,2234.0
80251.32748971228,2429.0
86400.000002,2429.0
# temp #7622
0.0,2234.0
47269.71966912971,2234.0
47269.71966912971,2429.0
79369.7196691297,2429.0
79369.7196691297,2555.0
79669.7196691297,2555.0
79669.7196691297,2667.0
86400.000002,2667.0
# temp #7623
0.0,2234.0
65058.560798736304,2234.0
65058.560798736304,2555.0
86400.0,2555.0
# temp #7624
0.0,2234.0
1603.4473371226343,2234.0
1603.4473371226343,2667.0
31521.004545805048,2667.0
31521.004545805048,2555.0
32176.120510906916,2555.0
32176.120510906916,2667.0
48824.79620100931,2667.0
48824.79620100931,2555.0
49424.79620100931,2555.0
49424.79620100931,2667.0
67888.03178058007,2667.0
67888.03178058007,2555.0
69702.49617830852,2555.0
69702.49617830852,2429.0
79137.49200047461,2429.0
79137.49200047461,2555.0
86400.0,2555.0
# temp #7625
0.0,2234.0
53355.82204526291,2234.0
53355.82204526291,2555.0
70630.75500084089,2555.0
70630.75500084089,2429.0
71020.03498943524,2429.0
71020.03498943524,2555.0
74690.50066794736,2555.0
74690.50066794736,2429.0
75386.84689037038,2429.0
75386.84689037038,2555.0
76206.60113494379,2555.0
76206.60113494379,2429.0
76506.60113494379,2429.0
76506.60113494379,2555.0
76806.60113494379,2555.0
76806.60113494379,2429.0
77406.60113494379,2429.0
77406.60113494379,2555.0
78402.59640316946,2555.0
78402.59640316946,2429.0
84251.734178653,2429.0
84251.734178653,2234.0
86400.0,2234.0
# temp #7626
0.0,2234.0
11412.362698512154,2234.0
11412.362698512154,2429.0
11913.346219249072,2429.0
11913.346219249072,2555.0
13952.979425154628,2555.0
13952.979425154628,2429.0
23142.1909411205,2429.0
23142.1909411205,2555.0
29060.14567462262,2555.0
29060.14567462262,2667.0
29137.270632642325,2667.0
29137.270632642325,2555.0
36700.303326873116,2555.0
36700.303326873116,2429.0
75529.29168124685,2429.0
75529.29168124685,2883.0
78955.5750756059,2883.0
78955.5750756059,2667.0
86400.0,2667.0
# temp #7627
0.0,2234.0
3794.368295185269,2234.0
3794.368295185269,2667.0
41244.120423565626,2667.0
41244.120423565626,2555.0
42233.845186675906,2555.0
42233.845186675906,2667.0
61791.35398578366,2667.0
61791.35398578366,2555.0
62391.35398578366,2555.0
62391.35398578366,2667.0
83568.68130310906,2667.0
83568.68130310906,2555.0
85233.75002376271,2555.0
85233.75002376271,2429.0
86400.000002,2429.0
# temp #7628
0.0,2234.0
6143.9707269659275,2234.0
6143.9707269659275,2667.0
17788.029676582668,2667.0
17788.029676582668,2555.0
18782.54230404273,2555.0
18782.54230404273,2667.0
37677.7011116501,2667.0
37677.7011116501,2555.0
38277.7011116501,2555.0
38277.7011116501,2667.0
59146.660822257414,2667.0
59146.660822257414,2555.0
60818.91632191838,2555.0
60818.91632191838,2429.0
71750.5058394978,2429.0
71750.5058394978,2555.0
82747.44863149246,2555.0
82747.44863149246,2667.0
86400.000002,2667.0
# temp #7629
0.0,2234.0
33691.78542955779,2234.0
33691.78542955779,2429.0
40591.78542955779,2429.0
40591.78542955779,2555.0
42391.78542955779,2555.0
42391.78542955779,2429.0
55291.78542955779,2429.0
55291.78542955779,2234.0
55591.78542955779,2234.0
55591.78542955779,2017.0
55891.78542955779,2017.0
55891.78542955779,2234.0
56191.78542955779,2234.0
56191.78542955779,2017.0
71421.19638340083,2017.0
71421.19638340083,2234.0
80110.44283735102,2234.0
80110.44283735102,2429.0
86400.0,2429.0
# temp #7630
0.0,2234.0
7424.071460100823,2234.0
7424.071460100823,2555.0
41235.21442248021,2555.0
41235.21442248021,2429.0
41776.421372964985,2429.0
41776.421372964985,2555.0
65260.856257961146,2555.0
65260.856257961146,2429.0
66334.47975909805,2429.0
66334.47975909805,2555.0
67336.49655806368,2555.0
67336.49655806368,2429.0
86400.000002,2429.0
# temp #7631
0.0,2234.0
5887.911739409902,2234.0
5887.911739409902,2667.0
47633.89726630413,2667.0
47633.89726630413,2555.0
47945.54236256518,2555.0
47945.54236256518,2667.0
76820.9017472109,2667.0
76820.9017472109,2555.0
79820.9017472109,2555.0
79820.9017472109,2667.0
86400.000002,2667.0
# temp #7632
0.0,2234.0
7208.443936309779,2234.0
7208.443936309779,2667.0
31730.309911561206,2667.0
31730.309911561206,2555.0
32683.878477313563,2555.0
32683.878477313563,2429.0
72797.27554537823,2429.0
72797.27554537823,2883.0
80310.0601571845,2883.0
80310.0601571845,2667.0
86400.0,2667.0
# temp #7633
0.0,2234.0
39480.338666355245,2234.0
39480.338666355245,2017.0
42468.01084228792,2017.0
42468.01084228792,2234.0
60773.58993007803,2234.0
60773.58993007803,2017.0
86400.0,2017.0
# temp #7634
0.0,2234.0
19388.972443551756,2234.0
19388.972443551756,2429.0
19908.752712537535,2429.0
19908.752712537535,2234.0
20658.09746235609,2234.0
20658.09746235609,2429.0
25573.44212899916,2429.0
25573.44212899916,2234.0
32698.024601396173,2234.0
32698.024601396173,2429.0
33401.7966161482,2429.0
33401.7966161482,2555.0
33818.23371620849,2555.0
33818.23371620849,2429.0
34118.23371620849,2429.0
34118.23371620849,2555.0
35618.23371620849,2555.0
35618.23371620849,2429.0
45818.23371620849,2429.0
45818.23371620849,2234.0
86400.000002,2234.0
# temp #7635
0.0,2234.0
55161.8553421693,2234.0
55161.8553421693,2555.0
55524.177727662034,2555.0
55524.177727662034,2667.0
55928.80355115049,2667.0
55928.80355115049,2555.0
56228.80355115049,2555.0
56228.80355115049,2667.0
59828.80355115049,2667.0
59828.80355115049,2555.0
61328.80355115049,2555.0
61328.80355115049,2429.0
62383.0328603508,2429.0
62383.0328603508,2234.0
77908.18609634881,2234.0
77908.18609634881,2667.0
86400.000002,2667.0
# temp #7636
0.0,2234.0
78330.21491090769,2234.0
78330.21491090769,2555.0
80888.83992566263,2555.0
80888.83992566263,2667.0
81454.42759904546,2667.0
81454.42759904546,2555.0
81754.42759904546,2555.0
81754.42759904546,2667.0
85354.42759904546,2667.0
85354.42759904546,2555.0
86400.000002,2555.0
# temp #7637
0.0,2234.0
6983.251573727468,2234.0
6983.251573727468,2667.0
50688.3033891907,2667.0
50688.3033891907,2555.0
51653.0147276586,2555.0
51653.0147276586,2667.0
70359.2689170968,2667.0
70359.2689170968,2555.0
73359.2689170968,2555.0
73359.2689170968,2667.0
86400.000002,2667.0
# temp #7638
0.0,2234.0
35459.65311108158,2234.0
35459.65311108158,2017.0
50932.613561488695,2017.0
50932.613561488695,2234.0
86400.0,2234.0
# temp #7639
0.0,2234.0
59453.06992088445,2234.0
59453.06992088445,2555.0
61089.898915914826,2555.0
61089.898915914826,2667.0
70989.89891591482,2667.0
70989.89891591482,2555.0
75317.41742561573,2555.0
75317.41742561573,2429.0
86400.000002,2429.0
# temp #7640
0.0,2234.0
4867.572929710151,2234.0
4867.572929710151,2667.0
18881.46194459405,2667.0
18881.46194459405,2555.0
20364.677386614498,2555.0
20364.677386614498,2667.0
47167.55200135522,2667.0
47167.55200135522,2555.0
47467.55200135522,2555.0
47467.55200135522,2667.0
48249.55622500275,2667.0
48249.55622500275,2555.0
48849.55622500275,2555.0
48849.55622500275,2667.0
53080.114531517036,2667.0
53080.114531517036,2555.0
83119.89939138295,2555.0
83119.89939138295,2429.0
86400.0,2429.0
# temp #7641
0.0,2234.0
61255.339365731925,2234.0
61255.339365731925,2555.0
65201.62304774858,2555.0
65201.62304774858,2234.0
86400.000002,2234.0
# temp #7642
0.0,2234.0
71875.11254993734,2234.0
71875.11254993734,2555.0
86400.0,2555.0
# temp #7643
0.0,2234.0
23082.83411446028,2234.0
23082.83411446028,2555.0
26281.41514998861,2555.0
26281.41514998861,2667.0
32581.41514998861,2667.0
32581.41514998861,2555.0
33781.41514998861,2555.0
33781.41514998861,2429.0
76981.4151499886,2429.0
76981.4151499886,2234.0
83281.25526742078,2234.0
83281.25526742078,2667.0
86400.000002,2667.0
# temp #7644
0.0,2234.0
29955.960454163145,2234.0
29955.960454163145,2555.0
69165.0963455206,2555.0
69165.0963455206,2429.0
69709.38785984182,2429.0
69709.38785984182,2555.0
86400.0,2555.0
# temp #7645
0.0,2234.0
16570.581621676687,2234.0
16570.581621676687,2017.0
37879.053568840034,2017.0
37879.053568840034,2234.0
44102.69807567821,2234.0
44102.69807567821,2017.0
78655.49358171412,2017.0
78655.49358171412,2234.0
86400.0,2234.0
# temp #7646
0.0,2234.0
461.5479880012572,2234.0
461.5479880012572,2017.0
47878.63097218797,2017.0
47878.63097218797,2234.0
73599.25694139676,2234.0
73599.25694139676,2017.0
86400.0,2017.0
# temp #7647
0.0,2234.0
19317.45298532769,2234.0
19317.45298532769,2017.0
31627.788587193936,2017.0
31627.788587193936,2234.0
57669.50083952398,2234.0
57669.50083952398,2017.0
86400.000002,2017.0
# temp #7648
0.0,2234.0
5272.248399560341,2234.0
5272.248399560341,2667.0
5705.648638098502,2667.0
5705.648638098502,2555.0
6693.225612561219,2555.0
6693.225612561219,2667.0
16803.105260711167,2667.0
16803.105260711167,2555.0
17103.105260711167,2555.0
17103.105260711167,2667.0
17827.208793768663,2667.0
17827.208793768663,2555.0
18427.208793768663,2555.0
18427.208793768663,2667.0
50477.21637426876,2667.0
50477.21637426876,2883.0
64406.06254097076,2883.0
64406.06254097076,2429.0
80067.56049958059,2429.0
80067.56049958059,2234.0
86400.000002,2234.0
# temp #7649
0.0,2234.0
4367.38088191487,2234.0
4367.38088191487,2667.0
27474.87786544953,2667.0
27474.87786544953,2555.0
27803.913416457366,2555.0
27803.913416457366,2429.0
30803.35342464969,2429.0
30803.35342464969,2234.0
42971.76024892834,2234.0
42971.76024892834,2429.0
86400.000002,2429.0
# temp #7650
0.0,2234.0
58428.26805899386,2234.0
58428.26805899386,2555.0
59334.498719894334,2555.0
59334.498719894334,2667.0
69234.49871989433,2667.0
69234.49871989433,2555.0
70826.26319343691,2555.0
70826.26319343691,2429.0
75656.41352743843,2429.0
75656.41352743843,2555.0
77442.82536688262,2555.0
77442.82536688262,2429.0
86400.000002,2429.0
# temp #7651
0.0,2234.0
15696.838266402487,2234.0
15696.838266402487,2883.0
26796.838266402487,2883.0
26796.838266402487,2555.0
46618.81982751657,2555.0
46618.81982751657,2429.0
67144.41828955898,2429.0
67144.41828955898,2234.0
86400.000002,2234.0
# temp #7652
0.0,2234.0
830.2760046673939,2234.0
830.2760046673939,2667.0
15588.608018425295,2667.0
15588.608018425295,2555.0
16067.070175171832,2555.0
16067.070175171832,2667.0
22465.717011108067,2667.0
22465.717011108067,2555.0
22765.717011108067,2555.0
22765.717011108067,2667.0
23451.05383191258,2667.0
23451.05383191258,2555.0
24051.05383191258,2555.0
24051.05383191258,2667.0
55298.18327778486,2667.0
55298.18327778486,2555.0
71823.94166670275,2555.0
71823.94166670275,2667.0
86400.000002,2667.0
# temp #7653
0.0,2234.0
1596.6456446098166,2234.0
1596.6456446098166,2667.0
9596.840019361116,2667.0
9596.840019361116,2555.0
10304.023017757572,2555.0
10304.023017757572,2429.0
17802.907582581975,2429.0
17802.907582581975,2234.0
18232.223483291455,2234.0
18232.223483291455,2667.0
43263.00978180953,2667.0
43263.00978180953,2555.0
74501.79709866644,2555.0
74501.79709866644,2429.0
86400.000002,2429.0
# temp #7654
0.0,2234.0
4250.991327641533,2234.0
4250.991327641533,2667.0
24555.91597768944,2667.0
24555.91597768944,2555.0
25511.240295111205,2555.0
25511.240295111205,2667.0
32534.470944036733,2667.0
32534.470944036733,2555.0
32834.47094403674,2555.0
32834.47094403674,2667.0
33134.47094403674,2667.0
33134.47094403674,2555.0
36434.47094403674,2555.0
36434.47094403674,2667.0
61934.47094403673,2667.0
61934.47094403673,2883.0
86400.000002,2883.0
# temp #7655
0.0,2234.0
20660.491784848276,2234.0
20660.491784848276,2017.0
48642.55034085364,2017.0
48642.55034085364,2234.0
71916.16536984222,2234.0
71916.16536984222,2017.0
86400.000002,2017.0
# temp #7656
0.0,2234.0
29761.032932996754,2234.0
29761.032932996754,2429.0
36661.03293299675,2429.0
36661.03293299675,2555.0
38461.03293299675,2555.0
38461.03293299675,2429.0
51361.03293299675,2429.0
51361.03293299675,2234.0
51661.03293299675,2234.0
51661.03293299675,2017.0
51961.03293299675,2017.0
51961.03293299675,2234.0
52261.03293299675,2234.0
52261.03293299675,2017.0
67951.43974665552,2017.0
67951.43974665552,2234.0
78251.70191600919,2234.0
78251.70191600919,2667.0
86400.0,2667.0
# temp #7657
0.0,2234.0
22341.75526897889,2234.0
22341.75526897889,2555.0
25972.622275399048,2555.0
25972.622275399048,2667.0
26546.66697790381,2667.0
26546.66697790381,2555.0
26846.66697790381,2555.0
26846.66697790381,2667.0
53546.666977903806,2667.0
53546.666977903806,2555.0
69446.6669779038,2555.0
69446.6669779038,2234.0
73046.6669779038,2234.0
73046.6669779038,2429.0
82946.6669779038,2429.0
82946.6669779038,2555.0
83546.6669779038,2555.0
83546.6669779038,2667.0
86400.0,2667.0
# temp #7658
0.0,2234.0
1015.3194864979015,2234.0
1015.3194864979015,2667.0
15676.046197651887,2667.0
15676.046197651887,2555.0
16990.354445739653,2555.0
16990.354445739653,2667.0
17647.613716218624,2667.0
17647.613716218624,2555.0
17947.613716218624,2555.0
17947.613716218624,2429.0
43976.979983481586,2429.0
43976.979983481586,2555.0
63227.976195956595,2555.0
63227.976195956595,2667.0
73815.75358004776,2667.0
73815.75358004776,2883.0
86400.000002,2883.0
# temp #7659
0.0,2234.0
48617.79667334632,2234.0
48617.79667334632,2555.0
54888.188779447235,2555.0
54888.188779447235,2429.0
55445.3637826955,2429.0
55445.3637826955,2555.0
67116.80227881299,2555.0
67116.80227881299,2429.0
68226.4869173756,2429.0
68226.4869173756,2234.0
86400.000002,2234.0
# temp #7660
0.0,2234.0
33655.29413761106,2234.0
33655.29413761106,2429.0
34201.6208378831,2429.0
34201.6208378831,2555.0
34809.41602124368,2555.0
34809.41602124368,2429.0
62526.15415169859,2429.0
62526.15415169859,2555.0
71482.08882738838,2555.0
71482.08882738838,2667.0
82482.34827644193,2667.0
82482.34827644193,2555.0
86400.0,2555.0
# temp #7661
0.0,2234.0
10497.212666273117,2234.0
10497.212666273117,2429.0
11097.212666273117,2429.0
11097.212666273117,2555.0
14978.456936404109,2555.0
14978.456936404109,2429.0
49535.553813935265,2429.0
49535.553813935265,2555.0
57342.41415476427,2555.0
57342.41415476427,2429.0
86400.000002,2429.0
# temp #7662
0.0,2234.0
5855.524578667247,2234.0
5855.524578667247,2883.0
6207.6156279305005,2883.0
6207.6156279305005,2667.0
11827.086644573137,2667.0
11827.086644573137,2883.0
29647.200593096208,2883.0
29647.200593096208,2429.0
59364.652766590014,2429.0
59364.652766590014,2883.0
66028.09428556358,2883.0
66028.09428556358,2667.0
86400.0,2667.0
# temp #7663
0.0,2234.0
56178.83487953805,2234.0
56178.83487953805,2555.0
70442.72737945431,2555.0
70442.72737945431,2429.0
71295.98215143198,2429.0
71295.98215143198,2234.0
71895.98215143198,2234.0
71895.98215143198,2429.0
74295.98215143198,2429.0
74295.98215143198,2555.0
84495.98215143198,2555.0
84495.98215143198,2667.0
86400.0,2667.0
# temp #7664
0.0,2234.0
42521.36780116708,2234.0
42521.36780116708,2017.0
86400.0,2017.0
# temp #7665
0.0,2234.0
38140.30827088282,2234.0
38140.30827088282,2017.0
41155.818304186694,2017.0
41155.818304186694,2234.0
48793.327891593806,2234.0
48793.327891593806,2017.0
64797.804025048405,2017.0
64797.804025048405,2234.0
72723.52149565706,2234.0
72723.52149565706,2017.0
86400.000002,2017.0
# temp #7666
0.0,2234.0
9123.466138425283,2234.0
9123.466138425283,2429.0
16023.466138425283,2429.0
16023.466138425283,2555.0
17823.466138425283,2555.0
17823.466138425283,2429.0
30723.466138425283,2429.0
30723.466138425283,2234.0
31023.466138425283,2234.0
31023.466138425283,2017.0
31323.466138425283,2017.0
31323.466138425283,2234.0
31623.466138425283,2234.0
31623.466138425283,2017.0
46802.766343485564,2017.0
46802.766343485564,2234.0
62366.34845165536,2234.0
62366.34845165536,2667.0
68307.90511246305,2667.0
68307.90511246305,2555.0
86400.0,2555.0
# temp #7667
0.0,2234.0
26699.32562322356,2234.0
26699.32562322356,2555.0
46075.368432048715,2555.0
46075.368432048715,2429.0
46604.88417735324,2429.0
46604.88417735324,2555.0
57455.96568868496,2555.0
57455.96568868496,2429.0
58402.16578035616,2429.0
58402.16578035616,2555.0
58885.55912640878,2555.0
58885.55912640878,2429.0
59185.55912640878,2429.0
59185.55912640878,2555.0
79585.55912640879,2555.0
79585.55912640879,2429.0
79885.55912640879,2429.0
79885.55912640879,2555.0
80485.55912640879,2555.0
80485.55912640879,2667.0
85183.91222718639,2667.0
85183.91222718639,2555.0
86400.0,2555.0
# temp #7668
0.0,2234.0
3668.6859838664536,2234.0
3668.6859838664536,2017.0
55370.190891623504,2017.0
55370.190891623504,2234.0
71578.9509815164,2234.0
71578.9509815164,2017.0
86400.0,2017.0
# temp #7669
0.0,2234.0
1333.151594409719,2234.0
1333.151594409719,2667.0
2325.0521280337125,2667.0
2325.0521280337125,2555.0
3418.1707789655775,2555.0
3418.1707789655775,2667.0
6514.439033623785,2667.0
6514.439033623785,2555.0
6814.439033623785,2555.0
6814.439033623785,2667.0
7571.851429156959,2667.0
7571.851429156959,2555.0
8171.851429156959,2555.0
8171.851429156959,2667.0
33889.52773902565,2667.0
33889.52773902565,2555.0
54110.32726073173,2555.0
54110.32726073173,2429.0
79172.53397530878,2429.0
79172.53397530878,2234.0
86400.000002,2234.0
# temp #7670
0.0,2234.0
27303.3552818466,2234.0
27303.3552818466,2429.0
27665.24964475539,2429.0
27665.24964475539,2555.0
30030.963170318868,2555.0
30030.963170318868,2429.0
39294.200099213056,2429.0
39294.200099213056,2555.0
46866.53628875502,2555.0
46866.53628875502,2667.0
58634.76035445929,2667.0
58634.76035445929,2555.0
74704.79309968652,2555.0
74704.79309968652,2667.0
86400.0,2667.0
# temp #7671
0.0,2234.0
1708.5838387487458,2234.0
1708.5838387487458,2667.0
37615.24314950221,2667.0
37615.24314950221,2555.0
38102.26714597084,2555.0
38102.26714597084,2667.0
59713.63650367131,2667.0
59713.63650367131,2555.0
60013.63650367131,2555.0
60013.63650367131,2667.0
60632.3318389943,2667.0
60632.3318389943,2555.0
61232.3318389943,2555.0
61232.3318389943,2667.0
70692.96955943575,2667.0
70692.96955943575,2234.0
86400.0,2234.0
# temp #7672
0.0,2234.0
83762.55351968577,2234.0
83762.55351968577,2555.0
84870.0474096928,2555.0
84870.0474096928,2667.0
86400.000002,2667.0
# temp #7673
0.0,2234.0
48556.361260917045,2234.0
48556.361260917045,2555.0
55737.25726925769,2555.0
55737.25726925769,2429.0
56273.54519551155,2429.0
56273.54519551155,2555.0
70525.17731005793,2555.0
70525.17731005793,2429.0
71569.0201816382,2429.0
71569.0201816382,2555.0
72410.48909139355,2555.0
72410.48909139355,2429.0
86400.000002,2429.0
# temp #7674
0.0,2234.0
37217.143597500406,2234.0
37217.143597500406,2017.0
49752.028235374026,2017.0
49752.028235374026,2234.0
54802.27278512903,2234.0
54802.27278512903,2017.0
57587.61623371393,2017.0
57587.61623371393,2234.0
86400.000002,2234.0
# temp #7675
0.0,2234.0
76758.38490261232,2234.0
76758.38490261232,2555.0
81638.44520039858,2555.0
81638.44520039858,2234.0
86400.0,2234.0
# temp #7676
0.0,2234.0
34550.56849708781,2234.0
34550.56849708781,2429.0
35150.56849708781,2429.0
35150.56849708781,2555.0
36197.272499185055,2555.0
36197.272499185055,2429.0
50473.02469387651,2429.0
50473.02469387651,2555.0
75062.67363005318,2555.0
75062.67363005318,2429.0
81979.2228665203,2429.0
81979.2228665203,2234.0
83406.106474204,2234.0
83406.106474204,2429.0
86400.0,2429.0
# temp #7677
0.0,2234.0
41375.97293865402,2234.0
41375.97293865402,2555.0
46367.892748327,2555.0
46367.892748327,2667.0
52667.892748327,2667.0
52667.892748327,2555.0
53867.892748327,2555.0
53867.892748327,2429.0
86400.000002,2429.0
# temp #7678
0.0,2234.0
61368.72031046078,2234.0
61368.72031046078,2555.0
86400.0,2555.0
# temp #7679
0.0,2234.0
5213.989087846131,2234.0
5213.989087846131,2555.0
8368.883860437201,2555.0
8368.883860437201,2667.0
14668.883860437201,2667.0
14668.883860437201,2555.0
15868.883860437201,2555.0
15868.883860437201,2429.0
59068.8838604372,2429.0
59068.8838604372,2234.0
86400.0,2234.0
# temp #7680
0.0,2234.0
8823.135949415157,2234.0
8823.135949415157,2555.0
10973.879995686004,2555.0
10973.879995686004,2429.0
11340.517648193056,2429.0
11340.517648193056,2555.0
18048.74888614286,2555.0
18048.74888614286,2429.0
19495.1136834221,2429.0
19495.1136834221,2555.0
20873.730769869875,2555.0
20873.730769869875,2429.0
21173.730769869875,2429.0
21173.730769869875,2555.0
41573.73076986987,2555.0
41573.73076986987,2429.0
41873.73076986987,2429.0
41873.73076986987,2555.0
42473.73076986987,2555.0
42473.73076986987,2667.0
86400.000002,2667.0
# temp #7681
0.0,2234.0
15254.710511723537,2234.0
15254.710511723537,2883.0
16813.059485075068,2883.0
16813.059485075068,2667.0
25501.82114504278,2667.0
25501.82114504278,2883.0
25867.27206059732,2883.0
25867.27206059732,2429.0
50370.138848642826,2429.0
50370.138848642826,2234.0
81297.43980711793,2234.0
81297.43980711793,2429.0
83709.48371482083,2429.0
83709.48371482083,2667.0
86400.0,2667.0
# temp #7682
0.0,2234.0
6538.042563549244,2234.0
6538.042563549244,2667.0
13062.789981113749,2667.0
13062.789981113749,2555.0
13468.475644709544,2555.0
13468.475644709544,2667.0
38826.829379308045,2667.0
38826.829379308045,2555.0
39426.829379308045,2555.0
39426.829379308045,2667.0
52217.97881524545,2667.0
52217.97881524545,2555.0
55454.25701800269,2555.0
55454.25701800269,2429.0
62186.88356217463,2429.0
62186.88356217463,2555.0
68159.26002587659,2555.0
68159.26002587659,2429.0
74888.46542125104,2429.0
74888.46542125104,2555.0
80927.37481787337,2555.0
80927.37481787337,2667.0
86170.54287074135,2667.0
86170.54287074135,2555.0
86400.000002,2555.0
# temp #7683
0.0,2234.0
11537.17304680031,2234.0
11537.17304680031,2883.0
12214.909060299398,2883.0
12214.909060299398,2667.0
14431.852156156676,2667.0
14431.852156156676,2883.0
18988.062746962536,2883.0
18988.062746962536,2429.0
33064.6784909768,2429.0
33064.6784909768,2234.0
36881.60138202366,2234.0
36881.60138202366,2667.0
65436.50033427403,2667.0
65436.50033427403,2555.0
73429.71877818929,2555.0
73429.71877818929,2667.0
86400.0,2667.0
# temp #7684
0.0,2234.0
23764.383947546597,2234.0
23764.383947546597,2555.0
41490.066680847674,2555.0
41490.066680847674,2429.0
41965.08610071615,2429.0
41965.08610071615,2555.0
52237.163516250446,2555.0
52237.163516250446,2429.0
53644.833134603694,2429.0
53644.833134603694,2555.0
54339.2452571774,2555.0
54339.2452571774,2429.0
54639.2452571774,2429.0
54639.2452571774,2555.0
75039.2452571774,2555.0
75039.2452571774,2429.0
75339.2452571774,2429.0
75339.2452571774,2555.0
75939.2452571774,2555.0
75939.2452571774,2667.0
86400.0,2667.0
# temp #7685
0.0,2234.0
2337.128140730784,2234.0
2337.128140730784,2017.0
22065.046930639077,2017.0
22065.046930639077,2234.0
57118.33050590941,2234.0
57118.33050590941,2017.0
85324.47851118633,2017.0
85324.47851118633,2234.0
86400.000002,2234.0
# temp #7686
0.0,2234.0
29268.464605626654,2234.0
29268.464605626654,2429.0
61368.46460562665,2429.0
61368.46460562665,2555.0
61668.46460562665,2555.0
61668.46460562665,2667.0
73330.70508101955,2667.0
73330.70508101955,2555.0
86400.0,2555.0
# temp #7687
0.0,2234.0
6072.777696931736,2234.0
6072.777696931736,2667.0
47785.12428766117,2667.0
47785.12428766117,2555.0
48583.73242160306,2555.0
48583.73242160306,2667.0
57518.48299442791,2667.0
57518.48299442791,2555.0
57818.48299442791,2555.0
57818.48299442791,2667.0
58707.36419695896,2667.0
58707.36419695896,2555.0
59307.36419695896,2555.0
59307.36419695896,2667.0
82073.11057343615,2667.0
82073.11057343615,2883.0
86400.0,2883.0
# temp #7688
0.0,2234.0
21746.913545206193,2234.0
21746.913545206193,2429.0
28646.913545206193,2429.0
28646.913545206193,2555.0
30446.913545206193,2555.0
30446.913545206193,2429.0
43346.91354520619,2429.0
43346.91354520619,2234.0
43646.91354520619,2234.0
43646.91354520619,2017.0
43946.91354520619,2017.0
43946.91354520619,2234.0
44246.91354520619,2234.0
44246.91354520619,2017.0
50686.46075490397,2017.0
50686.46075490397,2234.0
84379.02200049722,2234.0
84379.02200049722,2429.0
86400.0,2429.0
# temp #7689
0.0,2234.0
24044.66329989955,2234.0
24044.66329989955,2555.0
39943.39474383742,2555.0
39943.39474383742,2667.0
74665.09669949302,2667.0
74665.09669949302,2555.0
86400.0,2555.0
# temp #7690
0.0,2234.0
14357.37642569002,2234.0
14357.37642569002,2555.0
17664.23139253166,2555.0
17664.23139253166,2667.0
23964.231392531656,2667.0
23964.231392531656,2555.0
25164.231392531656,2555.0
25164.231392531656,2429.0
68364.23139253166,2429.0
68364.23139253166,2234.0
86400.000002,2234.0
# temp #7691
0.0,2234.0
2568.6645764624704,2234.0
2568.6645764624704,2667.0
25001.834966288883,2667.0
25001.834966288883,2555.0
25688.996970048178,2555.0
25688.996970048178,2667.0
41145.024911756635,2667.0
41145.024911756635,2555.0
41445.024911756635,2555.0
41445.024911756635,2667.0
41745.024911756635,2667.0
41745.024911756635,2555.0
45045.024911756635,2555.0
45045.024911756635,2667.0
70545.02491175663,2667.0
70545.02491175663,2883.0
86400.000002,2883.0
# temp #7692
0.0,2234.0
31805.743619170975,2234.0
31805.743619170975,2429.0
32105.743619170975,2429.0
32105.743619170975,2234.0
39175.49677987118,2234.0
39175.49677987118,2667.0
41069.374235230505,2667.0
41069.374235230505,2234.0
62258.76774417703,2234.0
62258.76774417703,2429.0
81121.44327233547,2429.0
81121.44327233547,2555.0
86400.0,2555.0
# temp #7693
0.0,2234.0
7584.529477497565,2234.0
7584.529477497565,2667.0
19290.593894314956,2667.0
19290.593894314956,2555.0
19834.02835784946,2555.0
19834.02835784946,2429.0
37898.020961461596,2429.0
37898.020961461596,2555.0
66298.18891051692,2555.0
66298.18891051692,2429.0
86400.0,2429.0
# temp #7694
0.0,2234.0
73943.14518955072,2234.0
73943.14518955072,2555.0
86400.0,2555.0
# temp #7695
0.0,2234.0
6025.708928145469,2234.0
6025.708928145469,2555.0
36326.29015585408,2555.0
36326.29015585408,2429.0
36744.577746349394,2429.0
36744.577746349394,2555.0
59155.38100758569,2555.0
59155.38100758569,2429.0
60122.81455630438,2429.0
60122.81455630438,2234.0
64665.466110664434,2234.0
64665.466110664434,2429.0
73476.90728008749,2429.0
73476.90728008749,2555.0
86400.0,2555.0
# temp #7696
0.0,2234.0
23801.895225467164,2234.0
23801.895225467164,2017.0
73464.49428959751,2017.0
73464.49428959751,2234.0
86400.000002,2234.0
# temp #7697
0.0,2234.0
55498.041699989706,2234.0
55498.041699989706,2555.0
75950.98192950246,2555.0
75950.98192950246,2429.0
76380.40061469657,2429.0
76380.40061469657,2555.0
86400.0,2555.0
# temp #7698
0.0,2234.0
9864.40895330161,2234.0
9864.40895330161,2883.0
20964.40895330161,2883.0
20964.40895330161,2555.0
36762.58630743251,2555.0
36762.58630743251,2429.0
52758.02250523121,2429.0
52758.02250523121,2883.0
75090.0537853595,2883.0
75090.0537853595,2429.0
86400.0,2429.0
# temp #7699
0.0,2234.0
3006.615316565149,2234.0
3006.615316565149,2667.0
29601.134401350286,2667.0
29601.134401350286,2555.0
30348.126395861622,2555.0
30348.126395861622,2667.0
34873.17145289854,2667.0
34873.17145289854,2555.0
35173.17145289854,2555.0
35173.17145289854,2667.0
35959.1447062092,2667.0
35959.1447062092,2555.0
36559.1447062092,2555.0
36559.1447062092,2667.0
73487.31400715189,2667.0
73487.31400715189,2555.0
86400.000002,2555.0
# temp #7700
0.0,2234.0
3006.061703106389,2234.0
3006.061703106389,2017.0
22306.465014908466,2017.0
22306.465014908466,2234.0
54336.23496238143,2234.0
54336.23496238143,2017.0
66159.11958762446,2017.0
66159.11958762446,2234.0
83688.44873257914,2234.0
83688.44873257914,2017.0
86400.0,2017.0
# temp #7701
0.0,2234.0
71613.16442869138,2234.0
71613.16442869138,2555.0
74655.81236549187,2555.0
74655.81236549187,2234.0
86400.000002,2234.0
# temp #7702
0.0,2234.0
772.1249546622857,2234.0
772.1249546622857,2667.0
22678.234493499625,2667.0
22678.234493499625,2555.0
24086.269303550947,2555.0
24086.269303550947,2667.0
38149.29436210078,2667.0
38149.29436210078,2555.0
38449.29436210078,2555.0
38449.29436210078,2667.0
39327.86209804472,2667.0
39327.86209804472,2555.0
39927.86209804472,2555.0
39927.86209804472,2667.0
78885.57368468029,2667.0
78885.57368468029,2883.0
80619.12901704201,2883.0
80619.12901704201,2429.0
86400.0,2429.0
# temp #7703
0.0,2234.0
5778.6795827094475,2234.0
5778.6795827094475,2883.0
6860.667284717784,2883.0
6860.667284717784,2667.0
16656.11861329526,2667.0
16656.11861329526,2883.0
42054.013090627275,2883.0
42054.013090627275,2429.0
53477.72006357555,2429.0
53477.72006357555,2234.0
83240.27314551642,2234.0
83240.27314551642,2429.0
86400.0,2429.0
# temp #7704
0.0,2234.0
50878.83032527753,2234.0
50878.83032527753,2555.0
52710.60005442706,2555.0
52710.60005442706,2667.0
53182.49516612851,2667.0
53182.49516612851,2555.0
59182.49516612851,2555.0
59182.49516612851,2429.0
61582.49516612851,2429.0
61582.49516612851,2234.0
65182.49516612851,2234.0
65182.49516612851,2429.0
66382.4951661285,2429.0
66382.4951661285,2234.0
72082.4951661285,2234.0
72082.4951661285,2429.0
82300.67138413434,2429.0
82300.67138413434,2234.0
86400.000002,2234.0
# temp #7705
0.0,2234.0
7269.731516903268,2234.0
7269.731516903268,2667.0
14159.508896945048,2667.0
14159.508896945048,2555.0
15632.950281864036,2555.0
15632.950281864036,2667.0
16392.953269626018,2667.0
16392.953269626018,2555.0
19392.953269626018,2555.0
19392.953269626018,2667.0
45492.953269626014,2667.0
45492.953269626014,2883.0
86400.0,2883.0
# temp #7706
0.0,2234.0
41870.04476885778,2234.0
41870.04476885778,2555.0
80546.23304845301,2555.0
80546.23304845301,2429.0
80993.90018528794,2429.0
80993.90018528794,2555.0
86400.0,2555.0
# temp #7707
0.0,2234.0
72417.92999922764,2234.0
72417.92999922764,2555.0
76612.11917374749,2555.0
76612.11917374749,2234.0
85216.20847082231,2234.0
85216.20847082231,2667.0
85850.6484698737,2667.0
85850.6484698737,2883.0
86400.0,2883.0
# temp #7708
0.0,2234.0
60545.92434566003,2234.0
60545.92434566003,2555.0
61367.43333006744,2555.0
61367.43333006744,2667.0
61795.180605445064,2667.0
61795.180605445064,2555.0
67795.18060544506,2555.0
67795.18060544506,2429.0
70195.18060544506,2429.0
70195.18060544506,2234.0
73795.18060544506,2234.0
73795.18060544506,2429.0
74995.18060544506,2429.0
74995.18060544506,2234.0
80695.18060544506,2234.0
80695.18060544506,2429.0
86400.000002,2429.0
# temp #7709
0.0,2234.0
34016.420753113925,2234.0
34016.420753113925,2555.0
61563.19728058299,2555.0
61563.19728058299,2429.0
86400.000002,2429.0
# temp #7710
0.0,2234.0
26388.576066121463,2234.0
26388.576066121463,2429.0
33288.57606612146,2429.0
33288.57606612146,2555.0
35088.57606612146,2555.0
35088.57606612146,2429.0
47988.57606612146,2429.0
47988.57606612146,2234.0
48288.57606612146,2234.0
48288.57606612146,2017.0
48588.57606612146,2017.0
48588.57606612146,2234.0
48888.57606612146,2234.0
48888.57606612146,2017.0
65453.36393325125,2017.0
65453.36393325125,2234.0
68728.12174907887,2234.0
68728.12174907887,2429.0
70768.82196539083,2429.0
70768.82196539083,2883.0
86400.000002,2883.0
# temp #7711
0.0,2234.0
3111.051643104293,2234.0
3111.051643104293,2429.0
3539.5394101040442,2429.0
3539.5394101040442,2555.0
4468.244804372081,2555.0
4468.244804372081,2429.0
35707.03718822916,2429.0
35707.03718822916,2555.0
39709.259473672144,2555.0
39709.259473672144,2429.0
86400.0,2429.0
# temp #7712
0.0,2234.0
67626.393561624,2234.0
67626.393561624,2555.0
73735.75663785452,2555.0
73735.75663785452,2429.0
86400.000002,2429.0
# temp #7713
0.0,2234.0
3322.061423538253,2234.0
3322.061423538253,2667.0
14789.734270842748,2667.0
14789.734270842748,2555.0
15636.058992287146,2555.0
15636.058992287146,2429.0
26108.759487653155,2429.0
26108.759487653155,2555.0
37468.277356261395,2555.0
37468.277356261395,2667.0
48427.571737091064,2667.0
48427.571737091064,2555.0
49569.011572259486,2555.0
49569.011572259486,2667.0
56402.93411139865,2667.0
56402.93411139865,2555.0
60844.055457646034,2555.0
60844.055457646034,2429.0
85062.8489587689,2429.0
85062.8489587689,2555.0
86400.0,2555.0
# temp #7714
0.0,2234.0
42781.183787388734,2234.0
42781.183787388734,2017.0
60456.10524429941,2017.0
60456.10524429941,2234.0
86400.0,2234.0
# temp #7715
0.0,2234.0
6336.870376579464,2234.0
6336.870376579464,2667.0
28605.285313096832,2667.0
28605.285313096832,2555.0
29280.638296832334,2555.0
29280.638296832334,2667.0
66951.34928910994,2667.0
66951.34928910994,2555.0
67551.34928910994,2555.0
67551.34928910994,2667.0
86400.000002,2667.0
# temp #7716
0.0,2234.0
28279.193957685497,2234.0
28279.193957685497,2429.0
28666.791549324993,2429.0
28666.791549324993,2555.0
32576.794410869483,2555.0
32576.794410869483,2429.0
50427.08848393523,2429.0
50427.08848393523,2555.0
77987.28795773351,2555.0
77987.28795773351,2429.0
79873.51350265091,2429.0
79873.51350265091,2555.0
84816.1655529868,2555.0
84816.1655529868,2429.0
86400.000002,2429.0
# temp #7717
0.0,2234.0
5244.4022621260965,2234.0
5244.4022621260965,2667.0
38709.304490732036,2667.0
38709.304490732036,2555.0
39112.948631728075,2555.0
39112.948631728075,2429.0
43954.431162960835,2429.0
43954.431162960835,2555.0
50768.67319028825,2555.0
50768.67319028825,2667.0
84210.77955490911,2667.0
84210.77955490911,2555.0
86400.000002,2555.0
# temp #7718
0.0,2234.0
35464.039542619146,2234.0
35464.039542619146,2429.0
36064.039542619146,2429.0
36064.039542619146,2555.0
38161.57057480887,2555.0
38161.57057480887,2429.0
66165.83147565836,2429.0
66165.83147565836,2555.0
82465.51092588344,2555.0
82465.51092588344,2667.0
86400.000002,2667.0
# temp #7719
0.0,2234.0
5854.0674589108685,2234.0
5854.0674589108685,2017.0
59415.57567925193,2017.0
59415.57567925193,2234.0
66382.11052981207,2234.0
66382.11052981207,2017.0
86400.0,2017.0
# temp #7720
0.0,2234.0
68572.02842705885,2234.0
68572.02842705885,2555.0
86400.0,2555.0
# temp #7721
0.0,2234.0
6939.621103531683,2234.0
6939.621103531683,2667.0
41774.232109054,2667.0
41774.232109054,2555.0
42894.11792855245,2555.0
42894.11792855245,2667.0
67427.15197862127,2667.0
67427.15197862127,2555.0
68027.15197862127,2555.0
68027.15197862127,2667.0
86400.0,2667.0
# temp #7722
0.0,2234.0
30995.442913379524,2234.0
30995.442913379524,2429.0
31595.442913379524,2429.0
31595.442913379524,2555.0
34920.025836210705,2555.0
34920.025836210705,2429.0
71371.95771778935,2429.0
71371.95771778935,2555.0
84430.95210115427,2555.0
84430.95210115427,2667.0
86400.000002,2667.0
# temp #7723
0.0,2234.0
38490.92364676763,2234.0
38490.92364676763,2555.0
39529.40698235762,2555.0
39529.40698235762,2429.0
39998.52483649739,2429.0
39998.52483649739,2555.0
43405.46000415926,2555.0
43405.46000415926,2429.0
43983.27535379213,2429.0
43983.27535379213,2234.0
50793.396022520035,2234.0
50793.396022520035,2667.0
67360.71762128269,2667.0
67360.71762128269,2555.0
77053.85169291405,2555.0
77053.85169291405,2429.0
86400.0,2429.0
# temp #7724
0.0,2234.0
59644.141227495864,2234.0
59644.141227495864,2555.0
72287.72695383524,2555.0
72287.72695383524,2429.0
75883.81873390173,2429.0
75883.81873390173,2234.0
77574.15140429513,2234.0
77574.15140429513,2429.0
82367.90085502436,2429.0
82367.90085502436,2234.0
86400.000002,2234.0
# temp #7725
0.0,2234.0
40607.728697173305,2234.0
40607.728697173305,2017.0
74112.41609486753,2017.0
74112.41609486753,2234.0
86400.000002,2234.0
# temp #7726
0.0,2234.0
17736.955169308934,2234.0
17736.955169308934,2429.0
18064.465540833775,2429.0
18064.465540833775,2555.0
19938.041841052476,2555.0
19938.041841052476,2429.0
65289.36856146903,2429.0
65289.36856146903,2883.0
79556.39229370283,2883.0
79556.39229370283,2667.0
86400.0,2667.0
# temp #7727
0.0,2234.0
6842.834087018857,2234.0
6842.834087018857,2667.0
27529.207702609718,2667.0
27529.207702609718,2555.0
28471.405534422964,2555.0
28471.405534422964,2429.0
42904.859345150195,2429.0
42904.859345150195,2555.0
62599.75405270235,2555.0
62599.75405270235,2429.0
82117.50415563585,2429.0
82117.50415563585,2555.0
85442.31953797863,2555.0
85442.31953797863,2667.0
86400.000002,2667.0
# temp #7728
0.0,2234.0
34076.46645940841,2234.0
34076.46645940841,2555.0
70064.899631124,2555.0
70064.899631124,2429.0
70650.08132338991,2429.0
70650.08132338991,2555.0
86400.000002,2555.0
# temp #7729
0.0,2234.0
5526.258824835532,2234.0
5526.258824835532,2555.0
7085.456321854145,2555.0
7085.456321854145,2667.0
7603.269339585678,2667.0
7603.269339585678,2555.0
7903.269339585678,2555.0
7903.269339585678,2667.0
11503.269339585679,2667.0
11503.269339585679,2555.0
13003.269339585679,2555.0
13003.269339585679,2429.0
18071.30685299635,2429.0
18071.30685299635,2234.0
42818.297659582466,2234.0
42818.297659582466,2429.0
71228.27409363819,2429.0
71228.27409363819,2883.0
82810.46807540116,2883.0
82810.46807540116,2429.0
86400.0,2429.0
# temp #7730
0.0,2234.0
24373.76957754605,2234.0
24373.76957754605,2017.0
36806.58150105738,2017.0
36806.58150105738,2234.0
75292.06562186593,2234.0
75292.06562186593,2017.0
86400.0,2017.0
# temp #7731
0.0,2234.0
3357.6914826175203,2234.0
3357.6914826175203,2667.0
38213.415221055046,2667.0
38213.415221055046,2555.0
39113.749964931056,2555.0
39113.749964931056,2429.0
86400.000002,2429.0
# temp #7732
0.0,2234.0
4988.184113544413,2234.0
4988.184113544413,2667.0
21762.116768234413,2667.0
21762.116768234413,2555.0
22118.885140051138,2555.0
22118.885140051138,2667.0
43524.653542949825,2667.0
43524.653542949825,2555.0
44124.653542949825,2555.0
44124.653542949825,2667.0
59260.17271026504,2667.0
59260.17271026504,2555.0
62225.47292418313,2555.0
62225.47292418313,2429.0
64622.254120465375,2429.0
64622.254120465375,2667.0
66747.02207779048,2667.0
66747.02207779048,2555.0
86400.000002,2555.0
# temp #7733
0.0,2234.0
26420.003682374958,2234.0
26420.003682374958,2555.0
29347.520096437078,2555.0
29347.520096437078,2667.0
29893.226980813783,2667.0
29893.226980813783,2555.0
35893.226980813786,2555.0
35893.226980813786,2429.0
38293.226980813786,2429.0
38293.226980813786,2234.0
41893.226980813786,2234.0
41893.226980813786,2429.0
43093.226980813786,2429.0
43093.226980813786,2234.0
48793.226980813786,2234.0
48793.226980813786,2429.0
72515.55784069933,2429.0
72515.55784069933,2555.0
81869.04275449926,2555.0
81869.04275449926,2667.0
86400.000002,2667.0
# temp #7734
0.0,2234.0
5584.874240448699,2234.0
5584.874240448699,2667.0
22265.92691692058,2667.0
22265.92691692058,2555.0
23081.89157762099,2555.0
23081.89157762099,2667.0
39361.36600021273,2667.0
39361.36600021273,2555.0
39961.36600021273,2555.0
39961.36600021273,2667.0
56386.438929475844,2667.0
56386.438929475844,2555.0
58234.615794383,2555.0
58234.615794383,2429.0
86400.000002,2429.0
# temp #7735
0.0,2234.0
79964.00055431297,2234.0
79964.00055431297,2555.0
86400.0,2555.0
# temp #7736
0.0,2234.0
73096.41041562427,2234.0
73096.41041562427,2555.0
84496.32444803137,2555.0
84496.32444803137,2234.0
86400.000002,2234.0
# temp #7737
0.0,2234.0
84515.92381540687,2234.0
84515.92381540687,2883.0
86400.0,2883.0
# temp #7738
0.0,2234.0
37878.61194144935,2234.0
37878.61194144935,2555.0
58289.83837952839,2555.0
58289.83837952839,2429.0
58795.45920405073,2429.0
58795.45920405073,2555.0
68811.4635215141,2555.0
68811.4635215141,2429.0
69776.35902408512,2429.0
69776.35902408512,2555.0
70102.6710541919,2555.0
70102.6710541919,2429.0
70402.6710541919,2429.0
70402.6710541919,2555.0
71902.6710541919,2555.0
71902.6710541919,2429.0
82102.6710541919,2429.0
82102.6710541919,2234.0
86400.000002,2234.0
# temp #7739
0.0,2234.0
56335.27943277732,2234.0
56335.27943277732,2555.0
58599.826993863106,2555.0
58599.826993863106,2667.0
58927.3886154173,2667.0
58927.3886154173,2555.0
64927.3886154173,2555.0
64927.3886154173,2429.0
67327.3886154173,2429.0
67327.3886154173,2234.0
70927.3886154173,2234.0
70927.3886154173,2429.0
72127.3886154173,2429.0
72127.3886154173,2234.0
77827.3886154173,2234.0
77827.3886154173,2429.0
80378.5956840031,2429.0
80378.5956840031,2667.0
86400.0,2667.0
# temp #7740
0.0,2234.0
40889.05675616116,2234.0
40889.05675616116,2017.0
60371.956227533534,2017.0
60371.956227533534,2234.0
86400.000002,2234.0
# temp #7741
0.0,2234.0
59954.90012832452,2234.0
59954.90012832452,2555.0
86400.0,2555.0
# temp #7742
0.0,2234.0
16035.201012063773,2234.0
16035.201012063773,2429.0
16635.20101206377,2429.0
16635.20101206377,2555.0
19469.11805653945,2555.0
19469.11805653945,2429.0
29898.582591069866,2429.0
29898.582591069866,2555.0
48371.91285488662,2555.0
48371.91285488662,2429.0
65529.76141094697,2429.0
65529.76141094697,2883.0
71571.16013949273,2883.0
71571.16013949273,2667.0
86400.000002,2667.0
# temp #7743
0.0,2234.0
25979.328349535357,2234.0
25979.328349535357,2555.0
52902.66016500537,2555.0
52902.66016500537,2429.0
53398.7443224527,2429.0
53398.7443224527,2555.0
63082.10448764731,2555.0
63082.10448764731,2429.0
63620.12607541402,2429.0
63620.12607541402,2555.0
64662.21101407428,2555.0
64662.21101407428,2429.0
64962.21101407428,2429.0
64962.21101407428,2555.0
66462.21101407429,2555.0
66462.21101407429,2429.0
76662.21101407429,2429.0
76662.21101407429,2234.0
86400.0,2234.0
# temp #7744
0.0,2234.0
8077.576799551026,2234.0
8077.576799551026,2017.0
54628.2202736009,2017.0
54628.2202736009,2234.0
86400.000002,2234.0
# temp #7745
0.0,2234.0
78371.5350732906,2234.0
78371.5350732906,2555.0
81099.9652205268,2555.0
81099.9652205268,2234.0
86400.000002,2234.0
# temp #7746
0.0,2234.0
82121.962860832,2234.0
82121.962860832,2555.0
86400.000002,2555.0
# temp #7747
0.0,2234.0
67359.93844717742,2234.0
67359.93844717742,2555.0
69512.04941931648,2555.0
69512.04941931648,2667.0
69938.62917660737,2667.0
69938.62917660737,2555.0
75938.62917660737,2555.0
75938.62917660737,2429.0
78338.62917660737,2429.0
78338.62917660737,2234.0
81938.62917660737,2234.0
81938.62917660737,2429.0
83138.62917660737,2429.0
83138.62917660737,2234.0
86400.000002,2234.0
# temp #7748
0.0,2234.0
3281.5357049228624,2234.0
3281.5357049228624,2883.0
14381.535704922862,2883.0
14381.535704922862,2555.0
23449.34355004225,2555.0
23449.34355004225,2667.0
42189.95756192599,2667.0
42189.95756192599,2883.0
50265.45979727526,2883.0
50265.45979727526,2667.0
52030.035737995066,2667.0
52030.035737995066,2234.0
61375.77734179796,2234.0
61375.77734179796,2667.0
86400.0,2667.0
# temp #7749
0.0,2234.0
2322.4902044981723,2234.0
2322.4902044981723,2667.0
12984.337618597785,2667.0
12984.337618597785,2555.0
13636.7518856423,2555.0
13636.7518856423,2667.0
50625.63435039484,2667.0
50625.63435039484,2555.0
50925.63435039484,2555.0
50925.63435039484,2667.0
51225.63435039484,2667.0
51225.63435039484,2555.0
54525.63435039484,2555.0
54525.63435039484,2667.0
80025.63435039483,2667.0
80025.63435039483,2883.0
86400.000002,2883.0
# temp #7750
0.0,2234.0
25895.46865713783,2234.0
25895.46865713783,2017.0
45230.42811378837,2017.0
45230.42811378837,2234.0
76862.81201848762,2234.0
76862.81201848762,2017.0
82056.32072612645,2017.0
82056.32072612645,2234.0
86400.000002,2234.0
# temp #7751
0.0,2234.0
15403.780533769172,2234.0
15403.780533769172,2883.0
15713.63908904605,2883.0
15713.63908904605,2667.0
24815.439587552104,2667.0
24815.439587552104,2883.0
27089.631253201518,2883.0
27089.631253201518,2667.0
73372.62356467546,2667.0
73372.62356467546,2883.0
78681.76127015614,2883.0
78681.76127015614,2429.0
86400.000002,2429.0
# temp #7752
0.0,2234.0
1954.819710692391,2234.0
1954.819710692391,2555.0
22329.724286869172,2555.0
22329.724286869172,2429.0
22747.419113153595,2429.0
22747.419113153595,2555.0
31448.46076823306,2555.0
31448.46076823306,2429.0
32228.72064260301,2429.0
32228.72064260301,2555.0
32788.59428025317,2555.0
32788.59428025317,2429.0
33088.59428025317,2429.0
33088.59428025317,2555.0
34588.59428025317,2555.0
34588.59428025317,2429.0
44788.59428025317,2429.0
44788.59428025317,2234.0
86400.0,2234.0
# temp #7753
0.0,2234.0
30157.0090594003,2234.0
30157.0090594003,2555.0
35005.51460268908,2555.0
35005.51460268908,2667.0
44905.51460268907,2667.0
44905.51460268907,2555.0
46316.568668140106,2555.0
46316.568668140106,2429.0
51847.531074145816,2429.0
51847.531074145816,2234.0
71841.85173637234,2234.0
71841.85173637234,2667.0
86400.000002,2667.0
# temp #7754
0.0,2234.0
4546.18065438699,2234.0
4546.18065438699,2883.0
6206.813557678834,2883.0
6206.813557678834,2667.0
10298.189965286292,2667.0
10298.189965286292,2883.0
17137.464959453795,2883.0
17137.464959453795,2429.0
39007.01052204241,2429.0
39007.01052204241,2555.0
51941.041851625785,2555.0
51941.041851625785,2667.0
73424.10415078049,2667.0
73424.10415078049,2883.0
86400.000002,2883.0
# temp #7755
0.0,2234.0
12966.51338255033,2234.0
12966.51338255033,2017.0
22645.407292060558,2017.0
22645.407292060558,2234.0
66116.90070675687,2234.0
66116.90070675687,2017.0
86400.0,2017.0
# temp #7756
0.0,2234.0
29375.210532476198,2234.0
29375.210532476198,2429.0
29901.26607755665,2429.0
29901.26607755665,2555.0
33193.73956772034,2555.0
33193.73956772034,2429.0
58197.25959661883,2429.0
58197.25959661883,2234.0
64492.50446967781,2234.0
64492.50446967781,2429.0
65253.91887912993,2429.0
65253.91887912993,2555.0
86400.0,2555.0
# temp #7757
0.0,2234.0
49144.68919581269,2234.0
49144.68919581269,2555.0
74919.69630375972,2555.0
74919.69630375972,2429.0
75290.30441895594,2429.0
75290.30441895594,2555.0
86400.000002,2555.0
# temp #7758
0.0,2234.0
21053.659302857708,2234.0
21053.659302857708,2429.0
21442.166724032726,2429.0
21442.166724032726,2555.0
22011.634282744493,2555.0
22011.634282744493,2429.0
47833.81933390629,2429.0
47833.81933390629,2883.0
52283.58158273623,2883.0
52283.58158273623,2429.0
74736.46302537528,2429.0
74736.46302537528,2555.0
81992.32297504788,2555.0
81992.32297504788,2429.0
86400.000002,2429.0
# temp #7759
0.0,2234.0
53807.38427003381,2234.0
53807.38427003381,2555.0
70764.45664206987,2555.0
70764.45664206987,2429.0
71239.75067725407,2429.0
71239.75067725407,2555.0
71700.58325389402,2555.0
71700.58325389402,2429.0
73149.0971133113,2429.0
73149.0971133113,2555.0
74067.20417467879,2555.0
74067.20417467879,2429.0
74367.20417467879,2429.0
74367.20417467879,2555.0
75867.20417467879,2555.0
75867.20417467879,2429.0
86067.20417467879,2429.0
86067.20417467879,2234.0
86400.0,2234.0
# temp #7760
0.0,2234.0
5369.213394541294,2234.0
5369.213394541294,2883.0
6917.2889908310035,2883.0
6917.2889908310035,2667.0
15426.764738839121,2667.0
15426.764738839121,2883.0
33586.22902804055,2883.0
33586.22902804055,2429.0
51958.71739201249,2429.0
51958.71739201249,2555.0
53907.73103758694,2555.0
53907.73103758694,2667.0
76732.14725099971,2667.0
76732.14725099971,2234.0
86400.000002,2234.0
# temp #7761
0.0,2234.0
7434.997451794335,2234.0
7434.997451794335,2555.0
38800.02311014105,2555.0
38800.02311014105,2429.0
39211.13481069916,2429.0
39211.13481069916,2555.0
59218.16489445047,2555.0
59218.16489445047,2429.0
59661.68438689785,2429.0
59661.68438689785,2555.0
60317.54050590099,2555.0
60317.54050590099,2429.0
60617.54050590099,2429.0
60617.54050590099,2555.0
60917.54050590099,2555.0
60917.54050590099,2429.0
61517.54050590099,2429.0
61517.54050590099,2555.0
64957.53929615022,2555.0
64957.53929615022,2429.0
86400.000002,2429.0
# temp #7762
0.0,2234.0
2819.506077608094,2234.0
2819.506077608094,2667.0
8963.746058195831,2667.0
8963.746058195831,2555.0
9960.245746281,2555.0
9960.245746281,2667.0
32115.64321189654,2667.0
32115.64321189654,2555.0
32415.64321189654,2555.0
32415.64321189654,2667.0
33100.364305567935,2667.0
33100.364305567935,2555.0
33700.364305567935,2555.0
33700.364305567935,2667.0
59747.31093698648,2667.0
59747.31093698648,2234.0
73924.40807630775,2234.0
73924.40807630775,2429.0
86400.0,2429.0
# temp #7763
0.0,2234.0
4485.435261949898,2234.0
4485.435261949898,2667.0
50342.69393133,2667.0
50342.69393133,2555.0
50716.116879042245,2555.0
50716.116879042245,2667.0
61044.49631525204,2667.0
61044.49631525204,2555.0
61344.49631525204,2555.0
61344.49631525204,2667.0
61644.49631525204,2667.0
61644.49631525204,2555.0
64944.49631525204,2555.0
64944.49631525204,2667.0
86400.000002,2667.0
# temp #7764
0.0,2234.0
19000.766832428057,2234.0
19000.766832428057,2555.0
38907.37376734615,2555.0
38907.37376734615,2429.0
39500.332545675345,2429.0
39500.332545675345,2555.0
63879.80201847387,2555.0
63879.80201847387,2429.0
64522.059463080965,2429.0
64522.059463080965,2234.0
86400.000002,2234.0
# temp #7765
0.0,2234.0
82267.21430656036,2234.0
82267.21430656036,2555.0
86400.000002,2555.0
# temp #7766
0.0,2234.0
7944.041628646666,2234.0
7944.041628646666,2667.0
21620.18769225106,2667.0
21620.18769225106,2555.0
22773.35704173893,2555.0
22773.35704173893,2667.0
45830.710774264306,2667.0
45830.710774264306,2555.0
46130.710774264306,2555.0
46130.710774264306,2667.0
46748.129396606244,2667.0
46748.129396606244,2555.0
47348.129396606244,2555.0
47348.129396606244,2667.0
80137.27947464213,2667.0
80137.27947464213,2883.0
86400.0,2883.0
# temp #7767
0.0,2234.0
38312.527680513456,2234.0
38312.527680513456,2555.0
61821.95425399115,2555.0
61821.95425399115,2429.0
62123.095884500086,2429.0
62123.095884500086,2555.0
73525.79045319,2555.0
73525.79045319,2429.0
74527.67252339983,2429.0
74527.67252339983,2555.0
75885.74152649382,2555.0
75885.74152649382,2429.0
76185.74152649382,2429.0
76185.74152649382,2555.0
76485.74152649382,2555.0
76485.74152649382,2429.0
77085.74152649382,2429.0
77085.74152649382,2555.0
81882.01850750485,2555.0
81882.01850750485,2429.0
86400.000002,2429.0
# temp #7768
0.0,2234.0
42410.28596595862,2234.0
42410.28596595862,2555.0
50321.20403428563,2555.0
50321.20403428563,2429.0
74917.50177447686,2429.0
74917.50177447686,2234.0
75217.50177447686,2234.0
75217.50177447686,2017.0
86400.0,2017.0
# temp #7769
0.0,2234.0
69835.5904729804,2234.0
69835.5904729804,2555.0
85028.9427450858,2555.0
85028.9427450858,2234.0
86400.000002,2234.0
# temp #7770
0.0,2234.0
17496.16233666893,2234.0
17496.16233666893,2429.0
17955.61429867521,2429.0
17955.61429867521,2234.0
18672.105184360407,2234.0
18672.105184360407,2429.0
23347.404377977364,2429.0
23347.404377977364,2234.0
28194.251694367267,2234.0
28194.251694367267,2429.0
28897.226914856587,2429.0
28897.226914856587,2234.0
37626.43628816586,2234.0
37626.43628816586,2429.0
37909.49226748199,2429.0
37909.49226748199,2555.0
66916.50631364902,2555.0
66916.50631364902,2429.0
67056.96048277897,2429.0
67056.96048277897,2555.0
67167.84113498872,2555.0
67167.84113498872,2429.0
86400.000002,2429.0
# temp #7771
0.0,2234.0
11917.217117571274,2234.0
11917.217117571274,2883.0
12473.783341026867,2883.0
12473.783341026867,2667.0
21643.944926653057,2667.0
21643.944926653057,2883.0
34311.6847881116,2883.0
34311.6847881116,2429.0
59836.100875935525,2429.0
59836.100875935525,2555.0
66522.77390300298,2555.0
66522.77390300298,2429.0
85604.93134036662,2429.0
85604.93134036662,2234.0
86400.000002,2234.0
# temp #7772
0.0,2234.0
77795.36079971587,2234.0
77795.36079971587,2883.0
80195.36079971587,2883.0
80195.36079971587,2667.0
86400.0,2667.0
# temp #7773
0.0,2234.0
35042.542245914236,2234.0
35042.542245914236,2429.0
35342.542245914236,2429.0
35342.542245914236,2234.0
39104.31649696548,2234.0
39104.31649696548,2667.0
60550.349187757834,2667.0
60550.349187757834,2555.0
86400.000002,2555.0
# temp #7774
0.0,2234.0
28216.119807120416,2234.0
28216.119807120416,2429.0
28816.119807120416,2429.0
28816.119807120416,2555.0
32232.30112558231,2555.0
32232.30112558231,2429.0
40938.521624193534,2429.0
40938.521624193534,2555.0
52529.976220917895,2555.0
52529.976220917895,2667.0
55485.507165826864,2667.0
55485.507165826864,2234.0
62999.24882613123,2234.0
62999.24882613123,2429.0
86400.0,2429.0
# temp #7775
0.0,2234.0
45343.09290004894,2234.0
45343.09290004894,2883.0
47743.09290004894,2883.0
47743.09290004894,2667.0
75115.71661736816,2667.0
75115.71661736816,2555.0
86335.17744513229,2555.0
86335.17744513229,2667.0
86400.0,2667.0
# temp #7776
0.0,2234.0
50611.71986495611,2234.0
50611.71986495611,2429.0
51095.54807266687,2429.0
51095.54807266687,2555.0
55124.57759699319,2555.0
55124.57759699319,2429.0
80626.27207338811,2429.0
80626.27207338811,2555.0
86400.0,2555.0
# temp #7777
0.0,2234.0
4157.906927587465,2234.0
4157.906927587465,2667.0
39648.111972562045,2667.0
39648.111972562045,2555.0
40990.69001858589,2555.0
40990.69001858589,2667.0
55088.17677623593,2667.0
55088.17677623593,2555.0
55688.17677623593,2555.0
55688.17677623593,2667.0
72313.37321768515,2667.0
72313.37321768515,2555.0
73025.76343487017,2555.0
73025.76343487017,2429.0
79823.0080246227,2429.0
79823.0080246227,2234.0
86400.0,2234.0
# temp #7778
0.0,2234.0
34953.1451515155,2234.0
34953.1451515155,2429.0
35253.1451515155,2429.0
35253.1451515155,2234.0
37542.58859076072,2234.0
37542.58859076072,2667.0
42173.25308946893,2667.0
42173.25308946893,2234.0
56932.72957617884,2234.0
56932.72957617884,2429.0
80122.60731440039,2429.0
80122.60731440039,2234.0
86400.000002,2234.0
# temp #7779
0.0,2234.0
40590.41358456016,2234.0
40590.41358456016,2017.0
48896.471244189896,2017.0
48896.471244189896,2234.0
85209.64212929831,2234.0
85209.64212929831,2017.0
86400.0,2017.0
# temp #7780
0.0,2234.0
65438.493603304974,2234.0
65438.493603304974,2555.0
86400.0,2555.0
# temp #7781
0.0,2234.0
21822.59249899071,2234.0
21822.59249899071,2429.0
22197.90839266498,2429.0
22197.90839266498,2555.0
23726.009874162268,2555.0
23726.009874162268,2429.0
43757.843758561656,2429.0
43757.843758561656,2555.0
61087.37168423833,2555.0
61087.37168423833,2429.0
82887.66482002103,2429.0
82887.66482002103,2555.0
86400.0,2555.0
# temp #7782
0.0,2234.0
31478.760667727332,2234.0
31478.760667727332,2555.0
43172.6086561801,2555.0
43172.6086561801,2429.0
49538.783815247014,2429.0
49538.783815247014,2234.0
52570.75827363879,2234.0
52570.75827363879,2429.0
60248.802940710455,2429.0
60248.802940710455,2234.0
65636.46504550708,2234.0
65636.46504550708,2667.0
81125.64294410405,2667.0
81125.64294410405,2555.0
86400.0,2555.0
# temp #7783
0.0,2234.0
4089.337003044785,2234.0
4089.337003044785,2667.0
48761.76086144988,2667.0
48761.76086144988,2555.0
49322.67009245698,2555.0
49322.67009245698,2667.0
53581.29042140209,2667.0
53581.29042140209,2555.0
56581.29042140209,2555.0
56581.29042140209,2667.0
82681.29042140208,2667.0
82681.29042140208,2883.0
86400.000002,2883.0
# temp #7784
0.0,2234.0
6473.757226509043,2234.0
6473.757226509043,2667.0
25958.99658633862,2667.0
25958.99658633862,2555.0
26994.759089243602,2555.0
26994.759089243602,2667.0
33080.17027582974,2667.0
33080.17027582974,2555.0
36080.17027582974,2555.0
36080.17027582974,2667.0
62180.17027582973,2667.0
62180.17027582973,2883.0
86400.0,2883.0
# temp #7785
0.0,2234.0
10303.092288505288,2234.0
10303.092288505288,2883.0
21403.092288505286,2883.0
21403.092288505286,2555.0
25220.3438856639,2555.0
25220.3438856639,2667.0
48500.84890499712,2667.0
48500.84890499712,2555.0
50257.08680134267,2555.0
50257.08680134267,2667.0
64443.339001690045,2667.0
64443.339001690045,2555.0
84047.31685530861,2555.0
84047.31685530861,2667.0
86400.000002,2667.0
# temp #7786
0.0,2234.0
39015.19755260088,2234.0
39015.19755260088,2555.0
59674.01793440805,2555.0
59674.01793440805,2429.0
60199.390249745935,2429.0
60199.390249745935,2555.0
67755.74387521484,2555.0
67755.74387521484,2429.0
68094.17139063591,2429.0
68094.17139063591,2555.0
68771.75506171772,2555.0
68771.75506171772,2429.0
69071.75506171772,2429.0
69071.75506171772,2555.0
70571.75506171772,2555.0
70571.75506171772,2429.0
80771.75506171772,2429.0
80771.75506171772,2234.0
86400.000002,2234.0
# temp #7787
0.0,2234.0
30292.275035334755,2234.0
30292.275035334755,2017.0
52853.020227514215,2017.0
52853.020227514215,2234.0
61910.343237128116,2234.0
61910.343237128116,2017.0
68076.72627512367,2017.0
68076.72627512367,2234.0
79854.47064181791,2234.0
79854.47064181791,2017.0
86400.0,2017.0
# temp #7788
0.0,2234.0
19854.430157085884,2234.0
19854.430157085884,2429.0
20422.778564365584,2429.0
20422.778564365584,2555.0
24462.015046225864,2555.0
24462.015046225864,2429.0
41999.124956340536,2429.0
41999.124956340536,2555.0
52980.320692970425,2555.0
52980.320692970425,2429.0
85807.19580834266,2429.0
85807.19580834266,2883.0
86400.0,2883.0
# temp #7789
0.0,2234.0
50670.309850364,2234.0
50670.309850364,2555.0
70584.02618074325,2555.0
70584.02618074325,2429.0
71312.19404542354,2429.0
71312.19404542354,2234.0
74103.46505620984,2234.0
74103.46505620984,2429.0
81512.82634274104,2429.0
81512.82634274104,2234.0
86400.0,2234.0
# temp #7790
0.0,2234.0
84357.40593583325,2234.0
84357.40593583325,2555.0
86400.000002,2555.0
# temp #7791
0.0,2234.0
41577.64943239745,2234.0
41577.64943239745,2883.0
43977.64943239745,2883.0
43977.64943239745,2667.0
75584.19611547142,2667.0
75584.19611547142,2555.0
86400.0,2555.0
# temp #7792
0.0,2234.0
78397.0501883654,2234.0
78397.0501883654,2555.0
86400.000002,2555.0
# temp #7793
0.0,2234.0
23367.482419079173,2234.0
23367.482419079173,2429.0
23865.40406243876,2429.0
23865.40406243876,2234.0
24734.486245061275,2234.0
24734.486245061275,2429.0
28361.626543127935,2429.0
28361.626543127935,2234.0
46840.21436087788,2234.0
46840.21436087788,2429.0
47619.09396322445,2429.0
47619.09396322445,2555.0
48272.99662688748,2555.0
48272.99662688748,2429.0
48572.99662688748,2429.0
48572.99662688748,2555.0
50072.99662688748,2555.0
50072.99662688748,2429.0
60272.99662688748,2429.0
60272.99662688748,2234.0
86400.0,2234.0
# temp #7794
0.0,2234.0
23323.222437431108,2234.0
23323.222437431108,2555.0
57758.41479047669,2555.0
57758.41479047669,2429.0
58189.299256587416,2429.0
58189.299256587416,2555.0
69838.79298262765,2555.0
69838.79298262765,2429.0
70343.03781604396,2429.0
70343.03781604396,2234.0
78339.33651242407,2234.0
78339.33651242407,2667.0
86400.000002,2667.0
# temp #7795
0.0,2234.0
30260.744521999735,2234.0
30260.744521999735,2429.0
30815.992017765533,2429.0
30815.992017765533,2234.0
31454.27959633526,2234.0
31454.27959633526,2429.0
34826.38601318468,2429.0
34826.38601318468,2234.0
47591.13892083988,2234.0
47591.13892083988,2429.0
48290.025486890234,2429.0
48290.025486890234,2555.0
48812.83878581599,2555.0
48812.83878581599,2429.0
86400.000002,2429.0
# temp #7796
0.0,2234.0
54958.4284513956,2234.0
54958.4284513956,2555.0
86400.0,2555.0
# temp #7797
0.0,2234.0
40561.16943333764,2234.0
40561.16943333764,2429.0
41130.90778829065,2429.0
41130.90778829065,2234.0
41949.66794850771,2234.0
41949.66794850771,2429.0
47507.749941875234,2429.0
47507.749941875234,2234.0
66743.95661721939,2234.0
66743.95661721939,2429.0
67662.12077639067,2429.0
67662.12077639067,2555.0
68592.24231275731,2555.0
68592.24231275731,2429.0
68892.24231275731,2429.0
68892.24231275731,2555.0
70392.24231275731,2555.0
70392.24231275731,2429.0
80592.24231275731,2429.0
80592.24231275731,2234.0
86400.0,2234.0
# temp #7798
0.0,2234.0
48033.965626219295,2234.0
48033.965626219295,2555.0
86400.000002,2555.0
# temp #7799
0.0,2234.0
1628.1162146944555,2234.0
1628.1162146944555,2429.0
33728.116214694455,2429.0
33728.116214694455,2555.0
34028.116214694455,2555.0
34028.116214694455,2667.0
42898.73959820252,2667.0
42898.73959820252,2555.0
62050.748657039374,2555.0
62050.748657039374,2667.0
72505.64961943311,2667.0
72505.64961943311,2555.0
86400.000002,2555.0
# temp #7800
0.0,2234.0
73664.01350917296,2234.0
73664.01350917296,2555.0
86400.0,2555.0
# temp #7801
0.0,2234.0
7178.425628528931,2234.0
7178.425628528931,2883.0
8821.005706465805,2883.0
8821.005706465805,2667.0
14482.856928231195,2667.0
14482.856928231195,2883.0
45923.74257298653,2883.0
45923.74257298653,2429.0
48535.310929105624,2429.0
48535.310929105624,2555.0
56931.520084454685,2555.0
56931.520084454685,2429.0
86400.000002,2429.0
# temp #7802
0.0,2234.0
3075.4928227979694,2234.0
3075.4928227979694,2667.0
43668.34718144965,2667.0
43668.34718144965,2555.0
44983.11716818717,2555.0
44983.11716818717,2667.0
79558.61538697501,2667.0
79558.61538697501,2555.0
79858.61538697501,2555.0
79858.61538697501,2667.0
80521.23663355598,2667.0
80521.23663355598,2555.0
81121.23663355598,2555.0
81121.23663355598,2667.0
86400.0,2667.0
# temp #7803
0.0,2234.0
8138.60789872706,2234.0
8138.60789872706,2429.0
8438.60789872706,2429.0
8438.60789872706,2234.0
14250.488179712558,2234.0
14250.488179712558,2429.0
44030.82658918575,2429.0
44030.82658918575,2555.0
63933.0419227481,2555.0
63933.0419227481,2667.0
65930.39265638219,2667.0
65930.39265638219,2234.0
86400.000002,2234.0
# temp #7804
0.0,2234.0
73585.4935959913,2234.0
73585.4935959913,2555.0
78519.47454807816,2555.0
78519.47454807816,2667.0
86400.000002,2667.0
# temp #7805
0.0,2234.0
4372.7964021032685,2234.0
4372.7964021032685,2667.0
28713.996689789932,2667.0
28713.996689789932,2555.0
29555.299909715544,2555.0
29555.299909715544,2667.0
46572.06102116034,2667.0
46572.06102116034,2555.0
47172.06102116034,2555.0
47172.06102116034,2667.0
65788.833434321,2667.0
65788.833434321,2555.0
68377.11738143118,2555.0
68377.11738143118,2429.0
80624.15276065005,2429.0
80624.15276065005,2555.0
86400.000002,2555.0
# temp #7806
0.0,2234.0
2757.206306629814,2234.0
2757.206306629814,2883.0
3790.1351945707574,2883.0
3790.1351945707574,2667.0
12535.242958087474,2667.0
12535.242958087474,2883.0
14411.304690060206,2883.0
14411.304690060206,2429.0
19781.56834866386,2429.0
19781.56834866386,2234.0
37110.711770318456,2234.0
37110.711770318456,2429.0
76355.96256908031,2429.0
76355.96256908031,2883.0
86400.000002,2883.0
# temp #7807
0.0,2234.0
42675.49647919368,2234.0
42675.49647919368,2883.0
45075.49647919368,2883.0
45075.49647919368,2667.0
64759.82042953838,2667.0
64759.82042953838,2555.0
86400.000002,2555.0
# temp #7808
0.0,2234.0
12734.678454534152,2234.0
12734.678454534152,2555.0
16875.53971067537,2555.0
16875.53971067537,2667.0
17334.492658311505,2667.0
17334.492658311505,2555.0
17634.492658311505,2555.0
17634.492658311505,2667.0
21234.492658311505,2667.0
21234.492658311505,2555.0
22734.492658311505,2555.0
22734.492658311505,2429.0
41122.361244354404,2429.0
41122.361244354404,2234.0
45993.358228448786,2234.0
45993.358228448786,2667.0
46398.001423710964,2667.0
46398.001423710964,2555.0
47571.5524732601,2555.0
47571.5524732601,2429.0
77665.54838523736,2429.0
77665.54838523736,2555.0
82942.66568028835,2555.0
82942.66568028835,2429.0
86400.000002,2429.0
# temp #7809
0.0,2234.0
66622.29316045996,2234.0
66622.29316045996,2883.0
69022.29316045996,2883.0
69022.29316045996,2667.0
86400.0,2667.0
# temp #7810
0.0,2234.0
47414.56553726458,2234.0
47414.56553726458,2555.0
49010.218913387514,2555.0
49010.218913387514,2667.0
49593.65247795359,2667.0
49593.65247795359,2555.0
55593.65247795359,2555.0
55593.65247795359,2429.0
57993.65247795359,2429.0
57993.65247795359,2234.0
61593.65247795359,2234.0
61593.65247795359,2429.0
62793.65247795359,2429.0
62793.65247795359,2234.0
68493.65247795358,2234.0
68493.65247795358,2429.0
74286.43624365797,2429.0
74286.43624365797,2555.0
86400.000002,2555.0
# temp #7811
0.0,2234.0
27891.53877049685,2234.0
27891.53877049685,2555.0
31638.934287917804,2555.0
31638.934287917804,2667.0
32037.187779368836,2667.0
32037.187779368836,2555.0
32337.187779368836,2555.0
32337.187779368836,2667.0
35937.18777936884,2667.0
35937.18777936884,2555.0
37437.18777936884,2555.0
37437.18777936884,2429.0
50610.06215235685,2429.0
50610.06215235685,2234.0
69914.15209025145,2234.0
69914.15209025145,2429.0
86400.000002,2429.0
# temp #7812
0.0,2234.0
11861.88318450004,2234.0
11861.88318450004,2555.0
35659.08699254506,2555.0
35659.08699254506,2429.0
45667.26692835801,2429.0
45667.26692835801,2234.0
45967.26692835801,2234.0
45967.26692835801,2017.0
72618.02041595803,2017.0
72618.02041595803,2234.0
81647.19192974737,2234.0
81647.19192974737,2429.0
84665.64124797007,2429.0
84665.64124797007,2883.0
86400.0,2883.0
# temp #7813
0.0,2234.0
20559.76043762639,2234.0
20559.76043762639,2429.0
21159.76043762639,2429.0
21159.76043762639,2555.0
24683.081066329032,2555.0
24683.081066329032,2429.0
42576.13580909092,2429.0
42576.13580909092,2555.0
55311.16292516236,2555.0
55311.16292516236,2667.0
69297.36363098491,2667.0
69297.36363098491,2555.0
70575.37814013196,2555.0
70575.37814013196,2429.0
80570.86364601275,2429.0
80570.86364601275,2234.0
86400.0,2234.0
# temp #7814
0.0,2234.0
43166.5995980613,2234.0
43166.5995980613,2429.0
43766.5995980613,2429.0
43766.5995980613,2555.0
45432.146093901254,2555.0
45432.146093901254,2429.0
54035.58402978816,2429.0
54035.58402978816,2555.0
64079.17026202196,2555.0
64079.17026202196,2667.0
74010.72255629116,2667.0
74010.72255629116,2234.0
86400.000002,2234.0
# temp #7815
0.0,2234.0
40462.46878202074,2234.0
40462.46878202074,2017.0
86400.0,2017.0
# temp #7816
0.0,2234.0
6759.259413974361,2234.0
6759.259413974361,2667.0
11007.706476165915,2667.0
11007.706476165915,2555.0
12457.191596715713,2555.0
12457.191596715713,2667.0
40256.395947793506,2667.0
40256.395947793506,2555.0
40856.395947793506,2555.0
40856.395947793506,2667.0
56319.493419444196,2667.0
56319.493419444196,2555.0
57188.80538544618,2555.0
57188.80538544618,2429.0
61359.75117967465,2429.0
61359.75117967465,2555.0
67870.32717943659,2555.0
67870.32717943659,2429.0
86400.0,2429.0
# temp #7817
0.0,2234.0
3345.4187387600546,2234.0
3345.4187387600546,2667.0
17854.097797279246,2667.0
17854.097797279246,2555.0
18583.454686612822,2555.0
18583.454686612822,2429.0
28832.503028260548,2429.0
28832.503028260548,2555.0
41810.4110789951,2555.0
41810.4110789951,2429.0
62692.26981634275,2429.0
62692.26981634275,2555.0
76659.79661196472,2555.0
76659.79661196472,2667.0
86400.000002,2667.0
# temp #7818
0.0,2234.0
53857.98596197274,2234.0
53857.98596197274,2429.0
54419.20539967251,2429.0
54419.20539967251,2555.0
55371.961851487875,2555.0
55371.961851487875,2429.0
57514.984717872,2429.0
57514.984717872,2555.0
66166.24529175462,2555.0
66166.24529175462,2667.0
86400.000002,2667.0
# temp #7819
0.0,2234.0
16584.93114793673,2234.0
16584.93114793673,2429.0
17184.93114793673,2429.0
17184.93114793673,2555.0
20492.211933899674,2555.0
20492.211933899674,2429.0
36567.2514025122,2429.0
36567.2514025122,2555.0
37317.4312750809,2555.0
37317.4312750809,2429.0
52291.97825747543,2429.0
52291.97825747543,2234.0
60682.73301799782,2234.0
60682.73301799782,2667.0
85449.3810671149,2667.0
85449.3810671149,2555.0
86400.000002,2555.0
# temp #7820
0.0,2234.0
63271.637698402636,2234.0
63271.637698402636,2555.0
66900.73634383736,2555.0
66900.73634383736,2667.0
76800.73634383734,2667.0
76800.73634383734,2555.0
78041.13756639419,2555.0
78041.13756639419,2429.0
86400.0,2429.0
# temp #7821
0.0,2234.0
59097.294582193725,2234.0
59097.294582193725,2555.0
77765.0070691947,2555.0
77765.0070691947,2429.0
78148.87921710034,2429.0
78148.87921710034,2555.0
82143.75083253255,2555.0
82143.75083253255,2429.0
82917.3986624228,2429.0
82917.3986624228,2555.0
84183.06873051917,2555.0
84183.06873051917,2429.0
84483.06873051917,2429.0
84483.06873051917,2555.0
85983.06873051917,2555.0
85983.06873051917,2429.0
86400.000002,2429.0
# temp #7822
0.0,2234.0
69866.63495418616,2234.0
69866.63495418616,2555.0
86400.000002,2555.0
# temp #7823
0.0,2234.0
25204.285331536088,2234.0
25204.285331536088,2555.0
25891.5932036005,2555.0
25891.5932036005,2429.0
26373.550182092007,2429.0
26373.550182092007,2555.0
47878.43396812678,2555.0
47878.43396812678,2429.0
48251.60811608658,2429.0
48251.60811608658,2555.0
49006.20503649116,2555.0
49006.20503649116,2429.0
86400.0,2429.0
# temp #7824
0.0,2234.0
17650.88951373473,2234.0
17650.88951373473,2883.0
18390.006744791757,2883.0
18390.006744791757,2667.0
28694.779036659755,2667.0
28694.779036659755,2883.0
48736.24222548679,2883.0
48736.24222548679,2667.0
67923.75225790312,2667.0
67923.75225790312,2555.0
70881.13135148307,2555.0
70881.13135148307,2667.0
86400.0,2667.0
# temp #7825
0.0,2234.0
8296.786152804272,2234.0
8296.786152804272,2667.0
19674.837528658103,2667.0
19674.837528658103,2555.0
20946.931014047008,2555.0
20946.931014047008,2667.0
25969.039987237196,2667.0
25969.039987237196,2555.0
26269.039987237196,2555.0
26269.039987237196,2429.0
30463.436363660738,2429.0
30463.436363660738,2555.0
63177.93128674386,2555.0
63177.93128674386,2429.0
72361.34097569158,2429.0
72361.34097569158,2555.0
86400.0,2555.0
# temp #7826
0.0,2234.0
82905.74619602413,2234.0
82905.74619602413,2555.0
86400.000002,2555.0
# temp #7827
0.0,2234.0
7210.090343258345,2234.0
7210.090343258345,2429.0
7521.769004431554,2429.0
7521.769004431554,2555.0
9031.247914326379,2555.0
9031.247914326379,2429.0
17095.062632602643,2429.0
17095.062632602643,2555.0
26742.99247360323,2555.0
26742.99247360323,2667.0
51935.00854598825,2667.0
51935.00854598825,2555.0
63583.2873170497,2555.0
63583.2873170497,2667.0
86400.0,2667.0
# temp #7828
0.0,2234.0
9645.387719850989,2234.0
9645.387719850989,2555.0
43230.29067688622,2555.0
43230.29067688622,2429.0
43732.95357052703,2429.0
43732.95357052703,2555.0
57480.9959150618,2555.0
57480.9959150618,2429.0
58916.32670180407,2429.0
58916.32670180407,2555.0
59605.20314730239,2555.0
59605.20314730239,2429.0
59905.20314730239,2429.0
59905.20314730239,2555.0
61405.20314730239,2555.0
61405.20314730239,2429.0
71605.2031473024,2429.0
71605.2031473024,2234.0
86400.000002,2234.0
# temp #7829
0.0,2234.0
66342.79575571418,2234.0
66342.79575571418,2555.0
85231.77372368518,2555.0
85231.77372368518,2234.0
86400.0,2234.0
# temp #7830
0.0,2234.0
39400.35033356399,2234.0
39400.35033356399,2555.0
68968.29564599322,2555.0
68968.29564599322,2429.0
86400.0,2429.0
# temp #7831
0.0,2234.0
56083.46346302424,2234.0
56083.46346302424,2555.0
86400.000002,2555.0
# temp #7832
0.0,2234.0
32446.291232295338,2234.0
32446.291232295338,2429.0
33046.291232295334,2429.0
33046.291232295334,2555.0
34599.89420380444,2555.0
34599.89420380444,2429.0
43679.80639294256,2429.0
43679.80639294256,2555.0
73520.67323480734,2555.0
73520.67323480734,2429.0
86400.0,2429.0
# temp #7833
0.0,2234.0
37353.38652050123,2234.0
37353.38652050123,2429.0
37793.19140205626,2429.0
37793.19140205626,2555.0
39521.03837581818,2555.0
39521.03837581818,2429.0
41581.978624756455,2429.0
41581.978624756455,2555.0
57902.78952538503,2555.0
57902.78952538503,2429.0
86400.000002,2429.0
# temp #7834
0.0,2234.0
2984.4432695070286,2234.0
2984.4432695070286,2667.0
36396.02460041643,2667.0
36396.02460041643,2555.0
37543.80596699194,2555.0
37543.80596699194,2667.0
72933.998378017,2667.0
72933.998378017,2555.0
73233.998378017,2555.0
73233.998378017,2667.0
73533.998378017,2667.0
73533.998378017,2555.0
76833.998378017,2555.0
76833.998378017,2667.0
86400.000002,2667.0
# temp #7835
0.0,2234.0
24774.146821349863,2234.0
24774.146821349863,2429.0
25126.970906252976,2429.0
25126.970906252976,2555.0
29918.038612673994,2555.0
29918.038612673994,2429.0
65360.361258848585,2429.0
65360.361258848585,2555.0
69037.3340480961,2555.0
69037.3340480961,2429.0
86400.000002,2429.0
# temp #7836
0.0,2234.0
22154.581485176463,2234.0
22154.581485176463,2555.0
24489.275285555053,2555.0
24489.275285555053,2667.0
25046.07070034836,2667.0
25046.07070034836,2555.0
31046.07070034836,2555.0
31046.07070034836,2429.0
33446.07070034836,2429.0
33446.07070034836,2234.0
37046.07070034836,2234.0
37046.07070034836,2429.0
38246.07070034836,2429.0
38246.07070034836,2234.0
43946.07070034836,2234.0
43946.07070034836,2429.0
53264.77671037429,2429.0
53264.77671037429,2234.0
56960.67207721063,2234.0
56960.67207721063,2667.0
74346.98879218196,2667.0
74346.98879218196,2555.0
86400.000002,2555.0
# temp #7837
0.0,2234.0
3146.896767499857,2234.0
3146.896767499857,2667.0
31622.114210575823,2667.0
31622.114210575823,2555.0
32024.2298103869,2555.0
32024.2298103869,2667.0
45489.179800730206,2667.0
45489.179800730206,2555.0
46089.179800730206,2555.0
46089.179800730206,2667.0
67675.19042948261,2667.0
67675.19042948261,2555.0
68476.37477824466,2555.0
68476.37477824466,2429.0
86400.000002,2429.0
# temp #7838
0.0,2234.0
85548.66345142947,2234.0
85548.66345142947,2555.0
86400.0,2555.0
# temp #7839
0.0,2234.0
1467.0543910469862,2234.0
1467.0543910469862,2667.0
25169.113206560727,2667.0
25169.113206560727,2555.0
26614.383822935637,2555.0
26614.383822935637,2667.0
39329.39868858085,2667.0
39329.39868858085,2555.0
39929.39868858085,2555.0
39929.39868858085,2667.0
57858.76767290757,2667.0
57858.76767290757,2555.0
62285.498358216144,2555.0
62285.498358216144,2429.0
86400.000002,2429.0
# temp #7840
0.0,2234.0
2878.7415298400447,2234.0
2878.7415298400447,2883.0
4377.035836013965,2883.0
4377.035836013965,2667.0
10206.141992798075,2667.0
10206.141992798075,2883.0
19255.24199777283,2883.0
19255.24199777283,2667.0
37731.930086715154,2667.0
37731.930086715154,2555.0
43200.07697360125,2555.0
43200.07697360125,2429.0
73148.43657442836,2429.0
73148.43657442836,2883.0
73989.70705904068,2883.0
73989.70705904068,2429.0
86400.0,2429.0
# temp #7841
0.0,2234.0
47652.35550510698,2234.0
47652.35550510698,2555.0
61234.55048203469,2555.0
61234.55048203469,2429.0
61693.26471649111,2429.0
61693.26471649111,2555.0
70902.67617185602,2555.0
70902.67617185602,2429.0
71778.01859783941,2429.0
71778.01859783941,2234.0
73187.21949148459,2234.0
73187.21949148459,2429.0
80306.5141527448,2429.0
80306.5141527448,2555.0
86400.0,2555.0
# temp #7842
0.0,2234.0
24318.925042566847,2234.0
24318.925042566847,2555.0
35517.74188026321,2555.0
35517.74188026321,2429.0
51403.756326134324,2429.0
51403.756326134324,2234.0
51703.756326134324,2234.0
51703.756326134324,2017.0
54481.00170472172,2017.0
54481.00170472172,2555.0
70420.03973324319,2555.0
70420.03973324319,2429.0
86400.0,2429.0
# temp #7843
0.0,2234.0
75029.00836730843,2234.0
75029.00836730843,2555.0
86400.000002,2555.0
# temp #7844
0.0,2234.0
57771.04515668471,2234.0
57771.04515668471,2429.0
58295.35126662814,2429.0
58295.35126662814,2555.0
61996.02737626993,2555.0
61996.02737626993,2429.0
86400.000002,2429.0
# temp #7845
0.0,2234.0
83333.39478657582,2234.0
83333.39478657582,2555.0
86400.0,2555.0
# temp #7846
0.0,2234.0
2772.861620667391,2234.0
2772.861620667391,2667.0
44671.287597133785,2667.0
44671.287597133785,2555.0
45743.61473692116,2555.0
45743.61473692116,2667.0
60280.288648302674,2667.0
60280.288648302674,2555.0
60580.288648302674,2555.0
60580.288648302674,2667.0
60880.288648302674,2667.0
60880.288648302674,2555.0
64180.288648302674,2555.0
64180.288648302674,2667.0
86400.0,2667.0
# temp #7847
0.0,2234.0
16486.77005376667,2234.0
16486.77005376667,2555.0
44682.484578201555,2555.0
44682.484578201555,2429.0
45159.74398094696,2429.0
45159.74398094696,2555.0
49850.17844061368,2555.0
49850.17844061368,2429.0
50375.46665011906,2429.0
50375.46665011906,2555.0
50859.998226212345,2555.0
50859.998226212345,2429.0
86400.0,2429.0
# temp #7848
0.0,2234.0
29763.544167671356,2234.0
29763.544167671356,2017.0
63160.609291400775,2017.0
63160.609291400775,2234.0
82104.30938573556,2234.0
82104.30938573556,2017.0
86400.000002,2017.0
# temp #7849
0.0,2234.0
15532.989145210016,2234.0
15532.989145210016,2883.0
17306.544378655966,2883.0
17306.544378655966,2667.0
20429.485758394007,2667.0
20429.485758394007,2883.0
53614.03880082072,2883.0
53614.03880082072,2429.0
83857.74629437368,2429.0
83857.74629437368,2555.0
86400.0,2555.0
# temp #7850
0.0,2234.0
41021.92938965746,2234.0
41021.92938965746,2017.0
86400.000002,2017.0
# temp #7851
0.0,2234.0
8182.417355524378,2234.0
8182.417355524378,2667.0
14453.81631595083,2667.0
14453.81631595083,2555.0
15924.034564336765,2555.0
15924.034564336765,2667.0
19605.511051090438,2667.0
19605.511051090438,2555.0
19905.511051090438,2555.0
19905.511051090438,2667.0
20205.511051090438,2667.0
20205.511051090438,2555.0
23505.511051090438,2555.0
23505.511051090438,2667.0
49005.511051090434,2667.0
49005.511051090434,2883.0
86400.0,2883.0
# temp #7852
0.0,2234.0
37378.89295527712,2234.0
37378.89295527712,2429.0
37781.533951498575,2429.0
37781.533951498575,2234.0
38669.360379665166,2234.0
38669.360379665166,2429.0
43488.53513316718,2429.0
43488.53513316718,2234.0
53638.50975972602,2234.0
53638.50975972602,2429.0
54071.64742103779,2429.0
54071.64742103779,2234.0
78701.45423314536,2234.0
78701.45423314536,2429.0
86400.000002,2429.0
# temp #7853
0.0,2234.0
3940.3563595376913,2234.0
3940.3563595376913,2883.0
4570.482569304295,2883.0
4570.482569304295,2667.0
9259.239162644371,2667.0
9259.239162644371,2883.0
17986.978066829033,2883.0
17986.978066829033,2555.0
19186.978066829033,2555.0
19186.978066829033,2883.0
45939.6310523618,2883.0
45939.6310523618,2429.0
59877.97251564917,2429.0
59877.97251564917,2555.0
77885.33487722743,2555.0
77885.33487722743,2429.0
86400.000002,2429.0
# temp #7854
0.0,2234.0
8216.657906072216,2234.0
8216.657906072216,2667.0
27193.944881530486,2667.0
27193.944881530486,2555.0
27614.633886376403,2555.0
27614.633886376403,2667.0
51322.37034919673,2667.0
51322.37034919673,2555.0
51922.37034919673,2555.0
51922.37034919673,2667.0
73057.30217420498,2667.0
73057.30217420498,2555.0
75871.26409099439,2555.0
75871.26409099439,2429.0
86400.000002,2429.0
# temp #7855
0.0,2234.0
6321.082262531855,2234.0
6321.082262531855,2667.0
9737.051765411163,2667.0
9737.051765411163,2555.0
10930.51706410479,2555.0
10930.51706410479,2429.0
12995.59873917606,2429.0
12995.59873917606,2555.0
15100.72398686316,2555.0
15100.72398686316,2667.0
35953.66668866482,2667.0
35953.66668866482,2555.0
65549.28226231133,2555.0
65549.28226231133,2429.0
86400.000002,2429.0
# temp #7856
0.0,2234.0
53603.202641406104,2234.0
53603.202641406104,2429.0
53948.471233388416,2429.0
53948.471233388416,2555.0
57455.15308692121,2555.0
57455.15308692121,2429.0
84043.591005262,2429.0
84043.591005262,2234.0
86400.000002,2234.0
# temp #7857
0.0,2234.0
5563.693940592931,2234.0
5563.693940592931,2883.0
16663.69394059293,2883.0
16663.69394059293,2555.0
30808.447060338225,2555.0
30808.447060338225,2429.0
55941.503993840895,2429.0
55941.503993840895,2555.0
73589.02661832982,2555.0
73589.02661832982,2667.0
86400.0,2667.0
# temp #7858
0.0,2234.0
8393.74912264757,2234.0
8393.74912264757,2667.0
20436.5872386843,2667.0
20436.5872386843,2555.0
21803.43592660502,2555.0
21803.43592660502,2667.0
32694.293272309013,2667.0
32694.293272309013,2555.0
32994.29327230901,2555.0
32994.29327230901,2667.0
33859.19101049659,2667.0
33859.19101049659,2555.0
34459.19101049659,2555.0
34459.19101049659,2667.0
44825.08003909607,2667.0
44825.08003909607,2883.0
45287.64995655511,2883.0
45287.64995655511,2429.0
76659.34901742732,2429.0
76659.34901742732,2883.0
86400.0,2883.0
# temp #7859
0.0,2234.0
7762.405093107374,2234.0
7762.405093107374,2667.0
48492.14892257006,2667.0
48492.14892257006,2555.0
49208.37103743107,2555.0
49208.37103743107,2429.0
84384.58639879247,2429.0
84384.58639879247,2555.0
86400.000002,2555.0
# temp #7860
0.0,2234.0
67727.3280863883,2234.0
67727.3280863883,2555.0
75787.07233392633,2555.0
75787.07233392633,2234.0
78746.6096381424,2234.0
78746.6096381424,2429.0
79133.91617238522,2429.0
79133.91617238522,2555.0
86400.0,2555.0
# temp #7861
0.0,2234.0
23261.21635199525,2234.0
23261.21635199525,2017.0
48378.06871575304,2017.0
48378.06871575304,2234.0
68743.89764587396,2234.0
68743.89764587396,2017.0
74901.63030065598,2017.0
74901.63030065598,2234.0
76668.38986314835,2234.0
76668.38986314835,2017.0
79873.9654349629,2017.0
79873.9654349629,2234.0
86400.000002,2234.0
# temp #7862
0.0,2234.0
3264.9917492643,2234.0
3264.9917492643,2883.0
4087.4379106331617,2883.0
4087.4379106331617,2667.0
8266.57038051635,2667.0
8266.57038051635,2883.0
27642.900207638744,2883.0
27642.900207638744,2667.0
53572.00252320618,2667.0
53572.00252320618,2555.0
66889.15958656,2555.0
66889.15958656,2429.0
72494.10309840461,2429.0
72494.10309840461,2234.0
81162.21822754016,2234.0
81162.21822754016,2429.0
86400.000002,2429.0
# temp #7863
0.0,2234.0
50400.65707513132,2234.0
50400.65707513132,2555.0
71418.37738556789,2555.0
71418.37738556789,2429.0
71860.36663942506,2429.0
71860.36663942506,2555.0
86400.0,2555.0
# temp #7864
0.0,2234.0
7677.373248199003,2234.0
7677.373248199003,2667.0
35349.992386624224,2667.0
35349.992386624224,2555.0
35679.912183713175,2555.0
35679.912183713175,2429.0
70465.20974203014,2429.0
70465.20974203014,2555.0
75890.3908958193,2555.0
75890.3908958193,2667.0
86400.000002,2667.0
# temp #7865
0.0,2234.0
7391.764442855493,2234.0
7391.764442855493,2883.0
8172.68432120327,2883.0
8172.68432120327,2667.0
20333.389008860107,2667.0
20333.389008860107,2883.0
48733.70703568218,2883.0
48733.70703568218,2429.0
80727.54344274291,2429.0
80727.54344274291,2555.0
80867.26116975771,2555.0
80867.26116975771,2429.0
86400.0,2429.0
# temp #7866
0.0,2234.0
25736.581860948358,2234.0
25736.581860948358,2017.0
62785.851188795656,2017.0
62785.851188795656,2234.0
86400.0,2234.0
# temp #7867
0.0,2234.0
1022.8257895912976,2234.0
1022.8257895912976,2017.0
38940.936250286184,2017.0
38940.936250286184,2234.0
53857.37400795334,2234.0
53857.37400795334,2017.0
70467.57096690126,2017.0
70467.57096690126,2234.0
86400.0,2234.0
# temp #7868
0.0,2234.0
3403.2461634837096,2234.0
3403.2461634837096,2667.0
36178.83851935621,2667.0
36178.83851935621,2555.0
37487.732452503406,2555.0
37487.732452503406,2429.0
46887.88153643254,2429.0
46887.88153643254,2555.0
66559.75395210553,2555.0
66559.75395210553,2667.0
68330.97667652184,2667.0
68330.97667652184,2555.0
80544.90377695767,2555.0
80544.90377695767,2429.0
86400.000002,2429.0
# temp #7869
0.0,2234.0
22090.028094034646,2234.0
22090.028094034646,2555.0
26466.544785560112,2555.0
26466.544785560112,2667.0
32766.544785560112,2667.0
32766.544785560112,2555.0
33966.54478556011,2555.0
33966.54478556011,2429.0
77166.54478556011,2429.0
77166.54478556011,2234.0
86400.0,2234.0
# temp #7870
0.0,2234.0
5559.439699770884,2234.0
5559.439699770884,2667.0
43314.99118900393,2667.0
43314.99118900393,2555.0
43833.850726601675,2555.0
43833.850726601675,2667.0
53546.49689197541,2667.0
53546.49689197541,2555.0
53846.49689197541,2555.0
53846.49689197541,2429.0
86400.0,2429.0
# temp #7871
0.0,2234.0
27060.457056085583,2234.0
27060.457056085583,2555.0
46425.02467904706,2555.0
46425.02467904706,2429.0
46836.90519654193,2429.0
46836.90519654193,2555.0
69588.21072976572,2555.0
69588.21072976572,2429.0
70320.60549713207,2429.0
70320.60549713207,2555.0
71793.23501314504,2555.0
71793.23501314504,2429.0
72093.23501314504,2429.0
72093.23501314504,2555.0
86400.000002,2555.0
# temp #7872
0.0,2234.0
80055.21929108074,2234.0
80055.21929108074,2555.0
86400.000002,2555.0
# temp #7873
0.0,2234.0
8445.206390926616,2234.0
8445.206390926616,2017.0
58882.109994487844,2017.0
58882.109994487844,2234.0
77367.7821819205,2234.0
77367.7821819205,2017.0
86400.000002,2017.0
# temp #7874
0.0,2234.0
55850.668931636035,2234.0
55850.668931636035,2429.0
56150.668931636035,2429.0
56150.668931636035,2234.0
72356.6556028789,2234.0
72356.6556028789,2667.0
86400.000002,2667.0
# temp #7875
0.0,2234.0
6670.769639848732,2234.0
6670.769639848732,2883.0
8441.107161599213,2883.0
8441.107161599213,2667.0
20458.16123087425,2667.0
20458.16123087425,2883.0
56296.14498771263,2883.0
56296.14498771263,2429.0
86400.000002,2429.0
# temp #7876
0.0,2234.0
2622.7388625964527,2234.0
2622.7388625964527,2667.0
8520.980345411228,2667.0
8520.980345411228,2555.0
8899.844192666935,2555.0
8899.844192666935,2667.0
14657.249138946649,2667.0
14657.249138946649,2555.0
14957.249138946649,2555.0
14957.249138946649,2429.0
16409.309201594446,2429.0
16409.309201594446,2555.0
32912.807924347006,2555.0
32912.807924347006,2429.0
36100.7593063172,2429.0
36100.7593063172,2234.0
59563.14391305206,2234.0
59563.14391305206,2429.0
86400.000002,2429.0
# temp #7877
0.0,2234.0
4666.816461668351,2234.0
4666.816461668351,2667.0
30879.836610308852,2667.0
30879.836610308852,2555.0
32218.23911655229,2555.0
32218.23911655229,2667.0
44432.811869890436,2667.0
44432.811869890436,2555.0
44732.811869890436,2555.0
44732.811869890436,2667.0
45486.92078548484,2667.0
45486.92078548484,2555.0
46086.92078548484,2555.0
46086.92078548484,2667.0
62653.33046999295,2667.0
62653.33046999295,2555.0
78105.12112914586,2555.0
78105.12112914586,2429.0
86400.0,2429.0
# temp #7878
0.0,2234.0
32198.67073525675,2234.0
32198.67073525675,2017.0
41490.91315604747,2017.0
41490.91315604747,2234.0
86400.000002,2234.0
# temp #7879
0.0,2234.0
8006.586818466895,2234.0
8006.586818466895,2429.0
8530.907941306943,2429.0
8530.907941306943,2555.0
12597.636407311076,2555.0
12597.636407311076,2429.0
32498.34104622715,2429.0
32498.34104622715,2234.0
50638.24133542368,2234.0
50638.24133542368,2667.0
86400.0,2667.0
# temp #7880
0.0,2234.0
21842.858639778573,2234.0
21842.858639778573,2429.0
22234.363461448815,2429.0
22234.363461448815,2234.0
22985.683576273736,2234.0
22985.683576273736,2429.0
23820.57614999358,2429.0
23820.57614999358,2234.0
46037.23126959522,2234.0
46037.23126959522,2429.0
46520.33125378658,2429.0
46520.33125378658,2234.0
51913.4597612545,2234.0
51913.4597612545,2429.0
86400.000002,2429.0
# temp #7881
0.0,2234.0
3484.2944131465633,2234.0
3484.2944131465633,2667.0
31104.825489758518,2667.0
31104.825489758518,2555.0
32179.256880632605,2555.0
32179.256880632605,2667.0
41292.065162980005,2667.0
41292.065162980005,2555.0
41892.065162980005,2555.0
41892.065162980005,2667.0
56026.24412986916,2667.0
56026.24412986916,2555.0
57504.419922712266,2555.0
57504.419922712266,2429.0
86400.0,2429.0
# temp #7882
0.0,2234.0
33433.54197281879,2234.0
33433.54197281879,2555.0
56050.45053677169,2555.0
56050.45053677169,2429.0
86400.0,2429.0
# temp #7883
0.0,2234.0
5567.264908156359,2234.0
5567.264908156359,2667.0
6091.294295992703,2667.0
6091.294295992703,2555.0
7083.484896551819,2555.0
7083.484896551819,2667.0
22811.994359269745,2667.0
22811.994359269745,2555.0
23411.994359269745,2555.0
23411.994359269745,2667.0
39443.661651061855,2667.0
39443.661651061855,2555.0
40233.056405978285,2555.0
40233.056405978285,2429.0
68149.39334273805,2429.0
68149.39334273805,2555.0
78110.01139751171,2555.0
78110.01139751171,2429.0
86400.000002,2429.0
# temp #7884
0.0,2234.0
47975.79059251585,2234.0
47975.79059251585,2429.0
48275.79059251585,2429.0
48275.79059251585,2234.0
49422.99975596835,2234.0
49422.99975596835,2429.0
51953.592523187406,2429.0
51953.592523187406,2555.0
54535.53756389302,2555.0
54535.53756389302,2429.0
64019.7144824546,2429.0
64019.7144824546,2555.0
81311.96287788918,2555.0
81311.96287788918,2429.0
86400.0,2429.0
# temp #7885
0.0,2234.0
35672.89575543255,2234.0
35672.89575543255,2555.0
37219.317393936224,2555.0
37219.317393936224,2667.0
43519.317393936224,2667.0
43519.317393936224,2555.0
44719.317393936224,2555.0
44719.317393936224,2429.0
86400.0,2429.0
# temp #7886
0.0,2234.0
68755.21462813487,2234.0
68755.21462813487,2555.0
70536.51021423285,2555.0
70536.51021423285,2429.0
70901.74820129761,2429.0
70901.74820129761,2555.0
76776.14579815419,2555.0
76776.14579815419,2429.0
77312.54382063636,2429.0
77312.54382063636,2234.0
86400.000002,2234.0
# temp #7887
0.0,2234.0
29092.64897180256,2234.0
29092.64897180256,2555.0
57505.54539884907,2555.0
57505.54539884907,2429.0
58060.044114128694,2429.0
58060.044114128694,2555.0
63423.943553958095,2555.0
63423.943553958095,2429.0
63859.99817010016,2429.0
63859.99817010016,2555.0
65349.42975165323,2555.0
65349.42975165323,2429.0
65649.42975165322,2429.0
65649.42975165322,2555.0
65949.42975165322,2555.0
65949.42975165322,2429.0
66549.42975165322,2429.0
66549.42975165322,2555.0
67705.26032270864,2555.0
67705.26032270864,2429.0
71188.36410397198,2429.0
71188.36410397198,2555.0
75237.78566548135,2555.0
75237.78566548135,2667.0
79765.80355872866,2667.0
79765.80355872866,2883.0
81254.50155904982,2883.0
81254.50155904982,2429.0
86400.0,2429.0
# temp #7888
0.0,2234.0
4994.927448872478,2234.0
4994.927448872478,2883.0
6259.455670625904,2883.0
6259.455670625904,2667.0
13313.82253286429,2667.0
13313.82253286429,2883.0
22089.90935836919,2883.0
22089.90935836919,2667.0
70356.28711567262,2667.0
70356.28711567262,2883.0
85450.4947315436,2883.0
85450.4947315436,2667.0
86400.000002,2667.0
# temp #7889
0.0,2234.0
34321.012531081215,2234.0
34321.012531081215,2883.0
36721.012531081215,2883.0
36721.012531081215,2667.0
64960.785003961064,2667.0
64960.785003961064,2555.0
79902.45066785719,2555.0
79902.45066785719,2429.0
86400.0,2429.0
# temp #7890
0.0,2234.0
40250.80241379329,2234.0
40250.80241379329,2429.0
47150.80241379329,2429.0
47150.80241379329,2555.0
48950.80241379329,2555.0
48950.80241379329,2429.0
61850.80241379329,2429.0
61850.80241379329,2234.0
62150.80241379329,2234.0
62150.80241379329,2017.0
62450.80241379329,2017.0
62450.80241379329,2234.0
62750.80241379329,2234.0
62750.80241379329,2017.0
65655.02727844288,2017.0
65655.02727844288,2234.0
86400.0,2234.0
# temp #7891
0.0,2234.0
27464.87277571578,2234.0
27464.87277571578,2555.0
32397.074886504564,2555.0
32397.074886504564,2667.0
38697.07488650457,2667.0
38697.07488650457,2555.0
39897.07488650457,2555.0
39897.07488650457,2429.0
83097.07488650456,2429.0
83097.07488650456,2234.0
86400.0,2234.0
# temp #7892
0.0,2234.0
39615.45518143103,2234.0
39615.45518143103,2017.0
78362.15609433131,2017.0
78362.15609433131,2234.0
86400.0,2234.0
# temp #7893
0.0,2234.0
13837.602613354104,2234.0
13837.602613354104,2429.0
14345.15404715203,2429.0
14345.15404715203,2234.0
15153.720946982505,2234.0
15153.720946982505,2429.0
16295.728906290607,2429.0
16295.728906290607,2234.0
35330.85351940245,2234.0
35330.85351940245,2429.0
36814.64753374458,2429.0
36814.64753374458,2555.0
37796.22035650537,2555.0
37796.22035650537,2429.0
38096.22035650537,2429.0
38096.22035650537,2555.0
38396.22035650537,2555.0
38396.22035650537,2429.0
38996.22035650537,2429.0
38996.22035650537,2555.0
40513.833922427155,2555.0
40513.833922427155,2429.0
49638.3284630254,2429.0
49638.3284630254,2555.0
82739.51773052105,2555.0
82739.51773052105,2429.0
83316.92151655444,2429.0
83316.92151655444,2883.0
86400.000002,2883.0
# temp #7894
0.0,2234.0
22466.73416057602,2234.0
22466.73416057602,2429.0
23066.73416057602,2429.0
23066.73416057602,2555.0
28008.308254648004,2555.0
28008.308254648004,2429.0
46966.76283802372,2429.0
46966.76283802372,2555.0
51596.19279101026,2555.0
51596.19279101026,2667.0
72983.16774345005,2667.0
72983.16774345005,2555.0
85363.23285021355,2555.0
85363.23285021355,2429.0
86400.0,2429.0
# temp #7895
0.0,2234.0
25281.697839824486,2234.0
25281.697839824486,2555.0
26746.441461076032,2555.0
26746.441461076032,2667.0
27056.697039445866,2667.0
27056.697039445866,2555.0
33056.69703944586,2555.0
33056.69703944586,2429.0
35456.69703944586,2429.0
35456.69703944586,2234.0
39056.69703944586,2234.0
39056.69703944586,2429.0
40256.69703944586,2429.0
40256.69703944586,2234.0
45956.69703944586,2234.0
45956.69703944586,2429.0
50166.676608799025,2429.0
50166.676608799025,2883.0
61809.69636705705,2883.0
61809.69636705705,2667.0
64209.9035456311,2667.0
64209.9035456311,2555.0
86400.000002,2555.0
# temp #7896
0.0,2234.0
7678.600870328956,2234.0
7678.600870328956,2555.0
22385.576234408658,2555.0
22385.576234408658,2429.0
22872.892025252808,2429.0
22872.892025252808,2555.0
31928.997901850387,2555.0
31928.997901850387,2429.0
32550.41887827684,2429.0
32550.41887827684,2555.0
33519.64879960288,2555.0
33519.64879960288,2429.0
33819.64879960288,2429.0
33819.64879960288,2555.0
54219.64879960288,2555.0
54219.64879960288,2429.0
54519.64879960288,2429.0
54519.64879960288,2555.0
55119.64879960288,2555.0
55119.64879960288,2667.0
72877.84737478943,2667.0
72877.84737478943,2555.0
86400.0,2555.0
# temp #7897
0.0,2234.0
15493.175821099434,2234.0
15493.175821099434,2883.0
15840.379702183422,2883.0
15840.379702183422,2667.0
23168.816612544473,2667.0
23168.816612544473,2883.0
36758.77807892394,2883.0
36758.77807892394,2667.0
39973.999829264365,2667.0
39973.999829264365,2555.0
42152.733791386716,2555.0
42152.733791386716,2667.0
74215.76496474446,2667.0
74215.76496474446,2555.0
77875.3497356549,2555.0
77875.3497356549,2429.0
86400.000002,2429.0
# temp #7898
0.0,2234.0
8953.425472439269,2234.0
8953.425472439269,2883.0
9677.781204599889,2883.0
9677.781204599889,2667.0
19919.029198447246,2667.0
19919.029198447246,2883.0
47787.48734865805,2883.0
47787.48734865805,2429.0
50529.65715201573,2429.0
50529.65715201573,2234.0
66962.49559773134,2234.0
66962.49559773134,2667.0
86400.0,2667.0
# temp #7899
0.0,2234.0
24125.682116090324,2234.0
24125.682116090324,2429.0
24499.566074344333,2429.0
24499.566074344333,2234.0
25179.210535925817,2234.0
25179.210535925817,2429.0
30164.587619178932,2429.0
30164.587619178932,2234.0
33530.777707602836,2234.0
33530.777707602836,2429.0
34518.5105804354,2429.0
34518.5105804354,2555.0
35432.87140270696,2555.0
35432.87140270696,2429.0
35732.87140270696,2429.0
35732.87140270696,2555.0
37232.87140270696,2555.0
37232.87140270696,2429.0
47432.87140270696,2429.0
47432.87140270696,2234.0
86400.0,2234.0
# temp #7900
0.0,2234.0
10830.761953094043,2234.0
10830.761953094043,2429.0
17730.761953094043,2429.0
17730.761953094043,2555.0
19530.761953094043,2555.0
19530.761953094043,2429.0
32430.761953094043,2429.0
32430.761953094043,2234.0
32730.761953094043,2234.0
32730.761953094043,2017.0
33030.76195309404,2017.0
33030.76195309404,2234.0
33330.76195309404,2234.0
33330.76195309404,2017.0
38160.45843001921,2017.0
38160.45843001921,2234.0
47503.03380195983,2234.0
47503.03380195983,2429.0
50902.74066987914,2429.0
50902.74066987914,2555.0
66055.31867304817,2555.0
66055.31867304817,2429.0
74171.36799311267,2429.0
74171.36799311267,2555.0
86400.0,2555.0
# temp #7901
0.0,2234.0
10875.14685855713,2234.0
10875.14685855713,2555.0
36837.38528459799,2555.0
36837.38528459799,2429.0
37182.932383823216,2429.0
37182.932383823216,2555.0
42447.31889404357,2555.0
42447.31889404357,2429.0
43452.03469851986,2429.0
43452.03469851986,2555.0
44056.46891696379,2555.0
44056.46891696379,2429.0
44356.46891696379,2429.0
44356.46891696379,2555.0
45856.46891696379,2555.0
45856.46891696379,2429.0
56056.46891696379,2429.0
56056.46891696379,2234.0
86400.000002,2234.0
# temp #7902
0.0,2234.0
27940.708638913933,2234.0
27940.708638913933,2555.0
53879.36374428683,2555.0
53879.36374428683,2429.0
82287.7354677301,2429.0
82287.7354677301,2234.0
84282.59335092736,2234.0
84282.59335092736,2429.0
86400.000002,2429.0
# temp #7903
0.0,2234.0
53991.58645214048,2234.0
53991.58645214048,2555.0
57115.23221097887,2555.0
57115.23221097887,2667.0
57572.68655793742,2667.0
57572.68655793742,2555.0
57872.68655793742,2555.0
57872.68655793742,2667.0
84572.68655793741,2667.0
84572.68655793741,2555.0
86400.0,2555.0
# temp #7904
0.0,2234.0
65795.62905232889,2234.0
65795.62905232889,2555.0
66139.77701305413,2555.0
66139.77701305413,2667.0
66479.62510369254,2667.0
66479.62510369254,2555.0
72479.62510369254,2555.0
72479.62510369254,2429.0
74879.62510369254,2429.0
74879.62510369254,2234.0
78479.62510369254,2234.0
78479.62510369254,2429.0
79679.62510369254,2429.0
79679.62510369254,2234.0
85379.62510369254,2234.0
85379.62510369254,2429.0
86400.000002,2429.0
# temp #7905
0.0,2234.0
34778.94908005838,2234.0
34778.94908005838,2429.0
35236.4882235881,2429.0
35236.4882235881,2555.0
35667.157960077755,2555.0
35667.157960077755,2429.0
72075.58250385338,2429.0
72075.58250385338,2555.0
74937.41478701124,2555.0
74937.41478701124,2429.0
86400.0,2429.0
# temp #7906
0.0,2234.0
39960.325840883896,2234.0
39960.325840883896,2555.0
44657.7088181628,2555.0
44657.7088181628,2667.0
45160.61193917413,2667.0
45160.61193917413,2555.0
45460.61193917413,2555.0
45460.61193917413,2667.0
72160.61193917412,2667.0
72160.61193917412,2555.0
86400.0,2555.0
# temp #7907
0.0,2234.0
20669.848900800574,2234.0
20669.848900800574,2429.0
21218.848956422884,2429.0
21218.848956422884,2555.0
22462.220196845014,2555.0
22462.220196845014,2429.0
57279.74674177823,2429.0
57279.74674177823,2555.0
64578.999272757224,2555.0
64578.999272757224,2429.0
85880.83766803614,2429.0
85880.83766803614,2883.0
86400.0,2883.0
# temp #7908
0.0,2234.0
11026.32487525698,2234.0
11026.32487525698,2429.0
43126.32487525698,2429.0
43126.32487525698,2555.0
43426.32487525698,2555.0
43426.32487525698,2667.0
72261.76572404802,2667.0
72261.76572404802,2234.0
79210.05388051271,2234.0
79210.05388051271,2667.0
86400.0,2667.0
# temp #7909
0.0,2234.0
42352.56777859759,2234.0
42352.56777859759,2555.0
71308.74167487492,2555.0
71308.74167487492,2429.0
71908.16843337381,2429.0
71908.16843337381,2555.0
86400.000002,2555.0
# temp #7910
0.0,2234.0
19785.40911879391,2234.0
19785.40911879391,2555.0
30137.19645864331,2555.0
30137.19645864331,2429.0
30475.207623071045,2429.0
30475.207623071045,2555.0
35994.175200001344,2555.0
35994.175200001344,2429.0
36808.85386022274,2429.0
36808.85386022274,2555.0
37472.48847589363,2555.0
37472.48847589363,2429.0
37772.48847589363,2429.0
37772.48847589363,2555.0
39272.48847589363,2555.0
39272.48847589363,2429.0
49472.48847589363,2429.0
49472.48847589363,2234.0
86400.0,2234.0
# temp #7911
0.0,2234.0
80809.9437700119,2234.0
80809.9437700119,2555.0
86400.000002,2555.0
# temp #7912
0.0,2234.0
18105.552628822625,2234.0
18105.552628822625,2429.0
18705.552628822625,2429.0
18705.552628822625,2555.0
23005.047530494634,2555.0
23005.047530494634,2429.0
38694.89560313523,2429.0
38694.89560313523,2234.0
68188.81251679269,2234.0
68188.81251679269,2429.0
86400.0,2429.0
# temp #7913
0.0,2234.0
16958.854178152982,2234.0
16958.854178152982,2555.0
34356.11906102859,2555.0
34356.11906102859,2429.0
34954.79616159574,2429.0
34954.79616159574,2555.0
59085.85948515685,2555.0
59085.85948515685,2429.0
59509.46138771252,2429.0
59509.46138771252,2555.0
60246.29985960202,2555.0
60246.29985960202,2429.0
60546.29985960202,2429.0
60546.29985960202,2555.0
80946.29985960202,2555.0
80946.29985960202,2429.0
81246.29985960202,2429.0
81246.29985960202,2555.0
81846.29985960202,2555.0
81846.29985960202,2667.0
86400.0,2667.0
# temp #7914
0.0,2234.0
2909.162732725963,2234.0
2909.162732725963,2883.0
3580.3460013354197,2883.0
3580.3460013354197,2667.0
11299.774699355476,2667.0
11299.774699355476,2883.0
39786.29700830207,2883.0
39786.29700830207,2429.0
55177.46344080662,2429.0
55177.46344080662,2555.0
61120.45455111658,2555.0
61120.45455111658,2667.0
61640.497395372964,2667.0
61640.497395372964,2555.0
86400.000002,2555.0
# temp #7915
0.0,2234.0
11263.85272226762,2234.0
11263.85272226762,2429.0
11594.421040825546,2429.0
11594.421040825546,2234.0
12357.365772337653,2234.0
12357.365772337653,2429.0
16575.830289605074,2429.0
16575.830289605074,2234.0
40654.890843783505,2234.0
40654.890843783505,2429.0
41144.50280566235,2429.0
41144.50280566235,2234.0
71311.9062610902,2234.0
71311.9062610902,2429.0
86400.000002,2429.0
# temp #7916
0.0,2234.0
33113.70598459617,2234.0
33113.70598459617,2429.0
33582.12442821824,2429.0
33582.12442821824,2234.0
34468.63370770589,2234.0
34468.63370770589,2429.0
38508.734161499895,2429.0
38508.734161499895,2234.0
47083.93617400435,2234.0
47083.93617400435,2429.0
47654.81985050721,2429.0
47654.81985050721,2555.0
48192.363313282855,2555.0
48192.363313282855,2429.0
86400.0,2429.0
# temp #7917
0.0,2234.0
37702.37239231356,2234.0
37702.37239231356,2555.0
42796.92716582213,2555.0
42796.92716582213,2667.0
49096.92716582213,2667.0
49096.92716582213,2555.0
50296.92716582213,2555.0
50296.92716582213,2429.0
86400.0,2429.0
# temp #7918
0.0,2234.0
25607.07780774683,2234.0
25607.07780774683,2017.0
32948.68282838725,2017.0
32948.68282838725,2234.0
35499.291109805934,2234.0
35499.291109805934,2017.0
82970.5538227223,2017.0
82970.5538227223,2234.0
86400.0,2234.0
# temp #7919
0.0,2234.0
85348.58792982997,2234.0
85348.58792982997,2555.0
86400.0,2555.0
# temp #7920
0.0,2234.0
6062.310725566932,2234.0
6062.310725566932,2667.0
52385.233374894604,2667.0
52385.233374894604,2555.0
53356.4338361146,2555.0
53356.4338361146,2667.0
74401.81038840675,2667.0
74401.81038840675,2555.0
74701.81038840675,2555.0
74701.81038840675,2667.0
75400.60079558754,2667.0
75400.60079558754,2555.0
76000.60079558754,2555.0
76000.60079558754,2667.0
86400.0,2667.0
# temp #7921
0.0,2234.0
13927.758065611124,2234.0
13927.758065611124,2429.0
14527.758065611124,2429.0
14527.758065611124,2555.0
19434.767323359847,2555.0
19434.767323359847,2429.0
56757.69979781472,2429.0
56757.69979781472,2555.0
77207.46992030182,2555.0
77207.46992030182,2667.0
82306.09412156047,2667.0
82306.09412156047,2555.0
86400.000002,2555.0
# temp #7922
0.0,2234.0
72768.57544428205,2234.0
72768.57544428205,2555.0
86400.0,2555.0
# temp #7923
0.0,2234.0
6252.106180717238,2234.0
6252.106180717238,2667.0
43723.51600506809,2667.0
43723.51600506809,2555.0
44024.19547203463,2555.0
44024.19547203463,2667.0
49511.8363483809,2667.0
49511.8363483809,2555.0
52511.8363483809,2555.0
52511.8363483809,2667.0
78611.8363483809,2667.0
78611.8363483809,2883.0
86400.000002,2883.0
# temp #7924
0.0,2234.0
20548.973292647865,2234.0
20548.973292647865,2555.0
44485.551204322845,2555.0
44485.551204322845,2429.0
72364.65074771551,2429.0
72364.65074771551,2234.0
83060.22700401956,2234.0
83060.22700401956,2429.0
86400.000002,2429.0
# temp #7925
0.0,2234.0
12219.298475794496,2234.0
12219.298475794496,2017.0
65287.86063878798,2017.0
65287.86063878798,2234.0
86400.000002,2234.0
# temp #7926
0.0,2234.0
51894.59877815098,2234.0
51894.59877815098,2555.0
81605.01402779484,2555.0
81605.01402779484,2429.0
86400.0,2429.0
# temp #7927
0.0,2234.0
61539.4848847529,2234.0
61539.4848847529,2555.0
64825.40034132545,2555.0
64825.40034132545,2667.0
65304.335937160075,2667.0
65304.335937160075,2555.0
71304.33593716008,2555.0
71304.33593716008,2429.0
73704.33593716008,2429.0
73704.33593716008,2234.0
77304.33593716008,2234.0
77304.33593716008,2429.0
78504.33593716008,2429.0
78504.33593716008,2234.0
84204.33593716008,2234.0
84204.33593716008,2429.0
86400.0,2429.0
# temp #7928
0.0,2234.0
39209.66731854715,2234.0
39209.66731854715,2429.0
39582.147450232886,2429.0
39582.147450232886,2234.0
40264.47379798629,2234.0
40264.47379798629,2429.0
45043.80770442077,2429.0
45043.80770442077,2234.0
57955.56746406948,2234.0
57955.56746406948,2429.0
59285.34526966979,2429.0
59285.34526966979,2555.0
60332.06436003094,2555.0
60332.06436003094,2429.0
60632.06436003094,2429.0
60632.06436003094,2555.0
60932.06436003094,2555.0
60932.06436003094,2429.0
61532.06436003094,2429.0
61532.06436003094,2555.0
62940.40478768294,2555.0
62940.40478768294,2429.0
67869.97895089445,2429.0
67869.97895089445,2555.0
79131.73190883828,2555.0
79131.73190883828,2429.0
86400.000002,2429.0
# temp #7929
0.0,2234.0
7521.488596731798,2234.0
7521.488596731798,2555.0
8240.308654261753,2555.0
8240.308654261753,2429.0
8667.052010656336,2429.0
8667.052010656336,2555.0
10554.01611523703,2555.0
10554.01611523703,2429.0
11109.542836854236,2429.0
11109.542836854236,2234.0
35097.38264987245,2234.0
35097.38264987245,2429.0
37923.86729987339,2429.0
37923.86729987339,2555.0
42795.25716863573,2555.0
42795.25716863573,2667.0
47332.14440597222,2667.0
47332.14440597222,2883.0
78494.09693505151,2883.0
78494.09693505151,2429.0
86400.000002,2429.0
# temp #7930
0.0,2234.0
10161.387585802006,2234.0
10161.387585802006,2017.0
60176.68440677226,2017.0
60176.68440677226,2234.0
78938.8445458375,2234.0
78938.8445458375,2017.0
86400.0,2017.0
# temp #7931
0.0,2234.0
3909.3879621243113,2234.0
3909.3879621243113,2667.0
44433.23509446346,2667.0
44433.23509446346,2555.0
44998.511649901055,2555.0
44998.511649901055,2667.0
67554.90111429246,2667.0
67554.90111429246,2555.0
67854.90111429246,2555.0
67854.90111429246,2667.0
68754.84450899532,2667.0
68754.84450899532,2555.0
69354.84450899532,2555.0
69354.84450899532,2667.0
86400.000002,2667.0
# temp #7932
0.0,2234.0
6699.371708859691,2234.0
6699.371708859691,2667.0
38146.65219120216,2667.0
38146.65219120216,2555.0
38677.53391207662,2555.0
38677.53391207662,2667.0
39929.41238146742,2667.0
39929.41238146742,2555.0
42929.41238146742,2555.0
42929.41238146742,2667.0
69029.41238146741,2667.0
69029.41238146741,2883.0
86400.000002,2883.0
# temp #7933
0.0,2234.0
7305.383046297357,2234.0
7305.383046297357,2017.0
51152.16223974713,2017.0
51152.16223974713,2234.0
70603.13567896375,2234.0
70603.13567896375,2017.0
86400.0,2017.0
# temp #7934
0.0,2234.0
51959.03066564352,2234.0
51959.03066564352,2555.0
60861.90519374796,2555.0
60861.90519374796,2883.0
61858.80673660432,2883.0
61858.80673660432,2429.0
75006.35472326541,2429.0
75006.35472326541,2555.0
81930.23492801005,2555.0
81930.23492801005,2429.0
86400.0,2429.0
# temp #7935
0.0,2234.0
4614.149785204791,2234.0
4614.149785204791,2667.0
18677.821041410793,2667.0
18677.821041410793,2555.0
19639.53062980436,2555.0
19639.53062980436,2667.0
28817.25230582525,2667.0
28817.25230582525,2555.0
29117.25230582525,2555.0
29117.25230582525,2429.0
45939.32603776921,2429.0
45939.32603776921,2883.0
79389.46112324485,2883.0
79389.46112324485,2429.0
84833.00573397429,2429.0
84833.00573397429,2555.0
86400.000002,2555.0
# temp #7936
0.0,2234.0
47941.23295366299,2234.0
47941.23295366299,2429.0
48463.424638705335,2429.0
48463.424638705335,2555.0
49827.99881030806,2555.0
49827.99881030806,2429.0
86202.64318445699,2429.0
86202.64318445699,2555.0
86400.0,2555.0
# temp #7937
0.0,2234.0
6520.252910116688,2234.0
6520.252910116688,2667.0
20654.369758092802,2667.0
20654.369758092802,2555.0
21063.0073991837,2555.0
21063.0073991837,2667.0
55360.826108534835,2667.0
55360.826108534835,2555.0
58360.826108534835,2555.0
58360.826108534835,2667.0
84460.82610853483,2667.0
84460.82610853483,2883.0
86400.000002,2883.0
# temp #7938
0.0,2234.0
36072.58816226386,2234.0
36072.58816226386,2429.0
36632.709091203295,2429.0
36632.709091203295,2234.0
37412.54368540832,2234.0
37412.54368540832,2429.0
38375.38978080266,2429.0
38375.38978080266,2234.0
49287.64482687694,2234.0
49287.64482687694,2429.0
49910.23709659931,2429.0
49910.23709659931,2234.0
77989.56854743884,2234.0
77989.56854743884,2429.0
86400.0,2429.0
# temp #7939
0.0,2234.0
7347.315993485974,2234.0
7347.315993485974,2667.0
30152.33623422683,2667.0
30152.33623422683,2555.0
30978.67565397174,2555.0
30978.67565397174,2667.0
65749.84214846046,2667.0
65749.84214846046,2555.0
68749.84214846046,2555.0
68749.84214846046,2667.0
86400.000002,2667.0
# temp #7940
0.0,2234.0
83413.72722387315,2234.0
83413.72722387315,2883.0
85813.72722387315,2883.0
85813.72722387315,2667.0
86400.0,2667.0
# temp #7941
0.0,2234.0
32981.26499466598,2234.0
32981.26499466598,2429.0
33336.49078938179,2429.0
33336.49078938179,2555.0
36880.987680656835,2555.0
36880.987680656835,2429.0
61577.29727632832,2429.0
61577.29727632832,2234.0
77450.40217044298,2234.0
77450.40217044298,2429.0
86400.0,2429.0
# temp #7942
0.0,2234.0
18936.152429971844,2234.0
18936.152429971844,2429.0
19536.152429971844,2429.0
19536.152429971844,2555.0
24345.50280729309,2555.0
24345.50280729309,2429.0
30111.687647178773,2429.0
30111.687647178773,2555.0
47392.30449143798,2555.0
47392.30449143798,2667.0
48693.78341655248,2667.0
48693.78341655248,2555.0
68398.17405031064,2555.0
68398.17405031064,2667.0
86400.0,2667.0
# temp #7943
0.0,2234.0
7831.457051471809,2234.0
7831.457051471809,2667.0
27650.939018139623,2667.0
27650.939018139623,2555.0
29141.760652558885,2555.0
29141.760652558885,2667.0
30804.12503883709,2667.0
30804.12503883709,2555.0
33804.12503883709,2555.0
33804.12503883709,2667.0
59904.12503883709,2667.0
59904.12503883709,2883.0
86400.0,2883.0
# temp #7944
0.0,2234.0
28955.527457292195,2234.0
28955.527457292195,2429.0
29522.924836166207,2429.0
29522.924836166207,2555.0
30509.964902512733,2555.0
30509.964902512733,2429.0
37448.277109209455,2429.0
37448.277109209455,2555.0
42746.937954844914,2555.0
42746.937954844914,2429.0
67809.7328969976,2429.0
67809.7328969976,2555.0
84529.5383376768,2555.0
84529.5383376768,2667.0
86400.000002,2667.0
# temp #7945
0.0,2234.0
22019.005728280175,2234.0
22019.005728280175,2555.0
23041.34434468579,2555.0
23041.34434468579,2667.0
23408.000566600826,2667.0
23408.000566600826,2555.0
29408.000566600826,2555.0
29408.000566600826,2429.0
31808.000566600826,2429.0
31808.000566600826,2234.0
35408.00056660082,2234.0
35408.00056660082,2429.0
36608.00056660082,2429.0
36608.00056660082,2234.0
42308.00056660082,2234.0
42308.00056660082,2429.0
54300.50695328974,2429.0
54300.50695328974,2555.0
74370.39408464916,2555.0
74370.39408464916,2667.0
86400.000002,2667.0
# temp #7946
0.0,2234.0
40697.184478584684,2234.0
40697.184478584684,2017.0
62530.00189214946,2017.0
62530.00189214946,2234.0
84613.02137989552,2234.0
84613.02137989552,2017.0
86400.000002,2017.0
# temp #7947
0.0,2234.0
52681.41815825366,2234.0
52681.41815825366,2555.0
55194.30006975309,2555.0
55194.30006975309,2667.0
61494.30006975309,2667.0
61494.30006975309,2555.0
62694.30006975309,2555.0
62694.30006975309,2429.0
86400.0,2429.0
# temp #7948
0.0,2234.0
72721.99518887792,2234.0
72721.99518887792,2555.0
86308.17005115096,2555.0
86308.17005115096,2234.0
86400.000002,2234.0
# temp #7949
0.0,2234.0
20959.124396997508,2234.0
20959.124396997508,2429.0
21469.61922703777,2429.0
21469.61922703777,2555.0
21850.147908017974,2555.0
21850.147908017974,2429.0
52872.37900577021,2429.0
52872.37900577021,2555.0
58076.26916819719,2555.0
58076.26916819719,2667.0
86400.000002,2667.0
# temp #7950
0.0,2234.0
76001.90855646507,2234.0
76001.90855646507,2555.0
85192.81088663267,2555.0
85192.81088663267,2429.0
86400.0,2429.0
# temp #7951
0.0,2234.0
84696.88887011727,2234.0
84696.88887011727,2555.0
86400.0,2555.0
# temp #7952
0.0,2234.0
57514.41151597538,2234.0
57514.41151597538,2429.0
57868.054332397885,2429.0
57868.054332397885,2555.0
59490.60356374831,2555.0
59490.60356374831,2429.0
86400.0,2429.0
# temp #7953
0.0,2234.0
29421.996290981773,2234.0
29421.996290981773,2555.0
30436.48017193191,2555.0
30436.48017193191,2667.0
30777.268826169897,2667.0
30777.268826169897,2555.0
31077.268826169897,2555.0
31077.268826169897,2667.0
57777.26882616989,2667.0
57777.26882616989,2555.0
73677.2688261699,2555.0
73677.2688261699,2234.0
77277.2688261699,2234.0
77277.2688261699,2429.0
86400.0,2429.0
# temp #7954
0.0,2234.0
3625.440771505237,2234.0
3625.440771505237,2667.0
27525.41396724992,2667.0
27525.41396724992,2555.0
27980.612797150392,2555.0
27980.612797150392,2667.0
33066.24578526244,2667.0
33066.24578526244,2555.0
33366.24578526244,2555.0
33366.24578526244,2667.0
33666.24578526244,2667.0
33666.24578526244,2555.0
36966.24578526244,2555.0
36966.24578526244,2667.0
62466.245785262436,2667.0
62466.245785262436,2883.0
86400.000002,2883.0
# temp #7955
0.0,2234.0
4876.688485639171,2234.0
4876.688485639171,2555.0
35223.91124451534,2555.0
35223.91124451534,2429.0
49150.28430456296,2429.0
49150.28430456296,2234.0
55630.74928787538,2234.0
55630.74928787538,2429.0
67597.56290225779,2429.0
67597.56290225779,2234.0
75506.03318503128,2234.0
75506.03318503128,2429.0
86400.000002,2429.0
# temp #7956
0.0,2234.0
3529.0156683884566,2234.0
3529.0156683884566,2667.0
52558.28934868333,2667.0
52558.28934868333,2555.0
53823.66753404495,2555.0
53823.66753404495,2667.0
85201.10469250941,2667.0
85201.10469250941,2555.0
86400.000002,2555.0
# temp #7957
0.0,2234.0
13761.740156169983,2234.0
13761.740156169983,2555.0
18429.856749996547,2555.0
18429.856749996547,2667.0
18835.50423095003,2667.0
18835.50423095003,2555.0
24835.50423095003,2555.0
24835.50423095003,2429.0
27235.50423095003,2429.0
27235.50423095003,2234.0
30835.50423095003,2234.0
30835.50423095003,2429.0
32035.50423095003,2429.0
32035.50423095003,2234.0
37735.50423095003,2234.0
37735.50423095003,2429.0
51100.206360197626,2429.0
51100.206360197626,2555.0
79233.21833016818,2555.0
79233.21833016818,2429.0
86400.000002,2429.0
# temp #7958
0.0,2234.0
69361.27418945543,2234.0
69361.27418945543,2555.0
79233.3604442887,2555.0
79233.3604442887,2234.0
86400.0,2234.0
# temp #7959
0.0,2234.0
39976.41114306171,2234.0
39976.41114306171,2555.0
59490.153730544276,2555.0
59490.153730544276,2429.0
60031.016509118504,2429.0
60031.016509118504,2555.0
71536.15198452027,2555.0
71536.15198452027,2429.0
72627.25605557208,2429.0
72627.25605557208,2234.0
85099.06226622408,2234.0
85099.06226622408,2667.0
86400.000002,2667.0
# temp #7960
0.0,2234.0
50068.04358162918,2234.0
50068.04358162918,2555.0
80603.56814637782,2555.0
80603.56814637782,2429.0
81036.91502655858,2429.0
81036.91502655858,2555.0
86400.000002,2555.0
# temp #7961
0.0,2234.0
77728.9573092945,2234.0
77728.9573092945,2555.0
86400.0,2555.0
# temp #7962
0.0,2234.0
26645.091367000718,2234.0
26645.091367000718,2555.0
28592.754801269624,2555.0
28592.754801269624,2429.0
29011.15949575324,2429.0
29011.15949575324,2555.0
35936.99346485083,2555.0
35936.99346485083,2429.0
36376.15862356034,2429.0
36376.15862356034,2234.0
52934.36542104465,2234.0
52934.36542104465,2429.0
80371.0463888012,2429.0
80371.0463888012,2555.0
86400.0,2555.0
# temp #7963
0.0,2234.0
17630.969898845073,2234.0
17630.969898845073,2555.0
19150.04209640902,2555.0
19150.04209640902,2667.0
25450.04209640902,2667.0
25450.04209640902,2555.0
26650.04209640902,2555.0
26650.04209640902,2429.0
69850.04209640902,2429.0
69850.04209640902,2234.0
86400.0,2234.0
# temp #7964
0.0,2234.0
83384.80039173739,2234.0
83384.80039173739,2883.0
85784.80039173739,2883.0
85784.80039173739,2667.0
86400.000002,2667.0
# temp #7965
0.0,2234.0
8058.505593636075,2234.0
8058.505593636075,2667.0
21087.15623673052,2667.0
21087.15623673052,2555.0
21830.779739096764,2555.0
21830.779739096764,2667.0
54846.392530691825,2667.0
54846.392530691825,2555.0
55146.392530691825,2555.0
55146.392530691825,2667.0
56018.992088036626,2667.0
56018.992088036626,2555.0
56618.992088036626,2555.0
56618.992088036626,2667.0
86400.000002,2667.0
# temp #7966
0.0,2234.0
1740.9669717773797,2234.0
1740.9669717773797,2017.0
36323.290998581804,2017.0
36323.290998581804,2234.0
60951.42810372637,2234.0
60951.42810372637,2017.0
86400.0,2017.0
# temp #7967
0.0,2234.0
20530.665058270097,2234.0
20530.665058270097,2429.0
21130.665058270097,2429.0
21130.665058270097,2555.0
24364.201472327113,2555.0
24364.201472327113,2429.0
70170.28628177941,2429.0
70170.28628177941,2883.0
86400.0,2883.0
# temp #7968
0.0,2234.0
79053.70924123564,2234.0
79053.70924123564,2555.0
86400.0,2555.0
# temp #7969
0.0,2234.0
81814.48288424873,2234.0
81814.48288424873,2555.0
86400.000002,2555.0
# temp #7970
0.0,2234.0
30723.151516425427,2234.0
30723.151516425427,2555.0
33955.36421835423,2555.0
33955.36421835423,2667.0
34432.86404307001,2667.0
34432.86404307001,2555.0
34732.86404307001,2555.0
34732.86404307001,2667.0
38332.86404307001,2667.0
38332.86404307001,2555.0
39832.86404307001,2555.0
39832.86404307001,2429.0
50799.92048211862,2429.0
50799.92048211862,2234.0
81972.97951814254,2234.0
81972.97951814254,2429.0
86400.0,2429.0
# temp #7971
0.0,2234.0
32932.64201930725,2234.0
32932.64201930725,2429.0
39832.64201930724,2429.0
39832.64201930724,2555.0
41632.64201930724,2555.0
41632.64201930724,2429.0
54532.64201930724,2429.0
54532.64201930724,2234.0
54832.64201930724,2234.0
54832.64201930724,2017.0
55132.64201930724,2017.0
55132.64201930724,2234.0
55432.64201930724,2234.0
55432.64201930724,2017.0
74429.26084063947,2017.0
74429.26084063947,2234.0
86400.0,2234.0
# temp #7972
0.0,2234.0
29151.769732357938,2234.0
29151.769732357938,2429.0
36051.769732357934,2429.0
36051.769732357934,2555.0
37851.769732357934,2555.0
37851.769732357934,2429.0
50751.769732357934,2429.0
50751.769732357934,2234.0
51051.769732357934,2234.0
51051.769732357934,2017.0
51351.769732357934,2017.0
51351.769732357934,2234.0
51651.769732357934,2234.0
51651.769732357934,2017.0
56193.38834742085,2017.0
56193.38834742085,2234.0
58991.447894275196,2234.0
58991.447894275196,2667.0
81807.40349229891,2667.0
81807.40349229891,2555.0
86400.000002,2555.0
# temp #7973
0.0,2234.0
2618.541252217256,2234.0
2618.541252217256,2667.0
46850.7599396864,2667.0
46850.7599396864,2555.0
48111.9888675632,2555.0
48111.9888675632,2667.0
49063.67979061325,2667.0
49063.67979061325,2555.0
49363.67979061325,2555.0
49363.67979061325,2667.0
50060.55416164455,2667.0
50060.55416164455,2555.0
50660.55416164455,2555.0
50660.55416164455,2667.0
60359.56776710228,2667.0
60359.56776710228,2555.0
68951.0384165682,2555.0
68951.0384165682,2429.0
86400.0,2429.0
# temp #7974
0.0,2234.0
4777.303328434938,2234.0
4777.303328434938,2667.0
11079.292164416986,2667.0
11079.292164416986,2555.0
11412.015695823358,2555.0
11412.015695823358,2667.0
32075.427773734562,2667.0
32075.427773734562,2555.0
32375.427773734562,2555.0
32375.427773734562,2667.0
33207.37665840425,2667.0
33207.37665840425,2555.0
33807.37665840425,2555.0
33807.37665840425,2667.0
76258.18076008001,2667.0
76258.18076008001,2883.0
86400.000002,2883.0
# temp #7975
0.0,2234.0
2862.1849446091805,2234.0
2862.1849446091805,2017.0
6236.160939792172,2017.0
6236.160939792172,2234.0
52658.951589139186,2234.0
52658.951589139186,2017.0
67901.6330199782,2017.0
67901.6330199782,2234.0
75173.08307779023,2234.0
75173.08307779023,2017.0
85627.32460149565,2017.0
85627.32460149565,2234.0
86400.000002,2234.0
# temp #7976
0.0,2234.0
6103.156992886216,2234.0
6103.156992886216,2883.0
7337.58081032429,2883.0
7337.58081032429,2667.0
12900.918736914173,2667.0
12900.918736914173,2883.0
31818.32842791919,2883.0
31818.32842791919,2429.0
64557.52555460204,2429.0
64557.52555460204,2883.0
81036.84440294748,2883.0
81036.84440294748,2667.0
86400.000002,2667.0
# temp #7977
0.0,2234.0
60107.31844143011,2234.0
60107.31844143011,2555.0
74221.09089167789,2555.0
74221.09089167789,2234.0
86018.29573642462,2234.0
86018.29573642462,2667.0
86400.0,2667.0
# temp #7978
0.0,2234.0
62048.761165514596,2234.0
62048.761165514596,2555.0
71246.70573254117,2555.0
71246.70573254117,2429.0
71838.45071902034,2429.0
71838.45071902034,2555.0
86400.0,2555.0
# temp #7979
0.0,2234.0
26027.365256776106,2234.0
26027.365256776106,2429.0
26387.117562023926,2429.0
26387.117562023926,2234.0
27010.058409185152,2234.0
27010.058409185152,2429.0
31675.70630356204,2429.0
31675.70630356204,2234.0
43365.92036169023,2234.0
43365.92036169023,2429.0
43830.727455765016,2429.0
43830.727455765016,2234.0
78211.89143043013,2234.0
78211.89143043013,2429.0
85143.45371976962,2429.0
85143.45371976962,2234.0
85969.02787091678,2234.0
85969.02787091678,2667.0
86400.000002,2667.0
# temp #7980
0.0,2234.0
47491.209549992345,2234.0
47491.209549992345,2883.0
49891.209549992345,2883.0
49891.209549992345,2667.0
78047.3756244639,2667.0
78047.3756244639,2555.0
80568.33411895204,2555.0
80568.33411895204,2667.0
86400.0,2667.0
# temp #7981
0.0,2234.0
35166.281935223386,2234.0
35166.281935223386,2555.0
39439.827255089775,2555.0
39439.827255089775,2667.0
45739.827255089775,2667.0
45739.827255089775,2555.0
46939.827255089775,2555.0
46939.827255089775,2429.0
86400.0,2429.0
# temp #7982
0.0,2234.0
9187.064912938515,2234.0
9187.064912938515,2555.0
38685.27735841927,2555.0
38685.27735841927,2429.0
45660.741776204675,2429.0
45660.741776204675,2234.0
56255.364531744286,2234.0
56255.364531744286,2429.0
74875.66011683086,2429.0
74875.66011683086,2234.0
84671.62316967735,2234.0
84671.62316967735,2667.0
86400.000002,2667.0
# temp #7983
0.0,2234.0
24334.931258345026,2234.0
24334.931258345026,2429.0
24743.11976793688,2429.0
24743.11976793688,2234.0
25457.071578875188,2234.0
25457.071578875188,2429.0
28880.793982604522,2429.0
28880.793982604522,2234.0
30578.885880648162,2234.0
30578.885880648162,2429.0
32030.32179779839,2429.0
32030.32179779839,2555.0
33149.79830381927,2555.0
33149.79830381927,2429.0
33449.79830381927,2429.0
33449.79830381927,2555.0
33749.79830381927,2555.0
33749.79830381927,2429.0
34349.79830381927,2429.0
34349.79830381927,2555.0
36155.28250371572,2555.0
36155.28250371572,2429.0
51957.25067267195,2429.0
51957.25067267195,2234.0
68122.7610039292,2234.0
68122.7610039292,2429.0
71752.40372589325,2429.0
71752.40372589325,2555.0
86400.0,2555.0
# temp #7984
0.0,2234.0
3637.4901724280794,2234.0
3637.4901724280794,2667.0
36344.869469082914,2667.0
36344.869469082914,2555.0
37607.9346819548,2555.0
37607.9346819548,2667.0
50281.34773881175,2667.0
50281.34773881175,2555.0
53281.34773881175,2555.0
53281.34773881175,2667.0
79381.34773881175,2667.0
79381.34773881175,2883.0
86400.0,2883.0
# temp #7985
0.0,2234.0
26203.10710142367,2234.0
26203.10710142367,2555.0
32437.48821294867,2555.0
32437.48821294867,2429.0
32944.25753834658,2429.0
32944.25753834658,2555.0
52688.25260871091,2555.0
52688.25260871091,2429.0
53304.32776040398,2429.0
53304.32776040398,2555.0
54613.23195858859,2555.0
54613.23195858859,2429.0
86400.0,2429.0
# temp #7986
0.0,2234.0
15477.01021197718,2234.0
15477.01021197718,2883.0
16395.551503077153,2883.0
16395.551503077153,2667.0
19636.388601944785,2667.0
19636.388601944785,2883.0
53388.59814901372,2883.0
53388.59814901372,2429.0
53422.21552084667,2429.0
53422.21552084667,2555.0
64485.02344053706,2555.0
64485.02344053706,2429.0
86400.0,2429.0
# temp #7987
0.0,2234.0
54917.93146531564,2234.0
54917.93146531564,2429.0
55476.3487557415,2429.0
55476.3487557415,2555.0
57796.92407310941,2555.0
57796.92407310941,2429.0
82168.79007155077,2429.0
82168.79007155077,2555.0
86400.0,2555.0
# temp #7988
0.0,2234.0
7768.376424629243,2234.0
7768.376424629243,2667.0
16873.68851937354,2667.0
16873.68851937354,2555.0
17928.16686658189,2555.0
17928.16686658189,2667.0
35554.564891965136,2667.0
35554.564891965136,2555.0
35854.564891965136,2555.0
35854.564891965136,2667.0
36660.708757932305,2667.0
36660.708757932305,2555.0
37260.708757932305,2555.0
37260.708757932305,2667.0
39689.929726277485,2667.0
39689.929726277485,2234.0
49538.901476142935,2234.0
49538.901476142935,2429.0
56243.7163254479,2429.0
56243.7163254479,2555.0
57921.41524341424,2555.0
57921.41524341424,2667.0
70135.82620911767,2667.0
70135.82620911767,2555.0
86400.0,2555.0
# temp #7989
0.0,2234.0
37500.76207886451,2234.0
37500.76207886451,2555.0
40765.83791943268,2555.0
40765.83791943268,2667.0
41271.70167902951,2667.0
41271.70167902951,2555.0
47271.70167902951,2555.0
47271.70167902951,2429.0
49671.70167902951,2429.0
49671.70167902951,2234.0
53271.70167902951,2234.0
53271.70167902951,2429.0
54471.70167902951,2429.0
54471.70167902951,2234.0
60171.70167902951,2234.0
60171.70167902951,2429.0
86400.000002,2429.0
# temp #7990
0.0,2234.0
8926.884271390738,2234.0
8926.884271390738,2017.0
36039.50164387935,2017.0
36039.50164387935,2234.0
72158.56820899063,2234.0
72158.56820899063,2017.0
86400.000002,2017.0
# temp #7991
0.0,2234.0
19333.423834154386,2234.0
19333.423834154386,2017.0
41405.38738486358,2017.0
41405.38738486358,2234.0
81470.29895433226,2234.0
81470.29895433226,2017.0
86400.000002,2017.0
# temp #7992
0.0,2234.0
21017.46138967574,2234.0
21017.46138967574,2429.0
21421.82839473244,2429.0
21421.82839473244,2555.0
23741.311180195775,2555.0
23741.311180195775,2429.0
69182.3275717674,2429.0
69182.3275717674,2883.0
79989.07914804296,2883.0
79989.07914804296,2429.0
81536.08759304044,2429.0
81536.08759304044,2234.0
86400.0,2234.0
# temp #7993
0.0,2234.0
4081.9464011583486,2234.0
4081.9464011583486,2667.0
5711.753726634198,2667.0
5711.753726634198,2555.0
7029.105784348214,2555.0
7029.105784348214,2667.0
29764.034228352833,2667.0
29764.034228352833,2555.0
30064.034228352833,2555.0
30064.034228352833,2667.0
30364.034228352833,2667.0
30364.034228352833,2555.0
33664.03422835283,2555.0
33664.03422835283,2667.0
59164.03422835283,2667.0
59164.03422835283,2883.0
86400.0,2883.0
# temp #7994
0.0,2234.0
8622.306903381834,2234.0
8622.306903381834,2667.0
19649.861712357964,2667.0
19649.861712357964,2555.0
21082.535697310235,2555.0
21082.535697310235,2667.0
52335.041073057815,2667.0
52335.041073057815,2555.0
55335.041073057815,2555.0
55335.041073057815,2667.0
81435.04107305782,2667.0
81435.04107305782,2883.0
86400.000002,2883.0
# temp #7995
0.0,2234.0
1848.0540388030934,2234.0
1848.0540388030934,2667.0
47620.9088779986,2667.0
47620.9088779986,2555.0
48807.420219294734,2555.0
48807.420219294734,2667.0
77562.68753386104,2667.0
77562.68753386104,2555.0
77862.68753386104,2555.0
77862.68753386104,2429.0
83185.43808886317,2429.0
83185.43808886317,2555.0
86400.000002,2555.0
# temp #7996
0.0,2234.0
22362.94386517257,2234.0
22362.94386517257,2429.0
22962.94386517257,2429.0
22962.94386517257,2555.0
23862.91290353984,2555.0
23862.91290353984,2429.0
25392.70830061287,2429.0
25392.70830061287,2555.0
42099.306409992285,2555.0
42099.306409992285,2667.0
77295.97918766087,2667.0
77295.97918766087,2555.0
80694.5713494206,2555.0
80694.5713494206,2667.0
86400.0,2667.0
# temp #7997
0.0,2234.0
69334.36016261112,2234.0
69334.36016261112,2555.0
73894.77863190696,2555.0
73894.77863190696,2234.0
86400.0,2234.0
# temp #7998
0.0,2234.0
4799.9552159803,2234.0
4799.9552159803,2667.0
27018.02144106478,2667.0
27018.02144106478,2555.0
28336.984210554514,2555.0
28336.984210554514,2429.0
65869.96890690645,2429.0
65869.96890690645,2555.0
70286.83229552118,2555.0
70286.83229552118,2429.0
86400.0,2429.0
# temp #7999
0.0,2234.0
20847.16547573917,2234.0
20847.16547573917,2429.0
21274.81620423496,2429.0
21274.81620423496,2555.0
25727.05055214465,2555.0
25727.05055214465,2429.0
47750.154947396375,2429.0
47750.154947396375,2555.0
75290.63400656452,2555.0
75290.63400656452,2429.0
86400.000002,2429.0
# temp #8000
0.0,2234.0
77961.06350007468,2234.0
77961.06350007468,2555.0
85403.00514036791,2555.0
85403.00514036791,2429.0
85911.08688614333,2429.0
85911.08688614333,2555.0
86400.000002,2555.0
# temp #8001
0.0,2234.0
24631.978955073286,2234.0
24631.978955073286,2429.0
25149.888209346685,2429.0
25149.888209346685,2555.0
27352.96320067719,2555.0
27352.96320067719,2429.0
59657.29713693728,2429.0
59657.29713693728,2555.0
70151.94684751333,2555.0
70151.94684751333,2429.0
73089.05699830504,2429.0
73089.05699830504,2555.0
86400.0,2555.0
# temp #8002
0.0,2234.0
83522.79208756519,2234.0
83522.79208756519,2883.0
85922.79208756519,2883.0
85922.79208756519,2667.0
86400.000002,2667.0
# temp #8003
0.0,2234.0
9523.79844998941,2234.0
9523.79844998941,2555.0
10285.41571791284,2555.0
10285.41571791284,2667.0
10659.046060661787,2667.0
10659.046060661787,2555.0
16659.046060661785,2555.0
16659.046060661785,2429.0
19059.046060661785,2429.0
19059.046060661785,2234.0
22659.046060661785,2234.0
22659.046060661785,2429.0
23859.046060661785,2429.0
23859.046060661785,2234.0
29559.046060661785,2234.0
29559.046060661785,2429.0
42274.86909215804,2429.0
42274.86909215804,2883.0
78167.07268289757,2883.0
78167.07268289757,2429.0
86400.000002,2429.0
# temp #8004
0.0,2234.0
13102.54424242303,2234.0
13102.54424242303,2017.0
38546.27636480146,2017.0
38546.27636480146,2234.0
66094.32456591168,2234.0
66094.32456591168,2017.0
86400.0,2017.0
# temp #8005
0.0,2234.0
31890.9618458245,2234.0
31890.9618458245,2555.0
35154.12029754371,2555.0
35154.12029754371,2429.0
35545.805152435794,2429.0
35545.805152435794,2555.0
43516.14350248129,2555.0
43516.14350248129,2429.0
44997.46746914462,2429.0
44997.46746914462,2555.0
46021.51749171317,2555.0
46021.51749171317,2429.0
86400.0,2429.0
# temp #8006
0.0,2234.0
6408.0553386127585,2234.0
6408.0553386127585,2883.0
8079.022217332386,2883.0
8079.022217332386,2667.0
16750.03666416742,2667.0
16750.03666416742,2883.0
21800.035342527557,2883.0
21800.035342527557,2429.0
60583.91467421316,2429.0
60583.91467421316,2883.0
65241.19481001981,2883.0
65241.19481001981,2667.0
86400.0,2667.0
# temp #8007
0.0,2234.0
4911.34597985074,2234.0
4911.34597985074,2667.0
29853.45669994131,2667.0
29853.45669994131,2555.0
30764.024887885902,2555.0
30764.024887885902,2429.0
47095.495188329376,2429.0
47095.495188329376,2883.0
78309.46349487641,2883.0
78309.46349487641,2429.0
86400.000002,2429.0
# temp #8008
0.0,2234.0
57127.106982423,2234.0
57127.106982423,2555.0
58234.04843669851,2555.0
58234.04843669851,2667.0
58781.54858322815,2667.0
58781.54858322815,2555.0
59081.54858322815,2555.0
59081.54858322815,2667.0
62681.54858322815,2667.0
62681.54858322815,2555.0
64181.54858322815,2555.0
64181.54858322815,2429.0
80907.93880715502,2429.0
80907.93880715502,2234.0
86400.0,2234.0
# temp #8009
0.0,2234.0
27636.54937902466,2234.0
27636.54937902466,2017.0
84041.97412286887,2017.0
84041.97412286887,2234.0
86400.000002,2234.0
# temp #8010
0.0,2234.0
43210.113622737124,2234.0
43210.113622737124,2429.0
43597.665350348696,2429.0
43597.665350348696,2555.0
48371.017942414626,2555.0
48371.017942414626,2429.0
55285.53749816493,2429.0
55285.53749816493,2555.0
64723.99770487101,2555.0
64723.99770487101,2429.0
72714.13040666377,2429.0
72714.13040666377,2234.0
86400.0,2234.0
# temp #8011
0.0,2234.0
5579.680257383735,2234.0
5579.680257383735,2017.0
25855.097094643865,2017.0
25855.097094643865,2234.0
58655.567693989724,2234.0
58655.567693989724,2017.0
86400.000002,2017.0
# temp #8012
0.0,2234.0
50200.202693184845,2234.0
50200.202693184845,2429.0
82300.20269318484,2429.0
82300.20269318484,2555.0
82600.20269318484,2555.0
82600.20269318484,2667.0
86400.000002,2667.0
# temp #8013
0.0,2234.0
67751.18789558765,2234.0
67751.18789558765,2883.0
70151.18789558765,2883.0
70151.18789558765,2667.0
86400.000002,2667.0
# temp #8014
0.0,2234.0
54499.297929788016,2234.0
54499.297929788016,2883.0
56899.297929788016,2883.0
56899.297929788016,2667.0
75806.98035482784,2667.0
75806.98035482784,2234.0
86400.0,2234.0
# temp #8015
0.0,2234.0
19244.243028480563,2234.0
19244.243028480563,2555.0
21546.09144951683,2555.0
21546.09144951683,2667.0
31446.09144951683,2667.0
31446.09144951683,2555.0
33578.96345432383,2555.0
33578.96345432383,2429.0
40749.260494555354,2429.0
40749.260494555354,2555.0
49914.275868306875,2555.0
49914.275868306875,2667.0
85056.90477399623,2667.0
85056.90477399623,2555.0
86400.0,2555.0
# temp #8016
0.0,2234.0
32473.18170089275,2234.0
32473.18170089275,2429.0
33073.18170089275,2429.0
33073.18170089275,2555.0
36341.849633865066,2555.0
36341.849633865066,2429.0
58979.629604704685,2429.0
58979.629604704685,2883.0
60693.50187918172,2883.0
60693.50187918172,2429.0
86400.0,2429.0
# temp #8017
0.0,2234.0
925.3803187049925,2234.0
925.3803187049925,2667.0
28871.356386831034,2667.0
28871.356386831034,2555.0
30281.515680765737,2555.0
30281.515680765737,2667.0
68379.30954645855,2667.0
68379.30954645855,2555.0
68979.30954645855,2555.0
68979.30954645855,2667.0
86400.000002,2667.0
# temp #8018
0.0,2234.0
83258.09456014542,2234.0
83258.09456014542,2883.0
85658.09456014542,2883.0
85658.09456014542,2667.0
86400.000002,2667.0
# temp #8019
0.0,2234.0
21400.137607567016,2234.0
21400.137607567016,2017.0
52207.19257746824,2017.0
52207.19257746824,2234.0
69387.44289851749,2234.0
69387.44289851749,2017.0
86400.000002,2017.0
# temp #8020
0.0,2234.0
42780.342120327994,2234.0
42780.342120327994,2429.0
74880.34212032799,2429.0
74880.34212032799,2555.0
75180.34212032799,2555.0
75180.34212032799,2667.0
86400.0,2667.0
# temp #8021
0.0,2234.0
4077.051321929321,2234.0
4077.051321929321,2883.0
4420.051553891972,2883.0
4420.051553891972,2667.0
12568.066753190944,2667.0
12568.066753190944,2883.0
27432.02405695338,2883.0
27432.02405695338,2667.0
32171.727557829585,2667.0
32171.727557829585,2555.0
44194.97643113137,2555.0
44194.97643113137,2429.0
71461.5772602847,2429.0
71461.5772602847,2555.0
79809.05224343298,2555.0
79809.05224343298,2667.0
86400.000002,2667.0
# temp #8022
0.0,2234.0
5324.713449552656,2234.0
5324.713449552656,2667.0
49380.46204447747,2667.0
49380.46204447747,2555.0
49722.216438688345,2555.0
49722.216438688345,2667.0
84262.19800170512,2667.0
84262.19800170512,2555.0
84562.19800170512,2555.0
84562.19800170512,2667.0
85241.57296386549,2667.0
85241.57296386549,2555.0
85841.57296386549,2555.0
85841.57296386549,2667.0
86400.0,2667.0
# temp #8023
0.0,2234.0
29109.8861158127,2234.0
29109.8861158127,2555.0
38798.89504483436,2555.0
38798.89504483436,2429.0
80725.34005141353,2429.0
80725.34005141353,2234.0
81325.34005141353,2234.0
81325.34005141353,2429.0
86400.0,2429.0
# temp #8024
0.0,2234.0
2088.943144096993,2234.0
2088.943144096993,2667.0
39406.95957073477,2667.0
39406.95957073477,2555.0
40224.83550903854,2555.0
40224.83550903854,2667.0
55253.1623679679,2667.0
55253.1623679679,2555.0
55553.1623679679,2555.0
55553.1623679679,2429.0
78890.16003138387,2429.0
78890.16003138387,2555.0
86400.0,2555.0
# temp #8025
0.0,2234.0
66916.73214251641,2234.0
66916.73214251641,2883.0
69316.73214251641,2883.0
69316.73214251641,2667.0
73687.35264202114,2667.0
73687.35264202114,2555.0
76789.30573181715,2555.0
76789.30573181715,2667.0
86400.0,2667.0
# temp #8026
0.0,2234.0
28575.19094687887,2234.0
28575.19094687887,2429.0
29097.81213803217,2429.0
29097.81213803217,2555.0
30970.194257330153,2555.0
30970.194257330153,2429.0
40105.71122516413,2429.0
40105.71122516413,2555.0
48010.41182291229,2555.0
48010.41182291229,2667.0
71527.45923784097,2667.0
71527.45923784097,2234.0
74318.84167715909,2234.0
74318.84167715909,2429.0
86400.0,2429.0
# temp #8027
0.0,2234.0
69353.42784477399,2234.0
69353.42784477399,2555.0
86400.0,2555.0
# temp #8028
0.0,2234.0
4868.562894919888,2234.0
4868.562894919888,2667.0
51213.70654518251,2667.0
51213.70654518251,2555.0
51551.325468742296,2555.0
51551.325468742296,2667.0
77613.77576699016,2667.0
77613.77576699016,2555.0
78213.77576699016,2555.0
78213.77576699016,2667.0
86400.000002,2667.0
# temp #8029
0.0,2234.0
72157.63035274578,2234.0
72157.63035274578,2555.0
86400.000002,2555.0
# temp #8030
0.0,2234.0
6974.85427390784,2234.0
6974.85427390784,2017.0
55892.01819794253,2017.0
55892.01819794253,2234.0
86400.000002,2234.0
# temp #8031
0.0,2234.0
38212.285404559225,2234.0
38212.285404559225,2555.0
44895.36788910628,2555.0
44895.36788910628,2667.0
55297.14154084214,2667.0
55297.14154084214,2555.0
74654.206935782,2555.0
74654.206935782,2429.0
86400.0,2429.0
# temp #8032
0.0,2234.0
33682.585967704654,2234.0
33682.585967704654,2555.0
41803.645146964125,2555.0
41803.645146964125,2429.0
59952.47282576748,2429.0
59952.47282576748,2883.0
63471.52455446777,2883.0
63471.52455446777,2429.0
86400.000002,2429.0
# temp #8033
0.0,2234.0
5957.317925943063,2234.0
5957.317925943063,2883.0
17057.31792594306,2883.0
17057.31792594306,2555.0
27953.590667853132,2555.0
27953.590667853132,2667.0
47125.09699054063,2667.0
47125.09699054063,2555.0
68529.99297701755,2555.0
68529.99297701755,2429.0
86400.0,2429.0
# temp #8034
0.0,2234.0
24927.263753442097,2234.0
24927.263753442097,2555.0
31246.248413482685,2555.0
31246.248413482685,2429.0
31613.017677725296,2429.0
31613.017677725296,2555.0
46507.2099498706,2555.0
46507.2099498706,2429.0
47017.80169573613,2429.0
47017.80169573613,2234.0
56292.33076977544,2234.0
56292.33076977544,2667.0
75010.20459739958,2667.0
75010.20459739958,2555.0
86400.000002,2555.0
# temp #8035
0.0,2234.0
2997.384740877897,2234.0
2997.384740877897,2667.0
10262.10014135577,2667.0
10262.10014135577,2555.0
10611.03652152233,2555.0
10611.03652152233,2429.0
28220.65757315141,2429.0
28220.65757315141,2555.0
56978.140341443956,2555.0
56978.140341443956,2429.0
66067.39277900198,2429.0
66067.39277900198,2555.0
86400.000002,2555.0
# temp #8036
0.0,2234.0
53351.026809308685,2234.0
53351.026809308685,2555.0
54860.27361284942,2555.0
54860.27361284942,2429.0
55356.027855584405,2429.0
55356.027855584405,2555.0
55883.395357243724,2555.0
55883.395357243724,2429.0
57044.745687581606,2429.0
57044.745687581606,2555.0
57714.20569382609,2555.0
57714.20569382609,2429.0
58014.20569382609,2429.0
58014.20569382609,2555.0
58314.20569382609,2555.0
58314.20569382609,2429.0
58914.20569382609,2429.0
58914.20569382609,2555.0
60494.421422481544,2555.0
60494.421422481544,2429.0
61871.055533923216,2429.0
61871.055533923216,2555.0
62430.442590499304,2555.0
62430.442590499304,2429.0
86400.000002,2429.0
# temp #8037
0.0,2234.0
8320.006543979982,2234.0
8320.006543979982,2667.0
26578.93966049888,2667.0
26578.93966049888,2555.0
26923.42574992218,2555.0
26923.42574992218,2667.0
62019.04466352427,2667.0
62019.04466352427,2555.0
62619.04466352427,2555.0
62619.04466352427,2667.0
83675.59120575899,2667.0
83675.59120575899,2555.0
84981.04450511748,2555.0
84981.04450511748,2429.0
86400.0,2429.0
# temp #8038
0.0,2234.0
41556.35480331258,2234.0
41556.35480331258,2017.0
86400.000002,2017.0
# temp #8039
0.0,2234.0
70409.7722834442,2234.0
70409.7722834442,2555.0
75787.86688833499,2555.0
75787.86688833499,2429.0
76186.9839312276,2429.0
76186.9839312276,2555.0
85617.91220710149,2555.0
85617.91220710149,2429.0
86400.000002,2429.0
# temp #8040
0.0,2234.0
16979.901240044277,2234.0
16979.901240044277,2883.0
17834.453457989734,2883.0
17834.453457989734,2667.0
20560.719876294028,2667.0
20560.719876294028,2883.0
31059.6222244436,2883.0
31059.6222244436,2667.0
39763.29481161666,2667.0
39763.29481161666,2555.0
47342.72525771522,2555.0
47342.72525771522,2429.0
75042.49222381042,2429.0
75042.49222381042,2555.0
84642.74484990166,2555.0
84642.74484990166,2667.0
86400.0,2667.0
# temp #8041
0.0,2234.0
7827.025517541916,2234.0
7827.025517541916,2883.0
9358.129457593897,2883.0
9358.129457593897,2667.0
20721.902409195904,2667.0
20721.902409195904,2883.0
52422.79374911451,2883.0
52422.79374911451,2429.0
69417.03477592675,2429.0
69417.03477592675,2555.0
86400.0,2555.0
# temp #8042
0.0,2234.0
23116.193639114503,2234.0
23116.193639114503,2017.0
70504.25716484898,2017.0
70504.25716484898,2234.0
86400.0,2234.0
# temp #8043
0.0,2234.0
4311.9977672584355,2234.0
4311.9977672584355,2883.0
5793.739404785447,2883.0
5793.739404785447,2667.0
8077.533118869178,2667.0
8077.533118869178,2883.0
35002.89069127757,2883.0
35002.89069127757,2429.0
64353.91497854145,2429.0
64353.91497854145,2555.0
70787.71902127193,2555.0
70787.71902127193,2667.0
73001.16369619501,2667.0
73001.16369619501,2555.0
86400.0,2555.0
# temp #8044
0.0,2234.0
37764.71466170624,2234.0
37764.71466170624,2883.0
40164.71466170624,2883.0
40164.71466170624,2667.0
54410.42554881424,2667.0
54410.42554881424,2234.0
56588.22989277542,2234.0
56588.22989277542,2429.0
86400.000002,2429.0
# temp #8045
0.0,2234.0
12155.395551840777,2234.0
12155.395551840777,2555.0
47722.464094148025,2555.0
47722.464094148025,2429.0
63797.730290726766,2429.0
63797.730290726766,2234.0
69812.42858399638,2234.0
69812.42858399638,2429.0
82725.48873850612,2429.0
82725.48873850612,2234.0
86400.000002,2234.0
# temp #8046
0.0,2234.0
77557.7802503016,2234.0
77557.7802503016,2555.0
82174.18101711666,2555.0
82174.18101711666,2667.0
86400.000002,2667.0
# temp #8047
0.0,2234.0
795.0323119293898,2234.0
795.0323119293898,2667.0
49669.73876925186,2667.0
49669.73876925186,2555.0
50875.85613001139,2555.0
50875.85613001139,2667.0
73512.77199906764,2667.0
73512.77199906764,2555.0
76512.77199906764,2555.0
76512.77199906764,2667.0
86400.0,2667.0
# temp #8048
0.0,2234.0
7975.1785127911735,2234.0
7975.1785127911735,2667.0
45535.832689376555,2667.0
45535.832689376555,2555.0
45987.31928444468,2555.0
45987.31928444468,2667.0
51654.36191016343,2667.0
51654.36191016343,2555.0
51954.36191016343,2555.0
51954.36191016343,2667.0
52254.36191016343,2667.0
52254.36191016343,2555.0
55554.36191016343,2555.0
55554.36191016343,2667.0
81054.36191016342,2667.0
81054.36191016342,2883.0
86400.000002,2883.0
# temp #8049
0.0,2234.0
4368.361866544002,2234.0
4368.361866544002,2555.0
24589.989455114122,2555.0
24589.989455114122,2429.0
35363.127478281975,2429.0
35363.127478281975,2234.0
37000.34362894949,2234.0
37000.34362894949,2429.0
50071.35792423506,2429.0
50071.35792423506,2234.0
55280.4071975872,2234.0
55280.4071975872,2429.0
80426.18993148209,2429.0
80426.18993148209,2883.0
86400.000002,2883.0
# temp #8050
0.0,2234.0
6360.931071359665,2234.0
6360.931071359665,2667.0
12199.319249857219,2667.0
12199.319249857219,2555.0
13568.919215630742,2555.0
13568.919215630742,2667.0
30072.562412358828,2667.0
30072.562412358828,2555.0
30372.562412358828,2555.0
30372.562412358828,2667.0
31188.46815107391,2667.0
31188.46815107391,2555.0
31788.46815107391,2555.0
31788.46815107391,2667.0
35545.74562960771,2667.0
35545.74562960771,2555.0
61981.942009390346,2555.0
61981.942009390346,2429.0
86400.0,2429.0
# temp #8051
0.0,2234.0
28352.319156937305,2234.0
28352.319156937305,2017.0
72966.71306937934,2017.0
72966.71306937934,2234.0
80103.05989114569,2234.0
80103.05989114569,2017.0
86400.0,2017.0
# temp #8052
0.0,2234.0
12358.645378332587,2234.0
12358.645378332587,2883.0
13591.771302768031,2883.0
13591.771302768031,2667.0
20729.575345152993,2667.0
20729.575345152993,2883.0
20934.07690348104,2883.0
20934.07690348104,2429.0
23598.925211350437,2429.0
23598.925211350437,2667.0
49410.56155641564,2667.0
49410.56155641564,2234.0
58588.21006002837,2234.0
58588.21006002837,2667.0
60408.57162780595,2667.0
60408.57162780595,2234.0
76586.03954685388,2234.0
76586.03954685388,2667.0
86400.0,2667.0
# temp #8053
0.0,2234.0
52759.47736299132,2234.0
52759.47736299132,2429.0
53280.70115621668,2429.0
53280.70115621668,2555.0
55320.158457267105,2555.0
55320.158457267105,2429.0
84378.2451603329,2429.0
84378.2451603329,2883.0
86400.000002,2883.0
# temp #8054
0.0,2234.0
13313.3983141277,2234.0
13313.3983141277,2883.0
14774.70146622509,2883.0
14774.70146622509,2667.0
24541.974890255373,2667.0
24541.974890255373,2883.0
50288.23241188657,2883.0
50288.23241188657,2429.0
75272.70196198953,2429.0
75272.70196198953,2234.0
84516.66581172032,2234.0
84516.66581172032,2429.0
86400.000002,2429.0
# temp #8055
0.0,2234.0
9889.287436846644,2234.0
9889.287436846644,2429.0
10489.287436846644,2429.0
10489.287436846644,2555.0
11340.59288436547,2555.0
11340.59288436547,2429.0
44158.6805533385,2429.0
44158.6805533385,2555.0
72879.52234663536,2555.0
72879.52234663536,2429.0
76843.7219596468,2429.0
76843.7219596468,2555.0
86400.000002,2555.0
# temp #8056
0.0,2234.0
18390.355240367357,2234.0
18390.355240367357,2017.0
66158.92486483791,2017.0
66158.92486483791,2234.0
72409.33892489412,2234.0
72409.33892489412,2017.0
73222.87616673858,2017.0
73222.87616673858,2234.0
84793.31270512195,2234.0
84793.31270512195,2017.0
86400.0,2017.0
# temp #8057
0.0,2234.0
15759.67618392315,2234.0
15759.67618392315,2429.0
16165.42825754732,2429.0
16165.42825754732,2555.0
17892.84472893924,2555.0
17892.84472893924,2429.0
56471.689008269466,2429.0
56471.689008269466,2883.0
63837.987051042735,2883.0
63837.987051042735,2429.0
86400.000002,2429.0
# temp #8058
0.0,2234.0
7689.272457570771,2234.0
7689.272457570771,2667.0
24026.171520422216,2667.0
24026.171520422216,2555.0
24443.157991650518,2555.0
24443.157991650518,2429.0
34251.683983951814,2429.0
34251.683983951814,2555.0
42489.17115200312,2555.0
42489.17115200312,2667.0
73472.69377433696,2667.0
73472.69377433696,2555.0
79105.38080460393,2555.0
79105.38080460393,2429.0
86400.000002,2429.0
# temp #8059
0.0,2234.0
46242.35678112601,2234.0
46242.35678112601,2555.0
48786.16202466656,2555.0
48786.16202466656,2667.0
49252.592656156055,2667.0
49252.592656156055,2555.0
49552.592656156055,2555.0
49552.592656156055,2667.0
76252.59265615605,2667.0
76252.59265615605,2555.0
86400.0,2555.0
# temp #8060
0.0,2234.0
17433.65996684879,2234.0
17433.65996684879,2555.0
36655.44628382195,2555.0
36655.44628382195,2429.0
66213.8541049557,2429.0
66213.8541049557,2555.0
68414.09326011782,2555.0
68414.09326011782,2667.0
71179.36937268825,2667.0
71179.36937268825,2555.0
86400.000002,2555.0
# temp #8061
0.0,2234.0
2256.4230832038447,2234.0
2256.4230832038447,2883.0
2972.320292168297,2883.0
2972.320292168297,2667.0
12528.044530050829,2667.0
12528.044530050829,2883.0
23803.95123870112,2883.0
23803.95123870112,2667.0
50767.16994303279,2667.0
50767.16994303279,2555.0
56117.54457266071,2555.0
56117.54457266071,2667.0
59840.28831194156,2667.0
59840.28831194156,2555.0
69933.46726815218,2555.0
69933.46726815218,2429.0
86400.0,2429.0
# temp #8062
0.0,2234.0
7697.490834840575,2234.0
7697.490834840575,2667.0
52073.107137414634,2667.0
52073.107137414634,2555.0
53337.961332849234,2555.0
53337.961332849234,2667.0
53997.74732231163,2667.0
53997.74732231163,2555.0
54297.74732231163,2555.0
54297.74732231163,2667.0
55004.18305399363,2667.0
55004.18305399363,2555.0
55604.18305399363,2555.0
55604.18305399363,2667.0
59376.57243821305,2667.0
59376.57243821305,2555.0
64282.0405693492,2555.0
64282.0405693492,2667.0
86400.000002,2667.0
# temp #8063
0.0,2234.0
43681.041086744524,2234.0
43681.041086744524,2555.0
47513.184240390554,2555.0
47513.184240390554,2667.0
48086.06834581588,2667.0
48086.06834581588,2555.0
48386.06834581588,2555.0
48386.06834581588,2667.0
51986.06834581588,2667.0
51986.06834581588,2555.0
53486.06834581588,2555.0
53486.06834581588,2429.0
59206.41437829473,2429.0
59206.41437829473,2234.0
59945.098921051256,2234.0
59945.098921051256,2429.0
86400.000002,2429.0
# temp #8064
0.0,2234.0
7312.875505839475,2234.0
7312.875505839475,2883.0
7721.591302449816,2883.0
7721.591302449816,2667.0
15877.309159934523,2667.0
15877.309159934523,2883.0
36469.21392353252,2883.0
36469.21392353252,2667.0
37778.89452378732,2667.0
37778.89452378732,2555.0
51023.125193919994,2555.0
51023.125193919994,2429.0
57761.3836250268,2429.0
57761.3836250268,2883.0
76248.6659335904,2883.0
76248.6659335904,2667.0
84688.92969454174,2667.0
84688.92969454174,2555.0
86400.000002,2555.0
# temp #8065
0.0,2234.0
34592.62342855801,2234.0
34592.62342855801,2555.0
66292.9086881457,2555.0
66292.9086881457,2429.0
66625.4062967375,2429.0
66625.4062967375,2555.0
86400.0,2555.0
# temp #8066
0.0,2234.0
79948.39138397948,2234.0
79948.39138397948,2555.0
86400.0,2555.0
# temp #8067
0.0,2234.0
3321.8794804997747,2234.0
3321.8794804997747,2667.0
44054.336136393256,2667.0
44054.336136393256,2555.0
44893.827111460276,2555.0
44893.827111460276,2667.0
73643.09070738965,2667.0
73643.09070738965,2555.0
74243.09070738965,2555.0
74243.09070738965,2667.0
86400.0,2667.0
# temp #8068
0.0,2234.0
8114.853571797723,2234.0
8114.853571797723,2667.0
20211.037269118246,2667.0
20211.037269118246,2555.0
21326.457403949466,2555.0
21326.457403949466,2667.0
39307.58248090279,2667.0
39307.58248090279,2555.0
39607.58248090279,2555.0
39607.58248090279,2667.0
40459.44385710173,2667.0
40459.44385710173,2555.0
41059.44385710173,2555.0
41059.44385710173,2667.0
62263.253082381576,2667.0
62263.253082381576,2234.0
86400.000002,2234.0
# temp #8069
0.0,2234.0
3409.961666911841,2234.0
3409.961666911841,2017.0
34896.94555099122,2017.0
34896.94555099122,2234.0
65595.00594274141,2234.0
65595.00594274141,2017.0
86400.000002,2017.0
# temp #8070
0.0,2234.0
77711.26144481824,2234.0
77711.26144481824,2555.0
86400.0,2555.0
# temp #8071
0.0,2234.0
7665.093901706861,2234.0
7665.093901706861,2667.0
30390.25510945358,2667.0
30390.25510945358,2555.0
31354.738423554234,2555.0
31354.738423554234,2667.0
50010.17577666791,2667.0
50010.17577666791,2555.0
50310.17577666791,2555.0
50310.17577666791,2667.0
51193.23648414576,2667.0
51193.23648414576,2555.0
51793.23648414576,2555.0
51793.23648414576,2667.0
80258.66208120716,2667.0
80258.66208120716,2555.0
86400.000002,2555.0
# temp #8072
0.0,2234.0
75448.49247902168,2234.0
75448.49247902168,2555.0
86400.0,2555.0
# temp #8073
0.0,2234.0
24720.60991369654,2234.0
24720.60991369654,2429.0
25299.922070978213,2429.0
25299.922070978213,2234.0
25940.399378095757,2234.0
25940.399378095757,2429.0
31484.973968868147,2429.0
31484.973968868147,2234.0
37969.46684019641,2234.0
37969.46684019641,2429.0
38597.609560308054,2429.0
38597.609560308054,2234.0
55525.715954625055,2234.0
55525.715954625055,2429.0
76991.97438179982,2429.0
76991.97438179982,2555.0
86400.0,2555.0
# temp #8074
0.0,2234.0
23107.98623641022,2234.0
23107.98623641022,2429.0
23585.896935383793,2429.0
23585.896935383793,2555.0
25719.783253292557,2555.0
25719.783253292557,2429.0
63269.00980349166,2429.0
63269.00980349166,2883.0
69781.73151724042,2883.0
69781.73151724042,2429.0
86400.0,2429.0
# temp #8075
0.0,2234.0
12425.520425476134,2234.0
12425.520425476134,2017.0
19117.738293483853,2017.0
19117.738293483853,2234.0
44887.094787787646,2234.0
44887.094787787646,2017.0
86400.0,2017.0
# temp #8076
0.0,2234.0
3525.8841322269295,2234.0
3525.8841322269295,2017.0
10342.905359622093,2017.0
10342.905359622093,2234.0
16042.905359622093,2234.0
16042.905359622093,2429.0
18291.251718811694,2429.0
18291.251718811694,2555.0
50891.76417966375,2555.0
50891.76417966375,2429.0
54602.09607747385,2429.0
54602.09607747385,2555.0
68085.87291617879,2555.0
68085.87291617879,2667.0
76963.96860487295,2667.0
76963.96860487295,2555.0
80842.43686697447,2555.0
80842.43686697447,2429.0
86400.0,2429.0
# temp #8077
0.0,2234.0
12878.296620910989,2234.0
12878.296620910989,2017.0
15903.434565011414,2017.0
15903.434565011414,2234.0
17514.131708722565,2234.0
17514.131708722565,2017.0
30533.681495022032,2017.0
30533.681495022032,2234.0
54021.44781751559,2234.0
54021.44781751559,2017.0
67650.02684332432,2017.0
67650.02684332432,2234.0
86400.000002,2234.0
# temp #8078
0.0,2234.0
10796.064730128273,2234.0
10796.064730128273,2429.0
17696.064730128273,2429.0
17696.064730128273,2555.0
19496.064730128273,2555.0
19496.064730128273,2429.0
32396.064730128273,2429.0
32396.064730128273,2234.0
32696.064730128273,2234.0
32696.064730128273,2017.0
32996.06473012827,2017.0
32996.06473012827,2234.0
33296.06473012827,2234.0
33296.06473012827,2017.0
47714.426683215424,2017.0
47714.426683215424,2234.0
55370.843279524706,2234.0
55370.843279524706,2429.0
57718.34066247102,2429.0
57718.34066247102,2883.0
86400.000002,2883.0
# temp #8079
0.0,2234.0
53779.74704392255,2234.0
53779.74704392255,2555.0
71592.74378735574,2555.0
71592.74378735574,2429.0
72120.96536492465,2429.0
72120.96536492465,2555.0
82920.73572578376,2555.0
82920.73572578376,2429.0
83823.50960515907,2429.0
83823.50960515907,2555.0
84292.83107800876,2555.0
84292.83107800876,2429.0
86400.0,2429.0
# temp #8080
0.0,2234.0
3033.557935687714,2234.0
3033.557935687714,2429.0
35133.55793568771,2429.0
35133.55793568771,2555.0
35433.55793568771,2555.0
35433.55793568771,2667.0
62156.63075982593,2667.0
62156.63075982593,2555.0
84448.23895648587,2555.0
84448.23895648587,2429.0
86400.0,2429.0
# temp #8081
0.0,2234.0
7308.60435976647,2234.0
7308.60435976647,2667.0
18864.183419686746,2667.0
18864.183419686746,2555.0
19171.03322942276,2555.0
19171.03322942276,2429.0
23161.175480042588,2429.0
23161.175480042588,2234.0
36141.94850048517,2234.0
36141.94850048517,2667.0
59256.68645754923,2667.0
59256.68645754923,2234.0
66096.50127890056,2234.0
66096.50127890056,2667.0
86400.0,2667.0
# temp #8082
0.0,2234.0
31728.56368934736,2234.0
31728.56368934736,2429.0
38628.56368934736,2429.0
38628.56368934736,2555.0
40428.56368934736,2555.0
40428.56368934736,2429.0
53328.56368934736,2429.0
53328.56368934736,2234.0
53628.56368934736,2234.0
53628.56368934736,2017.0
53928.56368934736,2017.0
53928.56368934736,2234.0
54228.56368934736,2234.0
54228.56368934736,2017.0
57298.225129419014,2017.0
57298.225129419014,2234.0
57625.14742815402,2234.0
57625.14742815402,2555.0
58928.543745889336,2555.0
58928.543745889336,2429.0
64226.43166675699,2429.0
64226.43166675699,2234.0
84900.88057906833,2234.0
84900.88057906833,2667.0
86400.000002,2667.0
# temp #8083
0.0,2234.0
10949.639387894424,2234.0
10949.639387894424,2429.0
11249.639387894424,2429.0
11249.639387894424,2234.0
45977.818867913455,2234.0
45977.818867913455,2429.0
79716.81350665168,2429.0
79716.81350665168,2555.0
86400.0,2555.0
# temp #8084
0.0,2234.0
53702.59352708236,2234.0
53702.59352708236,2555.0
56663.87278363109,2555.0
56663.87278363109,2667.0
57143.58170027845,2667.0
57143.58170027845,2555.0
63143.58170027845,2555.0
63143.58170027845,2429.0
65543.58170027846,2429.0
65543.58170027846,2234.0
69143.58170027846,2234.0
69143.58170027846,2429.0
70343.58170027846,2429.0
70343.58170027846,2234.0
76043.58170027846,2234.0
76043.58170027846,2429.0
86400.000002,2429.0
# temp #8085
0.0,2234.0
7356.664202059621,2234.0
7356.664202059621,2667.0
55217.68284793944,2667.0
55217.68284793944,2555.0
55949.54166496173,2555.0
55949.54166496173,2667.0
57236.08905645088,2667.0
57236.08905645088,2555.0
57536.08905645088,2555.0
57536.08905645088,2667.0
58153.5144543741,2667.0
58153.5144543741,2555.0
58753.5144543741,2555.0
58753.5144543741,2667.0
73738.63040967846,2667.0
73738.63040967846,2883.0
86400.000002,2883.0
# temp #8086
0.0,2234.0
3094.4158606231217,2234.0
3094.4158606231217,2667.0
44155.568898911595,2667.0
44155.568898911595,2555.0
44722.598138242036,2555.0
44722.598138242036,2667.0
51157.376290974214,2667.0
51157.376290974214,2555.0
51457.376290974214,2555.0
51457.376290974214,2667.0
51757.376290974214,2667.0
51757.376290974214,2555.0
55057.376290974214,2555.0
55057.376290974214,2667.0
80557.3762909742,2667.0
80557.3762909742,2883.0
86400.000002,2883.0
# temp #8087
0.0,2234.0
73716.66491820943,2234.0
73716.66491820943,2555.0
76328.81208665203,2555.0
76328.81208665203,2234.0
83718.90202264767,2234.0
83718.90202264767,2555.0
84918.90202264767,2555.0
84918.90202264767,2883.0
86400.000002,2883.0
# temp #8088
0.0,2234.0
60487.44721175172,2234.0
60487.44721175172,2555.0
86400.0,2555.0
# temp #8089
0.0,2234.0
16818.513799295764,2234.0
16818.513799295764,2883.0
17972.480873018507,2883.0
17972.480873018507,2667.0
28252.44137572591,2667.0
28252.44137572591,2883.0
49159.65305906721,2883.0
49159.65305906721,2429.0
50948.55809533038,2429.0
50948.55809533038,2883.0
75102.5342074223,2883.0
75102.5342074223,2429.0
86400.000002,2429.0
# temp #8090
0.0,2234.0
10995.027114590632,2234.0
10995.027114590632,2017.0
41737.40189373494,2017.0
41737.40189373494,2234.0
61636.55453799294,2234.0
61636.55453799294,2017.0
86400.000002,2017.0
# temp #8091
0.0,2234.0
6562.962743709796,2234.0
6562.962743709796,2667.0
27477.32463930734,2667.0
27477.32463930734,2555.0
28599.296447681267,2555.0
28599.296447681267,2667.0
34698.688027868055,2667.0
34698.688027868055,2555.0
34998.688027868055,2555.0
34998.688027868055,2667.0
35675.25923901704,2667.0
35675.25923901704,2555.0
36275.25923901704,2555.0
36275.25923901704,2667.0
73095.17022483052,2667.0
73095.17022483052,2555.0
74368.3645178564,2555.0
74368.3645178564,2667.0
85414.4472789718,2667.0
85414.4472789718,2555.0
86400.000002,2555.0
# temp #8092
0.0,2234.0
2751.3490838231523,2234.0
2751.3490838231523,2429.0
34851.34908382315,2429.0
34851.34908382315,2555.0
35151.34908382315,2555.0
35151.34908382315,2667.0
37346.57730481122,2667.0
37346.57730481122,2555.0
63089.236771781,2555.0
63089.236771781,2429.0
86400.000002,2429.0
# temp #8093
0.0,2234.0
2245.4214887693524,2234.0
2245.4214887693524,2429.0
2545.4214887693524,2429.0
2545.4214887693524,2234.0
24983.84302197956,2234.0
24983.84302197956,2429.0
31169.49161756784,2429.0
31169.49161756784,2555.0
60893.54644347915,2555.0
60893.54644347915,2429.0
86400.0,2429.0
# temp #8094
0.0,2234.0
41481.34440598079,2234.0
41481.34440598079,2555.0
49839.460373763,2555.0
49839.460373763,2429.0
51938.38382894174,2429.0
51938.38382894174,2234.0
52238.38382894174,2234.0
52238.38382894174,2017.0
76305.30099989848,2017.0
76305.30099989848,2883.0
77523.74861435966,2883.0
77523.74861435966,2667.0
81574.48891752867,2667.0
81574.48891752867,2234.0
86400.0,2234.0
# temp #8095
0.0,2234.0
13970.595025573859,2234.0
13970.595025573859,2429.0
14365.844640950674,2429.0
14365.844640950674,2555.0
15660.571000794882,2555.0
15660.571000794882,2429.0
49759.63056392503,2429.0
49759.63056392503,2555.0
50786.27162589692,2555.0
50786.27162589692,2429.0
63486.27887335607,2429.0
63486.27887335607,2883.0
64078.08862295934,2883.0
64078.08862295934,2667.0
86400.0,2667.0
# temp #8096
0.0,2234.0
46138.22336092126,2234.0
46138.22336092126,2555.0
54086.95349295159,2555.0
54086.95349295159,2429.0
76641.16468776485,2429.0
76641.16468776485,2234.0
86400.000002,2234.0
# temp #8097
0.0,2234.0
20912.40251376294,2234.0
20912.40251376294,2429.0
21284.24844243564,2429.0
21284.24844243564,2234.0
21923.016155068766,2234.0
21923.016155068766,2429.0
24746.152251935568,2429.0
24746.152251935568,2234.0
27288.645361620005,2234.0
27288.645361620005,2429.0
28503.69471923914,2429.0
28503.69471923914,2555.0
29703.707714821216,2555.0
29703.707714821216,2429.0
85803.70771482121,2429.0
85803.70771482121,2555.0
86103.70771482121,2555.0
86103.70771482121,2667.0
86400.0,2667.0
# temp #8098
0.0,2234.0
7353.309845086188,2234.0
7353.309845086188,2555.0
9353.09026152827,2555.0
9353.09026152827,2429.0
9772.271879855545,2429.0
9772.271879855545,2555.0
32835.08463073522,2555.0
32835.08463073522,2429.0
33336.43138466869,2429.0
33336.43138466869,2234.0
37171.7456688406,2234.0
37171.7456688406,2667.0
46494.327480741784,2667.0
46494.327480741784,2883.0
54876.56316014473,2883.0
54876.56316014473,2667.0
71340.17455391587,2667.0
71340.17455391587,2555.0
76007.97164503021,2555.0
76007.97164503021,2429.0
86400.0,2429.0
# temp #8099
0.0,2234.0
1836.505299014971,2234.0
1836.505299014971,2667.0
30912.243531318385,2667.0
30912.243531318385,2555.0
31240.170085569847,2555.0
31240.170085569847,2429.0
49251.657624123625,2429.0
49251.657624123625,2555.0
64123.838940588765,2555.0
64123.838940588765,2667.0
86400.0,2667.0
# temp #8100
0.0,2234.0
23441.065022768456,2234.0
23441.065022768456,2017.0
39678.90268494376,2017.0
39678.90268494376,2234.0
61590.58870500886,2234.0
61590.58870500886,2017.0
86400.0,2017.0
# temp #8101
0.0,2234.0
65565.22636979354,2234.0
65565.22636979354,2555.0
72557.32420154383,2555.0
72557.32420154383,2429.0
72916.67929545512,2429.0
72916.67929545512,2555.0
79908.60797998031,2555.0
79908.60797998031,2429.0
81059.71391305795,2429.0
81059.71391305795,2555.0
81668.43153296506,2555.0
81668.43153296506,2429.0
81968.43153296506,2429.0
81968.43153296506,2555.0
86400.000002,2555.0
# temp #8102
0.0,2234.0
1154.3093802407384,2234.0
1154.3093802407384,2667.0
20020.414419751618,2667.0
20020.414419751618,2555.0
21493.522280640904,2555.0
21493.522280640904,2667.0
22010.077383765023,2667.0
22010.077383765023,2555.0
22310.077383765023,2555.0
22310.077383765023,2429.0
24935.062486538667,2429.0
24935.062486538667,2234.0
57996.567928441815,2234.0
57996.567928441815,2429.0
58687.429835158415,2429.0
58687.429835158415,2555.0
76218.97895399017,2555.0
76218.97895399017,2667.0
86400.0,2667.0
# temp #8103
0.0,2234.0
3421.551641263068,2234.0
3421.551641263068,2883.0
4875.115569122137,2883.0
4875.115569122137,2667.0
8053.062083409169,2667.0
8053.062083409169,2883.0
22022.125416831117,2883.0
22022.125416831117,2667.0
53892.74801386056,2667.0
53892.74801386056,2555.0
77120.26041699575,2555.0
77120.26041699575,2429.0
86400.000002,2429.0
# temp #8104
0.0,2234.0
9904.7743198229,2234.0
9904.7743198229,2429.0
16804.7743198229,2429.0
16804.7743198229,2555.0
18604.7743198229,2555.0
18604.7743198229,2429.0
31504.7743198229,2429.0
31504.7743198229,2234.0
31804.7743198229,2234.0
31804.7743198229,2017.0
32104.7743198229,2017.0
32104.7743198229,2234.0
32404.7743198229,2234.0
32404.7743198229,2017.0
34439.88976471592,2017.0
34439.88976471592,2234.0
42136.10522544477,2234.0
42136.10522544477,2667.0
62818.57139936183,2667.0
62818.57139936183,2883.0
71447.69899689127,2883.0
71447.69899689127,2667.0
86400.000002,2667.0
# temp #8105
0.0,2234.0
36427.89117093199,2234.0
36427.89117093199,2555.0
38104.51882900671,2555.0
38104.51882900671,2667.0
38450.736741931185,2667.0
38450.736741931185,2555.0
38750.736741931185,2555.0
38750.736741931185,2667.0
42350.736741931185,2667.0
42350.736741931185,2555.0
43850.736741931185,2555.0
43850.736741931185,2429.0
53790.68241252099,2429.0
53790.68241252099,2234.0
73035.1159306476,2234.0
73035.1159306476,2667.0
86400.000002,2667.0
# temp #8106
0.0,2234.0
2004.4718622229996,2234.0
2004.4718622229996,2555.0
28216.594407521192,2555.0
28216.594407521192,2429.0
28566.799431829717,2429.0
28566.799431829717,2555.0
35811.04924888351,2555.0
35811.04924888351,2429.0
36187.38951764536,2429.0
36187.38951764536,2234.0
50728.668617969386,2234.0
50728.668617969386,2429.0
86400.0,2429.0
# temp #8107
0.0,2234.0
5874.194953520783,2234.0
5874.194953520783,2667.0
52844.36399010011,2667.0
52844.36399010011,2555.0
54328.65262334236,2555.0
54328.65262334236,2667.0
86400.0,2667.0
# temp #8108
0.0,2234.0
7256.5171734429905,2234.0
7256.5171734429905,2883.0
18356.51717344299,2883.0
18356.51717344299,2555.0
38802.16440204531,2555.0
38802.16440204531,2429.0
69470.24770569989,2429.0
69470.24770569989,2555.0
78743.94536060283,2555.0
78743.94536060283,2667.0
86400.0,2667.0
# temp #8109
0.0,2234.0
77041.41236383004,2234.0
77041.41236383004,2555.0
85033.50247212221,2555.0
85033.50247212221,2429.0
85338.9198334655,2429.0
85338.9198334655,2555.0
86400.000002,2555.0
# temp #8110
0.0,2234.0
74108.52455240676,2234.0
74108.52455240676,2555.0
86400.000002,2555.0
# temp #8111
0.0,2234.0
21730.826474446807,2234.0
21730.826474446807,2429.0
22284.40824018326,2429.0
22284.40824018326,2555.0
26206.894714920785,2555.0
26206.894714920785,2429.0
30953.360506030738,2429.0
30953.360506030738,2234.0
35333.61520534382,2234.0
35333.61520534382,2429.0
61209.49310108555,2429.0
61209.49310108555,2555.0
77611.47091377062,2555.0
77611.47091377062,2667.0
80611.50572954213,2667.0
80611.50572954213,2555.0
86400.0,2555.0
# temp #8112
0.0,2234.0
7952.342200884596,2234.0
7952.342200884596,2017.0
33882.64376395382,2017.0
33882.64376395382,2234.0
68166.87035509387,2234.0
68166.87035509387,2017.0
74233.7596862577,2017.0
74233.7596862577,2234.0
79933.7596862577,2234.0
79933.7596862577,2429.0
84074.77944921704,2429.0
84074.77944921704,2883.0
86400.000002,2883.0
# temp #8113
0.0,2234.0
34486.65855049622,2234.0
34486.65855049622,2429.0
34929.377579712316,2429.0
34929.377579712316,2234.0
35570.805193693384,2234.0
35570.805193693384,2429.0
39731.7988234805,2429.0
39731.7988234805,2234.0
64324.46927663406,2234.0
64324.46927663406,2429.0
65531.71013819521,2429.0
65531.71013819521,2555.0
66791.67232692709,2555.0
66791.67232692709,2429.0
67091.67232692709,2429.0
67091.67232692709,2555.0
67391.67232692709,2555.0
67391.67232692709,2429.0
67991.67232692709,2429.0
67991.67232692709,2555.0
69062.22521059682,2555.0
69062.22521059682,2429.0
79489.51478088276,2429.0
79489.51478088276,2234.0
86400.0,2234.0
# temp #8114
0.0,2234.0
60899.46556985379,2234.0
60899.46556985379,2883.0
63299.46556985379,2883.0
63299.46556985379,2667.0
77303.59188113363,2667.0
77303.59188113363,2555.0
86256.23606499286,2555.0
86256.23606499286,2429.0
86400.0,2429.0
# temp #8115
0.0,2234.0
27824.22190778889,2234.0
27824.22190778889,2555.0
45811.97392414325,2555.0
45811.97392414325,2429.0
46286.688532261185,2429.0
46286.688532261185,2555.0
53050.8944854606,2555.0
53050.8944854606,2429.0
54219.84183127061,2429.0
54219.84183127061,2234.0
59805.78628450167,2234.0
59805.78628450167,2429.0
78105.29464117718,2429.0
78105.29464117718,2883.0
86400.0,2883.0
# temp #8116
0.0,2234.0
53113.24905767106,2234.0
53113.24905767106,2555.0
70208.43219612727,2555.0
70208.43219612727,2429.0
79934.14070983419,2429.0
79934.14070983419,2234.0
85550.27443205474,2234.0
85550.27443205474,2429.0
86400.0,2429.0
# temp #8117
0.0,2234.0
62623.477816907696,2234.0
62623.477816907696,2555.0
63484.70151617658,2555.0
63484.70151617658,2667.0
63915.32996019815,2667.0
63915.32996019815,2555.0
64215.32996019815,2555.0
64215.32996019815,2667.0
67815.32996019814,2667.0
67815.32996019814,2555.0
69315.32996019814,2555.0
69315.32996019814,2429.0
75734.13052246907,2429.0
75734.13052246907,2234.0
86400.000002,2234.0
# temp #8118
0.0,2234.0
5014.959881105461,2234.0
5014.959881105461,2667.0
36365.5562550528,2667.0
36365.5562550528,2555.0
37195.35899783951,2555.0
37195.35899783951,2667.0
57043.31198581495,2667.0
57043.31198581495,2555.0
57343.31198581495,2555.0
57343.31198581495,2667.0
58104.66155782343,2667.0
58104.66155782343,2555.0
58704.66155782343,2555.0
58704.66155782343,2667.0
69589.9188428186,2667.0
69589.9188428186,2555.0
72254.24782990014,2555.0
72254.24782990014,2429.0
86400.0,2429.0
# temp #8119
0.0,2234.0
69593.84365584701,2234.0
69593.84365584701,2883.0
71993.84365584701,2883.0
71993.84365584701,2667.0
86400.000002,2667.0
# temp #8120
0.0,2234.0
10261.162452679127,2234.0
10261.162452679127,2429.0
10861.162452679127,2429.0
10861.162452679127,2555.0
13647.51460282132,2555.0
13647.51460282132,2429.0
27956.92340510432,2429.0
27956.92340510432,2555.0
45687.76674263646,2555.0
45687.76674263646,2667.0
75951.90810039641,2667.0
75951.90810039641,2555.0
86400.0,2555.0
# temp #8121
0.0,2234.0
5965.419349330478,2234.0
5965.419349330478,2883.0
7018.347010156141,2883.0
7018.347010156141,2667.0
16423.23673898354,2667.0
16423.23673898354,2883.0
16916.17128595244,2883.0
16916.17128595244,2555.0
20028.51179286372,2555.0
20028.51179286372,2429.0
46153.68244161364,2429.0
46153.68244161364,2555.0
47909.2247235356,2555.0
47909.2247235356,2667.0
63921.818685997285,2667.0
63921.818685997285,2555.0
86400.000002,2555.0
# temp #8122
0.0,2234.0
4462.686797906646,2234.0
4462.686797906646,2667.0
15844.988680654209,2667.0
15844.988680654209,2555.0
16865.97912863363,2555.0
16865.97912863363,2667.0
20172.861697571356,2667.0
20172.861697571356,2555.0
20472.861697571356,2555.0
20472.861697571356,2429.0
26186.206943867735,2429.0
26186.206943867735,2555.0
46783.641339931644,2555.0
46783.641339931644,2429.0
79302.16070981698,2429.0
79302.16070981698,2555.0
86400.0,2555.0
# temp #8123
0.0,2234.0
17596.216214890595,2234.0
17596.216214890595,2883.0
19139.591075386856,2883.0
19139.591075386856,2667.0
29349.813464772895,2667.0
29349.813464772895,2883.0
34369.44169637282,2883.0
34369.44169637282,2667.0
59473.09680897744,2667.0
59473.09680897744,2555.0
72842.58125256748,2555.0
72842.58125256748,2667.0
86400.000002,2667.0
# temp #8124
0.0,2234.0
12069.319151993843,2234.0
12069.319151993843,2883.0
12997.602544049734,2883.0
12997.602544049734,2667.0
23036.074453359473,2667.0
23036.074453359473,2883.0
42205.92028107495,2883.0
42205.92028107495,2429.0
73279.67798940373,2429.0
73279.67798940373,2555.0
83444.28732795642,2555.0
83444.28732795642,2429.0
86400.000002,2429.0
# temp #8125
0.0,2234.0
17130.6970598409,2234.0
17130.6970598409,2555.0
49522.71110925359,2555.0
49522.71110925359,2429.0
64217.63037058992,2429.0
64217.63037058992,2234.0
67156.63388322575,2234.0
67156.63388322575,2429.0
70309.67161094306,2429.0
70309.67161094306,2234.0
86400.0,2234.0
# temp #8126
0.0,2234.0
8366.652385191994,2234.0
8366.652385191994,2667.0
37661.27665392124,2667.0
37661.27665392124,2555.0
38271.71795214527,2555.0
38271.71795214527,2429.0
46761.87420710922,2429.0
46761.87420710922,2555.0
58089.34868448415,2555.0
58089.34868448415,2429.0
74572.16945006514,2429.0
74572.16945006514,2234.0
79586.15459497088,2234.0
79586.15459497088,2667.0
86400.000002,2667.0
# temp #8127
0.0,2234.0
1910.7722584856674,2234.0
1910.7722584856674,2883.0
2478.244685009122,2883.0
2478.244685009122,2667.0
5300.358541868627,2667.0
5300.358541868627,2883.0
5644.708607811481,2883.0
5644.708607811481,2667.0
26221.23606449459,2667.0
26221.23606449459,2555.0
52207.10936954711,2555.0
52207.10936954711,2429.0
54587.867444381125,2429.0
54587.867444381125,2667.0
83611.36224037038,2667.0
83611.36224037038,2883.0
86400.0,2883.0
# temp #8128
0.0,2234.0
8985.409154416995,2234.0
8985.409154416995,2555.0
32831.196190835915,2555.0
32831.196190835915,2429.0
33300.28898483143,2429.0
33300.28898483143,2555.0
46387.77315909975,2555.0
46387.77315909975,2429.0
46860.36135954783,2429.0
46860.36135954783,2234.0
52389.51253015549,2234.0
52389.51253015549,2429.0
75017.83165542876,2429.0
75017.83165542876,2234.0
86400.0,2234.0
# temp #8129
0.0,2234.0
34890.88107983117,2234.0
34890.88107983117,2555.0
39748.65063764156,2555.0
39748.65063764156,2667.0
46048.65063764156,2667.0
46048.65063764156,2555.0
47248.65063764156,2555.0
47248.65063764156,2429.0
86400.000002,2429.0
# temp #8130
0.0,2234.0
4623.065657028929,2234.0
4623.065657028929,2429.0
4923.065657028929,2429.0
4923.065657028929,2234.0
24732.49315421563,2234.0
24732.49315421563,2429.0
36979.54981459771,2429.0
36979.54981459771,2555.0
65906.76917633975,2555.0
65906.76917633975,2429.0
85088.89157935047,2429.0
85088.89157935047,2555.0
86400.000002,2555.0
# temp #8131
0.0,2234.0
50770.87981877849,2234.0
50770.87981877849,2429.0
82870.87981877849,2429.0
82870.87981877849,2555.0
83170.87981877849,2555.0
83170.87981877849,2667.0
86400.000002,2667.0
# temp #8132
0.0,2234.0
7268.054414726795,2234.0
7268.054414726795,2555.0
38411.08856666834,2555.0
38411.08856666834,2429.0
38767.96601945535,2429.0
38767.96601945535,2555.0
48434.850415913395,2555.0
48434.850415913395,2429.0
49170.74682656676,2429.0
49170.74682656676,2234.0
77391.19936719073,2234.0
77391.19936719073,2429.0
79339.39434564674,2429.0
79339.39434564674,2234.0
86400.0,2234.0
# temp #8133
0.0,2234.0
5741.807138035075,2234.0
5741.807138035075,2883.0
6438.662854512223,2883.0
6438.662854512223,2667.0
18348.591543710794,2667.0
18348.591543710794,2883.0
25005.598772945817,2883.0
25005.598772945817,2667.0
49213.352300296545,2667.0
49213.352300296545,2555.0
54278.62479414326,2555.0
54278.62479414326,2667.0
83642.62491893025,2667.0
83642.62491893025,2234.0
86400.0,2234.0
# temp #8134
0.0,2234.0
59734.66842463241,2234.0
59734.66842463241,2555.0
79125.5029065069,2555.0
79125.5029065069,2429.0
79680.33109770624,2429.0
79680.33109770624,2555.0
86400.000002,2555.0
# temp #8135
0.0,2234.0
25474.980821739886,2234.0
25474.980821739886,2429.0
25891.005866811614,2429.0
25891.005866811614,2555.0
30927.145617292266,2555.0
30927.145617292266,2429.0
41473.59185724054,2429.0
41473.59185724054,2883.0
65083.86531982107,2883.0
65083.86531982107,2429.0
67067.99809739461,2429.0
67067.99809739461,2667.0
78119.1339327721,2667.0
78119.1339327721,2555.0
86400.0,2555.0
# temp #8136
0.0,2234.0
27994.943759241145,2234.0
27994.943759241145,2429.0
28380.457243812274,2429.0
28380.457243812274,2234.0
29016.245868662376,2234.0
29016.245868662376,2429.0
30602.206366136674,2429.0
30602.206366136674,2234.0
37853.64687668626,2234.0
37853.64687668626,2429.0
39318.11030760874,2429.0
39318.11030760874,2555.0
40783.05291237776,2555.0
40783.05291237776,2429.0
41083.05291237776,2429.0
41083.05291237776,2555.0
61483.05291237776,2555.0
61483.05291237776,2429.0
61783.05291237776,2429.0
61783.05291237776,2555.0
62383.05291237776,2555.0
62383.05291237776,2667.0
74274.73121469376,2667.0
74274.73121469376,2555.0
86400.000002,2555.0
# temp #8137
0.0,2234.0
4856.125743244776,2234.0
4856.125743244776,2429.0
5322.672825213523,2429.0
5322.672825213523,2555.0
6064.964854996652,2555.0
6064.964854996652,2429.0
29286.624362133447,2429.0
29286.624362133447,2555.0
50612.25983183832,2555.0
50612.25983183832,2429.0
64269.98864805792,2429.0
64269.98864805792,2234.0
71006.00689009299,2234.0
71006.00689009299,2667.0
86400.000002,2667.0
# temp #8138
0.0,2234.0
12135.21393465344,2234.0
12135.21393465344,2883.0
12741.497096163223,2883.0
12741.497096163223,2667.0
18536.904604383748,2667.0
18536.904604383748,2883.0
28719.92208778393,2883.0
28719.92208778393,2429.0
62950.095970253475,2429.0
62950.095970253475,2883.0
71597.28663952557,2883.0
71597.28663952557,2667.0
86400.000002,2667.0
# temp #8139
0.0,2234.0
3133.931891759858,2234.0
3133.931891759858,2667.0
17751.71386327129,2667.0
17751.71386327129,2555.0
18629.553058999594,2555.0
18629.553058999594,2667.0
45995.66301167943,2667.0
45995.66301167943,2555.0
46295.66301167943,2555.0
46295.66301167943,2429.0
46672.516467422254,2429.0
46672.516467422254,2555.0
50113.80014894531,2555.0
50113.80014894531,2429.0
69544.90934405477,2429.0
69544.90934405477,2883.0
74734.48125729339,2883.0
74734.48125729339,2667.0
86400.000002,2667.0
# temp #8140
0.0,2234.0
2798.5951886046682,2234.0
2798.5951886046682,2555.0
14528.55783342384,2555.0
14528.55783342384,2429.0
26189.608696242798,2429.0
26189.608696242798,2234.0
32154.34404909611,2234.0
32154.34404909611,2429.0
48072.84313794226,2429.0
48072.84313794226,2234.0
62197.355189756505,2234.0
62197.355189756505,2429.0
64171.19169768413,2429.0
64171.19169768413,2234.0
66534.12531302312,2234.0
66534.12531302312,2429.0
81429.54875619618,2429.0
81429.54875619618,2234.0
86400.0,2234.0
# temp #8141
0.0,2234.0
14039.135180250743,2234.0
14039.135180250743,2883.0
15328.607927332634,2883.0
15328.607927332634,2667.0
17778.213173593394,2667.0
17778.213173593394,2883.0
41808.573271008216,2883.0
41808.573271008216,2429.0
46832.148025324575,2429.0
46832.148025324575,2883.0
55815.32176737675,2883.0
55815.32176737675,2667.0
57148.35735757371,2667.0
57148.35735757371,2555.0
74188.83525941057,2555.0
74188.83525941057,2429.0
77547.18785954175,2429.0
77547.18785954175,2555.0
86400.000002,2555.0
# temp #8142
0.0,2234.0
10472.82825408038,2234.0
10472.82825408038,2555.0
23557.779551181015,2555.0
23557.779551181015,2429.0
23898.82610170171,2429.0
23898.82610170171,2555.0
25504.508299939338,2555.0
25504.508299939338,2429.0
26283.916994067844,2429.0
26283.916994067844,2234.0
35334.710473800085,2234.0
35334.710473800085,2429.0
69226.11363579055,2429.0
69226.11363579055,2555.0
79172.09922240583,2555.0
79172.09922240583,2429.0
86400.000002,2429.0
# temp #8143
0.0,2234.0
11604.00766816456,2234.0
11604.00766816456,2883.0
12129.334566439504,2883.0
12129.334566439504,2667.0
15464.319015014918,2667.0
15464.319015014918,2883.0
35749.91943212227,2883.0
35749.91943212227,2429.0
45501.83669643012,2429.0
45501.83669643012,2555.0
52325.42540724391,2555.0
52325.42540724391,2429.0
72850.86130632555,2429.0
72850.86130632555,2555.0
78344.21434553807,2555.0
78344.21434553807,2667.0
84514.60505677389,2667.0
84514.60505677389,2555.0
86400.0,2555.0
# temp #8144
0.0,2234.0
7801.662423927339,2234.0
7801.662423927339,2667.0
42358.1641008379,2667.0
42358.1641008379,2555.0
43357.62561878656,2555.0
43357.62561878656,2667.0
48323.735264595605,2667.0
48323.735264595605,2555.0
48923.735264595605,2555.0
48923.735264595605,2667.0
69808.30304911362,2667.0
69808.30304911362,2555.0
74104.49472656475,2555.0
74104.49472656475,2429.0
86400.0,2429.0
# temp #8145
0.0,2234.0
12398.637933377178,2234.0
12398.637933377178,2883.0
13611.122598079966,2883.0
13611.122598079966,2667.0
22072.83061472699,2667.0
22072.83061472699,2883.0
30140.900363400582,2883.0
30140.900363400582,2667.0
61635.407534334816,2667.0
61635.407534334816,2883.0
68249.13009870799,2883.0
68249.13009870799,2667.0
86400.000002,2667.0
# temp #8146
0.0,2234.0
28571.833822480407,2234.0
28571.833822480407,2429.0
35471.8338224804,2429.0
35471.8338224804,2555.0
37271.8338224804,2555.0
37271.8338224804,2429.0
50171.8338224804,2429.0
50171.8338224804,2234.0
50471.8338224804,2234.0
50471.8338224804,2017.0
50771.8338224804,2017.0
50771.8338224804,2234.0
51071.8338224804,2234.0
51071.8338224804,2017.0
56812.19338907395,2017.0
56812.19338907395,2234.0
72993.85485809762,2234.0
72993.85485809762,2667.0
86400.000002,2667.0
# temp #8147
0.0,2234.0
26517.412655102093,2234.0
26517.412655102093,2555.0
28326.73619545531,2555.0
28326.73619545531,2667.0
38226.736195455305,2667.0
38226.736195455305,2555.0
43054.059653054,2555.0
43054.059653054,2429.0
57743.711368599914,2429.0
57743.711368599914,2234.0
72980.49934459852,2234.0
72980.49934459852,2429.0
86400.000002,2429.0
# temp #8148
0.0,2234.0
6115.685881208629,2234.0
6115.685881208629,2429.0
6415.685881208629,2429.0
6415.685881208629,2234.0
26044.04126023874,2234.0
26044.04126023874,2667.0
50860.143654467545,2667.0
50860.143654467545,2555.0
67238.78959338182,2555.0
67238.78959338182,2667.0
67710.5318260845,2667.0
67710.5318260845,2555.0
75174.49143282139,2555.0
75174.49143282139,2667.0
81315.88763699403,2667.0
81315.88763699403,2555.0
86400.000002,2555.0
# temp #8149
0.0,2234.0
10387.02037157491,2234.0
10387.02037157491,2883.0
11866.001014038922,2883.0
11866.001014038922,2667.0
15420.228315261194,2667.0
15420.228315261194,2883.0
18233.926454954784,2883.0
18233.926454954784,2667.0
51850.4854255356,2667.0
51850.4854255356,2555.0
57903.40392831714,2555.0
57903.40392831714,2429.0
60581.26725051553,2429.0
60581.26725051553,2555.0
79151.84072870763,2555.0
79151.84072870763,2667.0
86400.000002,2667.0
# temp #8150
0.0,2234.0
11975.792747992093,2234.0
11975.792747992093,2883.0
12292.49620253686,2883.0
12292.49620253686,2667.0
24497.63727744576,2667.0
24497.63727744576,2883.0
35450.87247896009,2883.0
35450.87247896009,2429.0
41774.59438629449,2429.0
41774.59438629449,2234.0
64336.72825035175,2234.0
64336.72825035175,2429.0
80791.86457833277,2429.0
80791.86457833277,2555.0
86400.000002,2555.0
# temp #8151
0.0,2234.0
15305.980866146278,2234.0
15305.980866146278,2883.0
15768.854512623515,2883.0
15768.854512623515,2667.0
18949.277239129882,2667.0
18949.277239129882,2883.0
54982.16546270998,2883.0
54982.16546270998,2429.0
68233.91907960178,2429.0
68233.91907960178,2883.0
77136.14417882638,2883.0
77136.14417882638,2667.0
86400.000002,2667.0
# temp #8152
0.0,2234.0
84770.85433308968,2234.0
84770.85433308968,2555.0
86400.0,2555.0
# temp #8153
0.0,2234.0
9129.938856046647,2234.0
9129.938856046647,2017.0
13479.4382750988,2017.0
13479.4382750988,2234.0
52049.51316285879,2234.0
52049.51316285879,2017.0
74027.68431091683,2017.0
74027.68431091683,2234.0
86400.0,2234.0
# temp #8154
0.0,2234.0
1700.3551322501155,2234.0
1700.3551322501155,2667.0
6220.96358689014,2667.0
6220.96358689014,2555.0
6993.702446878889,2555.0
6993.702446878889,2667.0
15047.349179070447,2667.0
15047.349179070447,2555.0
15647.349179070447,2555.0
15647.349179070447,2667.0
35556.914016790695,2667.0
35556.914016790695,2555.0
37512.01220210642,2555.0
37512.01220210642,2429.0
80697.7935858071,2429.0
80697.7935858071,2883.0
86400.0,2883.0
# temp #8155
0.0,2234.0
41534.22320578248,2234.0
41534.22320578248,2017.0
86400.0,2017.0
# temp #8156
0.0,2234.0
73262.14698334226,2234.0
73262.14698334226,2555.0
80789.81264750475,2555.0
80789.81264750475,2429.0
86400.000002,2429.0
# temp #8157
0.0,2234.0
8244.037468638273,2234.0
8244.037468638273,2883.0
19344.03746863827,2883.0
19344.03746863827,2555.0
26992.755397316072,2555.0
26992.755397316072,2667.0
41153.21456026286,2667.0
41153.21456026286,2883.0
43438.2506730035,2883.0
43438.2506730035,2667.0
71970.60192679055,2667.0
71970.60192679055,2555.0
78580.46516636388,2555.0
78580.46516636388,2429.0
86400.0,2429.0
# temp #8158
0.0,2234.0
6200.357550359332,2234.0
6200.357550359332,2883.0
7603.845233120956,2883.0
7603.845233120956,2667.0
12524.38260577619,2667.0
12524.38260577619,2883.0
23352.66799461097,2883.0
23352.66799461097,2667.0
49274.43916085177,2667.0
49274.43916085177,2234.0
82019.21183599626,2234.0
82019.21183599626,2429.0
86400.0,2429.0
# temp #8159
0.0,2234.0
3244.921939261258,2234.0
3244.921939261258,2667.0
19684.780149743892,2667.0
19684.780149743892,2555.0
21173.230696865357,2555.0
21173.230696865357,2667.0
55089.83571601567,2667.0
55089.83571601567,2555.0
55689.83571601567,2555.0
55689.83571601567,2667.0
75430.60506891926,2667.0
75430.60506891926,2555.0
79509.30794302841,2555.0
79509.30794302841,2429.0
86400.000002,2429.0
# temp #8160
0.0,2234.0
35927.02232741286,2234.0
35927.02232741286,2555.0
70243.42028440443,2555.0
70243.42028440443,2429.0
86400.000002,2429.0
# temp #8161
0.0,2234.0
10759.413931472229,2234.0
10759.413931472229,2883.0
11446.347143640744,2883.0
11446.347143640744,2667.0
20784.80432855431,2667.0
20784.80432855431,2883.0
54330.65752952826,2883.0
54330.65752952826,2429.0
73881.41221501866,2429.0
73881.41221501866,2555.0
83689.26831102,2555.0
83689.26831102,2429.0
86400.000002,2429.0
# temp #8162
0.0,2234.0
4285.962811158971,2234.0
4285.962811158971,2667.0
32681.847045407634,2667.0
32681.847045407634,2555.0
33285.42520275805,2555.0
33285.42520275805,2667.0
53754.34293744621,2667.0
53754.34293744621,2555.0
54054.34293744621,2555.0
54054.34293744621,2429.0
79023.8719443558,2429.0
79023.8719443558,2555.0
86400.0,2555.0
# temp #8163
0.0,2234.0
16998.273360519674,2234.0
16998.273360519674,2555.0
34632.65341117513,2555.0
34632.65341117513,2429.0
52079.80419590605,2429.0
52079.80419590605,2234.0
52679.80419590605,2234.0
52679.80419590605,2429.0
70979.80419590605,2429.0
70979.80419590605,2555.0
72479.80419590605,2555.0
72479.80419590605,2429.0
79608.93196337858,2429.0
79608.93196337858,2234.0
86400.000002,2234.0
# temp #8164
0.0,2234.0
49227.24790417124,2234.0
49227.24790417124,2429.0
81327.24790417124,2429.0
81327.24790417124,2555.0
81627.24790417124,2555.0
81627.24790417124,2667.0
86400.000002,2667.0
# temp #8165
0.0,2234.0
6368.605384742842,2234.0
6368.605384742842,2667.0
25518.741684732962,2667.0
25518.741684732962,2555.0
26479.31589293294,2555.0
26479.31589293294,2429.0
58984.980854764595,2429.0
58984.980854764595,2555.0
77070.98018126564,2555.0
77070.98018126564,2667.0
86400.0,2667.0
# temp #8166
0.0,2234.0
40460.45963654761,2234.0
40460.45963654761,2555.0
54784.73852549215,2555.0
54784.73852549215,2429.0
55186.085384432234,2429.0
55186.085384432234,2555.0
77747.96689606739,2555.0
77747.96689606739,2429.0
78569.67025750784,2429.0
78569.67025750784,2555.0
79036.63002436516,2555.0
79036.63002436516,2429.0
79336.63002436516,2429.0
79336.63002436516,2555.0
79636.63002436516,2555.0
79636.63002436516,2429.0
80236.63002436516,2429.0
80236.63002436516,2555.0
85318.25803366957,2555.0
85318.25803366957,2429.0
86400.0,2429.0
# temp #8167
0.0,2234.0
824.6952317655088,2234.0
824.6952317655088,2017.0
47549.88716016524,2017.0
47549.88716016524,2234.0
82381.08054329643,2234.0
82381.08054329643,2017.0
86400.000002,2017.0
# temp #8168
0.0,2234.0
41482.54402542953,2234.0
41482.54402542953,2555.0
65131.87077522745,2555.0
65131.87077522745,2429.0
65538.32646037919,2429.0
65538.32646037919,2555.0
85966.53229035439,2555.0
85966.53229035439,2429.0
86400.000002,2429.0
# temp #8169
0.0,2234.0
10802.214712556453,2234.0
10802.214712556453,2555.0
15372.029397776354,2555.0
15372.029397776354,2429.0
35278.6671103444,2429.0
35278.6671103444,2234.0
38235.88065099903,2234.0
38235.88065099903,2429.0
52237.086183903746,2429.0
52237.086183903746,2234.0
63815.394341060906,2234.0
63815.394341060906,2667.0
86400.000002,2667.0
# temp #8170
0.0,2234.0
59033.12878869475,2234.0
59033.12878869475,2555.0
60457.33515915927,2555.0
60457.33515915927,2667.0
66757.33515915927,2667.0
66757.33515915927,2555.0
67957.33515915927,2555.0
67957.33515915927,2429.0
86400.000002,2429.0
# temp #8171
0.0,2234.0
38689.062224607915,2234.0
38689.062224607915,2883.0
41089.062224607915,2883.0
41089.062224607915,2667.0
46044.11697476171,2667.0
46044.11697476171,2555.0
52552.11269678548,2555.0
52552.11269678548,2429.0
72005.74418962933,2429.0
72005.74418962933,2555.0
79127.6250859257,2555.0
79127.6250859257,2667.0
86400.000002,2667.0
# temp #8172
0.0,2234.0
13637.917358893903,2234.0
13637.917358893903,2429.0
14032.9518372193,2429.0
14032.9518372193,2555.0
16159.45572461933,2555.0
16159.45572461933,2429.0
45817.33041631525,2429.0
45817.33041631525,2555.0
47690.70816573223,2555.0
47690.70816573223,2667.0
79978.78637148534,2667.0
79978.78637148534,2555.0
86400.000002,2555.0
# temp #8173
0.0,2234.0
21842.18685748056,2234.0
21842.18685748056,2429.0
53942.186857480556,2429.0
53942.186857480556,2555.0
54242.186857480556,2555.0
54242.186857480556,2667.0
64823.112828098245,2667.0
64823.112828098245,2555.0
86400.0,2555.0
# temp #8174
0.0,2234.0
50225.54491565098,2234.0
50225.54491565098,2555.0
65427.30418948924,2555.0
65427.30418948924,2429.0
65813.01598290449,2429.0
65813.01598290449,2555.0
79925.25833223482,2555.0
79925.25833223482,2429.0
80280.43866867667,2429.0
80280.43866867667,2555.0
81082.45415047278,2555.0
81082.45415047278,2429.0
81382.45415047278,2429.0
81382.45415047278,2555.0
86400.000002,2555.0
# temp #8175
0.0,2234.0
16319.340361934159,2234.0
16319.340361934159,2883.0
17172.363976389173,2883.0
17172.363976389173,2667.0
27761.791927367456,2667.0
27761.791927367456,2883.0
59532.475598598845,2883.0
59532.475598598845,2429.0
86400.000002,2429.0
# temp #8176
0.0,2234.0
17932.063906453553,2234.0
17932.063906453553,2017.0
71691.51454134846,2017.0
71691.51454134846,2234.0
75363.62621882,2234.0
75363.62621882,2017.0
83214.24705293031,2017.0
83214.24705293031,2234.0
86400.0,2234.0
# temp #8177
0.0,2234.0
24309.747889498252,2234.0
24309.747889498252,2429.0
24846.562605304647,2429.0
24846.562605304647,2555.0
27308.545491797853,2555.0
27308.545491797853,2429.0
31344.405110366646,2429.0
31344.405110366646,2234.0
64226.64547855967,2234.0
64226.64547855967,2429.0
86400.0,2429.0
# temp #8178
0.0,2234.0
80601.83856936639,2234.0
80601.83856936639,2555.0
80999.38087274788,2555.0
80999.38087274788,2429.0
86400.0,2429.0
# temp #8179
0.0,2234.0
15011.0596181592,2234.0
15011.0596181592,2883.0
16081.11869010609,2883.0
16081.11869010609,2667.0
27872.3055982031,2667.0
27872.3055982031,2883.0
38278.02086554003,2883.0
38278.02086554003,2429.0
61130.75994069224,2429.0
61130.75994069224,2234.0
70946.1754276883,2234.0
70946.1754276883,2429.0
72971.69080751484,2429.0
72971.69080751484,2555.0
86400.000002,2555.0
# temp #8180
0.0,2234.0
54733.40886519291,2234.0
54733.40886519291,2555.0
84860.79140855001,2555.0
84860.79140855001,2429.0
86400.000002,2429.0
# temp #8181
0.0,2234.0
71822.61805774178,2234.0
71822.61805774178,2555.0
86400.0,2555.0
# temp #8182
0.0,2234.0
52186.46499600728,2234.0
52186.46499600728,2429.0
52748.03284099326,2429.0
52748.03284099326,2555.0
53669.02517220006,2555.0
53669.02517220006,2429.0
55825.09187583347,2429.0
55825.09187583347,2667.0
84042.92186382228,2667.0
84042.92186382228,2555.0
84753.21383946577,2555.0
84753.21383946577,2667.0
86400.000002,2667.0
# temp #8183
0.0,2234.0
2941.682459623553,2234.0
2941.682459623553,2883.0
3692.5313606858253,2883.0
3692.5313606858253,2667.0
12005.971170938574,2667.0
12005.971170938574,2883.0
15763.469178951345,2883.0
15763.469178951345,2667.0
22360.448595299385,2667.0
22360.448595299385,2555.0
40043.95803669468,2555.0
40043.95803669468,2429.0
53911.21532300022,2429.0
53911.21532300022,2555.0
69884.29875955918,2555.0
69884.29875955918,2429.0
82578.40939206073,2429.0
82578.40939206073,2555.0
86400.0,2555.0
# temp #8184
0.0,2234.0
9555.905227828773,2234.0
9555.905227828773,2017.0
57574.17806703598,2017.0
57574.17806703598,2234.0
86400.000002,2234.0
# temp #8185
0.0,2234.0
12796.317711565644,2234.0
12796.317711565644,2429.0
13396.317711565644,2429.0
13396.317711565644,2555.0
14033.674197737128,2555.0
14033.674197737128,2429.0
29602.975782263096,2429.0
29602.975782263096,2555.0
36982.1929877624,2555.0
36982.1929877624,2429.0
63149.77883992252,2429.0
63149.77883992252,2555.0
77609.49711024297,2555.0
77609.49711024297,2667.0
86400.000002,2667.0
# temp #8186
0.0,2234.0
1561.9973978726196,2234.0
1561.9973978726196,2667.0
4986.916124308483,2667.0
4986.916124308483,2555.0
6344.135330384598,2555.0
6344.135330384598,2667.0
35626.193090504974,2667.0
35626.193090504974,2555.0
36226.193090504974,2555.0
36226.193090504974,2667.0
52888.98584197742,2667.0
52888.98584197742,2555.0
56975.389464455664,2555.0
56975.389464455664,2429.0
62686.65431072005,2429.0
62686.65431072005,2555.0
63184.81943900698,2555.0
63184.81943900698,2667.0
86400.0,2667.0
# temp #8187
0.0,2234.0
56639.794452837676,2234.0
56639.794452837676,2883.0
59039.794452837676,2883.0
59039.794452837676,2667.0
86400.0,2667.0
# temp #8188
0.0,2234.0
36884.59727335722,2234.0
36884.59727335722,2429.0
37484.59727335722,2429.0
37484.59727335722,2555.0
41033.380657620735,2555.0
41033.380657620735,2429.0
46545.37773099729,2429.0
46545.37773099729,2555.0
64944.94174250869,2555.0
64944.94174250869,2429.0
67636.77871646361,2429.0
67636.77871646361,2555.0
70282.18750928064,2555.0
70282.18750928064,2429.0
86400.000002,2429.0
# temp #8189
0.0,2234.0
37139.60416673218,2234.0
37139.60416673218,2429.0
37554.29523149506,2429.0
37554.29523149506,2234.0
38449.79283548892,2234.0
38449.79283548892,2429.0
39579.82136872598,2429.0
39579.82136872598,2234.0
52784.09184752964,2234.0
52784.09184752964,2429.0
53830.40285431781,2429.0
53830.40285431781,2555.0
54388.62740085461,2555.0
54388.62740085461,2429.0
54688.62740085461,2429.0
54688.62740085461,2555.0
54988.62740085461,2555.0
54988.62740085461,2429.0
55588.62740085461,2429.0
55588.62740085461,2555.0
59856.25403397717,2555.0
59856.25403397717,2429.0
63859.82806566172,2429.0
63859.82806566172,2883.0
80499.95446088725,2883.0
80499.95446088725,2667.0
86400.0,2667.0
# temp #8190
0.0,2234.0
15097.526187286714,2234.0
15097.526187286714,2555.0
41868.6047842959,2555.0
41868.6047842959,2429.0
42179.178512259394,2429.0
42179.178512259394,2555.0
48969.578231801286,2555.0
48969.578231801286,2429.0
49507.07710557618,2429.0
49507.07710557618,2234.0
54658.36706100964,2234.0
54658.36706100964,2429.0
63120.03518349958,2429.0
63120.03518349958,2555.0
74202.35981668813,2555.0
74202.35981668813,2667.0
85488.02493740806,2667.0
85488.02493740806,2555.0
86400.0,2555.0
# temp #8191
0.0,2234.0
3105.1975782494997,2234.0
3105.1975782494997,2429.0
35205.1975782495,2429.0
35205.1975782495,2555.0
35505.1975782495,2555.0
35505.1975782495,2667.0
59201.607542485,2667.0
59201.607542485,2234.0
60762.61098578107,2234.0
60762.61098578107,2429.0
86400.0,2429.0
# temp #8192
0.0,2234.0
37878.908191574745,2234.0
37878.908191574745,2429.0
44778.908191574745,2429.0
44778.908191574745,2555.0
46578.908191574745,2555.0
46578.908191574745,2429.0
59478.908191574745,2429.0
59478.908191574745,2234.0
59778.908191574745,2234.0
59778.908191574745,2017.0
60078.908191574745,2017.0
60078.908191574745,2234.0
60378.908191574745,2234.0
60378.908191574745,2017.0
80554.73981648685,2017.0
80554.73981648685,2234.0
86400.0,2234.0
# temp #8193
0.0,2234.0
5695.8293152973065,2234.0
5695.8293152973065,2667.0
8402.122799959036,2667.0
8402.122799959036,2555.0
9047.8748110123,2555.0
9047.8748110123,2667.0
45297.45594647248,2667.0
45297.45594647248,2555.0
45597.45594647248,2555.0
45597.45594647248,2667.0
46370.101782004356,2667.0
46370.101782004356,2555.0
46970.101782004356,2555.0
46970.101782004356,2667.0
86400.0,2667.0
# temp #8194
0.0,2234.0
1194.2776513053104,2234.0
1194.2776513053104,2667.0
45456.677318410955,2667.0
45456.677318410955,2555.0
46560.24417816662,2555.0
46560.24417816662,2429.0
82242.31833326632,2429.0
82242.31833326632,2555.0
86400.000002,2555.0
# temp #8195
0.0,2234.0
79200.05913726056,2234.0
79200.05913726056,2555.0
86400.000002,2555.0
# temp #8196
0.0,2234.0
47791.38420049567,2234.0
47791.38420049567,2883.0
50191.38420049567,2883.0
50191.38420049567,2667.0
54737.54315092228,2667.0
54737.54315092228,2555.0
85134.13684896659,2555.0
85134.13684896659,2429.0
86400.000002,2429.0
# temp #8197
0.0,2234.0
36525.95731106122,2234.0
36525.95731106122,2429.0
37125.93437021133,2429.0
37125.93437021133,2555.0
39320.24471720216,2555.0
39320.24471720216,2429.0
51888.44125368633,2429.0
51888.44125368633,2555.0
58887.68342672848,2555.0
58887.68342672848,2667.0
65342.976672062665,2667.0
65342.976672062665,2234.0
78591.77920664662,2234.0
78591.77920664662,2667.0
86400.000002,2667.0
# temp #8198
0.0,2234.0
2309.1500573325907,2234.0
2309.1500573325907,2667.0
27350.705565162938,2667.0
27350.705565162938,2555.0
27655.786487669688,2555.0
27655.786487669688,2667.0
49616.25987959561,2667.0
49616.25987959561,2555.0
50216.25987959561,2555.0
50216.25987959561,2667.0
64651.93992059213,2667.0
64651.93992059213,2555.0
68008.79232238514,2555.0
68008.79232238514,2429.0
84506.90229136964,2429.0
84506.90229136964,2555.0
86400.0,2555.0
# temp #8199
0.0,2234.0
77018.30339622685,2234.0
77018.30339622685,2555.0
86400.000002,2555.0
# temp #8200
0.0,2234.0
15074.272452201694,2234.0
15074.272452201694,2429.0
15674.272452201694,2429.0
15674.272452201694,2555.0
19098.655445035547,2555.0
19098.655445035547,2429.0
43811.41467327252,2429.0
43811.41467327252,2883.0
55469.73900615704,2883.0
55469.73900615704,2429.0
86370.30476240908,2429.0
86370.30476240908,2555.0
86400.000002,2555.0
# temp #8201
0.0,2234.0
9852.327527152374,2234.0
9852.327527152374,2429.0
10273.144626058638,2429.0
10273.144626058638,2234.0
10879.607441020198,2234.0
10879.607441020198,2429.0
12760.097799659707,2429.0
12760.097799659707,2234.0
29271.598889585584,2234.0
29271.598889585584,2429.0
30454.01761906687,2429.0
30454.01761906687,2234.0
62220.44715990779,2234.0
62220.44715990779,2429.0
74086.20320465417,2429.0
74086.20320465417,2555.0
84178.47833891866,2555.0
84178.47833891866,2429.0
86400.0,2429.0
# temp #8202
0.0,2234.0
75399.94282030968,2234.0
75399.94282030968,2555.0
86400.0,2555.0
# temp #8203
0.0,2234.0
1052.764099999331,2234.0
1052.764099999331,2555.0
29072.342986171137,2555.0
29072.342986171137,2429.0
29518.871078873057,2429.0
29518.871078873057,2555.0
48208.66747680121,2555.0
48208.66747680121,2429.0
49355.90225444176,2429.0
49355.90225444176,2555.0
50460.67887623795,2555.0
50460.67887623795,2429.0
50760.67887623795,2429.0
50760.67887623795,2555.0
51060.67887623795,2555.0
51060.67887623795,2429.0
51660.67887623795,2429.0
51660.67887623795,2555.0
56206.15315069445,2555.0
56206.15315069445,2429.0
57259.045188361786,2429.0
57259.045188361786,2883.0
60129.64295684361,2883.0
60129.64295684361,2667.0
86400.000002,2667.0
# temp #8204
0.0,2234.0
32044.269107677977,2234.0
32044.269107677977,2555.0
36343.649686547,2555.0
36343.649686547,2667.0
36886.00362574217,2667.0
36886.00362574217,2555.0
37186.00362574217,2555.0
37186.00362574217,2667.0
40786.00362574217,2667.0
40786.00362574217,2555.0
42286.00362574217,2555.0
42286.00362574217,2429.0
52808.160396921456,2429.0
52808.160396921456,2234.0
68821.72367046589,2234.0
68821.72367046589,2429.0
77709.2844026629,2429.0
77709.2844026629,2555.0
86400.000002,2555.0
# temp #8205
0.0,2234.0
14776.931879553014,2234.0
14776.931879553014,2429.0
15213.092546677219,2429.0
15213.092546677219,2555.0
18640.77308638953,2555.0
18640.77308638953,2429.0
36321.55891859439,2429.0
36321.55891859439,2234.0
44263.816392305314,2234.0
44263.816392305314,2667.0
55088.77789685504,2667.0
55088.77789685504,2555.0
55284.46788636503,2555.0
55284.46788636503,2429.0
84314.82124601027,2429.0
84314.82124601027,2555.0
86400.0,2555.0
# temp #8206
0.0,2234.0
4965.677686315031,2234.0
4965.677686315031,2555.0
5305.06934830919,2555.0
5305.06934830919,2429.0
5697.838348732331,2429.0
5697.838348732331,2555.0
28537.750894180503,2555.0
28537.750894180503,2429.0
29470.609849481847,2429.0
29470.609849481847,2555.0
30059.91874902975,2555.0
30059.91874902975,2429.0
30359.91874902975,2429.0
30359.91874902975,2555.0
31859.91874902975,2555.0
31859.91874902975,2429.0
42059.91874902975,2429.0
42059.91874902975,2234.0
86400.000002,2234.0
# temp #8207
0.0,2234.0
7648.665747907945,2234.0
7648.665747907945,2883.0
8608.121613180267,2883.0
8608.121613180267,2667.0
14574.344439175913,2667.0
14574.344439175913,2883.0
45801.483914349235,2883.0
45801.483914349235,2429.0
70726.43243407366,2429.0
70726.43243407366,2234.0
84821.37857617346,2234.0
84821.37857617346,2667.0
86400.0,2667.0
# temp #8208
0.0,2234.0
20248.379809339534,2234.0
20248.379809339534,2429.0
20802.60216649622,2429.0
20802.60216649622,2555.0
24308.7534936145,2555.0
24308.7534936145,2429.0
25587.520166952167,2429.0
25587.520166952167,2883.0
38533.8884940371,2883.0
38533.8884940371,2667.0
75038.91129805708,2667.0
75038.91129805708,2555.0
86400.000002,2555.0
# temp #8209
0.0,2234.0
58479.41799717956,2234.0
58479.41799717956,2883.0
60879.41799717956,2883.0
60879.41799717956,2667.0
67219.73232091406,2667.0
67219.73232091406,2555.0
72266.80701649749,2555.0
72266.80701649749,2667.0
86400.0,2667.0
# temp #8210
0.0,2234.0
4549.695836752654,2234.0
4549.695836752654,2667.0
36597.031717957,2667.0
36597.031717957,2555.0
36970.31761261169,2555.0
36970.31761261169,2429.0
39284.78760633153,2429.0
39284.78760633153,2555.0
59372.019809461206,2555.0
59372.019809461206,2667.0
83371.67438683101,2667.0
83371.67438683101,2555.0
86400.000002,2555.0
# temp #8211
0.0,2234.0
17109.781612129886,2234.0
17109.781612129886,2883.0
28209.781612129886,2883.0
28209.781612129886,2555.0
35142.844232590876,2555.0
35142.844232590876,2667.0
53748.37616791484,2667.0
53748.37616791484,2234.0
86400.0,2234.0
# temp #8212
0.0,2234.0
6421.958537190222,2234.0
6421.958537190222,2667.0
37045.058026048355,2667.0
37045.058026048355,2555.0
38369.54926361796,2555.0
38369.54926361796,2667.0
65646.41258222982,2667.0
65646.41258222982,2555.0
65946.41258222982,2555.0
65946.41258222982,2667.0
66246.41258222982,2667.0
66246.41258222982,2555.0
69546.41258222982,2555.0
69546.41258222982,2667.0
86400.000002,2667.0
# temp #8213
0.0,2234.0
27587.032581120733,2234.0
27587.032581120733,2429.0
28187.032581120733,2429.0
28187.032581120733,2555.0
30488.727148622278,2555.0
30488.727148622278,2429.0
46291.36204195675,2429.0
46291.36204195675,2555.0
59209.33625490871,2555.0
59209.33625490871,2667.0
86400.000002,2667.0
# temp #8214
0.0,2234.0
2562.9459498915826,2234.0
2562.9459498915826,2667.0
17081.064453930594,2667.0
17081.064453930594,2555.0
17848.602310870778,2555.0
17848.602310870778,2667.0
55477.03527852428,2667.0
55477.03527852428,2555.0
56077.03527852428,2555.0
56077.03527852428,2667.0
69182.54840990994,2667.0
69182.54840990994,2555.0
70788.80173398649,2555.0
70788.80173398649,2429.0
86400.000002,2429.0
# temp #8215
0.0,2234.0
17449.87116772682,2234.0
17449.87116772682,2429.0
17968.567878124308,2429.0
17968.567878124308,2555.0
18599.11267992575,2555.0
18599.11267992575,2429.0
32257.238405244432,2429.0
32257.238405244432,2555.0
39088.56136535761,2555.0
39088.56136535761,2429.0
61864.34310378974,2429.0
61864.34310378974,2555.0
86400.000002,2555.0
# temp #8216
0.0,2234.0
13408.70354943909,2234.0
13408.70354943909,2017.0
62199.26263494418,2017.0
62199.26263494418,2234.0
77832.8540925868,2234.0
77832.8540925868,2017.0
86400.000002,2017.0
# temp #8217
0.0,2234.0
56892.17355069705,2234.0
56892.17355069705,2555.0
65704.73988410087,2555.0
65704.73988410087,2429.0
66235.10793317111,2429.0
66235.10793317111,2555.0
82951.29659911619,2555.0
82951.29659911619,2429.0
83356.49633214345,2429.0
83356.49633214345,2234.0
86400.0,2234.0
# temp #8218
0.0,2234.0
70699.05634161552,2234.0
70699.05634161552,2555.0
86400.0,2555.0
# temp #8219
0.0,2234.0
1188.0546634085476,2234.0
1188.0546634085476,2667.0
33656.495719682425,2667.0
33656.495719682425,2555.0
35043.71592616663,2555.0
35043.71592616663,2429.0
58940.008101216525,2429.0
58940.008101216525,2234.0
68941.10631959049,2234.0
68941.10631959049,2667.0
86400.0,2667.0
# temp #8220
0.0,2234.0
32563.721573771916,2234.0
32563.721573771916,2017.0
57782.40746241064,2017.0
57782.40746241064,2234.0
86400.000002,2234.0
# temp #8221
0.0,2234.0
42021.09221073334,2234.0
42021.09221073334,2555.0
44226.78749668413,2555.0
44226.78749668413,2667.0
44570.1692208415,2667.0
44570.1692208415,2555.0
44870.1692208415,2555.0
44870.1692208415,2667.0
71570.16922084149,2667.0
71570.16922084149,2555.0
86400.000002,2555.0
# temp #8222
0.0,2234.0
4651.988632092253,2234.0
4651.988632092253,2667.0
33301.39424521476,2667.0
33301.39424521476,2555.0
33777.50150766224,2555.0
33777.50150766224,2667.0
36218.25532657095,2667.0
36218.25532657095,2555.0
36518.25532657095,2555.0
36518.25532657095,2429.0
55919.974034233026,2429.0
55919.974034233026,2555.0
74675.33745733091,2555.0
74675.33745733091,2429.0
75590.73829776609,2429.0
75590.73829776609,2883.0
85958.10090503657,2883.0
85958.10090503657,2667.0
86400.000002,2667.0
# temp #8223
0.0,2234.0
45229.054732178345,2234.0
45229.054732178345,2429.0
45529.054732178345,2429.0
45529.054732178345,2234.0
47026.07973699924,2234.0
47026.07973699924,2429.0
82915.98029416056,2429.0
82915.98029416056,2555.0
86400.000002,2555.0
# temp #8224
0.0,2234.0
50991.16543654819,2234.0
50991.16543654819,2429.0
83091.16543654818,2429.0
83091.16543654818,2555.0
83391.16543654818,2555.0
83391.16543654818,2667.0
86400.000002,2667.0
# temp #8225
0.0,2234.0
4502.611058251933,2234.0
4502.611058251933,2555.0
24072.69840538502,2555.0
24072.69840538502,2429.0
24388.04320651107,2429.0
24388.04320651107,2555.0
26903.004591283392,2555.0
26903.004591283392,2429.0
27375.448462483477,2429.0
27375.448462483477,2555.0
28419.223257643174,2555.0
28419.223257643174,2429.0
28719.223257643174,2429.0
28719.223257643174,2555.0
29019.223257643174,2555.0
29019.223257643174,2429.0
29619.223257643174,2429.0
29619.223257643174,2555.0
29978.254430112433,2555.0
29978.254430112433,2429.0
59109.44864416961,2429.0
59109.44864416961,2234.0
72335.93426377048,2234.0
72335.93426377048,2667.0
86400.000002,2667.0
# temp #8226
0.0,2234.0
4540.978122269736,2234.0
4540.978122269736,2667.0
12734.858435299248,2667.0
12734.858435299248,2555.0
13708.291630446913,2555.0
13708.291630446913,2429.0
50281.1522893142,2429.0
50281.1522893142,2555.0
57224.85400855076,2555.0
57224.85400855076,2429.0
86400.000002,2429.0
# temp #8227
0.0,2234.0
20687.116403016265,2234.0
20687.116403016265,2429.0
21245.418155961674,2429.0
21245.418155961674,2555.0
21622.48015890364,2555.0
21622.48015890364,2429.0
35373.212067922585,2429.0
35373.212067922585,2555.0
38963.0077445414,2555.0
38963.0077445414,2429.0
74848.07559703478,2429.0
74848.07559703478,2555.0
86400.000002,2555.0
# temp #8228
0.0,2234.0
4719.642203883269,2234.0
4719.642203883269,2429.0
36819.64220388327,2429.0
36819.64220388327,2555.0
37119.64220388327,2555.0
37119.64220388327,2667.0
74148.98143617902,2667.0
74148.98143617902,2555.0
86400.000002,2555.0
# temp #8229
0.0,2234.0
73496.81822229177,2234.0
73496.81822229177,2555.0
86379.61314625572,2555.0
86400.000002,2234.0
# temp #8230
0.0,2234.0
6098.402874777094,2234.0
6098.402874777094,2667.0
44714.47144236882,2667.0
44714.47144236882,2555.0
45059.69430527185,2555.0
45059.69430527185,2667.0
62138.03897809704,2667.0
62138.03897809704,2555.0
62438.03897809704,2555.0
62438.03897809704,2667.0
62738.03897809704,2667.0
62738.03897809704,2555.0
66038.03897809704,2555.0
66038.03897809704,2667.0
86400.0,2667.0
# temp #8231
0.0,2234.0
77800.35698062276,2234.0
77800.35698062276,2883.0
80200.35698062276,2883.0
80200.35698062276,2667.0
86400.0,2667.0
# temp #8232
0.0,2234.0
29001.849508588206,2234.0
29001.849508588206,2429.0
29594.963352894414,2429.0
29594.963352894414,2555.0
32978.75314517879,2555.0
32978.75314517879,2429.0
58135.12042164803,2429.0
58135.12042164803,2555.0
69684.68212836889,2555.0
69684.68212836889,2429.0
86400.0,2429.0
# temp #8233
0.0,2234.0
84868.68832188194,2234.0
84868.68832188194,2555.0
86400.000002,2555.0
# temp #8234
0.0,2234.0
64151.99367245661,2234.0
64151.99367245661,2555.0
81953.45052313061,2555.0
81953.45052313061,2429.0
82411.2276355969,2429.0
82411.2276355969,2555.0
86400.000002,2555.0
# temp #8235
0.0,2234.0
7998.21478079539,2234.0
7998.21478079539,2667.0
56248.03157737479,2667.0
56248.03157737479,2555.0
56903.5682684742,2555.0
56903.5682684742,2667.0
72588.22647950148,2667.0
72588.22647950148,2555.0
72888.22647950148,2555.0
72888.22647950148,2667.0
73687.34086237384,2667.0
73687.34086237384,2555.0
74287.34086237384,2555.0
74287.34086237384,2667.0
81122.5481486181,2667.0
81122.5481486181,2555.0
84616.22375284789,2555.0
84616.22375284789,2429.0
86400.000002,2429.0
# temp #8236
0.0,2234.0
26716.381588485096,2234.0
26716.381588485096,2429.0
27045.242793881338,2429.0
27045.242793881338,2555.0
28080.13467381243,2555.0
28080.13467381243,2429.0
44747.46054795106,2429.0
44747.46054795106,2555.0
47348.558907606646,2555.0
47348.558907606646,2429.0
66463.04761832581,2429.0
66463.04761832581,2555.0
71282.37991947682,2555.0
71282.37991947682,2667.0
86400.0,2667.0
# temp #8237
0.0,2234.0
6936.348159983756,2234.0
6936.348159983756,2667.0
25374.020004761413,2667.0
25374.020004761413,2555.0
26487.055309326395,2555.0
26487.055309326395,2429.0
26641.591248102493,2429.0
26641.591248102493,2555.0
45701.43921151759,2555.0
45701.43921151759,2667.0
78041.96474198253,2667.0
78041.96474198253,2555.0
86400.0,2555.0
# temp #8238
0.0,2234.0
31294.335129484538,2234.0
31294.335129484538,2555.0
33593.88312902302,2555.0
33593.88312902302,2667.0
76276.38919539751,2667.0
76276.38919539751,2883.0
86400.000002,2883.0
# temp #8239
0.0,2234.0
8495.89076084085,2234.0
8495.89076084085,2667.0
50071.58439005726,2667.0
50071.58439005726,2555.0
50523.36552212947,2555.0
50523.36552212947,2667.0
86400.000002,2667.0
# temp #8240
0.0,2234.0
2371.5864867903297,2234.0
2371.5864867903297,2017.0
26358.384874463085,2017.0
26358.384874463085,2234.0
47098.56396010146,2234.0
47098.56396010146,2017.0
86400.0,2017.0
# temp #8241
0.0,2234.0
47792.257640208125,2234.0
47792.257640208125,2429.0
48092.257640208125,2429.0
48092.257640208125,2234.0
48332.05396151171,2234.0
48332.05396151171,2429.0
66781.15446867888,2429.0
66781.15446867888,2555.0
76229.76233947558,2555.0
76229.76233947558,2429.0
86400.0,2429.0
# temp #8242
0.0,2234.0
2295.395950810053,2234.0
2295.395950810053,2667.0
22144.46521585342,2667.0
22144.46521585342,2555.0
22498.102037119683,2555.0
22498.102037119683,2429.0
38723.99158962072,2429.0
38723.99158962072,2555.0
41262.63096285985,2555.0
41262.63096285985,2667.0
57924.656372540645,2667.0
57924.656372540645,2555.0
78277.94034818654,2555.0
78277.94034818654,2667.0
86400.000002,2667.0
# temp #8243
0.0,2234.0
68583.05452892091,2234.0
68583.05452892091,2555.0
71673.89883308206,2555.0
71673.89883308206,2234.0
86400.000002,2234.0
# temp #8244
0.0,2234.0
2798.0949478922416,2234.0
2798.0949478922416,2667.0
23630.774151091468,2667.0
23630.774151091468,2555.0
24475.576658011418,2555.0
24475.576658011418,2667.0
29402.103952341717,2667.0
29402.103952341717,2555.0
30002.103952341717,2555.0
30002.103952341717,2667.0
51184.89430078772,2667.0
51184.89430078772,2555.0
54522.6035287371,2555.0
54522.6035287371,2429.0
82562.9058293067,2429.0
82562.9058293067,2234.0
86400.000002,2234.0
# temp #8245
0.0,2234.0
67586.18975495921,2234.0
67586.18975495921,2555.0
86400.000002,2555.0
# temp #8246
0.0,2234.0
38686.806554440416,2234.0
38686.806554440416,2017.0
45440.893795061864,2017.0
45440.893795061864,2234.0
69436.15499865265,2234.0
69436.15499865265,2017.0
71322.35867064448,2017.0
71322.35867064448,2234.0
80371.39693843202,2234.0
80371.39693843202,2017.0
86400.000002,2017.0
# temp #8247
0.0,2234.0
8024.846065510066,2234.0
8024.846065510066,2667.0
37602.967800758786,2667.0
37602.967800758786,2555.0
39075.478661712266,2555.0
39075.478661712266,2667.0
73511.82152763942,2667.0
73511.82152763942,2555.0
73811.82152763942,2555.0
73811.82152763942,2667.0
74111.82152763942,2667.0
74111.82152763942,2555.0
77411.82152763942,2555.0
77411.82152763942,2667.0
86400.000002,2667.0
# temp #8248
0.0,2234.0
33746.76991396119,2234.0
33746.76991396119,2429.0
34132.64182764106,2429.0
34132.64182764106,2234.0
34847.9417863302,2234.0
34847.9417863302,2429.0
35293.482502643026,2429.0
35293.482502643026,2234.0
48345.19343250432,2234.0
48345.19343250432,2429.0
49738.994676852606,2429.0
49738.994676852606,2555.0
50277.88660903462,2555.0
50277.88660903462,2429.0
50577.88660903462,2429.0
50577.88660903462,2555.0
70977.88660903463,2555.0
70977.88660903463,2429.0
71277.88660903463,2429.0
71277.88660903463,2555.0
71877.88660903463,2555.0
71877.88660903463,2667.0
74536.48440870458,2667.0
74536.48440870458,2555.0
86400.0,2555.0
# temp #8249
0.0,2234.0
19283.552938699726,2234.0
19283.552938699726,2017.0
20385.261707520116,2017.0
20385.261707520116,2234.0
60933.0551151652,2234.0
60933.0551151652,2017.0
86400.000002,2017.0
# temp #8250
0.0,2234.0
43839.45555242245,2234.0
43839.45555242245,2555.0
47956.21764909011,2555.0
47956.21764909011,2667.0
57856.21764909011,2667.0
57856.21764909011,2555.0
59741.528870794,2555.0
59741.528870794,2429.0
72803.71886584909,2429.0
72803.71886584909,2555.0
75063.0648753606,2555.0
75063.0648753606,2667.0
86400.0,2667.0
# temp #8251
0.0,2234.0
31255.18907024525,2234.0
31255.18907024525,2883.0
33655.18907024525,2883.0
33655.18907024525,2667.0
54343.61608545296,2667.0
54343.61608545296,2555.0
86400.0,2555.0
# temp #8252
0.0,2234.0
1288.8152212835848,2234.0
1288.8152212835848,2667.0
9307.254102942534,2667.0
9307.254102942534,2555.0
10182.505944301376,2555.0
10182.505944301376,2667.0
35195.03407040611,2667.0
35195.03407040611,2555.0
35795.03407040611,2555.0
35795.03407040611,2667.0
56031.97123138235,2667.0
56031.97123138235,2555.0
56859.815336298205,2555.0
56859.815336298205,2429.0
68157.88113987075,2429.0
68157.88113987075,2883.0
86400.000002,2883.0
# temp #8253
0.0,2234.0
2325.3026647260417,2234.0
2325.3026647260417,2667.0
23511.391086713415,2667.0
23511.391086713415,2555.0
23896.88109273557,2555.0
23896.88109273557,2429.0
61480.41000652594,2429.0
61480.41000652594,2555.0
86400.000002,2555.0
# temp #8254
0.0,2234.0
25324.894636427056,2234.0
25324.894636427056,2555.0
27246.71414466575,2555.0
27246.71414466575,2667.0
27845.40328108706,2667.0
27845.40328108706,2555.0
33845.403281087056,2555.0
33845.403281087056,2429.0
36245.403281087056,2429.0
36245.403281087056,2234.0
39845.403281087056,2234.0
39845.403281087056,2429.0
41045.403281087056,2429.0
41045.403281087056,2234.0
46745.403281087056,2234.0
46745.403281087056,2429.0
59196.29890643992,2429.0
59196.29890643992,2555.0
68976.90611877479,2555.0
68976.90611877479,2667.0
86400.000002,2667.0
# temp #8255
0.0,2234.0
1114.6983945043758,2234.0
1114.6983945043758,2667.0
11788.472592341715,2667.0
11788.472592341715,2555.0
12448.865327308888,2555.0
12448.865327308888,2667.0
20997.272979444828,2667.0
20997.272979444828,2555.0
21597.272979444828,2555.0
21597.272979444828,2667.0
35480.22381335031,2667.0
35480.22381335031,2555.0
39238.87101381552,2555.0
39238.87101381552,2429.0
52694.37778769062,2429.0
52694.37778769062,2234.0
57680.40574751795,2234.0
57680.40574751795,2667.0
71884.92416725494,2667.0
71884.92416725494,2555.0
78461.3868843997,2555.0
78461.3868843997,2429.0
86400.000002,2429.0
# temp #8256
0.0,2234.0
40055.83813609555,2234.0
40055.83813609555,2555.0
58180.04266947974,2555.0
58180.04266947974,2429.0
62105.25976934005,2429.0
62105.25976934005,2234.0
84958.88328091243,2234.0
84958.88328091243,2429.0
86400.000002,2429.0
# temp #8257
0.0,2234.0
18774.276247154925,2234.0
18774.276247154925,2017.0
46800.511891348295,2017.0
46800.511891348295,2234.0
86111.1168593634,2234.0
86111.1168593634,2017.0
86400.0,2017.0
# temp #8258
0.0,2234.0
28777.310516266156,2234.0
28777.310516266156,2555.0
59607.92694613339,2555.0
59607.92694613339,2429.0
86400.0,2429.0
# temp #8259
0.0,2234.0
17107.997352350503,2234.0
17107.997352350503,2017.0
61177.05772100017,2017.0
61177.05772100017,2234.0
63493.080812506385,2234.0
63493.080812506385,2017.0
73980.13214436361,2017.0
73980.13214436361,2234.0
75288.91100347975,2234.0
75288.91100347975,2017.0
79038.90837756918,2017.0
79038.90837756918,2234.0
86400.0,2234.0
# temp #8260
0.0,2234.0
15170.173841994258,2234.0
15170.173841994258,2555.0
15881.843930063771,2555.0
15881.843930063771,2667.0
25781.84393006377,2667.0
25781.84393006377,2555.0
28897.431598557163,2555.0
28897.431598557163,2429.0
43167.446654406376,2429.0
43167.446654406376,2234.0
61822.42798923981,2234.0
61822.42798923981,2429.0
86400.0,2429.0
# temp #8261
0.0,2234.0
3860.2113146334896,2234.0
3860.2113146334896,2667.0
18528.123579709794,2667.0
18528.123579709794,2555.0
19859.55739624333,2555.0
19859.55739624333,2667.0
54303.87502103114,2667.0
54303.87502103114,2555.0
54603.87502103114,2555.0
54603.87502103114,2667.0
54903.87502103114,2667.0
54903.87502103114,2555.0
58203.87502103114,2555.0
58203.87502103114,2667.0
83703.87502103114,2667.0
83703.87502103114,2883.0
86400.000002,2883.0
# temp #8262
0.0,2234.0
28887.238667509522,2234.0
28887.238667509522,2555.0
64601.27285064665,2555.0
64601.27285064665,2429.0
65087.90436331184,2429.0
65087.90436331184,2555.0
69641.45318758675,2555.0
69641.45318758675,2429.0
70790.84391645157,2429.0
70790.84391645157,2555.0
71510.49924935216,2555.0
71510.49924935216,2429.0
71810.49924935216,2429.0
71810.49924935216,2555.0
72110.49924935216,2555.0
72110.49924935216,2429.0
72710.49924935216,2429.0
72710.49924935216,2555.0
75621.84851649219,2555.0
75621.84851649219,2429.0
86400.000002,2429.0
# temp #8263
0.0,2234.0
26024.038374144588,2234.0
26024.038374144588,2555.0
29788.950430322442,2555.0
29788.950430322442,2667.0
30273.426235886294,2667.0
30273.426235886294,2555.0
30573.426235886294,2555.0
30573.426235886294,2667.0
34173.4262358863,2667.0
34173.4262358863,2555.0
35673.4262358863,2555.0
35673.4262358863,2429.0
41156.74496653956,2429.0
41156.74496653956,2234.0
56307.295901421465,2234.0
56307.295901421465,2429.0
82190.25754148608,2429.0
82190.25754148608,2555.0
86400.000002,2555.0
# temp #8264
0.0,2234.0
3915.6045623822147,2234.0
3915.6045623822147,2667.0
44262.630828819245,2667.0
44262.630828819245,2555.0
44754.26441968885,2555.0
44754.26441968885,2429.0
74408.79492606038,2429.0
74408.79492606038,2555.0
86400.0,2555.0
# temp #8265
0.0,2234.0
4871.321483608336,2234.0
4871.321483608336,2667.0
15662.291873618964,2667.0
15662.291873618964,2555.0
16507.43878791109,2555.0
16507.43878791109,2667.0
21652.526023518298,2667.0
21652.526023518298,2555.0
21952.526023518298,2555.0
21952.526023518298,2667.0
22587.492207577456,2667.0
22587.492207577456,2555.0
23187.492207577456,2555.0
23187.492207577456,2667.0
37185.54265215062,2667.0
37185.54265215062,2234.0
42969.0237462055,2234.0
42969.0237462055,2667.0
53665.038586640745,2667.0
53665.038586640745,2883.0
86400.000002,2883.0
# temp #8266
0.0,2234.0
78294.8755455902,2234.0
78294.8755455902,2555.0
79020.93347611373,2555.0
79020.93347611373,2667.0
79604.61548608729,2667.0
79604.61548608729,2555.0
79904.61548608729,2555.0
79904.61548608729,2667.0
86400.0,2667.0
# temp #8267
0.0,2234.0
12447.69767888356,2234.0
12447.69767888356,2429.0
12800.557891046628,2429.0
12800.557891046628,2234.0
13689.947687275708,2234.0
13689.947687275708,2429.0
14255.66888730973,2429.0
14255.66888730973,2234.0
33813.66348986048,2234.0
33813.66348986048,2429.0
34599.82579259668,2429.0
34599.82579259668,2555.0
35556.68040497695,2555.0
35556.68040497695,2429.0
35856.68040497695,2429.0
35856.68040497695,2555.0
37356.68040497695,2555.0
37356.68040497695,2429.0
47556.68040497694,2429.0
47556.68040497694,2234.0
86400.0,2234.0
# temp #8268
0.0,2234.0
12434.349723765628,2234.0
12434.349723765628,2017.0
29712.515883939348,2017.0
29712.515883939348,2234.0
35412.51588393935,2234.0
35412.51588393935,2429.0
61370.94041523525,2429.0
61370.94041523525,2883.0
69543.67300837768,2883.0
69543.67300837768,2429.0
86400.000002,2429.0
# temp #8269
0.0,2234.0
4183.081527007745,2234.0
4183.081527007745,2667.0
43898.77491944936,2667.0
43898.77491944936,2555.0
44942.451553302824,2555.0
44942.451553302824,2667.0
53592.872275365524,2667.0
53592.872275365524,2555.0
53892.872275365524,2555.0
53892.872275365524,2429.0
60066.854694276124,2429.0
60066.854694276124,2234.0
60454.010007879704,2234.0
60454.010007879704,2555.0
63122.37433714327,2555.0
63122.37433714327,2429.0
67940.56233325975,2429.0
67940.56233325975,2555.0
86400.0,2555.0
# temp #8270
0.0,2234.0
8798.157270834781,2234.0
8798.157270834781,2429.0
15698.157270834781,2429.0
15698.157270834781,2555.0
17498.15727083478,2555.0
17498.15727083478,2429.0
30398.15727083478,2429.0
30398.15727083478,2234.0
30698.15727083478,2234.0
30698.15727083478,2017.0
30998.15727083478,2017.0
30998.15727083478,2234.0
31298.15727083478,2234.0
31298.15727083478,2017.0
44673.23353062384,2017.0
44673.23353062384,2234.0
66014.75324907806,2234.0
66014.75324907806,2429.0
74778.19724315779,2429.0
74778.19724315779,2555.0
86400.000002,2555.0
# temp #8271
0.0,2234.0
445.86024277377874,2234.0
445.86024277377874,2429.0
32545.86024277378,2429.0
32545.86024277378,2555.0
32845.86024277378,2555.0
32845.86024277378,2667.0
34082.881833356805,2667.0
34082.881833356805,2555.0
46727.800839347765,2555.0
46727.800839347765,2429.0
65700.34630273003,2429.0
65700.34630273003,2555.0
86400.000002,2555.0
# temp #8272
0.0,2234.0
499.3742988444865,2234.0
499.3742988444865,2017.0
17641.040557483215,2017.0
17641.040557483215,2234.0
32164.002308668576,2234.0
32164.002308668576,2017.0
49318.24627378956,2017.0
49318.24627378956,2234.0
86400.0,2234.0
# temp #8273
0.0,2234.0
38681.855692528196,2234.0
38681.855692528196,2017.0
56529.52034231277,2017.0
56529.52034231277,2234.0
61827.321222983315,2234.0
61827.321222983315,2017.0
86400.0,2017.0
# temp #8274
0.0,2234.0
73505.27420709842,2234.0
73505.27420709842,2555.0
86400.000002,2555.0
# temp #8275
0.0,2234.0
15334.638079069557,2234.0
15334.638079069557,2017.0
45019.96766575613,2017.0
45019.96766575613,2234.0
86400.0,2234.0
# temp #8276
0.0,2234.0
10376.572389621288,2234.0
10376.572389621288,2017.0
55957.11426269264,2017.0
55957.11426269264,2234.0
65221.781592909254,2234.0
65221.781592909254,2017.0
86400.000002,2017.0
# temp #8277
0.0,2234.0
31669.603147823367,2234.0
31669.603147823367,2555.0
34801.86618163717,2555.0
34801.86618163717,2667.0
35135.949408332825,2667.0
35135.949408332825,2555.0
35435.949408332825,2555.0
35435.949408332825,2667.0
62135.94940833282,2667.0
62135.94940833282,2555.0
78035.94940833282,2555.0
78035.94940833282,2234.0
81635.94940833282,2234.0
81635.94940833282,2429.0
86400.0,2429.0
# temp #8278
0.0,2234.0
35547.497638128705,2234.0
35547.497638128705,2017.0
69460.26176009329,2017.0
69460.26176009329,2234.0
86400.000002,2234.0
# temp #8279
0.0,2234.0
66302.10819777568,2234.0
66302.10819777568,2555.0
67244.66611586978,2555.0
67244.66611586978,2667.0
73544.66611586978,2667.0
73544.66611586978,2555.0
74744.66611586978,2555.0
74744.66611586978,2429.0
86400.0,2429.0
# temp #8280
0.0,2234.0
14943.51136540063,2234.0
14943.51136540063,2883.0
26043.51136540063,2883.0
26043.51136540063,2555.0
27640.927307470705,2555.0
27640.927307470705,2429.0
34614.27272551228,2429.0
34614.27272551228,2234.0
46364.63555053343,2234.0
46364.63555053343,2667.0
48401.14180399106,2667.0
48401.14180399106,2555.0
64107.843222236275,2555.0
64107.843222236275,2429.0
72715.00655177516,2429.0
72715.00655177516,2234.0
82682.12310823148,2234.0
82682.12310823148,2429.0
86400.0,2429.0
# temp #8281
0.0,2234.0
21708.803475229073,2234.0
21708.803475229073,2555.0
51860.82231095062,2555.0
51860.82231095062,2429.0
55134.90994786845,2429.0
55134.90994786845,2234.0
55734.90994786845,2234.0
55734.90994786845,2429.0
58134.90994786845,2429.0
58134.90994786845,2555.0
68334.90994786845,2555.0
68334.90994786845,2667.0
86400.000002,2667.0
# temp #8282
0.0,2234.0
6339.222723129206,2234.0
6339.222723129206,2667.0
31772.43921097834,2667.0
31772.43921097834,2555.0
32787.10845422466,2555.0
32787.10845422466,2667.0
67663.14799762332,2667.0
67663.14799762332,2555.0
67963.14799762332,2555.0
67963.14799762332,2667.0
68731.5183755709,2667.0
68731.5183755709,2555.0
69331.5183755709,2555.0
69331.5183755709,2667.0
83132.58020896466,2667.0
83132.58020896466,2555.0
86400.0,2555.0
# temp #8283
0.0,2234.0
53640.910495631404,2234.0
53640.910495631404,2429.0
54000.227424851626,2429.0
54000.227424851626,2555.0
56066.41222571489,2555.0
56066.41222571489,2429.0
58914.10438783933,2429.0
58914.10438783933,2234.0
71885.27954604944,2234.0
71885.27954604944,2667.0
86400.000002,2667.0
# temp #8284
0.0,2234.0
19105.723087163646,2234.0
19105.723087163646,2555.0
21360.094300378118,2555.0
21360.094300378118,2429.0
25611.97589160875,2429.0
25611.97589160875,2234.0
33463.863765425056,2234.0
33463.863765425056,2429.0
46517.117739957765,2429.0
46517.117739957765,2234.0
68547.07431339195,2234.0
68547.07431339195,2429.0
86400.0,2429.0
# temp #8285
0.0,2234.0
60974.82548828703,2234.0
60974.82548828703,2883.0
63374.82548828703,2883.0
63374.82548828703,2667.0
73471.24058150222,2667.0
73471.24058150222,2555.0
84051.18464373519,2555.0
84051.18464373519,2667.0
86400.000002,2667.0
# temp #8286
0.0,2234.0
51193.94511552528,2234.0
51193.94511552528,2429.0
51656.486920081086,2429.0
51656.486920081086,2555.0
55148.67212567479,2555.0
55148.67212567479,2429.0
86400.000002,2429.0
# temp #8287
0.0,2234.0
59526.61748290994,2234.0
59526.61748290994,2555.0
74632.297541108,2555.0
74632.297541108,2429.0
75215.16001734418,2429.0
75215.16001734418,2555.0
86400.0,2555.0
# temp #8288
0.0,2234.0
57257.88700918202,2234.0
57257.88700918202,2555.0
67773.15095399974,2555.0
67773.15095399974,2429.0
68291.93488508464,2429.0
68291.93488508464,2555.0
77859.46948849598,2555.0
77859.46948849598,2429.0
78718.75716992655,2429.0
78718.75716992655,2555.0
79877.5510206353,2555.0
79877.5510206353,2429.0
86400.000002,2429.0
# temp #8289
0.0,2234.0
2654.718979191967,2234.0
2654.718979191967,2667.0
18056.901633599773,2667.0
18056.901633599773,2555.0
18371.8848309014,2555.0
18371.8848309014,2667.0
31152.426917385314,2667.0
31152.426917385314,2555.0
34152.42691738531,2555.0
34152.42691738531,2667.0
60252.42691738531,2667.0
60252.42691738531,2883.0
86400.0,2883.0
# temp #8290
0.0,2234.0
5776.209503179417,2234.0
5776.209503179417,2667.0
9912.710713385604,2667.0
9912.710713385604,2555.0
10896.032518870199,2555.0
10896.032518870199,2429.0
44083.79480377772,2429.0
44083.79480377772,2555.0
67619.2081798101,2555.0
67619.2081798101,2429.0
86400.0,2429.0
# temp #8291
0.0,2234.0
11120.480222348126,2234.0
11120.480222348126,2883.0
22220.480222348124,2883.0
22220.480222348124,2555.0
33813.17223692313,2555.0
33813.17223692313,2667.0
38101.61042839755,2667.0
38101.61042839755,2555.0
49236.637991317555,2555.0
49236.637991317555,2667.0
73767.76740720963,2667.0
73767.76740720963,2555.0
86400.000002,2555.0
# temp #8292
0.0,2234.0
2665.0382352294405,2234.0
2665.0382352294405,2667.0
43816.9505809201,2667.0
43816.9505809201,2555.0
44465.30534557533,2555.0
44465.30534557533,2667.0
82200.48542625738,2667.0
82200.48542625738,2555.0
82500.48542625738,2555.0
82500.48542625738,2667.0
82800.48542625738,2667.0
82800.48542625738,2555.0
86100.48542625738,2555.0
86100.48542625738,2667.0
86400.000002,2667.0
# temp #8293
0.0,2234.0
56791.5861705551,2234.0
56791.5861705551,2555.0
58840.18752754201,2555.0
58840.18752754201,2667.0
59312.631515460096,2667.0
59312.631515460096,2555.0
59612.631515460096,2555.0
59612.631515460096,2667.0
86312.63151546009,2667.0
86312.63151546009,2555.0
86400.000002,2555.0
# temp #8294
0.0,2234.0
57194.26615240519,2234.0
57194.26615240519,2883.0
59594.26615240519,2883.0
59594.26615240519,2667.0
86400.000002,2667.0
# temp #8295
0.0,2234.0
16934.24020574894,2234.0
16934.24020574894,2555.0
52078.00027846826,2555.0
52078.00027846826,2429.0
62693.516556615956,2429.0
62693.516556615956,2234.0
64239.5256525837,2234.0
64239.5256525837,2429.0
74721.63448669018,2429.0
74721.63448669018,2234.0
86400.000002,2234.0
# temp #8296
0.0,2234.0
39431.1505683465,2234.0
39431.1505683465,2555.0
44546.36271963828,2555.0
44546.36271963828,2667.0
45073.86562465691,2667.0
45073.86562465691,2555.0
51073.86562465691,2555.0
51073.86562465691,2429.0
53473.86562465691,2429.0
53473.86562465691,2234.0
57073.86562465691,2234.0
57073.86562465691,2429.0
58273.86562465691,2429.0
58273.86562465691,2234.0
63973.86562465691,2234.0
63973.86562465691,2429.0
86400.0,2429.0
# temp #8297
0.0,2234.0
2588.1590712815528,2234.0
2588.1590712815528,2667.0
49724.54043931794,2667.0
49724.54043931794,2555.0
50957.57994025481,2555.0
50957.57994025481,2667.0
59842.55268364214,2667.0
59842.55268364214,2555.0
60142.55268364214,2555.0
60142.55268364214,2667.0
60442.55268364214,2667.0
60442.55268364214,2555.0
63742.55268364214,2555.0
63742.55268364214,2667.0
86400.0,2667.0
# temp #8298
0.0,2234.0
29002.458737161945,2234.0
29002.458737161945,2429.0
29441.302875895057,2429.0
29441.302875895057,2555.0
32399.52961849049,2555.0
32399.52961849049,2429.0
38816.43409458921,2429.0
38816.43409458921,2555.0
40630.33696040512,2555.0
40630.33696040512,2667.0
44675.31302066055,2667.0
44675.31302066055,2555.0
62319.199045537986,2555.0
62319.199045537986,2667.0
86400.0,2667.0
# temp #8299
0.0,2234.0
7046.76999805961,2234.0
7046.76999805961,2667.0
27093.503016117036,2667.0
27093.503016117036,2555.0
28483.027181751102,2555.0
28483.027181751102,2667.0
53100.735600432396,2667.0
53100.735600432396,2555.0
53700.735600432396,2555.0
53700.735600432396,2667.0
72189.4506275654,2667.0
72189.4506275654,2555.0
75494.94073390962,2555.0
75494.94073390962,2429.0
86400.0,2429.0
# temp #8300
0.0,2234.0
70357.74649085943,2234.0
70357.74649085943,2555.0
71358.14491726924,2555.0
71358.14491726924,2234.0
86400.0,2234.0
# temp #8301
0.0,2234.0
23795.17604154535,2234.0
23795.17604154535,2429.0
30695.17604154535,2429.0
30695.17604154535,2555.0
32495.17604154535,2555.0
32495.17604154535,2429.0
45395.17604154535,2429.0
45395.17604154535,2234.0
45695.17604154535,2234.0
45695.17604154535,2017.0
45995.17604154535,2017.0
45995.17604154535,2234.0
46295.17604154535,2234.0
46295.17604154535,2017.0
50209.782212111175,2017.0
50209.782212111175,2234.0
79392.91438960937,2234.0
79392.91438960937,2429.0
84573.43147862704,2429.0
84573.43147862704,2555.0
86400.0,2555.0
# temp #8302
0.0,2234.0
60724.7104322305,2234.0
60724.7104322305,2883.0
63124.7104322305,2883.0
63124.7104322305,2667.0
86400.000002,2667.0
# temp #8303
0.0,2234.0
3453.6084864987065,2234.0
3453.6084864987065,2667.0
43102.737428317785,2667.0
43102.737428317785,2555.0
43701.71542509925,2555.0
43701.71542509925,2667.0
47220.6739578629,2667.0
47220.6739578629,2555.0
47520.6739578629,2555.0
47520.6739578629,2667.0
48322.26963853464,2667.0
48322.26963853464,2555.0
48922.26963853464,2555.0
48922.26963853464,2667.0
55080.316609796144,2667.0
55080.316609796144,2555.0
67430.17831519248,2555.0
67430.17831519248,2667.0
86400.0,2667.0
# temp #8304
0.0,2234.0
3405.7306408183654,2234.0
3405.7306408183654,2883.0
5067.132000834682,2883.0
5067.132000834682,2667.0
9282.491768337786,2667.0
9282.491768337786,2883.0
14000.356288254263,2883.0
14000.356288254263,2429.0
35328.543059248484,2429.0
35328.543059248484,2883.0
38944.97354188935,2883.0
38944.97354188935,2667.0
47390.693087456755,2667.0
47390.693087456755,2234.0
54608.95794457757,2234.0
54608.95794457757,2667.0
78668.47385647708,2667.0
78668.47385647708,2234.0
86400.000002,2234.0
# temp #8305
0.0,2234.0
6985.870650876315,2234.0
6985.870650876315,2667.0
21474.38144248445,2667.0
21474.38144248445,2555.0
21904.553359863352,2555.0
21904.553359863352,2667.0
32953.46907160711,2667.0
32953.46907160711,2555.0
33553.46907160711,2555.0
33553.46907160711,2667.0
50064.22463979107,2667.0
50064.22463979107,2555.0
53928.64867772442,2555.0
53928.64867772442,2429.0
86400.0,2429.0
# temp #8306
0.0,2234.0
31119.074237043973,2234.0
31119.074237043973,2429.0
31462.531500728805,2429.0
31462.531500728805,2555.0
35426.11606386491,2555.0
35426.11606386491,2429.0
37120.26088123676,2429.0
37120.26088123676,2555.0
38107.96811438632,2555.0
38107.96811438632,2667.0
56729.07653725707,2667.0
56729.07653725707,2555.0
78557.17811719516,2555.0
78557.17811719516,2429.0
86400.0,2429.0
# temp #8307
0.0,2234.0
46407.29624200613,2234.0
46407.29624200613,2555.0
49173.25319484808,2555.0
49173.25319484808,2667.0
49673.879017867155,2667.0
49673.879017867155,2555.0
49973.879017867155,2555.0
49973.879017867155,2667.0
76673.87901786715,2667.0
76673.87901786715,2555.0
86400.0,2555.0
# temp #8308
0.0,2234.0
3963.8176442356785,2234.0
3963.8176442356785,2883.0
4528.1098352512345,2883.0
4528.1098352512345,2667.0
13170.005257450975,2667.0
13170.005257450975,2883.0
47726.442695315935,2883.0
47726.442695315935,2429.0
51246.108650439426,2429.0
51246.108650439426,2555.0
55053.083551791504,2555.0
55053.083551791504,2667.0
60729.589540720925,2667.0
60729.589540720925,2234.0
62662.69444695209,2234.0
62662.69444695209,2667.0
82962.0490681613,2667.0
82962.0490681613,2883.0
86400.000002,2883.0
# temp #8309
0.0,2234.0
24780.449266056534,2234.0
24780.449266056534,2555.0
61317.27127048654,2555.0
61317.27127048654,2429.0
86400.000002,2429.0
# temp #8310
0.0,2234.0
7215.691950637847,2234.0
7215.691950637847,2017.0
31369.578902330253,2017.0
31369.578902330253,2234.0
77160.79514678569,2234.0
77160.79514678569,2017.0
86400.000002,2017.0
# temp #8311
0.0,2234.0
24095.101491571408,2234.0
24095.101491571408,2429.0
24461.874527600598,2429.0
24461.874527600598,2555.0
28705.99013019819,2555.0
28705.99013019819,2429.0
43824.06621768606,2429.0
43824.06621768606,2555.0
60020.007999683745,2555.0
60020.007999683745,2667.0
86400.000002,2667.0
# temp #8312
0.0,2234.0
14622.699226671833,2234.0
14622.699226671833,2883.0
15093.345413357023,2883.0
15093.345413357023,2667.0
18867.21848426387,2667.0
18867.21848426387,2883.0
45135.08794682567,2883.0
45135.08794682567,2429.0
73833.86024879293,2429.0
73833.86024879293,2234.0
74856.66230376811,2234.0
74856.66230376811,2667.0
86400.0,2667.0
# temp #8313
0.0,2234.0
81483.06009736845,2234.0
81483.06009736845,2555.0
86400.000002,2555.0
# temp #8314
0.0,2234.0
37435.31068337616,2234.0
37435.31068337616,2429.0
37965.41634199676,2429.0
37965.41634199676,2555.0
41419.37153076288,2555.0
41419.37153076288,2429.0
58401.79915234914,2429.0
58401.79915234914,2555.0
64375.029674079284,2555.0
64375.029674079284,2429.0
86400.000002,2429.0
# temp #8315
0.0,2234.0
644.305785256438,2234.0
644.305785256438,2667.0
21138.120391289707,2667.0
21138.120391289707,2555.0
21875.27073703241,2555.0
21875.27073703241,2667.0
47775.011541950524,2667.0
47775.011541950524,2555.0
48075.011541950524,2555.0
48075.011541950524,2667.0
48680.29368321878,2667.0
48680.29368321878,2555.0
49280.29368321878,2555.0
49280.29368321878,2667.0
72761.54684198556,2667.0
72761.54684198556,2234.0
86400.0,2234.0
# temp #8316
0.0,2234.0
81466.49822092151,2234.0
81466.49822092151,2555.0
86400.000002,2555.0
# temp #8317
0.0,2234.0
6380.1836068276325,2234.0
6380.1836068276325,2883.0
17480.18360682763,2883.0
17480.18360682763,2555.0
37328.802094375715,2555.0
37328.802094375715,2667.0
52262.687753839426,2667.0
52262.687753839426,2555.0
69133.90561253765,2555.0
69133.90561253765,2667.0
83846.97590852158,2667.0
83846.97590852158,2234.0
86395.78385101633,2234.0
86400.0,2429.0
# temp #8318
0.0,2234.0
3601.838168408722,2234.0
3601.838168408722,2883.0
14701.838168408722,2883.0
14701.838168408722,2555.0
44580.8141645277,2555.0
44580.8141645277,2429.0
78344.00978819469,2429.0
78344.00978819469,2555.0
86400.000002,2555.0
# temp #8319
0.0,2234.0
4368.2138067204505,2234.0
4368.2138067204505,2883.0
6091.16519652307,2883.0
6091.16519652307,2667.0
16626.45130287856,2667.0
16626.45130287856,2883.0
30781.000958662487,2883.0
30781.000958662487,2429.0
40953.48497985397,2429.0
40953.48497985397,2555.0
56196.76841937472,2555.0
56196.76841937472,2667.0
86400.000002,2667.0
# temp #8320
0.0,2234.0
37852.728873956956,2234.0
37852.728873956956,2429.0
38264.6204647841,2429.0
38264.6204647841,2555.0
41180.41681994219,2555.0
41180.41681994219,2429.0
62940.6656016363,2429.0
62940.6656016363,2555.0
86400.000002,2555.0
# temp #8321
0.0,2234.0
7813.8576419558385,2234.0
7813.8576419558385,2555.0
38574.59640889429,2555.0
38574.59640889429,2429.0
38889.387295790955,2429.0
38889.387295790955,2555.0
46208.692876528956,2555.0
46208.692876528956,2429.0
46660.3692668723,2429.0
46660.3692668723,2234.0
50060.328367282644,2234.0
50060.328367282644,2667.0
66348.27708278318,2667.0
66348.27708278318,2555.0
77807.315019588,2555.0
77807.315019588,2429.0
83189.20410862194,2429.0
83189.20410862194,2555.0
86400.000002,2555.0
# temp #8322
0.0,2234.0
41267.14891442098,2234.0
41267.14891442098,2883.0
43667.14891442098,2883.0
43667.14891442098,2667.0
62443.26813253574,2667.0
62443.26813253574,2555.0
64745.09178246372,2555.0
64745.09178246372,2667.0
68799.21753800008,2667.0
68799.21753800008,2234.0
70183.00038648304,2234.0
70183.00038648304,2429.0
83554.06100868713,2429.0
83554.06100868713,2234.0
86400.000002,2234.0
# temp #8323
0.0,2234.0
11858.41583304573,2234.0
11858.41583304573,2883.0
22958.41583304573,2883.0
22958.41583304573,2555.0
56325.282208900906,2555.0
56325.282208900906,2429.0
58365.69772765507,2429.0
58365.69772765507,2667.0
72165.2172488859,2667.0
72165.2172488859,2555.0
80317.05263920595,2555.0
80317.05263920595,2429.0
82631.09121699819,2429.0
82631.09121699819,2555.0
86400.000002,2555.0
# temp #8324
0.0,2234.0
22198.498859955,2234.0
22198.498859955,2555.0
57020.01707665624,2555.0
57020.01707665624,2429.0
57487.37974916586,2429.0
57487.37974916586,2555.0
81507.75919246954,2555.0
81507.75919246954,2429.0
82266.02775533685,2429.0
82266.02775533685,2234.0
86400.0,2234.0
# temp #8325
0.0,2234.0
11408.669746178202,2234.0
11408.669746178202,2429.0
11942.734291171655,2429.0
11942.734291171655,2234.0
12815.158598287962,2234.0
12815.158598287962,2429.0
17741.348642134108,2429.0
17741.348642134108,2234.0
34488.996135257185,2234.0
34488.996135257185,2429.0
35211.246141046286,2429.0
35211.246141046286,2555.0
35596.04661511257,2555.0
35596.04661511257,2429.0
35896.04661511257,2429.0
35896.04661511257,2555.0
36196.04661511257,2555.0
36196.04661511257,2429.0
36796.04661511257,2429.0
36796.04661511257,2555.0
40969.772277865566,2555.0
40969.772277865566,2429.0
47650.37416659762,2429.0
47650.37416659762,2555.0
58229.148794082,2555.0
58229.148794082,2667.0
86400.000002,2667.0
# temp #8326
0.0,2234.0
23875.671853311364,2234.0
23875.671853311364,2555.0
43443.3873558417,2555.0
43443.3873558417,2429.0
43896.5126790572,2429.0
43896.5126790572,2555.0
51950.18237780315,2555.0
51950.18237780315,2429.0
53022.07917643246,2429.0
53022.07917643246,2555.0
54450.52383968142,2555.0
54450.52383968142,2429.0
54750.52383968142,2429.0
54750.52383968142,2555.0
56250.52383968142,2555.0
56250.52383968142,2429.0
66450.52383968142,2429.0
66450.52383968142,2234.0
86400.0,2234.0
# temp #8327
0.0,2234.0
7323.645995557309,2234.0
7323.645995557309,2429.0
7914.108794345521,2429.0
7914.108794345521,2555.0
11932.962424471045,2555.0
11932.962424471045,2429.0
29992.56305156742,2429.0
29992.56305156742,2234.0
44707.00547948946,2234.0
44707.00547948946,2667.0
66604.88726128826,2667.0
66604.88726128826,2555.0
86400.0,2555.0
# temp #8328
0.0,2234.0
8976.099515939131,2234.0
8976.099515939131,2429.0
9414.504419686273,2429.0
9414.504419686273,2234.0
10059.909694595262,2234.0
10059.909694595262,2429.0
14067.956251138821,2429.0
14067.956251138821,2234.0
27787.462506489832,2234.0
27787.462506489832,2429.0
28550.565894367177,2429.0
28550.565894367177,2555.0
29102.971049537886,2555.0
29102.971049537886,2429.0
29402.971049537886,2429.0
29402.971049537886,2555.0
49802.97104953788,2555.0
49802.97104953788,2429.0
50102.97104953788,2429.0
50102.97104953788,2555.0
50702.97104953788,2555.0
50702.97104953788,2667.0
81033.33738239018,2667.0
81033.33738239018,2555.0
81826.75853760449,2555.0
81826.75853760449,2667.0
85255.19497857896,2667.0
85255.19497857896,2883.0
86400.0,2883.0
# temp #8329
0.0,2234.0
7608.758583781311,2234.0
7608.758583781311,2667.0
39778.732648096055,2667.0
39778.732648096055,2555.0
41038.556335377514,2555.0
41038.556335377514,2429.0
43056.83732635808,2429.0
43056.83732635808,2667.0
66909.64603170288,2667.0
66909.64603170288,2555.0
86400.000002,2555.0
# temp #8330
0.0,2234.0
33405.49416407012,2234.0
33405.49416407012,2017.0
34877.368940552704,2017.0
34877.368940552704,2234.0
77155.71268047208,2234.0
77155.71268047208,2017.0
86400.0,2017.0
# temp #8331
0.0,2234.0
39664.52002935112,2234.0
39664.52002935112,2555.0
64179.27367505619,2555.0
64179.27367505619,2429.0
64559.24002944959,2429.0
64559.24002944959,2555.0
77195.36064032001,2555.0
77195.36064032001,2429.0
78225.80189290458,2429.0
78225.80189290458,2234.0
86400.0,2234.0
# temp #8332
0.0,2234.0
57533.686709823094,2234.0
57533.686709823094,2555.0
86400.000002,2555.0
# temp #8333
0.0,2234.0
5243.492594640703,2234.0
5243.492594640703,2883.0
5932.804221077823,2883.0
5932.804221077823,2667.0
9230.42111468967,2667.0
9230.42111468967,2883.0
25667.386307450946,2883.0
25667.386307450946,2429.0
26472.625427017923,2429.0
26472.625427017923,2555.0
28233.401657338258,2555.0
28233.401657338258,2667.0
48686.53065729887,2667.0
48686.53065729887,2555.0
63812.68035199029,2555.0
63812.68035199029,2429.0
65687.78117992917,2429.0
65687.78117992917,2555.0
70125.61032339,2555.0
70125.61032339,2667.0
86400.000002,2667.0
# temp #8334
0.0,2234.0
47897.38161731512,2234.0
47897.38161731512,2555.0
50308.07657218539,2555.0
50308.07657218539,2429.0
86400.0,2429.0
# temp #8335
0.0,2234.0
5527.278799982742,2234.0
5527.278799982742,2667.0
38484.73185694311,2667.0
38484.73185694311,2555.0
39642.07879782189,2555.0
39642.07879782189,2429.0
50871.26568958629,2429.0
50871.26568958629,2555.0
53227.40785705391,2555.0
53227.40785705391,2429.0
70681.92113677505,2429.0
70681.92113677505,2234.0
86400.000002,2234.0
# temp #8336
0.0,2234.0
33239.25920811017,2234.0
33239.25920811017,2429.0
33548.68779061363,2429.0
33548.68779061363,2555.0
35882.14792711661,2555.0
35882.14792711661,2429.0
71260.77218411957,2429.0
71260.77218411957,2555.0
73040.74923964219,2555.0
73040.74923964219,2429.0
86400.000002,2429.0
# temp #8337
0.0,2234.0
14620.997927337889,2234.0
14620.997927337889,2883.0
15090.158938220706,2883.0
15090.158938220706,2667.0
17005.637521832254,2667.0
17005.637521832254,2883.0
31115.063052973717,2883.0
31115.063052973717,2667.0
34160.51999686752,2667.0
34160.51999686752,2234.0
45115.78490361572,2234.0
45115.78490361572,2429.0
51972.40752261133,2429.0
51972.40752261133,2883.0
82745.41018812453,2883.0
82745.41018812453,2429.0
86400.0,2429.0
# temp #8338
0.0,2234.0
8111.418353556657,2234.0
8111.418353556657,2667.0
20757.572185504254,2667.0
20757.572185504254,2555.0
21270.621340326037,2555.0
21270.621340326037,2667.0
44821.91714260262,2667.0
44821.91714260262,2555.0
45121.91714260262,2555.0
45121.91714260262,2667.0
45421.91714260262,2667.0
45421.91714260262,2555.0
48721.91714260262,2555.0
48721.91714260262,2667.0
74221.91714260262,2667.0
74221.91714260262,2883.0
86400.000002,2883.0
# temp #8339
0.0,2234.0
51783.744768309414,2234.0
51783.744768309414,2429.0
52161.44832959399,2429.0
52161.44832959399,2555.0
55312.793782632805,2555.0
55312.793782632805,2429.0
74586.08570010403,2429.0
74586.08570010403,2555.0
86400.000002,2555.0
# temp #8340
0.0,2234.0
4235.746304341593,2234.0
4235.746304341593,2667.0
31807.955740811307,2667.0
31807.955740811307,2555.0
32758.81071626209,2555.0
32758.81071626209,2667.0
48502.151233633056,2667.0
48502.151233633056,2555.0
51502.151233633056,2555.0
51502.151233633056,2667.0
77602.15123363305,2667.0
77602.15123363305,2883.0
86400.000002,2883.0
# temp #8341
0.0,2234.0
45313.84624759667,2234.0
45313.84624759667,2555.0
73107.08706923762,2555.0
73107.08706923762,2429.0
86400.0,2429.0
# temp #8342
0.0,2234.0
3162.18308696989,2234.0
3162.18308696989,2667.0
10661.056821746753,2667.0
10661.056821746753,2555.0
11010.097986599432,2555.0
11010.097986599432,2667.0
22202.69124959596,2667.0
22202.69124959596,2555.0
22802.69124959596,2555.0
22802.69124959596,2667.0
39965.053147729486,2667.0
39965.053147729486,2555.0
45060.24257233367,2555.0
45060.24257233367,2429.0
77199.78221529165,2429.0
77199.78221529165,2555.0
86400.000002,2555.0
# temp #8343
0.0,2234.0
1099.8252517310902,2234.0
1099.8252517310902,2667.0
39421.384546835914,2667.0
39421.384546835914,2555.0
40318.480605189696,2555.0
40318.480605189696,2667.0
54684.52344511171,2667.0
54684.52344511171,2555.0
54984.52344511171,2555.0
54984.52344511171,2667.0
55721.12534260378,2667.0
55721.12534260378,2555.0
56321.12534260378,2555.0
56321.12534260378,2667.0
79662.33896948399,2667.0
79662.33896948399,2883.0
85279.39734896646,2883.0
85279.39734896646,2667.0
86400.000002,2667.0
# temp #8344
0.0,2234.0
26073.740734672177,2234.0
26073.740734672177,2555.0
29779.57141057123,2555.0
29779.57141057123,2667.0
39679.571410571225,2667.0
39679.571410571225,2555.0
42611.611687322154,2555.0
42611.611687322154,2429.0
67893.84050855879,2429.0
67893.84050855879,2883.0
86400.0,2883.0
# temp #8345
0.0,2234.0
40068.7526319176,2234.0
40068.7526319176,2429.0
40668.7526319176,2429.0
40668.7526319176,2555.0
41159.9879577756,2555.0
41159.9879577756,2429.0
79785.44515315445,2429.0
79785.44515315445,2883.0
86372.81022761019,2883.0
86372.81022761019,2667.0
86400.000002,2667.0
# temp #8346
0.0,2234.0
34971.15259277635,2234.0
34971.15259277635,2017.0
48196.04659527541,2017.0
48196.04659527541,2234.0
80722.97145444901,2234.0
80722.97145444901,2017.0
86400.000002,2017.0
# temp #8347
0.0,2234.0
29393.719535367567,2234.0
29393.719535367567,2017.0
54110.14152760618,2017.0
54110.14152760618,2234.0
74428.25884013438,2234.0
74428.25884013438,2017.0
86400.0,2017.0
# temp #8348
0.0,2234.0
23954.37191538513,2234.0
23954.37191538513,2429.0
24456.1448130291,2429.0
24456.1448130291,2555.0
27059.59611567669,2555.0
27059.59611567669,2429.0
37349.699539225556,2429.0
37349.699539225556,2234.0
43186.3393977983,2234.0
43186.3393977983,2429.0
48707.01240843628,2429.0
48707.01240843628,2555.0
82557.28697050364,2555.0
82557.28697050364,2429.0
86400.0,2429.0
# temp #8349
0.0,2234.0
13009.690559073353,2234.0
13009.690559073353,2883.0
14650.439850194382,2883.0
14650.439850194382,2667.0
19197.17823921237,2667.0
19197.17823921237,2883.0
44189.770284178674,2883.0
44189.770284178674,2429.0
52966.16739656311,2429.0
52966.16739656311,2883.0
78073.91739038286,2883.0
78073.91739038286,2429.0
82572.41162708962,2429.0
82572.41162708962,2555.0
86400.0,2555.0
# temp #8350
0.0,2234.0
4359.734301874414,2234.0
4359.734301874414,2883.0
6063.543136138469,2883.0
6063.543136138469,2667.0
14186.953465081751,2667.0
14186.953465081751,2883.0
39002.92020596098,2883.0
39002.92020596098,2429.0
76727.6361186756,2429.0
76727.6361186756,2883.0
86400.000002,2883.0
# temp #8351
0.0,2234.0
59594.35548840557,2234.0
59594.35548840557,2555.0
62671.26034365502,2555.0
62671.26034365502,2667.0
63221.38840227854,2667.0
63221.38840227854,2555.0
63521.38840227854,2555.0
63521.38840227854,2667.0
67121.38840227855,2667.0
67121.38840227855,2555.0
68621.38840227855,2555.0
68621.38840227855,2429.0
81527.39067538643,2429.0
81527.39067538643,2234.0
86400.0,2234.0
# temp #8352
0.0,2234.0
18151.51475875173,2234.0
18151.51475875173,2555.0
36722.41111972836,2555.0
36722.41111972836,2429.0
37290.365144494,2429.0
37290.365144494,2555.0
46332.41222400685,2555.0
46332.41222400685,2429.0
46982.09701704328,2429.0
46982.09701704328,2555.0
47797.5389920408,2555.0
47797.5389920408,2429.0
48097.5389920408,2429.0
48097.5389920408,2555.0
68497.5389920408,2555.0
68497.5389920408,2429.0
68797.5389920408,2429.0
68797.5389920408,2555.0
69397.5389920408,2555.0
69397.5389920408,2667.0
72564.35101053213,2667.0
72564.35101053213,2555.0
86400.000002,2555.0
# temp #8353
0.0,2234.0
10402.350414055401,2234.0
10402.350414055401,2429.0
10874.619010579774,2429.0
10874.619010579774,2555.0
13958.535750699231,2555.0
13958.535750699231,2429.0
28304.5985312434,2429.0
28304.5985312434,2555.0
64288.823086023345,2555.0
64288.823086023345,2429.0
65286.64179411718,2429.0
65286.64179411718,2555.0
67959.87740687562,2555.0
67959.87740687562,2429.0
80913.52733736859,2429.0
80913.52733736859,2234.0
86400.0,2234.0
# temp #8354
0.0,2234.0
77616.09892935959,2234.0
77616.09892935959,2555.0
79908.064876101,2555.0
79908.064876101,2429.0
80345.14546100983,2429.0
80345.14546100983,2555.0
86400.000002,2555.0
# temp #8355
0.0,2234.0
36662.649859534584,2234.0
36662.649859534584,2555.0
40405.82459075377,2555.0
40405.82459075377,2667.0
40927.69328153227,2667.0
40927.69328153227,2555.0
41227.69328153227,2555.0
41227.69328153227,2667.0
44827.69328153227,2667.0
44827.69328153227,2555.0
46327.69328153227,2555.0
46327.69328153227,2429.0
59044.64241277893,2429.0
59044.64241277893,2234.0
65167.466593324214,2234.0
65167.466593324214,2429.0
86400.0,2429.0
# temp #8356
0.0,2234.0
12684.045547340067,2234.0
12684.045547340067,2555.0
13425.539498822765,2555.0
13425.539498822765,2667.0
13784.819673257882,2667.0
13784.819673257882,2555.0
14084.819673257882,2555.0
14084.819673257882,2667.0
40784.81967325788,2667.0
40784.81967325788,2555.0
56684.81967325788,2555.0
56684.81967325788,2234.0
60284.81967325788,2234.0
60284.81967325788,2429.0
70184.81967325788,2429.0
70184.81967325788,2555.0
70784.81967325788,2555.0
70784.81967325788,2667.0
83084.81967325788,2667.0
83084.81967325788,2883.0
86400.000002,2883.0
# temp #8357
0.0,2234.0
54746.33530983702,2234.0
54746.33530983702,2555.0
56615.32765876037,2555.0
56615.32765876037,2667.0
62915.32765876037,2667.0
62915.32765876037,2555.0
64115.32765876037,2555.0
64115.32765876037,2429.0
86400.000002,2429.0
# temp #8358
0.0,2234.0
946.4216141263023,2234.0
946.4216141263023,2667.0
49624.79389621877,2667.0
49624.79389621877,2555.0
50449.26609699615,2555.0
50449.26609699615,2667.0
81153.73065469322,2667.0
81153.73065469322,2555.0
81453.73065469322,2555.0
81453.73065469322,2667.0
82195.53191761953,2667.0
82195.53191761953,2555.0
82795.53191761953,2555.0
82795.53191761953,2667.0
86400.000002,2667.0
# temp #8359
0.0,2234.0
70479.31850468741,2234.0
70479.31850468741,2555.0
86400.0,2555.0
# temp #8360
0.0,2234.0
7785.151863656939,2234.0
7785.151863656939,2883.0
8754.785305378029,2883.0
8754.785305378029,2667.0
12641.473120171579,2667.0
12641.473120171579,2883.0
26138.78031629138,2883.0
26138.78031629138,2429.0
32854.53283502721,2429.0
32854.53283502721,2883.0
57333.96639868152,2883.0
57333.96639868152,2429.0
84143.33449043335,2429.0
84143.33449043335,2555.0
86400.000002,2555.0
# temp #8361
0.0,2234.0
15186.249379115181,2234.0
15186.249379115181,2555.0
25959.70976399258,2555.0
25959.70976399258,2429.0
26546.403050771918,2429.0
26546.403050771918,2555.0
48573.50148505066,2555.0
48573.50148505066,2429.0
49306.088436604485,2429.0
49306.088436604485,2555.0
50800.37298866083,2555.0
50800.37298866083,2429.0
51100.37298866083,2429.0
51100.37298866083,2555.0
51400.37298866083,2555.0
51400.37298866083,2429.0
52000.37298866083,2429.0
52000.37298866083,2555.0
53202.12276347448,2555.0
53202.12276347448,2429.0
57514.58354783245,2429.0
57514.58354783245,2234.0
69692.94214001858,2234.0
69692.94214001858,2667.0
80404.97154600454,2667.0
80404.97154600454,2555.0
86400.0,2555.0
# temp #8362
0.0,2234.0
11630.421151430348,2234.0
11630.421151430348,2555.0
18316.70133720618,2555.0
18316.70133720618,2429.0
18630.285822087902,2429.0
18630.285822087902,2555.0
32495.807261229496,2555.0
32495.807261229496,2429.0
33856.42816380133,2429.0
33856.42816380133,2555.0
34912.692226865336,2555.0
34912.692226865336,2429.0
86400.0,2429.0
# temp #8363
0.0,2234.0
13379.806760279464,2234.0
13379.806760279464,2555.0
17534.567639697347,2555.0
17534.567639697347,2667.0
17907.41468688939,2667.0
17907.41468688939,2555.0
18207.41468688939,2555.0
18207.41468688939,2667.0
44907.41468688939,2667.0
44907.41468688939,2555.0
60807.41468688939,2555.0
60807.41468688939,2234.0
64407.41468688939,2234.0
64407.41468688939,2429.0
74307.41468688939,2429.0
74307.41468688939,2555.0
74907.41468688939,2555.0
74907.41468688939,2667.0
86400.0,2667.0
# temp #8364
0.0,2234.0
54018.926733545966,2234.0
54018.926733545966,2555.0
65290.12174797245,2555.0
65290.12174797245,2429.0
65617.50507617836,2429.0
65617.50507617836,2555.0
86400.000002,2555.0
# temp #8365
0.0,2234.0
52151.525766961284,2234.0
52151.525766961284,2429.0
52732.395449350595,2429.0
52732.395449350595,2555.0
57106.86676322949,2555.0
57106.86676322949,2429.0
61016.81872189511,2429.0
61016.81872189511,2555.0
76329.33752902319,2555.0
76329.33752902319,2667.0
81200.30709451532,2667.0
81200.30709451532,2555.0
86400.0,2555.0
# temp #8366
0.0,2234.0
41855.67657484208,2234.0
41855.67657484208,2555.0
44909.298298205256,2555.0
44909.298298205256,2667.0
54809.298298205256,2667.0
54809.298298205256,2555.0
57387.307952041745,2555.0
57387.307952041745,2429.0
69517.1687143855,2429.0
69517.1687143855,2555.0
86400.0,2555.0
# temp #8367
0.0,2234.0
2470.996433543042,2234.0
2470.996433543042,2667.0
50942.68336195965,2667.0
50942.68336195965,2555.0
51375.63820837532,2555.0
51375.63820837532,2429.0
75156.76803658718,2429.0
75156.76803658718,2234.0
86400.0,2234.0
# temp #8368
0.0,2234.0
4725.002665724605,2234.0
4725.002665724605,2883.0
15825.002665724605,2883.0
15825.002665724605,2555.0
21704.140729364008,2555.0
21704.140729364008,2667.0
35099.0335817216,2667.0
35099.0335817216,2555.0
48489.55888801721,2555.0
48489.55888801721,2667.0
62653.31687224098,2667.0
62653.31687224098,2555.0
77809.06932014042,2555.0
77809.06932014042,2667.0
86400.0,2667.0
# temp #8369
0.0,2234.0
4003.8260644767442,2234.0
4003.8260644767442,2667.0
14803.728326666173,2667.0
14803.728326666173,2555.0
15918.660216196444,2555.0
15918.660216196444,2667.0
26736.49500715547,2667.0
26736.49500715547,2555.0
27036.49500715547,2555.0
27036.49500715547,2667.0
27741.118534700952,2667.0
27741.118534700952,2555.0
28341.118534700952,2555.0
28341.118534700952,2667.0
35847.97315348406,2667.0
35847.97315348406,2234.0
44364.51062655543,2234.0
44364.51062655543,2667.0
64008.791775209844,2667.0
64008.791775209844,2555.0
73824.82598118951,2555.0
73824.82598118951,2429.0
80663.77381996719,2429.0
80663.77381996719,2555.0
86400.000002,2555.0
# temp #8370
0.0,2234.0
30729.54810310621,2234.0
30729.54810310621,2555.0
38125.39145594929,2555.0
38125.39145594929,2429.0
83176.87203905081,2429.0
83176.87203905081,2234.0
86400.0,2234.0
# temp #8371
0.0,2234.0
46468.083978141665,2234.0
46468.083978141665,2555.0
49126.18672864047,2555.0
49126.18672864047,2429.0
76690.79555512873,2429.0
76690.79555512873,2234.0
76990.79555512873,2234.0
76990.79555512873,2017.0
86400.0,2017.0
# temp #8372
0.0,2234.0
5991.498237359338,2234.0
5991.498237359338,2555.0
34729.12367696408,2555.0
34729.12367696408,2429.0
35037.94475211762,2429.0
35037.94475211762,2555.0
53588.06144034025,2555.0
53588.06144034025,2429.0
54569.356510299265,2429.0
54569.356510299265,2555.0
55766.738408315,2555.0
55766.738408315,2429.0
86400.000002,2429.0
# temp #8373
0.0,2234.0
38765.33259032295,2234.0
38765.33259032295,2017.0
43586.70307528228,2017.0
43586.70307528228,2234.0
44362.561678234495,2234.0
44362.561678234495,2017.0
48239.62181867101,2017.0
48239.62181867101,2234.0
63496.2676133495,2234.0
63496.2676133495,2017.0
86400.000002,2017.0
# temp #8374
0.0,2234.0
45122.40824040492,2234.0
45122.40824040492,2429.0
45511.75713795238,2429.0
45511.75713795238,2555.0
46530.98068493419,2555.0
46530.98068493419,2429.0
54401.32853477263,2429.0
54401.32853477263,2555.0
69675.74684810826,2555.0
69675.74684810826,2667.0
86400.0,2667.0
# temp #8375
0.0,2234.0
39572.66081376002,2234.0
39572.66081376002,2429.0
40080.78812342138,2429.0
40080.78812342138,2234.0
40858.92615560443,2234.0
40858.92615560443,2429.0
45576.820589415736,2429.0
45576.820589415736,2234.0
53009.779549995445,2234.0
53009.779549995445,2429.0
54224.93023225107,2429.0
54224.93023225107,2555.0
54679.19400245883,2555.0
54679.19400245883,2429.0
54979.19400245883,2429.0
54979.19400245883,2555.0
56479.19400245883,2555.0
56479.19400245883,2429.0
66679.19400245884,2429.0
66679.19400245884,2234.0
86400.000002,2234.0
# temp #8376
0.0,2234.0
29854.941110126678,2234.0
29854.941110126678,2429.0
30415.001178765673,2429.0
30415.001178765673,2555.0
34128.807024518035,2555.0
34128.807024518035,2429.0
44793.905548774645,2429.0
44793.905548774645,2555.0
53505.601243092686,2555.0
53505.601243092686,2429.0
78264.77328788025,2429.0
78264.77328788025,2555.0
81349.55335117412,2555.0
81349.55335117412,2667.0
86400.000002,2667.0
# temp #8377
0.0,2234.0
40843.81631591823,2234.0
40843.81631591823,2883.0
43243.81631591823,2883.0
43243.81631591823,2667.0
51715.40932932403,2667.0
51715.40932932403,2234.0
82541.25651733484,2234.0
82541.25651733484,2429.0
86400.000002,2429.0
# temp #8378
0.0,2234.0
31610.7577521354,2234.0
31610.7577521354,2429.0
32188.918699650098,2429.0
32188.918699650098,2234.0
32849.34064757545,2234.0
32849.34064757545,2429.0
37126.867619832046,2429.0
37126.867619832046,2234.0
44591.13018061035,2234.0
44591.13018061035,2429.0
45673.35850226228,2429.0
45673.35850226228,2234.0
55774.40232115333,2234.0
55774.40232115333,2429.0
81409.73270908,2429.0
81409.73270908,2555.0
86400.0,2555.0
# temp #8379
0.0,2234.0
1784.3936567427593,2234.0
1784.3936567427593,2429.0
2240.828932751902,2429.0
2240.828932751902,2555.0
5874.0818984108055,2555.0
5874.0818984108055,2429.0
11701.387809170412,2429.0
11701.387809170412,2555.0
28380.820558732383,2555.0
28380.820558732383,2429.0
57172.005552356146,2429.0
57172.005552356146,2555.0
66026.6839278862,2555.0
66026.6839278862,2429.0
86400.000002,2429.0
# temp #8380
0.0,2234.0
5765.470676519909,2234.0
5765.470676519909,2429.0
6328.092106687837,2429.0
6328.092106687837,2555.0
11302.557603525931,2555.0
11302.557603525931,2429.0
21044.73779140972,2429.0
21044.73779140972,2234.0
41992.166791856296,2234.0
41992.166791856296,2429.0
59387.94694470709,2429.0
59387.94694470709,2555.0
66254.24690726215,2555.0
66254.24690726215,2429.0
68098.52476017551,2429.0
68098.52476017551,2555.0
79822.73991527037,2555.0
79822.73991527037,2667.0
84059.11251660438,2667.0
84059.11251660438,2234.0
86400.000002,2234.0
# temp #8381
0.0,2234.0
909.597553149797,2234.0
909.597553149797,2667.0
33420.322106732056,2667.0
33420.322106732056,2555.0
34230.28083904647,2555.0
34230.28083904647,2667.0
41787.34370986932,2667.0
41787.34370986932,2555.0
42387.34370986932,2555.0
42387.34370986932,2667.0
57056.59361109138,2667.0
57056.59361109138,2555.0
58054.073505476124,2555.0
58054.073505476124,2429.0
86400.0,2429.0
# temp #8382
0.0,2234.0
14174.401009920985,2234.0
14174.401009920985,2429.0
14774.401009920985,2429.0
14774.401009920985,2555.0
18774.71042247489,2555.0
18774.71042247489,2429.0
62749.19404154644,2429.0
62749.19404154644,2883.0
70112.44059875609,2883.0
70112.44059875609,2667.0
86400.0,2667.0
# temp #8383
0.0,2234.0
72373.61364390237,2234.0
72373.61364390237,2555.0
86199.33080642951,2555.0
86199.33080642951,2429.0
86400.000002,2429.0
# temp #8384
0.0,2234.0
37212.30518426747,2234.0
37212.30518426747,2555.0
74035.18497780898,2555.0
74035.18497780898,2429.0
74504.65318132193,2429.0
74504.65318132193,2555.0
78666.3989481982,2555.0
78666.3989481982,2429.0
80052.32190708631,2429.0
80052.32190708631,2555.0
80705.0535129849,2555.0
80705.0535129849,2429.0
81005.0535129849,2429.0
81005.0535129849,2555.0
81305.0535129849,2555.0
81305.0535129849,2429.0
81905.0535129849,2429.0
81905.0535129849,2555.0
86400.0,2555.0
# temp #8385
0.0,2234.0
60714.82919056435,2234.0
60714.82919056435,2555.0
85024.04151891825,2555.0
85024.04151891825,2429.0
86400.0,2429.0
# temp #8386
0.0,2234.0
37748.96065760404,2234.0
37748.96065760404,2883.0
40148.96065760404,2883.0
40148.96065760404,2667.0
58307.763829501346,2667.0
58307.763829501346,2234.0
81909.74965584464,2234.0
81909.74965584464,2429.0
86400.000002,2429.0
# temp #8387
0.0,2234.0
73068.08091325221,2234.0
73068.08091325221,2883.0
75468.08091325221,2883.0
75468.08091325221,2667.0
86400.000002,2667.0
# temp #8388
0.0,2234.0
5036.473220586778,2234.0
5036.473220586778,2667.0
47434.88126476296,2667.0
47434.88126476296,2555.0
48328.03640901112,2555.0
48328.03640901112,2429.0
73134.73365569954,2429.0
73134.73365569954,2555.0
78032.05291510095,2555.0
78032.05291510095,2429.0
79509.783693566,2429.0
79509.783693566,2555.0
86400.000002,2555.0
# temp #8389
0.0,2234.0
70163.43876009341,2234.0
70163.43876009341,2555.0
86400.0,2555.0
# temp #8390
0.0,2234.0
55476.31634606515,2234.0
55476.31634606515,2555.0
59938.06020047051,2555.0
59938.06020047051,2429.0
66424.89254276735,2429.0
66424.89254276735,2234.0
67024.89254276735,2234.0
67024.89254276735,2429.0
69424.89254276735,2429.0
69424.89254276735,2555.0
79624.89254276735,2555.0
79624.89254276735,2667.0
86400.000002,2667.0
# temp #8391
0.0,2234.0
29861.532711843032,2234.0
29861.532711843032,2429.0
30211.588317481805,2429.0
30211.588317481805,2234.0
31083.00296477974,2234.0
31083.00296477974,2429.0
32798.9910196513,2429.0
32798.9910196513,2234.0
35813.99829655421,2234.0
35813.99829655421,2429.0
36555.83147238941,2429.0
36555.83147238941,2234.0
36864.47187219747,2234.0
36864.47187219747,2429.0
44309.20607387089,2429.0
44309.20607387089,2555.0
54339.53190590256,2555.0
54339.53190590256,2667.0
85857.77990254575,2667.0
85857.77990254575,2555.0
86400.0,2555.0
# temp #8392
0.0,2234.0
23060.39033699781,2234.0
23060.39033699781,2555.0
27535.495014768097,2555.0
27535.495014768097,2667.0
33835.4950147681,2667.0
33835.4950147681,2555.0
35035.4950147681,2555.0
35035.4950147681,2429.0
78235.4950147681,2429.0
78235.4950147681,2234.0
86400.0,2234.0
# temp #8393
0.0,2234.0
5775.2414788585165,2234.0
5775.2414788585165,2667.0
14001.533562107943,2667.0
14001.533562107943,2555.0
15001.98359952774,2555.0
15001.98359952774,2667.0
16260.53746151738,2667.0
16260.53746151738,2555.0
16560.53746151738,2555.0
16560.53746151738,2667.0
17396.599613525905,2667.0
17396.599613525905,2555.0
17996.599613525905,2555.0
17996.599613525905,2667.0
33066.782154911205,2667.0
33066.782154911205,2555.0
48718.94204628189,2555.0
48718.94204628189,2667.0
86400.000002,2667.0
# temp #8394
0.0,2234.0
5682.12062381208,2234.0
5682.12062381208,2667.0
21368.28826835845,2667.0
21368.28826835845,2555.0
21680.983212520372,2555.0
21680.983212520372,2667.0
24404.582008766014,2667.0
24404.582008766014,2555.0
24704.582008766014,2555.0
24704.582008766014,2667.0
25423.806723486636,2667.0
25423.806723486636,2555.0
26023.806723486636,2555.0
26023.806723486636,2667.0
31132.728535565555,2667.0
31132.728535565555,2234.0
59242.32544116677,2234.0
59242.32544116677,2429.0
85502.40240292625,2429.0
85502.40240292625,2234.0
86400.0,2234.0
# temp #8395
0.0,2234.0
3191.735272784718,2234.0
3191.735272784718,2667.0
28835.027486993935,2667.0
28835.027486993935,2555.0
29721.316504455175,2555.0
29721.316504455175,2667.0
42443.98073740304,2667.0
42443.98073740304,2555.0
42743.98073740304,2555.0
42743.98073740304,2667.0
43043.98073740304,2667.0
43043.98073740304,2555.0
46343.98073740304,2555.0
46343.98073740304,2667.0
71843.98073740304,2667.0
71843.98073740304,2883.0
86400.0,2883.0
# temp #8396
0.0,2234.0
30928.703196602877,2234.0
30928.703196602877,2555.0
60651.760045182906,2555.0
60651.760045182906,2429.0
61008.506648987546,2429.0
61008.506648987546,2555.0
81798.53899218143,2555.0
81798.53899218143,2429.0
82684.99556339813,2429.0
82684.99556339813,2234.0
86400.0,2234.0
# temp #8397
0.0,2234.0
33871.97278558743,2234.0
33871.97278558743,2555.0
35161.28309564666,2555.0
35161.28309564666,2667.0
45061.28309564666,2667.0
45061.28309564666,2555.0
47112.7686300315,2555.0
47112.7686300315,2429.0
86400.0,2429.0
# temp #8398
0.0,2234.0
4676.594602502883,2234.0
4676.594602502883,2555.0
29539.624913642187,2555.0
29539.624913642187,2429.0
68304.86880079845,2429.0
68304.86880079845,2234.0
68904.86880079845,2234.0
68904.86880079845,2429.0
86400.0,2429.0
# temp #8399
0.0,2234.0
11912.606002832765,2234.0
11912.606002832765,2883.0
13021.866708900781,2883.0
13021.866708900781,2667.0
21715.94864325598,2667.0
21715.94864325598,2883.0
24623.774407734167,2883.0
24623.774407734167,2429.0
26842.633217456754,2429.0
26842.633217456754,2234.0
30460.866959835406,2234.0
30460.866959835406,2667.0
46030.838914308704,2667.0
46030.838914308704,2555.0
68878.60270764215,2555.0
68878.60270764215,2429.0
81268.0311926175,2429.0
81268.0311926175,2555.0
81808.84434857873,2555.0
81808.84434857873,2429.0
82572.26470825264,2429.0
82572.26470825264,2234.0
86400.000002,2234.0
# temp #8400
0.0,2234.0
5725.28335901443,2234.0
5725.28335901443,2883.0
6285.725838993677,2883.0
6285.725838993677,2667.0
11141.261118440889,2667.0
11141.261118440889,2883.0
28359.045070759024,2883.0
28359.045070759024,2429.0
35409.36034102925,2429.0
35409.36034102925,2555.0
66997.42045726163,2555.0
66997.42045726163,2429.0
86400.000002,2429.0
# temp #8401
0.0,2234.0
9609.675899217838,2234.0
9609.675899217838,2883.0
20709.675899217837,2883.0
20709.675899217837,2555.0
40542.660129047006,2555.0
40542.660129047006,2429.0
65166.78864543793,2429.0
65166.78864543793,2883.0
84774.04194704724,2883.0
84774.04194704724,2667.0
86400.000002,2667.0
# temp #8402
0.0,2234.0
27156.355874938894,2234.0
27156.355874938894,2017.0
28786.969056632373,2017.0
28786.969056632373,2234.0
34486.96905663237,2234.0
34486.96905663237,2429.0
48498.77466545441,2429.0
48498.77466545441,2555.0
59895.20329695661,2555.0
59895.20329695661,2429.0
86400.000002,2429.0
# temp #8403
0.0,2234.0
3308.831710671075,2234.0
3308.831710671075,2667.0
6952.036826312543,2667.0
6952.036826312543,2555.0
8089.8625418543825,2555.0
8089.8625418543825,2667.0
12348.306465125645,2667.0
12348.306465125645,2555.0
12648.306465125645,2555.0
12648.306465125645,2429.0
19533.030474395495,2429.0
19533.030474395495,2234.0
40930.94364842401,2234.0
40930.94364842401,2429.0
50018.11646791176,2429.0
50018.11646791176,2883.0
67564.06909252984,2883.0
67564.06909252984,2429.0
86400.000002,2429.0
# temp #8404
0.0,2234.0
29034.53245314304,2234.0
29034.53245314304,2555.0
51752.74325783831,2555.0
51752.74325783831,2429.0
64706.17637957913,2429.0
64706.17637957913,2234.0
75037.12618639694,2234.0
75037.12618639694,2429.0
86400.000002,2429.0
# temp #8405
0.0,2234.0
72706.12856049556,2234.0
72706.12856049556,2555.0
86400.0,2555.0
# temp #8406
0.0,2234.0
49193.04655606393,2234.0
49193.04655606393,2883.0
51593.04655606393,2883.0
51593.04655606393,2667.0
75316.37327859644,2667.0
75316.37327859644,2234.0
78999.42798265256,2234.0
78999.42798265256,2429.0
84437.24114410579,2429.0
84437.24114410579,2234.0
86400.000002,2234.0
# temp #8407
0.0,2234.0
1572.8119269479068,2234.0
1572.8119269479068,2667.0
9623.296958883293,2667.0
9623.296958883293,2555.0
10569.175807689318,2555.0
10569.175807689318,2667.0
18687.974719027992,2667.0
18687.974719027992,2555.0
18987.974719027992,2555.0
18987.974719027992,2667.0
19829.058082262058,2667.0
19829.058082262058,2555.0
20429.058082262058,2555.0
20429.058082262058,2667.0
36200.46883423348,2667.0
36200.46883423348,2555.0
51424.337505293086,2555.0
51424.337505293086,2667.0
66727.54836583046,2667.0
66727.54836583046,2234.0
68440.86514043158,2234.0
68440.86514043158,2429.0
86400.0,2429.0
# temp #8408
0.0,2234.0
3356.5095996949826,2234.0
3356.5095996949826,2667.0
24141.53587392066,2667.0
24141.53587392066,2555.0
25474.097557947975,2555.0
25474.097557947975,2667.0
57518.85563812686,2667.0
57518.85563812686,2555.0
57818.85563812686,2555.0
57818.85563812686,2667.0
58487.893234379604,2667.0
58487.893234379604,2555.0
59087.893234379604,2555.0
59087.893234379604,2667.0
71809.81530239807,2667.0
71809.81530239807,2883.0
78211.23277901208,2883.0
78211.23277901208,2429.0
86400.000002,2429.0
# temp #8409
0.0,2234.0
15734.143648250032,2234.0
15734.143648250032,2883.0
16140.54145922419,2883.0
16140.54145922419,2667.0
19112.274192133922,2667.0
19112.274192133922,2883.0
42431.55996522401,2883.0
42431.55996522401,2429.0
59475.710500334404,2429.0
59475.710500334404,2555.0
68991.04937631638,2555.0
68991.04937631638,2429.0
83500.3932343796,2429.0
83500.3932343796,2555.0
86400.0,2555.0
# temp #8410
0.0,2234.0
65472.47995475774,2234.0
65472.47995475774,2555.0
86400.0,2555.0
# temp #8411
0.0,2234.0
52546.736624278135,2234.0
52546.736624278135,2429.0
52846.736624278135,2429.0
52846.736624278135,2234.0
70714.57531107591,2234.0
70714.57531107591,2429.0
74604.93511590177,2429.0
74604.93511590177,2555.0
86400.0,2555.0
# temp #8412
0.0,2234.0
86085.66162313802,2234.0
86085.66162313802,2555.0
86400.000002,2555.0
# temp #8413
0.0,2234.0
47483.55766071473,2234.0
47483.55766071473,2555.0
55519.27347395104,2555.0
55519.27347395104,2429.0
78265.64293939156,2429.0
78265.64293939156,2234.0
78565.64293939156,2234.0
78565.64293939156,2017.0
86400.0,2017.0
# temp #8414
0.0,2234.0
71583.35487528238,2234.0
71583.35487528238,2555.0
78955.32530564815,2555.0
78955.32530564815,2234.0
86400.0,2234.0
# temp #8415
0.0,2234.0
85259.96178835632,2234.0
85259.96178835632,2883.0
86400.000002,2883.0
# temp #8416
0.0,2234.0
85037.87056440489,2234.0
85037.87056440489,2883.0
86400.0,2883.0
# temp #8417
0.0,2234.0
22891.602692543533,2234.0
22891.602692543533,2555.0
56339.513705880396,2555.0
56339.513705880396,2429.0
56777.46198358947,2429.0
56777.46198358947,2555.0
62014.87013418229,2555.0
62014.87013418229,2429.0
62737.77215054726,2429.0
62737.77215054726,2234.0
78200.3526801942,2234.0
78200.3526801942,2429.0
80538.09115716723,2429.0
80538.09115716723,2234.0
86400.0,2234.0
# temp #8418
0.0,2234.0
58307.16146759224,2234.0
58307.16146759224,2555.0
82075.16088166741,2555.0
82075.16088166741,2429.0
82381.43129227684,2429.0
82381.43129227684,2555.0
86400.000002,2555.0
# temp #8419
0.0,2234.0
46108.87759895996,2234.0
46108.87759895996,2429.0
78208.87759895995,2429.0
78208.87759895995,2555.0
78508.87759895995,2555.0
78508.87759895995,2667.0
86400.0,2667.0
# temp #8420
0.0,2234.0
51752.68311628607,2234.0
51752.68311628607,2429.0
52052.68311628607,2429.0
52052.68311628607,2234.0
61707.7411467908,2234.0
61707.7411467908,2667.0
70261.8866199162,2667.0
70261.8866199162,2234.0
80822.96935874039,2234.0
80822.96935874039,2667.0
82293.42504555827,2667.0
82293.42504555827,2234.0
86400.0,2234.0
# temp #8421
0.0,2234.0
5233.682629186661,2234.0
5233.682629186661,2667.0
20300.384592195045,2667.0
20300.384592195045,2555.0
21324.62065389846,2555.0
21324.62065389846,2667.0
36286.77043144126,2667.0
36286.77043144126,2555.0
39286.77043144126,2555.0
39286.77043144126,2667.0
65386.77043144126,2667.0
65386.77043144126,2883.0
86400.000002,2883.0
# temp #8422
0.0,2234.0
62814.975323178805,2234.0
62814.975323178805,2555.0
72808.87002891395,2555.0
72808.87002891395,2234.0
83384.01867463253,2234.0
83384.01867463253,2429.0
86400.0,2429.0
# temp #8423
0.0,2234.0
42581.92405819428,2234.0
42581.92405819428,2555.0
45871.17166549434,2555.0
45871.17166549434,2429.0
53554.15544689168,2429.0
53554.15544689168,2234.0
60836.90360009205,2234.0
60836.90360009205,2429.0
75216.21122849175,2429.0
75216.21122849175,2234.0
86400.000002,2234.0
# temp #8424
0.0,2234.0
38721.750140679076,2234.0
38721.750140679076,2555.0
66999.17156759185,2555.0
66999.17156759185,2429.0
67436.20185856709,2429.0
67436.20185856709,2555.0
78687.02667541803,2555.0
78687.02667541803,2429.0
79200.1774328761,2429.0
79200.1774328761,2555.0
80658.35190648214,2555.0
80658.35190648214,2429.0
80958.35190648214,2429.0
80958.35190648214,2555.0
82458.35190648214,2555.0
82458.35190648214,2429.0
86400.000002,2429.0
# temp #8425
0.0,2234.0
41124.44181600586,2234.0
41124.44181600586,2555.0
74193.24063132518,2555.0
74193.24063132518,2429.0
74659.20209675097,2429.0
74659.20209675097,2555.0
77538.8216424035,2555.0
77538.8216424035,2429.0
78181.60768628588,2429.0
78181.60768628588,2234.0
86400.000002,2234.0
# temp #8426
0.0,2234.0
38423.231249023236,2234.0
38423.231249023236,2017.0
86400.0,2017.0
# temp #8427
0.0,2234.0
40590.768444444984,2234.0
40590.768444444984,2555.0
71417.6694730064,2555.0
71417.6694730064,2429.0
86400.000002,2429.0
# temp #8428
0.0,2234.0
11902.062130579727,2234.0
11902.062130579727,2883.0
12818.980310484769,2883.0
12818.980310484769,2667.0
19236.69074729551,2667.0
19236.69074729551,2883.0
52290.50820479171,2883.0
52290.50820479171,2429.0
83583.65625443404,2429.0
83583.65625443404,2555.0
86400.0,2555.0
# temp #8429
0.0,2234.0
5790.4333849903205,2234.0
5790.4333849903205,2667.0
52416.431069467224,2667.0
52416.431069467224,2555.0
53761.16110095755,2555.0
53761.16110095755,2667.0
75993.61652308145,2667.0
75993.61652308145,2555.0
76593.61652308145,2555.0
76593.61652308145,2667.0
86400.0,2667.0
# temp #8430
0.0,2234.0
6941.167071880774,2234.0
6941.167071880774,2883.0
8041.513437777759,2883.0
8041.513437777759,2667.0
13175.14442265965,2667.0
13175.14442265965,2883.0
31579.455409431834,2883.0
31579.455409431834,2667.0
46678.62270881888,2667.0
46678.62270881888,2555.0
66277.23536908162,2555.0
66277.23536908162,2667.0
86400.000002,2667.0
# temp #8431
0.0,2234.0
59826.8400652567,2234.0
59826.8400652567,2555.0
84979.4053666061,2555.0
84979.4053666061,2429.0
86400.0,2429.0
# temp #8432
0.0,2234.0
6472.542809578591,2234.0
6472.542809578591,2555.0
9814.316277019681,2555.0
9814.316277019681,2667.0
16114.316277019681,2667.0
16114.316277019681,2555.0
17314.31627701968,2555.0
17314.31627701968,2429.0
60514.31627701968,2429.0
60514.31627701968,2234.0
61268.36697058752,2234.0
61268.36697058752,2667.0
75063.81248412654,2667.0
75063.81248412654,2555.0
86400.000002,2555.0
# temp #8433
0.0,2234.0
639.1292366897687,2234.0
639.1292366897687,2667.0
15267.019114410507,2667.0
15267.019114410507,2555.0
16274.02685028501,2555.0
16274.02685028501,2429.0
19874.81048370246,2429.0
19874.81048370246,2234.0
53890.26183430106,2234.0
53890.26183430106,2429.0
86400.0,2429.0
# temp #8434
0.0,2234.0
73417.78004849331,2234.0
73417.78004849331,2555.0
86400.000002,2555.0
# temp #8435
0.0,2234.0
5024.705775012263,2234.0
5024.705775012263,2555.0
12272.522624465639,2555.0
12272.522624465639,2429.0
25490.82997727674,2429.0
25490.82997727674,2234.0
33287.020268314525,2234.0
33287.020268314525,2429.0
39138.38809544687,2429.0
39138.38809544687,2234.0
49262.851909571335,2234.0
49262.851909571335,2667.0
56609.27368572448,2667.0
56609.27368572448,2883.0
84977.1627359558,2883.0
84977.1627359558,2429.0
86400.000002,2429.0
# temp #8436
0.0,2234.0
5291.804122924806,2234.0
5291.804122924806,2667.0
41868.15501214006,2667.0
41868.15501214006,2555.0
42501.1727617588,2555.0
42501.1727617588,2429.0
78756.94450575394,2429.0
78756.94450575394,2555.0
86400.000002,2555.0
# temp #8437
0.0,2234.0
2315.9471404273067,2234.0
2315.9471404273067,2017.0
19831.9109229371,2017.0
19831.9109229371,2234.0
33004.25529498608,2234.0
33004.25529498608,2017.0
83393.88737026603,2017.0
83393.88737026603,2234.0
86400.000002,2234.0
# temp #8438
0.0,2234.0
45177.11805584841,2234.0
45177.11805584841,2555.0
73861.00216680208,2555.0
73861.00216680208,2429.0
74294.504853501,2429.0
74294.504853501,2555.0
86400.0,2555.0
# temp #8439
0.0,2234.0
36383.72723129579,2234.0
36383.72723129579,2429.0
36880.97193029244,2429.0
36880.97193029244,2234.0
37634.52601425816,2234.0
37634.52601425816,2429.0
42771.428030007526,2429.0
42771.428030007526,2234.0
49328.77622244415,2234.0
49328.77622244415,2429.0
50356.80029487704,2429.0
50356.80029487704,2234.0
81416.99498479722,2234.0
81416.99498479722,2429.0
86400.000002,2429.0
# temp #8440
0.0,2234.0
41447.05427060836,2234.0
41447.05427060836,2429.0
41747.05427060836,2429.0
41747.05427060836,2234.0
42299.12184225396,2234.0
42299.12184225396,2555.0
45343.86263201014,2555.0
45343.86263201014,2429.0
62199.63473724203,2429.0
62199.63473724203,2883.0
86400.0,2883.0
# temp #8441
0.0,2234.0
47652.62244301849,2234.0
47652.62244301849,2555.0
65535.228214971736,2555.0
65535.228214971736,2429.0
71521.2745992467,2429.0
71521.2745992467,2234.0
72121.2745992467,2234.0
72121.2745992467,2429.0
86400.000002,2429.0
# temp #8442
0.0,2234.0
77869.71125446727,2234.0
77869.71125446727,2555.0
86400.0,2555.0
# temp #8443
0.0,2234.0
17668.30158010125,2234.0
17668.30158010125,2429.0
18020.55099962745,2429.0
18020.55099962745,2234.0
18726.541253901087,2234.0
18726.541253901087,2429.0
19961.816843762062,2429.0
19961.816843762062,2234.0
25118.798901094124,2234.0
25118.798901094124,2429.0
26184.95765835978,2429.0
26184.95765835978,2555.0
27420.174824399874,2555.0
27420.174824399874,2429.0
27720.174824399874,2429.0
27720.174824399874,2555.0
29220.174824399874,2555.0
29220.174824399874,2429.0
39420.17482439987,2429.0
39420.17482439987,2234.0
86400.0,2234.0
# temp #8444
0.0,2234.0
2383.2127565983687,2234.0
2383.2127565983687,2555.0
27533.236273750666,2555.0
27533.236273750666,2429.0
27947.00280397665,2429.0
27947.00280397665,2555.0
37760.38996079006,2555.0
37760.38996079006,2429.0
38749.3619110901,2429.0
38749.3619110901,2234.0
50903.78482765519,2234.0
50903.78482765519,2667.0
62489.45399285295,2667.0
62489.45399285295,2883.0
73515.02748853528,2883.0
73515.02748853528,2667.0
86400.000002,2667.0
# temp #8445
0.0,2234.0
13617.000545701014,2234.0
13617.000545701014,2555.0
36145.272231241695,2555.0
36145.272231241695,2429.0
36497.86033518613,2429.0
36497.86033518613,2555.0
56934.861881635166,2555.0
56934.861881635166,2429.0
58168.5755236773,2429.0
58168.5755236773,2555.0
59557.12194421796,2555.0
59557.12194421796,2429.0
86400.000002,2429.0
# temp #8446
0.0,2234.0
19032.13255740702,2234.0
19032.13255740702,2429.0
19632.13255740702,2429.0
19632.13255740702,2555.0
22319.821068272,2555.0
22319.821068272,2429.0
40259.50356703252,2429.0
40259.50356703252,2555.0
44799.69658143819,2555.0
44799.69658143819,2667.0
61856.7363676848,2667.0
61856.7363676848,2234.0
74048.64761671053,2234.0
74048.64761671053,2429.0
86400.000002,2429.0
# temp #8447
0.0,2234.0
29970.866378629584,2234.0
29970.866378629584,2555.0
52647.924760077156,2555.0
52647.924760077156,2429.0
53144.87451247406,2429.0
53144.87451247406,2555.0
61795.53757840768,2555.0
61795.53757840768,2429.0
62970.933419466026,2429.0
62970.933419466026,2555.0
64353.14029147849,2555.0
64353.14029147849,2429.0
64653.14029147849,2429.0
64653.14029147849,2555.0
64953.14029147849,2555.0
64953.14029147849,2429.0
65553.1402914785,2429.0
65553.1402914785,2555.0
69267.6462753676,2555.0
69267.6462753676,2429.0
69790.3537802864,2429.0
69790.3537802864,2555.0
84012.34764880502,2555.0
84012.34764880502,2667.0
86400.000002,2667.0
# temp #8448
0.0,2234.0
24876.55764576048,2234.0
24876.55764576048,2017.0
81107.52023882234,2017.0
81107.52023882234,2234.0
86400.0,2234.0
# temp #8449
0.0,2234.0
2682.0188537472864,2234.0
2682.0188537472864,2667.0
10149.374186550269,2667.0
10149.374186550269,2555.0
10813.028138992378,2555.0
10813.028138992378,2667.0
26705.366223421886,2667.0
26705.366223421886,2555.0
29705.366223421886,2555.0
29705.366223421886,2667.0
55805.36622342189,2667.0
55805.36622342189,2883.0
86400.0,2883.0
# temp #8450
0.0,2234.0
15217.005032300951,2234.0
15217.005032300951,2429.0
15673.896077158863,2429.0
15673.896077158863,2234.0
16572.938708611768,2234.0
16572.938708611768,2429.0
21492.8919488797,2429.0
21492.8919488797,2234.0
23577.67584838439,2234.0
23577.67584838439,2429.0
24734.584662085403,2429.0
24734.584662085403,2234.0
28608.513466967273,2234.0
28608.513466967273,2667.0
54112.888933368966,2667.0
54112.888933368966,2234.0
57113.919970602736,2234.0
57113.919970602736,2667.0
71917.13445335628,2667.0
71917.13445335628,2555.0
86400.000002,2555.0
# temp #8451
0.0,2234.0
4989.0725686680535,2234.0
4989.0725686680535,2667.0
38055.82797699608,2667.0
38055.82797699608,2555.0
38824.85589352436,2555.0
38824.85589352436,2667.0
63510.50926479511,2667.0
63510.50926479511,2555.0
64110.50926479511,2555.0
64110.50926479511,2667.0
78499.54872946255,2667.0
78499.54872946255,2555.0
82543.11592387967,2555.0
82543.11592387967,2429.0
86400.000002,2429.0
# temp #8452
0.0,2234.0
69250.89247953147,2234.0
69250.89247953147,2555.0
75396.18375808932,2555.0
75396.18375808932,2234.0
85184.30190801155,2234.0
85184.30190801155,2555.0
86384.30190801155,2555.0
86400.0,2883.0
# temp #8453
0.0,2234.0
39227.2599387914,2234.0
39227.2599387914,2017.0
73161.88540603036,2017.0
73161.88540603036,2234.0
86400.0,2234.0
# temp #8454
0.0,2234.0
12145.621263049543,2234.0
12145.621263049543,2429.0
12745.621263049543,2429.0
12745.621263049543,2555.0
14765.394205413759,2555.0
14765.394205413759,2429.0
30933.91813372728,2429.0
30933.91813372728,2555.0
43000.70180722979,2555.0
43000.70180722979,2667.0
59698.996093939066,2667.0
59698.996093939066,2555.0
79166.11166344957,2555.0
79166.11166344957,2429.0
86400.0,2429.0
# temp #8455
0.0,2234.0
22163.26720202342,2234.0
22163.26720202342,2017.0
70476.81050444955,2017.0
70476.81050444955,2234.0
86400.000002,2234.0
# temp #8456
0.0,2234.0
55285.63449543436,2234.0
55285.63449543436,2883.0
57685.63449543436,2883.0
57685.63449543436,2667.0
75416.551550827,2667.0
75416.551550827,2555.0
86400.000002,2555.0
# temp #8457
0.0,2234.0
52119.88279181533,2234.0
52119.88279181533,2555.0
55646.74253447448,2555.0
55646.74253447448,2667.0
65546.74253447447,2667.0
65546.74253447447,2555.0
68279.9243947724,2555.0
68279.9243947724,2429.0
86400.000002,2429.0
# temp #8458
0.0,2234.0
4881.550307292492,2234.0
4881.550307292492,2017.0
28599.500699993227,2017.0
28599.500699993227,2234.0
35433.78947898746,2234.0
35433.78947898746,2017.0
43914.964455971494,2017.0
43914.964455971494,2234.0
60465.142483776435,2234.0
60465.142483776435,2017.0
86400.0,2017.0
# temp #8459
0.0,2234.0
15177.266051620247,2234.0
15177.266051620247,2017.0
56381.98514822871,2017.0
56381.98514822871,2234.0
82011.26918932424,2234.0
82011.26918932424,2017.0
86400.0,2017.0
# temp #8460
0.0,2234.0
13392.007508897224,2234.0
13392.007508897224,2429.0
13744.681490538644,2429.0
13744.681490538644,2234.0
14547.868005721832,2234.0
14547.868005721832,2429.0
14984.288047556767,2429.0
14984.288047556767,2234.0
35235.6751455227,2234.0
35235.6751455227,2429.0
36110.972329624936,2429.0
36110.972329624936,2555.0
36599.80234627147,2555.0
36599.80234627147,2429.0
36899.80234627147,2429.0
36899.80234627147,2555.0
57299.80234627147,2555.0
57299.80234627147,2429.0
57599.80234627147,2429.0
57599.80234627147,2555.0
58199.80234627147,2555.0
58199.80234627147,2667.0
61476.429489464506,2667.0
61476.429489464506,2234.0
79836.48918599357,2234.0
79836.48918599357,2667.0
86400.000002,2667.0
# temp #8461
0.0,2234.0
50238.960951729685,2234.0
50238.960951729685,2429.0
50657.44236207102,2429.0
50657.44236207102,2555.0
53502.02620087658,2555.0
53502.02620087658,2429.0
60638.813312980354,2429.0
60638.813312980354,2555.0
69312.82488321887,2555.0
69312.82488321887,2429.0
86400.000002,2429.0
# temp #8462
0.0,2234.0
62298.9179651253,2234.0
62298.9179651253,2555.0
68409.75713222289,2555.0
68409.75713222289,2429.0
80152.20033167863,2429.0
80152.20033167863,2234.0
80752.20033167863,2234.0
80752.20033167863,2429.0
83152.20033167863,2429.0
83152.20033167863,2555.0
86400.000002,2555.0
# temp #8463
0.0,2234.0
37424.905320326805,2234.0
37424.905320326805,2429.0
37938.27014083509,2429.0
37938.27014083509,2555.0
39355.60905116145,2555.0
39355.60905116145,2429.0
86161.42980235165,2429.0
86161.42980235165,2883.0
86400.0,2883.0
# temp #8464
0.0,2234.0
2033.4146606270226,2234.0
2033.4146606270226,2555.0
5249.009583634325,2555.0
5249.009583634325,2667.0
5739.6975266514355,2667.0
5739.6975266514355,2555.0
11739.697526651435,2555.0
11739.697526651435,2429.0
14139.697526651435,2429.0
14139.697526651435,2234.0
17739.697526651435,2234.0
17739.697526651435,2429.0
18939.697526651435,2429.0
18939.697526651435,2234.0
24639.697526651435,2234.0
24639.697526651435,2429.0
56476.54342255556,2429.0
56476.54342255556,2555.0
81583.44204600436,2555.0
81583.44204600436,2429.0
86400.0,2429.0
# temp #8465
0.0,2234.0
7074.406867241489,2234.0
7074.406867241489,2667.0
12569.137824978683,2667.0
12569.137824978683,2555.0
13989.736853912476,2555.0
13989.736853912476,2667.0
34484.12741355133,2667.0
34484.12741355133,2555.0
34784.12741355133,2555.0
34784.12741355133,2429.0
66666.56744317153,2429.0
66666.56744317153,2555.0
86400.000002,2555.0
# temp #8466
0.0,2234.0
17060.29360368848,2234.0
17060.29360368848,2429.0
17660.29360368848,2429.0
17660.29360368848,2555.0
18546.691879257563,2555.0
18546.691879257563,2429.0
25667.95727864374,2429.0
25667.95727864374,2234.0
59620.75191806071,2234.0
59620.75191806071,2429.0
86400.000002,2429.0
# temp #8467
0.0,2234.0
46071.720708883375,2234.0
46071.720708883375,2429.0
78171.72070888337,2429.0
78171.72070888337,2555.0
78471.72070888337,2555.0
78471.72070888337,2667.0
86400.000002,2667.0
# temp #8468
0.0,2234.0
44775.55446422194,2234.0
44775.55446422194,2555.0
79114.29148258177,2555.0
79114.29148258177,2429.0
86400.000002,2429.0
# temp #8469
0.0,2234.0
22594.97638146859,2234.0
22594.97638146859,2429.0
22934.632291342135,2429.0
22934.632291342135,2234.0
23591.368041071113,2234.0
23591.368041071113,2429.0
25610.972963995304,2429.0
25610.972963995304,2234.0
46930.777895729996,2234.0
46930.777895729996,2429.0
47511.667362693704,2429.0
47511.667362693704,2555.0
48466.401448566474,2555.0
48466.401448566474,2429.0
48766.401448566474,2429.0
48766.401448566474,2555.0
50266.401448566474,2555.0
50266.401448566474,2429.0
60466.401448566474,2429.0
60466.401448566474,2234.0
86400.000002,2234.0
# temp #8470
0.0,2234.0
79579.0991354501,2234.0
79579.0991354501,2555.0
86400.0,2555.0
# temp #8471
0.0,2234.0
16716.116128675643,2234.0
16716.116128675643,2883.0
17146.768991975117,2883.0
17146.768991975117,2667.0
21500.928805419248,2667.0
21500.928805419248,2883.0
53518.5285710497,2883.0
53518.5285710497,2429.0
74719.06775089448,2429.0
74719.06775089448,2555.0
86400.000002,2555.0
# temp #8472
0.0,2234.0
9841.034995042719,2234.0
9841.034995042719,2429.0
10274.625198589638,2429.0
10274.625198589638,2234.0
11141.820997232571,2234.0
11141.820997232571,2429.0
14775.989020708948,2429.0
14775.989020708948,2234.0
23481.697522080507,2234.0
23481.697522080507,2429.0
24775.620953994807,2429.0
24775.620953994807,2555.0
26160.462633962747,2555.0
26160.462633962747,2429.0
26460.462633962747,2429.0
26460.462633962747,2555.0
46860.46263396274,2555.0
46860.46263396274,2429.0
47160.46263396274,2429.0
47160.46263396274,2555.0
47760.46263396274,2555.0
47760.46263396274,2667.0
49741.23408871238,2667.0
49741.23408871238,2555.0
57670.79836728518,2555.0
57670.79836728518,2667.0
68955.44510576874,2667.0
68955.44510576874,2234.0
72157.83223954496,2234.0
72157.83223954496,2429.0
86400.0,2429.0
# temp #8473
0.0,2234.0
32423.948818445213,2234.0
32423.948818445213,2017.0
33353.307531494655,2017.0
33353.307531494655,2234.0
40337.11163727567,2234.0
40337.11163727567,2017.0
51286.34143969977,2017.0
51286.34143969977,2234.0
76948.96752568895,2234.0
76948.96752568895,2017.0
86400.000002,2017.0
# temp #8474
0.0,2234.0
24272.946169157516,2234.0
24272.946169157516,2429.0
24835.16642893665,2429.0
24835.16642893665,2234.0
25524.52360892203,2234.0
25524.52360892203,2429.0
30995.34946221393,2429.0
30995.34946221393,2234.0
53725.06311270409,2234.0
53725.06311270409,2429.0
54629.10147425719,2429.0
54629.10147425719,2555.0
55466.843775333844,2555.0
55466.843775333844,2429.0
55766.843775333844,2429.0
55766.843775333844,2555.0
76166.84377533384,2555.0
76166.84377533384,2429.0
76466.84377533384,2429.0
76466.84377533384,2555.0
77066.84377533384,2555.0
77066.84377533384,2667.0
86400.0,2667.0
# temp #8475
0.0,2234.0
6760.05691078026,2234.0
6760.05691078026,2667.0
33004.62855880615,2667.0
33004.62855880615,2555.0
33741.57060559374,2555.0
33741.57060559374,2429.0
60027.46144391132,2429.0
60027.46144391132,2883.0
76567.99881204499,2883.0
76567.99881204499,2667.0
78127.17718833593,2667.0
78127.17718833593,2555.0
81211.02291704157,2555.0
81211.02291704157,2429.0
86400.000002,2429.0
# temp #8476
0.0,2234.0
7725.4232723498735,2234.0
7725.4232723498735,2667.0
46200.67108660006,2667.0
46200.67108660006,2555.0
47238.03130374291,2555.0
47238.03130374291,2429.0
79088.68268674707,2429.0
79088.68268674707,2555.0
86400.0,2555.0
# temp #8477
0.0,2234.0
19709.631170332435,2234.0
19709.631170332435,2555.0
38304.228779068224,2555.0
38304.228779068224,2429.0
51679.44292291068,2429.0
51679.44292291068,2234.0
59283.57825272252,2234.0
59283.57825272252,2429.0
68567.32966415586,2429.0
68567.32966415586,2234.0
86400.000002,2234.0
# temp #8478
0.0,2234.0
1104.5241720043123,2234.0
1104.5241720043123,2667.0
23340.1653616922,2667.0
23340.1653616922,2555.0
24345.108047244143,2555.0
24345.108047244143,2667.0
25944.306525844153,2667.0
25944.306525844153,2555.0
26544.306525844153,2555.0
26544.306525844153,2667.0
45345.93502201606,2667.0
45345.93502201606,2555.0
50404.072764446035,2555.0
50404.072764446035,2429.0
51722.767396573916,2429.0
51722.767396573916,2555.0
85157.57959869226,2555.0
85157.57959869226,2429.0
86400.000002,2429.0
# temp #8479
0.0,2234.0
11120.179351489061,2234.0
11120.179351489061,2883.0
12862.054532649929,2883.0
12862.054532649929,2667.0
24808.55553571601,2667.0
24808.55553571601,2883.0
41703.14360337798,2883.0
41703.14360337798,2667.0
43035.361975617714,2667.0
43035.361975617714,2555.0
75330.67369703205,2555.0
75330.67369703205,2429.0
86400.000002,2429.0
# temp #8480
0.0,2234.0
4592.272284300999,2234.0
4592.272284300999,2667.0
5881.825240119361,2667.0
5881.825240119361,2555.0
6939.513356122189,2555.0
6939.513356122189,2667.0
44576.483192760505,2667.0
44576.483192760505,2555.0
45176.483192760505,2555.0
45176.483192760505,2667.0
66667.4045582302,2667.0
66667.4045582302,2555.0
70308.63498570399,2555.0
70308.63498570399,2429.0
86400.000002,2429.0
# temp #8481
0.0,2234.0
3118.594424030744,2234.0
3118.594424030744,2667.0
43583.22819226888,2667.0
43583.22819226888,2555.0
44169.38296880108,2555.0
44169.38296880108,2667.0
71602.92749872898,2667.0
71602.92749872898,2555.0
71902.92749872898,2555.0
71902.92749872898,2667.0
72202.92749872898,2667.0
72202.92749872898,2555.0
75502.92749872898,2555.0
75502.92749872898,2667.0
86400.0,2667.0
# temp #8482
0.0,2234.0
18811.46995062009,2234.0
18811.46995062009,2017.0
19931.002668896694,2017.0
19931.002668896694,2234.0
48494.932879088454,2234.0
48494.932879088454,2017.0
65091.04997436517,2017.0
65091.04997436517,2234.0
69629.68072132209,2234.0
69629.68072132209,2017.0
86400.0,2017.0
# temp #8483
0.0,2234.0
12912.535673752427,2234.0
12912.535673752427,2429.0
13235.514891240746,2429.0
13235.514891240746,2234.0
14044.652103446424,2234.0
14044.652103446424,2429.0
15368.117907224223,2429.0
15368.117907224223,2234.0
21358.09833558742,2234.0
21358.09833558742,2429.0
22654.830848076384,2429.0
22654.830848076384,2555.0
22972.73620956112,2555.0
22972.73620956112,2429.0
23272.73620956112,2429.0
23272.73620956112,2555.0
23572.73620956112,2555.0
23572.73620956112,2429.0
24172.73620956112,2429.0
24172.73620956112,2555.0
28248.688702960502,2555.0
28248.688702960502,2429.0
48206.306869466796,2429.0
48206.306869466796,2883.0
67654.584252066,2883.0
67654.584252066,2429.0
86400.0,2429.0
# temp #8484
0.0,2234.0
72783.22585690768,2234.0
72783.22585690768,2883.0
75183.22585690768,2883.0
75183.22585690768,2667.0
86400.0,2667.0
# temp #8485
0.0,2234.0
18213.570655393418,2234.0
18213.570655393418,2883.0
19061.367723997686,2883.0
19061.367723997686,2667.0
20865.823730570268,2667.0
20865.823730570268,2883.0
41506.58154173289,2883.0
41506.58154173289,2667.0
44457.682154537186,2667.0
44457.682154537186,2555.0
53780.0677131163,2555.0
53780.0677131163,2667.0
86400.000002,2667.0
# temp #8486
0.0,2234.0
14163.763753138484,2234.0
14163.763753138484,2555.0
18579.668873408813,2555.0
18579.668873408813,2667.0
28479.668873408813,2667.0
28479.668873408813,2555.0
29052.92255454697,2555.0
29052.92255454697,2429.0
37638.45280639362,2429.0
37638.45280639362,2234.0
49743.505005422056,2234.0
49743.505005422056,2667.0
51605.26471738704,2667.0
51605.26471738704,2555.0
66937.67609854696,2555.0
66937.67609854696,2429.0
86400.000002,2429.0
# temp #8487
0.0,2234.0
3216.7645444627856,2234.0
3216.7645444627856,2667.0
9187.24074647762,2667.0
9187.24074647762,2555.0
9895.156360929834,2555.0
9895.156360929834,2667.0
34386.79869936314,2667.0
34386.79869936314,2555.0
34686.79869936314,2555.0
34686.79869936314,2667.0
35403.014435945086,2667.0
35403.014435945086,2555.0
36003.014435945086,2555.0
36003.014435945086,2667.0
52863.52149287706,2667.0
52863.52149287706,2555.0
53611.71366081109,2555.0
53611.71366081109,2667.0
71152.85192015582,2667.0
71152.85192015582,2234.0
76830.56503892878,2234.0
76830.56503892878,2667.0
86400.0,2667.0
# temp #8488
0.0,2234.0
10942.310970579276,2234.0
10942.310970579276,2883.0
12501.650670217352,2883.0
12501.650670217352,2667.0
24598.127163341273,2667.0
24598.127163341273,2883.0
40078.7444340298,2883.0
40078.7444340298,2429.0
74671.48121888751,2429.0
74671.48121888751,2555.0
86400.0,2555.0
# temp #8489
0.0,2234.0
41109.37885993627,2234.0
41109.37885993627,2555.0
52103.41262051371,2555.0
52103.41262051371,2429.0
86400.0,2429.0
# temp #8490
0.0,2234.0
81920.8411560394,2234.0
81920.8411560394,2555.0
86400.000002,2555.0
# temp #8491
0.0,2234.0
17074.834316619676,2234.0
17074.834316619676,2429.0
17513.895738380965,2429.0
17513.895738380965,2234.0
18326.31573483814,2234.0
18326.31573483814,2429.0
20842.720080376606,2429.0
20842.720080376606,2234.0
38564.912123442635,2234.0
38564.912123442635,2429.0
38899.016543501064,2429.0
38899.016543501064,2234.0
42779.04740294908,2234.0
42779.04740294908,2667.0
49277.27635838092,2667.0
49277.27635838092,2555.0
51937.01693387703,2555.0
51937.01693387703,2667.0
60799.76599174553,2667.0
60799.76599174553,2234.0
80356.43061767334,2234.0
80356.43061767334,2667.0
86400.000002,2667.0
# temp #8492
0.0,2234.0
2666.5799890877684,2234.0
2666.5799890877684,2667.0
50474.60995239672,2667.0
50474.60995239672,2555.0
51147.279462008744,2555.0
51147.279462008744,2667.0
77666.82246245911,2667.0
77666.82246245911,2555.0
77966.82246245911,2555.0
77966.82246245911,2667.0
78863.4837538004,2667.0
78863.4837538004,2555.0
79463.4837538004,2555.0
79463.4837538004,2667.0
86400.0,2667.0
# temp #8493
0.0,2234.0
4159.575036750176,2234.0
4159.575036750176,2667.0
38058.85066555348,2667.0
38058.85066555348,2555.0
39134.32549664286,2555.0
39134.32549664286,2667.0
45379.88391208929,2667.0
45379.88391208929,2555.0
45679.88391208929,2555.0
45679.88391208929,2667.0
45979.88391208929,2667.0
45979.88391208929,2555.0
49279.88391208929,2555.0
49279.88391208929,2667.0
74779.88391208928,2667.0
74779.88391208928,2883.0
86400.000002,2883.0
# temp #8494
0.0,2234.0
84251.36303189212,2234.0
84251.36303189212,2555.0
86400.0,2555.0
# temp #8495
0.0,2234.0
2276.8845017300923,2234.0
2276.8845017300923,2667.0
49769.78274991271,2667.0
49769.78274991271,2555.0
50135.82167958376,2555.0
50135.82167958376,2667.0
54575.411901972264,2667.0
54575.411901972264,2555.0
54875.411901972264,2555.0
54875.411901972264,2667.0
55175.411901972264,2667.0
55175.411901972264,2555.0
58475.411901972264,2555.0
58475.411901972264,2667.0
83975.41190197226,2667.0
83975.41190197226,2883.0
86400.000002,2883.0
# temp #8496
0.0,2234.0
37130.147277843214,2234.0
37130.147277843214,2017.0
58475.36263377407,2017.0
58475.36263377407,2234.0
84953.60644678587,2234.0
84953.60644678587,2017.0
86400.000002,2017.0
# temp #8497
0.0,2234.0
2695.6576602766295,2234.0
2695.6576602766295,2667.0
39348.86831031182,2667.0
39348.86831031182,2555.0
40283.64693629556,2555.0
40283.64693629556,2667.0
72843.66879807787,2667.0
72843.66879807787,2555.0
73443.66879807787,2555.0
73443.66879807787,2667.0
86400.000002,2667.0
# temp #8498
0.0,2234.0
23216.424046223987,2234.0
23216.424046223987,2555.0
25284.1121602105,2555.0
25284.1121602105,2667.0
25585.355746722784,2667.0
25585.355746722784,2555.0
25885.355746722784,2555.0
25885.355746722784,2667.0
29485.355746722784,2667.0
29485.355746722784,2555.0
30985.355746722784,2555.0
30985.355746722784,2429.0
44631.503896065995,2429.0
44631.503896065995,2234.0
66731.18290482089,2234.0
66731.18290482089,2429.0
80502.15931283312,2429.0
80502.15931283312,2883.0
86400.0,2883.0
# temp #8499
0.0,2234.0
9960.182267194616,2234.0
9960.182267194616,2883.0
21060.182267194614,2883.0
21060.182267194614,2555.0
25853.761540493,2555.0
25853.761540493,2667.0
39322.18812131323,2667.0
39322.18812131323,2555.0
65432.78962404002,2555.0
65432.78962404002,2429.0
71976.80865323638,2429.0
71976.80865323638,2883.0
86400.0,2883.0
# temp #8500
0.0,2234.0
27252.053580433134,2234.0
27252.053580433134,2555.0
31839.684654632587,2555.0
31839.684654632587,2429.0
32325.29724980705,2429.0
32325.29724980705,2555.0
35508.20992821828,2555.0
35508.20992821828,2429.0
36300.41709523649,2429.0
36300.41709523649,2555.0
36968.73136991636,2555.0
36968.73136991636,2429.0
86400.000002,2429.0
# temp #8501
0.0,2234.0
6978.426827955991,2234.0
6978.426827955991,2429.0
13878.426827955991,2429.0
13878.426827955991,2555.0
15678.426827955991,2555.0
15678.426827955991,2429.0
28578.42682795599,2429.0
28578.42682795599,2234.0
28878.42682795599,2234.0
28878.42682795599,2017.0
29178.42682795599,2017.0
29178.42682795599,2234.0
29478.42682795599,2234.0
29478.42682795599,2017.0
36944.576690741815,2017.0
36944.576690741815,2234.0
38725.71869355161,2234.0
38725.71869355161,2429.0
61537.01989736874,2429.0
61537.01989736874,2883.0
75805.78020766843,2883.0
75805.78020766843,2667.0
86400.0,2667.0
# temp #8502
0.0,2234.0
80132.9045455903,2234.0
80132.9045455903,2555.0
86400.000002,2555.0
# temp #8503
0.0,2234.0
16994.807971129198,2234.0
16994.807971129198,2555.0
18229.474482103255,2555.0
18229.474482103255,2667.0
24529.474482103255,2667.0
24529.474482103255,2555.0
25729.474482103255,2555.0
25729.474482103255,2429.0
68929.47448210325,2429.0
68929.47448210325,2234.0
86400.0,2234.0
# temp #8504
0.0,2234.0
3186.860993667506,2234.0
3186.860993667506,2429.0
35286.860993667506,2429.0
35286.860993667506,2555.0
35586.860993667506,2555.0
35586.860993667506,2667.0
55498.77094679978,2667.0
55498.77094679978,2883.0
70333.91274386086,2883.0
70333.91274386086,2429.0
86400.0,2429.0
# temp #8505
0.0,2234.0
83318.79980207888,2234.0
83318.79980207888,2555.0
86400.000002,2555.0
# temp #8506
0.0,2234.0
66941.45691425075,2234.0
66941.45691425075,2555.0
76040.92224456837,2555.0
76040.92224456837,2429.0
76633.56020262,2429.0
76633.56020262,2555.0
86400.000002,2555.0
# temp #8507
0.0,2234.0
11189.877864299344,2234.0
11189.877864299344,2555.0
45450.379315344624,2555.0
45450.379315344624,2429.0
45771.34022384417,2429.0
45771.34022384417,2555.0
54111.96632101201,2555.0
54111.96632101201,2429.0
54644.6066830773,2429.0
54644.6066830773,2555.0
55018.791881622754,2555.0
55018.791881622754,2429.0
55318.791881622754,2429.0
55318.791881622754,2555.0
55618.791881622754,2555.0
55618.791881622754,2429.0
56218.791881622754,2429.0
56218.791881622754,2555.0
57773.91625908204,2555.0
57773.91625908204,2429.0
86400.0,2429.0
# temp #8508
0.0,2234.0
53742.81661966816,2234.0
53742.81661966816,2429.0
54084.60773702246,2429.0
54084.60773702246,2555.0
56242.94419835788,2555.0
56242.94419835788,2429.0
65458.95629224834,2429.0
65458.95629224834,2555.0
86400.000002,2555.0
# temp #8509
0.0,2234.0
34535.713675897576,2234.0
34535.713675897576,2429.0
35038.94845198375,2429.0
35038.94845198375,2234.0
35814.85433578492,2234.0
35814.85433578492,2429.0
38338.05903042667,2429.0
38338.05903042667,2234.0
47221.56967730263,2234.0
47221.56967730263,2429.0
47958.711917744964,2429.0
47958.711917744964,2555.0
49141.82872208768,2555.0
49141.82872208768,2429.0
49441.82872208768,2429.0
49441.82872208768,2555.0
69841.82872208768,2555.0
69841.82872208768,2429.0
70141.82872208768,2429.0
70141.82872208768,2555.0
70741.82872208768,2555.0
70741.82872208768,2667.0
86400.000002,2667.0
# temp #8510
0.0,2234.0
80372.76523921175,2234.0
80372.76523921175,2555.0
86400.000002,2555.0
# temp #8511
0.0,2234.0
9400.46566987876,2234.0
9400.46566987876,2883.0
11010.20813654177,2883.0
11010.20813654177,2667.0
16821.576255233962,2667.0
16821.576255233962,2883.0
47309.78945908138,2883.0
47309.78945908138,2429.0
71426.39780470637,2429.0
71426.39780470637,2555.0
85501.49584009779,2555.0
85501.49584009779,2667.0
86400.0,2667.0
# temp #8512
0.0,2234.0
21624.756795633584,2234.0
21624.756795633584,2555.0
24191.662681102753,2555.0
24191.662681102753,2667.0
28360.687315883115,2667.0
28360.687315883115,2555.0
29461.141092097387,2555.0
29461.141092097387,2667.0
57706.84431404807,2667.0
57706.84431404807,2883.0
63462.05371068791,2883.0
63462.05371068791,2429.0
86400.000002,2429.0
# temp #8513
0.0,2234.0
63146.65762125515,2234.0
63146.65762125515,2555.0
86400.000002,2555.0
# temp #8514
0.0,2234.0
38398.98302683142,2234.0
38398.98302683142,2555.0
52794.621208612814,2555.0
52794.621208612814,2429.0
56130.36679581274,2429.0
56130.36679581274,2234.0
56430.36679581274,2234.0
56430.36679581274,2017.0
70926.28575274722,2017.0
70926.28575274722,2555.0
86400.000002,2555.0
# temp #8515
0.0,2234.0
63541.42858791166,2234.0
63541.42858791166,2555.0
86400.000002,2555.0
# temp #8516
0.0,2234.0
16855.27362423018,2234.0
16855.27362423018,2429.0
17302.022123546343,2429.0
17302.022123546343,2555.0
21040.767163247805,2555.0
21040.767163247805,2429.0
25131.559687270787,2429.0
25131.559687270787,2555.0
31215.630174474798,2555.0
31215.630174474798,2429.0
34507.95268504881,2429.0
34507.95268504881,2883.0
37054.52486858704,2883.0
37054.52486858704,2429.0
47156.10466680956,2429.0
47156.10466680956,2555.0
74536.91744618119,2555.0
74536.91744618119,2429.0
76151.54091704173,2429.0
76151.54091704173,2555.0
86400.000002,2555.0
# temp #8517
0.0,2234.0
70435.31227579807,2234.0
70435.31227579807,2555.0
71220.41727444158,2555.0
71220.41727444158,2667.0
71681.7968466785,2667.0
71681.7968466785,2555.0
77681.7968466785,2555.0
77681.7968466785,2429.0
80081.7968466785,2429.0
80081.7968466785,2234.0
83681.7968466785,2234.0
83681.7968466785,2429.0
84881.7968466785,2429.0
84881.7968466785,2234.0
86400.0,2234.0
# temp #8518
0.0,2234.0
2165.7144272932787,2234.0
2165.7144272932787,2667.0
49045.66256152467,2667.0
49045.66256152467,2555.0
50352.26901937277,2555.0
50352.26901937277,2667.0
82704.65975305998,2667.0
82704.65975305998,2555.0
83304.65975305998,2555.0
83304.65975305998,2667.0
86400.000002,2667.0
# temp #8519
0.0,2234.0
61048.74435751699,2234.0
61048.74435751699,2555.0
63395.75058098417,2555.0
63395.75058098417,2234.0
85212.44278543163,2234.0
85212.44278543163,2429.0
86400.0,2429.0
# temp #8520
0.0,2234.0
20586.423484236006,2234.0
20586.423484236006,2017.0
67713.44536710532,2017.0
67713.44536710532,2234.0
86400.000002,2234.0
# temp #8521
0.0,2234.0
25653.76003053971,2234.0
25653.76003053971,2017.0
65352.54487311469,2017.0
65352.54487311469,2234.0
86400.000002,2234.0
# temp #8522
0.0,2234.0
7457.733682519758,2234.0
7457.733682519758,2667.0
44386.32122904529,2667.0
44386.32122904529,2555.0
45260.489794355824,2555.0
45260.489794355824,2667.0
47733.25859068428,2667.0
47733.25859068428,2555.0
48033.25859068428,2555.0
48033.25859068428,2429.0
76258.22832800915,2429.0
76258.22832800915,2883.0
85523.99094470312,2883.0
85523.99094470312,2667.0
86400.000002,2667.0
# temp #8523
0.0,2234.0
73158.22127815337,2234.0
73158.22127815337,2555.0
84185.9549819492,2555.0
84185.9549819492,2429.0
86400.0,2429.0
# temp #8524
0.0,2234.0
50102.38586347551,2234.0
50102.38586347551,2555.0
55397.12082208135,2555.0
55397.12082208135,2667.0
65297.12082208135,2667.0
65297.12082208135,2555.0
69560.25514067152,2555.0
69560.25514067152,2429.0
81615.72708694731,2429.0
81615.72708694731,2555.0
86400.000002,2555.0
# temp #8525
0.0,2234.0
20133.8071692735,2234.0
20133.8071692735,2017.0
61959.07062822954,2017.0
61959.07062822954,2234.0
86400.000002,2234.0
# temp #8526
0.0,2234.0
21010.789636848498,2234.0
21010.789636848498,2017.0
22914.5555340685,2017.0
22914.5555340685,2234.0
56117.55276219921,2234.0
56117.55276219921,2017.0
86400.0,2017.0
# temp #8527
0.0,2234.0
21877.73562516086,2234.0
21877.73562516086,2429.0
53977.73562516086,2429.0
53977.73562516086,2555.0
54277.73562516086,2555.0
54277.73562516086,2667.0
84773.64595471881,2667.0
84773.64595471881,2883.0
86400.000002,2883.0
# temp #8528
0.0,2234.0
6091.13750034012,2234.0
6091.13750034012,2017.0
16076.717022852976,2017.0
16076.717022852976,2234.0
36280.61587004923,2234.0
36280.61587004923,2017.0
41987.82284078189,2017.0
41987.82284078189,2234.0
69612.34384845012,2234.0
69612.34384845012,2017.0
86400.000002,2017.0
# temp #8529
0.0,2234.0
4258.16028204281,2234.0
4258.16028204281,2667.0
33328.65534697194,2667.0
33328.65534697194,2555.0
34386.16454259027,2555.0
34386.16454259027,2667.0
54142.68085279037,2667.0
54142.68085279037,2555.0
54442.68085279037,2555.0
54442.68085279037,2667.0
54742.68085279037,2667.0
54742.68085279037,2555.0
58042.68085279037,2555.0
58042.68085279037,2667.0
83542.68085279036,2667.0
83542.68085279036,2883.0
86400.000002,2883.0
# temp #8530
0.0,2234.0
4561.17174953688,2234.0
4561.17174953688,2667.0
34339.57430147566,2667.0
34339.57430147566,2555.0
34793.81698560901,2555.0
34793.81698560901,2667.0
59140.651662298485,2667.0
59140.651662298485,2555.0
62140.651662298485,2555.0
62140.651662298485,2667.0
86400.0,2667.0
# temp #8531
0.0,2234.0
81533.52016615683,2234.0
81533.52016615683,2555.0
86400.0,2555.0
# temp #8532
0.0,2234.0
6882.733818911948,2234.0
6882.733818911948,2883.0
7219.398326380179,2883.0
7219.398326380179,2667.0
16634.545914572664,2667.0
16634.545914572664,2883.0
52528.34200984799,2883.0
52528.34200984799,2429.0
73562.94296295384,2429.0
73562.94296295384,2883.0
86400.000002,2883.0
# temp #8533
0.0,2234.0
63898.02000070923,2234.0
63898.02000070923,2555.0
80015.56964660996,2555.0
80015.56964660996,2429.0
86400.0,2429.0
# temp #8534
0.0,2234.0
36390.287557756536,2234.0
36390.287557756536,2555.0
62939.47312524544,2555.0
62939.47312524544,2429.0
63366.31680373104,2429.0
63366.31680373104,2555.0
73566.64885932115,2555.0
73566.64885932115,2429.0
74740.70985149594,2429.0
74740.70985149594,2234.0
86400.000002,2234.0
# temp #8535
0.0,2234.0
3944.5814964361493,2234.0
3944.5814964361493,2429.0
4271.850181021728,2429.0
4271.850181021728,2555.0
7975.042209425011,2555.0
7975.042209425011,2429.0
25808.332517766397,2429.0
25808.332517766397,2555.0
42793.11466463842,2555.0
42793.11466463842,2429.0
63735.85880105385,2429.0
63735.85880105385,2555.0
81077.29407101871,2555.0
81077.29407101871,2429.0
86400.000002,2429.0
# temp #8536
0.0,2234.0
14311.366135859864,2234.0
14311.366135859864,2429.0
14722.741563362071,2429.0
14722.741563362071,2555.0
17380.31692032237,2555.0
17380.31692032237,2429.0
31299.93835827336,2429.0
31299.93835827336,2555.0
50186.89513346181,2555.0
50186.89513346181,2667.0
58463.09771456291,2667.0
58463.09771456291,2555.0
86400.000002,2555.0
# temp #8537
0.0,2234.0
27900.744920759465,2234.0
27900.744920759465,2429.0
28200.744920759465,2429.0
28200.744920759465,2234.0
49105.03416561988,2234.0
49105.03416561988,2429.0
63897.96548474115,2429.0
63897.96548474115,2883.0
72715.6065572519,2883.0
72715.6065572519,2429.0
86400.000002,2429.0
# temp #8538
0.0,2234.0
69541.66059759445,2234.0
69541.66059759445,2883.0
71941.66059759445,2883.0
71941.66059759445,2667.0
86400.0,2667.0
# temp #8539
0.0,2234.0
72016.61502427889,2234.0
72016.61502427889,2555.0
72606.65169402493,2555.0
72606.65169402493,2667.0
72936.00553788712,2667.0
72936.00553788712,2555.0
73236.00553788712,2555.0
73236.00553788712,2667.0
76836.00553788712,2667.0
76836.00553788712,2555.0
78336.00553788712,2555.0
78336.00553788712,2429.0
85513.3212625282,2429.0
85513.3212625282,2234.0
86400.000002,2234.0
# temp #8540
0.0,2234.0
39224.978139298044,2234.0
39224.978139298044,2429.0
71324.97813929804,2429.0
71324.97813929804,2555.0
71624.97813929804,2555.0
71624.97813929804,2667.0
86400.0,2667.0
# temp #8541
0.0,2234.0
52758.960424619734,2234.0
52758.960424619734,2429.0
53193.50657528267,2429.0
53193.50657528267,2555.0
53535.019051563,2555.0
53535.019051563,2429.0
57018.64348060918,2429.0
57018.64348060918,2555.0
57076.34118525312,2555.0
57076.34118525312,2429.0
70653.7596381968,2429.0
70653.7596381968,2555.0
86400.0,2555.0
# temp #8542
0.0,2234.0
55112.83285890241,2234.0
55112.83285890241,2555.0
85562.28270584253,2555.0
85562.28270584253,2429.0
85868.04155458232,2429.0
85868.04155458232,2555.0
86400.000002,2555.0
# temp #8543
0.0,2234.0
1980.2373347338291,2234.0
1980.2373347338291,2667.0
39784.401725884534,2667.0
39784.401725884534,2555.0
40296.80129718036,2555.0
40296.80129718036,2667.0
72905.99952719641,2667.0
72905.99952719641,2555.0
75905.99952719641,2555.0
75905.99952719641,2667.0
86400.0,2667.0
# temp #8544
0.0,2234.0
7012.765182880687,2234.0
7012.765182880687,2667.0
15675.87782540359,2667.0
15675.87782540359,2555.0
17161.9709759485,2555.0
17161.9709759485,2667.0
18214.797917101536,2667.0
18214.797917101536,2555.0
18514.797917101536,2555.0
18514.797917101536,2429.0
46941.69725482353,2429.0
46941.69725482353,2555.0
53547.58256874048,2555.0
53547.58256874048,2667.0
74207.80490390027,2667.0
74207.80490390027,2883.0
86400.000002,2883.0
# temp #8545
0.0,2234.0
9249.22032505274,2234.0
9249.22032505274,2017.0
48773.70134401136,2017.0
48773.70134401136,2234.0
59477.79815797695,2234.0
59477.79815797695,2017.0
82999.92392454298,2017.0
82999.92392454298,2234.0
86400.000002,2234.0
# temp #8546
0.0,2234.0
14253.685979708102,2234.0
14253.685979708102,2883.0
15304.44134040736,2883.0
15304.44134040736,2667.0
26361.409072391696,2667.0
26361.409072391696,2883.0
42116.717939078815,2883.0
42116.717939078815,2667.0
63106.63817406168,2667.0
63106.63817406168,2555.0
65127.84384184053,2555.0
65127.84384184053,2667.0
67891.66911842769,2667.0
67891.66911842769,2555.0
86400.000002,2555.0
# temp #8547
0.0,2234.0
8877.560637239367,2234.0
8877.560637239367,2429.0
9225.030013988726,2429.0
9225.030013988726,2234.0
9906.08802891802,2234.0
9906.08802891802,2429.0
13673.427366628312,2429.0
13673.427366628312,2234.0
31807.4226169847,2234.0
31807.4226169847,2429.0
33130.378264188774,2429.0
33130.378264188774,2555.0
34025.92003298924,2555.0
34025.92003298924,2429.0
86400.000002,2429.0
# temp #8548
0.0,2234.0
9883.438722998837,2234.0
9883.438722998837,2883.0
20983.438722998835,2883.0
20983.438722998835,2555.0
22034.29182423279,2555.0
22034.29182423279,2429.0
46348.88964628336,2429.0
46348.88964628336,2234.0
55031.33048729506,2234.0
55031.33048729506,2667.0
60883.54328067508,2667.0
60883.54328067508,2555.0
80450.84330791143,2555.0
80450.84330791143,2667.0
86400.0,2667.0
# temp #8549
0.0,2234.0
77695.95826899169,2234.0
77695.95826899169,2883.0
80095.95826899169,2883.0
80095.95826899169,2667.0
83073.10978914612,2667.0
83073.10978914612,2234.0
86400.0,2234.0
# temp #8550
0.0,2234.0
38841.68650663924,2234.0
38841.68650663924,2555.0
54145.60279513245,2555.0
54145.60279513245,2429.0
83064.82254902368,2429.0
83064.82254902368,2234.0
83664.82254902368,2234.0
83664.82254902368,2429.0
86400.000002,2429.0
# temp #8551
0.0,2234.0
7722.62480466161,2234.0
7722.62480466161,2883.0
18822.62480466161,2883.0
18822.62480466161,2555.0
47112.65674314928,2555.0
47112.65674314928,2429.0
78336.33939467838,2429.0
78336.33939467838,2555.0
86400.000002,2555.0
# temp #8552
0.0,2234.0
61997.80743469019,2234.0
61997.80743469019,2555.0
66577.1874138387,2555.0
66577.1874138387,2667.0
72877.1874138387,2667.0
72877.1874138387,2555.0
74077.1874138387,2555.0
74077.1874138387,2429.0
86400.0,2429.0
# temp #8553
0.0,2234.0
4838.679343974219,2234.0
4838.679343974219,2667.0
50242.029876471504,2667.0
50242.029876471504,2555.0
50916.85485311319,2555.0
50916.85485311319,2667.0
80788.95630883054,2667.0
80788.95630883054,2555.0
83788.95630883054,2555.0
83788.95630883054,2667.0
86400.0,2667.0
# temp #8554
0.0,2234.0
38658.802917902365,2234.0
38658.802917902365,2429.0
38958.802917902365,2429.0
38958.802917902365,2234.0
42105.48082378228,2234.0
42105.48082378228,2667.0
70151.14317645786,2667.0
70151.14317645786,2555.0
86400.0,2555.0
# temp #8555
0.0,2234.0
30072.642921307128,2234.0
30072.642921307128,2555.0
31078.939759195786,2555.0
31078.939759195786,2667.0
31455.13178617694,2667.0
31455.13178617694,2555.0
31755.13178617694,2555.0
31755.13178617694,2667.0
35355.131786176935,2667.0
35355.131786176935,2555.0
36855.131786176935,2555.0
36855.131786176935,2429.0
46707.93736958877,2429.0
46707.93736958877,2234.0
64373.91733266414,2234.0
64373.91733266414,2667.0
66401.91897237675,2667.0
66401.91897237675,2883.0
83413.98596791552,2883.0
83413.98596791552,2667.0
86400.000002,2667.0
# temp #8556
0.0,2234.0
4532.419274607674,2234.0
4532.419274607674,2667.0
34826.30931995809,2667.0
34826.30931995809,2555.0
35202.1863645874,2555.0
35202.1863645874,2667.0
41313.92770805397,2667.0
41313.92770805397,2555.0
41913.92770805397,2555.0
41913.92770805397,2667.0
60548.780596721925,2667.0
60548.780596721925,2555.0
62429.52524470166,2555.0
62429.52524470166,2429.0
71635.04675624428,2429.0
71635.04675624428,2234.0
86400.000002,2234.0
# temp #8557
0.0,2234.0
11753.279525740074,2234.0
11753.279525740074,2883.0
13057.332003861668,2883.0
13057.332003861668,2667.0
21700.67410238553,2667.0
21700.67410238553,2883.0
40119.33716414497,2883.0
40119.33716414497,2429.0
40858.97147362121,2429.0
40858.97147362121,2234.0
64777.061991649694,2234.0
64777.061991649694,2429.0
71019.14506517352,2429.0
71019.14506517352,2555.0
86400.0,2555.0
# temp #8558
0.0,2234.0
615.1981372386217,2234.0
615.1981372386217,2667.0
1646.3976287283003,2667.0
1646.3976287283003,2555.0
2092.443356383592,2555.0
2092.443356383592,2667.0
11714.80165421963,2667.0
11714.80165421963,2555.0
12014.80165421963,2555.0
12014.80165421963,2429.0
16827.13828850538,2429.0
16827.13828850538,2555.0
20491.187421698127,2555.0
20491.187421698127,2667.0
47187.58488760796,2667.0
47187.58488760796,2234.0
65631.66320545135,2234.0
65631.66320545135,2429.0
73282.23999075127,2429.0
73282.23999075127,2883.0
86400.0,2883.0
# temp #8559
0.0,2234.0
70172.55651676097,2234.0
70172.55651676097,2555.0
74214.92749366445,2555.0
74214.92749366445,2667.0
84114.92749366445,2667.0
84114.92749366445,2555.0
86400.0,2555.0
# temp #8560
0.0,2234.0
1866.2676248000937,2234.0
1866.2676248000937,2555.0
28835.643999022435,2555.0
28835.643999022435,2429.0
47049.28336192389,2429.0
47049.28336192389,2234.0
52051.50633542799,2234.0
52051.50633542799,2429.0
64187.48452481815,2429.0
64187.48452481815,2234.0
75441.05797461235,2234.0
75441.05797461235,2667.0
86400.0,2667.0
# temp #8561
0.0,2234.0
3597.3555228905757,2234.0
3597.3555228905757,2667.0
19635.97800352145,2667.0
19635.97800352145,2555.0
20990.06941302214,2555.0
20990.06941302214,2667.0
43209.26438178868,2667.0
43209.26438178868,2555.0
46209.26438178868,2555.0
46209.26438178868,2667.0
72309.26438178867,2667.0
72309.26438178867,2883.0
86400.000002,2883.0
# temp #8562
0.0,2234.0
5805.990819004365,2234.0
5805.990819004365,2555.0
6717.580270604231,2555.0
6717.580270604231,2667.0
7055.122856260278,2667.0
7055.122856260278,2555.0
7355.122856260278,2555.0
7355.122856260278,2667.0
34055.12285626028,2667.0
34055.12285626028,2555.0
49955.12285626028,2555.0
49955.12285626028,2234.0
53555.12285626028,2234.0
53555.12285626028,2429.0
63455.12285626028,2429.0
63455.12285626028,2555.0
64055.12285626028,2555.0
64055.12285626028,2667.0
76355.12285626028,2667.0
76355.12285626028,2883.0
86400.000002,2883.0
# temp #8563
0.0,2234.0
12200.474455556834,2234.0
12200.474455556834,2883.0
12550.42476814706,2883.0
12550.42476814706,2667.0
18669.014892401177,2667.0
18669.014892401177,2883.0
47250.11457537768,2883.0
47250.11457537768,2429.0
55247.93466038538,2429.0
55247.93466038538,2883.0
85434.78768558709,2883.0
85434.78768558709,2429.0
86400.0,2429.0
# temp #8564
0.0,2234.0
19027.31691955123,2234.0
19027.31691955123,2429.0
19513.202400994487,2429.0
19513.202400994487,2234.0
20200.074146920815,2234.0
20200.074146920815,2429.0
23333.44462523237,2429.0
23333.44462523237,2234.0
23719.335108739324,2234.0
23719.335108739324,2429.0
24975.615982920863,2429.0
24975.615982920863,2555.0
26335.102489613928,2555.0
26335.102489613928,2429.0
26635.102489613928,2429.0
26635.102489613928,2555.0
28135.102489613928,2555.0
28135.102489613928,2429.0
38335.10248961393,2429.0
38335.10248961393,2234.0
86400.000002,2234.0
# temp #8565
0.0,2234.0
5636.784641048872,2234.0
5636.784641048872,2555.0
23973.009005351927,2555.0
23973.009005351927,2429.0
24321.9171427656,2429.0
24321.9171427656,2555.0
45470.27595215478,2555.0
45470.27595215478,2429.0
46618.8375057187,2429.0
46618.8375057187,2555.0
47137.31542504393,2555.0
47137.31542504393,2429.0
47437.31542504393,2429.0
47437.31542504393,2555.0
67837.31542504393,2555.0
67837.31542504393,2429.0
68137.31542504393,2429.0
68137.31542504393,2555.0
68737.31542504393,2555.0
68737.31542504393,2667.0
86400.000002,2667.0
# temp #8566
0.0,2234.0
23665.463382611055,2234.0
23665.463382611055,2429.0
23965.463382611055,2429.0
23965.463382611055,2234.0
30594.11896679085,2234.0
30594.11896679085,2429.0
60788.80644079765,2429.0
60788.80644079765,2555.0
66630.89589395096,2555.0
66630.89589395096,2667.0
86400.000002,2667.0
# temp #8567
0.0,2234.0
33918.25108614285,2234.0
33918.25108614285,2429.0
34399.35856852681,2429.0
34399.35856852681,2555.0
37130.493631772704,2555.0
37130.493631772704,2429.0
42465.835778228946,2429.0
42465.835778228946,2555.0
46176.452039647855,2555.0
46176.452039647855,2667.0
86400.000002,2667.0
# temp #8568
0.0,2234.0
8670.351726142691,2234.0
8670.351726142691,2667.0
46866.13472078462,2667.0
46866.13472078462,2555.0
48141.879404825166,2555.0
48141.879404825166,2667.0
75387.3820597306,2667.0
75387.3820597306,2555.0
75687.3820597306,2555.0
75687.3820597306,2429.0
86400.0,2429.0
# temp #8569
0.0,2234.0
5722.310600825586,2234.0
5722.310600825586,2667.0
6497.354605793954,2667.0
6497.354605793954,2555.0
7542.396648321302,2555.0
7542.396648321302,2667.0
13379.495354904795,2667.0
13379.495354904795,2555.0
13679.495354904795,2555.0
13679.495354904795,2667.0
14495.163112878801,2667.0
14495.163112878801,2555.0
15095.163112878801,2555.0
15095.163112878801,2667.0
29573.41979546473,2667.0
29573.41979546473,2555.0
42296.08008088545,2555.0
42296.08008088545,2667.0
61266.21500886978,2667.0
61266.21500886978,2883.0
86400.0,2883.0
# temp #8570
0.0,2234.0
1092.4269816605374,2234.0
1092.4269816605374,2667.0
10395.957845798695,2667.0
10395.957845798695,2555.0
10883.235282800162,2555.0
10883.235282800162,2667.0
41347.98364641611,2667.0
41347.98364641611,2555.0
41647.98364641611,2555.0
41647.98364641611,2667.0
41947.98364641611,2667.0
41947.98364641611,2555.0
45247.98364641611,2555.0
45247.98364641611,2667.0
70747.9836464161,2667.0
70747.9836464161,2883.0
86400.0,2883.0
# temp #8571
0.0,2234.0
20845.53784851451,2234.0
20845.53784851451,2429.0
21360.52313265391,2429.0
21360.52313265391,2234.0
22088.439250784,2234.0
22088.439250784,2429.0
26240.792333241556,2429.0
26240.792333241556,2234.0
33850.5368485814,2234.0
33850.5368485814,2429.0
34752.42328648456,2429.0
34752.42328648456,2234.0
43900.251223007224,2234.0
43900.251223007224,2667.0
44148.075824137784,2667.0
44148.075824137784,2555.0
61026.3126851991,2555.0
61026.3126851991,2667.0
86400.000002,2667.0
# temp #8572
0.0,2234.0
18618.78248853609,2234.0
18618.78248853609,2555.0
30817.249373719096,2555.0
30817.249373719096,2667.0
43018.669775663875,2667.0
43018.669775663875,2234.0
47784.77672261652,2234.0
47784.77672261652,2667.0
55097.97250698321,2667.0
55097.97250698321,2234.0
63492.380788293674,2234.0
63492.380788293674,2429.0
71522.44530266618,2429.0
71522.44530266618,2555.0
83522.07004905214,2555.0
83522.07004905214,2429.0
86400.0,2429.0
# temp #8573
0.0,2234.0
52973.69493367151,2234.0
52973.69493367151,2429.0
85073.6949336715,2429.0
85073.6949336715,2555.0
85373.6949336715,2555.0
85373.6949336715,2667.0
86400.0,2667.0
# temp #8574
0.0,2234.0
30005.009623314258,2234.0
30005.009623314258,2555.0
34215.160814509734,2555.0
34215.160814509734,2667.0
34743.68716010359,2667.0
34743.68716010359,2555.0
35043.68716010359,2555.0
35043.68716010359,2667.0
61743.68716010358,2667.0
61743.68716010358,2555.0
77643.68716010358,2555.0
77643.68716010358,2234.0
81243.68716010358,2234.0
81243.68716010358,2429.0
86400.0,2429.0
# temp #8575
0.0,2234.0
75100.04940947983,2234.0
75100.04940947983,2555.0
86321.36734973174,2555.0
86321.36734973174,2234.0
86400.000002,2234.0
# temp #8576
0.0,2234.0
58884.09802874085,2234.0
58884.09802874085,2555.0
59392.253219545826,2555.0
59392.253219545826,2429.0
76012.22875958774,2429.0
76012.22875958774,2234.0
76612.22875958774,2234.0
76612.22875958774,2429.0
86400.0,2429.0
# temp #8577
0.0,2234.0
72833.7585228961,2234.0
72833.7585228961,2555.0
86400.0,2555.0
# temp #8578
0.0,2234.0
61919.073856528856,2234.0
61919.073856528856,2555.0
64602.4840858765,2555.0
64602.4840858765,2429.0
65020.97659469583,2429.0
65020.97659469583,2555.0
70566.23340742664,2555.0
70566.23340742664,2429.0
71182.7776141232,2429.0
71182.7776141232,2234.0
86400.000002,2234.0
# temp #8579
0.0,2234.0
11592.688457574695,2234.0
11592.688457574695,2429.0
12192.688457574695,2429.0
12192.688457574695,2555.0
16506.08853539452,2555.0
16506.08853539452,2429.0
21327.80066197738,2429.0
21327.80066197738,2555.0
41901.170755410574,2555.0
41901.170755410574,2429.0
45451.35682825931,2429.0
45451.35682825931,2883.0
49122.899824334316,2883.0
49122.899824334316,2667.0
69960.18469235861,2667.0
69960.18469235861,2234.0
81281.58685611562,2234.0
81281.58685611562,2429.0
86400.0,2429.0
# temp #8580
0.0,2234.0
31144.528049882505,2234.0
31144.528049882505,2017.0
86400.0,2017.0
# temp #8581
0.0,2234.0
16405.963013484146,2234.0
16405.963013484146,2883.0
27505.963013484146,2883.0
27505.963013484146,2555.0
28541.07663582545,2555.0
28541.07663582545,2667.0
77506.03193209974,2667.0
77506.03193209974,2883.0
86400.0,2883.0
# temp #8582
0.0,2234.0
6382.613620092162,2234.0
6382.613620092162,2883.0
6739.29178880062,2883.0
6739.29178880062,2667.0
16269.12265594583,2667.0
16269.12265594583,2883.0
16804.03192655649,2883.0
16804.03192655649,2667.0
41105.93443766702,2667.0
41105.93443766702,2555.0
43054.685136233464,2555.0
43054.685136233464,2429.0
53738.761907536544,2429.0
53738.761907536544,2234.0
54144.11177225412,2234.0
54144.11177225412,2667.0
73711.4463689737,2667.0
73711.4463689737,2883.0
86400.0,2883.0
# temp #8583
0.0,2234.0
30900.745112914596,2234.0
30900.745112914596,2555.0
43815.98787093536,2555.0
43815.98787093536,2667.0
52855.67484714557,2667.0
52855.67484714557,2555.0
63509.151257341735,2555.0
63509.151257341735,2429.0
64690.029144496664,2429.0
64690.029144496664,2234.0
79351.75400397276,2234.0
79351.75400397276,2667.0
86400.0,2667.0
# temp #8584
0.0,2234.0
8396.088814619,2234.0
8396.088814619,2667.0
30178.75655335375,2667.0
30178.75655335375,2555.0
31028.24675333687,2555.0
31028.24675333687,2667.0
64195.926762325704,2667.0
64195.926762325704,2555.0
64495.926762325704,2555.0
64495.926762325704,2667.0
65290.77183399351,2667.0
65290.77183399351,2555.0
65890.77183399351,2555.0
65890.77183399351,2667.0
85216.4781564614,2667.0
85216.4781564614,2555.0
86400.000002,2555.0
# temp #8585
0.0,2234.0
39848.59111458064,2234.0
39848.59111458064,2555.0
42553.20340627805,2555.0
42553.20340627805,2667.0
42894.474634272054,2667.0
42894.474634272054,2555.0
43194.474634272054,2555.0
43194.474634272054,2667.0
46794.474634272054,2667.0
46794.474634272054,2555.0
48294.474634272054,2555.0
48294.474634272054,2429.0
67601.52283678764,2429.0
67601.52283678764,2234.0
78904.61869672874,2234.0
78904.61869672874,2667.0
86400.000002,2667.0
# temp #8586
0.0,2234.0
37884.539740160115,2234.0
37884.539740160115,2429.0
38184.539740160115,2429.0
38184.539740160115,2234.0
48931.17519356311,2234.0
48931.17519356311,2429.0
67708.40528130067,2429.0
67708.40528130067,2555.0
86400.000002,2555.0
# temp #8587
0.0,2234.0
52822.921838401824,2234.0
52822.921838401824,2555.0
86115.84156726023,2555.0
86115.84156726023,2429.0
86400.0,2429.0
# temp #8588
0.0,2234.0
54773.86832011399,2234.0
54773.86832011399,2429.0
55372.629526583485,2429.0
55372.629526583485,2555.0
57555.290892301135,2555.0
57555.290892301135,2429.0
64832.84008952324,2429.0
64832.84008952324,2555.0
72746.93910770585,2555.0
72746.93910770585,2667.0
86400.0,2667.0
# temp #8589
0.0,2234.0
58104.824428120635,2234.0
58104.824428120635,2429.0
86400.0,2429.0
# temp #8590
0.0,2234.0
33468.086988315925,2234.0
33468.086988315925,2555.0
48358.11835953501,2555.0
48358.11835953501,2429.0
48823.226439789876,2429.0
48823.226439789876,2555.0
71762.86626001821,2555.0
71762.86626001821,2429.0
72208.04452830927,2429.0
72208.04452830927,2555.0
72790.71638658644,2555.0
72790.71638658644,2429.0
73090.71638658644,2429.0
73090.71638658644,2555.0
73390.71638658644,2555.0
73390.71638658644,2429.0
73990.71638658644,2429.0
73990.71638658644,2555.0
75290.80594629051,2555.0
75290.80594629051,2429.0
86400.0,2429.0
# temp #8591
0.0,2234.0
2915.639512497001,2234.0
2915.639512497001,2667.0
4514.441542653368,2667.0
4514.441542653368,2555.0
5772.217206610368,2555.0
5772.217206610368,2667.0
32323.10788384639,2667.0
32323.10788384639,2555.0
32623.10788384639,2555.0
32623.10788384639,2429.0
53281.015981198296,2429.0
53281.015981198296,2555.0
55006.42788112164,2555.0
55006.42788112164,2429.0
86400.000002,2429.0
# temp #8592
0.0,2234.0
17288.881371100437,2234.0
17288.881371100437,2883.0
19038.903674483303,2883.0
19038.903674483303,2667.0
23970.320738595914,2667.0
23970.320738595914,2883.0
43362.793130264625,2883.0
43362.793130264625,2667.0
62657.91151619052,2667.0
62657.91151619052,2883.0
78288.61096662005,2883.0
78288.61096662005,2667.0
86400.000002,2667.0
# temp #8593
0.0,2234.0
16419.532471778803,2234.0
16419.532471778803,2429.0
17018.24856628664,2429.0
17018.24856628664,2555.0
21818.4562463779,2555.0
21818.4562463779,2429.0
44454.353915085085,2429.0
44454.353915085085,2234.0
52569.0049747238,2234.0
52569.0049747238,2667.0
86400.0,2667.0
# temp #8594
0.0,2234.0
38788.421150087386,2234.0
38788.421150087386,2429.0
39386.7253293749,2429.0
39386.7253293749,2555.0
43571.25744237565,2555.0
43571.25744237565,2429.0
47576.70489961748,2429.0
47576.70489961748,2555.0
68800.81096412615,2555.0
68800.81096412615,2429.0
86400.000002,2429.0
# temp #8595
0.0,2234.0
49255.90358690825,2234.0
49255.90358690825,2555.0
62028.145781136125,2555.0
62028.145781136125,2429.0
62358.94512995147,2429.0
62358.94512995147,2555.0
66490.27361122427,2555.0
66490.27361122427,2429.0
67977.08932680545,2429.0
67977.08932680545,2555.0
69435.95359639732,2555.0
69435.95359639732,2429.0
86400.0,2429.0
# temp #8596
0.0,2234.0
71332.05881877804,2234.0
71332.05881877804,2555.0
79202.6136500761,2555.0
79202.6136500761,2429.0
79768.01017806867,2429.0
79768.01017806867,2555.0
80557.22920338159,2555.0
80557.22920338159,2429.0
82039.56881084015,2429.0
82039.56881084015,2555.0
82648.78270786723,2555.0
82648.78270786723,2429.0
82948.78270786723,2429.0
82948.78270786723,2555.0
83248.78270786723,2555.0
83248.78270786723,2429.0
83848.78270786723,2429.0
83848.78270786723,2555.0
84924.3816637667,2555.0
84924.3816637667,2429.0
86400.000002,2429.0
# temp #8597
0.0,2234.0
5602.783464104869,2234.0
5602.783464104869,2555.0
16219.665393163454,2555.0
16219.665393163454,2429.0
60839.391629328034,2429.0
60839.391629328034,2234.0
61439.391629328034,2234.0
61439.391629328034,2429.0
63839.391629328034,2429.0
63839.391629328034,2555.0
74039.39162932803,2555.0
74039.39162932803,2667.0
86400.0,2667.0
# temp #8598
0.0,2234.0
1687.0631750905889,2234.0
1687.0631750905889,2555.0
12057.486981642434,2555.0
12057.486981642434,2429.0
35481.330509972766,2429.0
35481.330509972766,2234.0
35781.330509972766,2234.0
35781.330509972766,2017.0
54298.19604114165,2017.0
54298.19604114165,2883.0
54871.98642196601,2883.0
54871.98642196601,2429.0
59622.43067405654,2429.0
59622.43067405654,2555.0
86400.0,2555.0
# temp #8599
0.0,2234.0
26239.415578264747,2234.0
26239.415578264747,2429.0
26786.95421861485,2429.0
26786.95421861485,2555.0
31372.952241171155,2555.0
31372.952241171155,2429.0
71862.95696189629,2429.0
71862.95696189629,2883.0
86400.000002,2883.0
# temp #8600
0.0,2234.0
7105.017215316186,2234.0
7105.017215316186,2667.0
29240.876403939918,2667.0
29240.876403939918,2555.0
29970.909759798094,2555.0
29970.909759798094,2429.0
43300.66113125068,2429.0
43300.66113125068,2555.0
50239.38938544598,2555.0
50239.38938544598,2667.0
80437.68899759745,2667.0
80437.68899759745,2555.0
86400.0,2555.0
# temp #8601
0.0,2234.0
6920.7411874551335,2234.0
6920.7411874551335,2429.0
7220.7411874551335,2429.0
7220.7411874551335,2234.0
18468.333183461804,2234.0
18468.333183461804,2667.0
47120.50952143037,2667.0
47120.50952143037,2555.0
47514.46628761479,2555.0
47514.46628761479,2429.0
48043.75193542802,2429.0
48043.75193542802,2883.0
81097.40749115593,2883.0
81097.40749115593,2429.0
86400.000002,2429.0
# temp #8602
0.0,2234.0
76462.46696838645,2234.0
76462.46696838645,2555.0
79370.92326914427,2555.0
79370.92326914427,2667.0
85670.92326914427,2667.0
85670.92326914427,2555.0
86400.000002,2555.0
# temp #8603
0.0,2234.0
75478.02124866286,2234.0
75478.02124866286,2883.0
77878.02124866286,2883.0
77878.02124866286,2667.0
86400.0,2667.0
# temp #8604
0.0,2234.0
2418.398462422192,2234.0
2418.398462422192,2883.0
13518.398462422192,2883.0
13518.398462422192,2555.0
24292.175353411585,2555.0
24292.175353411585,2667.0
38540.37708195392,2667.0
38540.37708195392,2555.0
50465.44593956788,2555.0
50465.44593956788,2667.0
85740.15352260323,2667.0
85740.15352260323,2555.0
86400.0,2555.0
# temp #8605
0.0,2234.0
43892.00294448529,2234.0
43892.00294448529,2555.0
45785.64244166483,2555.0
45785.64244166483,2667.0
46278.439586050816,2667.0
46278.439586050816,2555.0
52278.439586050816,2555.0
52278.439586050816,2429.0
54678.439586050816,2429.0
54678.439586050816,2234.0
58278.439586050816,2234.0
58278.439586050816,2429.0
59478.439586050816,2429.0
59478.439586050816,2234.0
65178.439586050816,2234.0
65178.439586050816,2429.0
86400.0,2429.0
# temp #8606
0.0,2234.0
1694.14843688719,2234.0
1694.14843688719,2667.0
34524.14540012833,2667.0
34524.14540012833,2555.0
35930.84424629342,2555.0
35930.84424629342,2429.0
59601.82428918779,2429.0
59601.82428918779,2555.0
84230.05215337034,2555.0
84230.05215337034,2429.0
86400.0,2429.0
# temp #8607
0.0,2234.0
4652.560232416728,2234.0
4652.560232416728,2667.0
30393.21240484715,2667.0
30393.21240484715,2555.0
31421.25269249082,2555.0
31421.25269249082,2667.0
47528.07672824711,2667.0
47528.07672824711,2555.0
47828.07672824711,2555.0
47828.07672824711,2429.0
48658.57991511003,2429.0
48658.57991511003,2555.0
54449.99852052425,2555.0
54449.99852052425,2429.0
81134.00109834039,2429.0
81134.00109834039,2555.0
86400.0,2555.0
# temp #8608
0.0,2234.0
2803.046011109837,2234.0
2803.046011109837,2667.0
16721.697104838677,2667.0
16721.697104838677,2555.0
17819.821384199895,2555.0
17819.821384199895,2429.0
38751.63718645927,2429.0
38751.63718645927,2555.0
60628.97844747642,2555.0
60628.97844747642,2429.0
86400.000002,2429.0
# temp #8609
0.0,2234.0
15040.051314700399,2234.0
15040.051314700399,2883.0
15685.746180731807,2883.0
15685.746180731807,2667.0
22985.368246072907,2667.0
22985.368246072907,2883.0
31823.593056527905,2883.0
31823.593056527905,2667.0
62905.30748041348,2667.0
62905.30748041348,2555.0
86400.0,2555.0
# temp #8610
0.0,2234.0
2256.617072434165,2234.0
2256.617072434165,2667.0
5161.559991328978,2667.0
5161.559991328978,2555.0
6093.687791260892,2555.0
6093.687791260892,2429.0
26455.77010251582,2429.0
26455.77010251582,2555.0
46354.14253128693,2555.0
46354.14253128693,2667.0
47371.88037266024,2667.0
47371.88037266024,2555.0
57893.67626435124,2555.0
57893.67626435124,2667.0
62804.957169829875,2667.0
62804.957169829875,2555.0
71991.2628860213,2555.0
71991.2628860213,2429.0
86400.0,2429.0
# temp #8611
0.0,2234.0
36757.569317752495,2234.0
36757.569317752495,2883.0
39157.569317752495,2883.0
39157.569317752495,2667.0
52520.751960156485,2667.0
52520.751960156485,2234.0
68185.26466093026,2234.0
68185.26466093026,2667.0
80013.88206866104,2667.0
80013.88206866104,2555.0
82552.86078373903,2555.0
82552.86078373903,2429.0
86400.0,2429.0
# temp #8612
0.0,2234.0
17336.834785365503,2234.0
17336.834785365503,2883.0
28436.834785365503,2883.0
28436.834785365503,2555.0
29592.575282882903,2555.0
29592.575282882903,2429.0
43915.78717099038,2429.0
43915.78717099038,2234.0
73905.69944030141,2234.0
73905.69944030141,2429.0
76185.24055865129,2429.0
76185.24055865129,2667.0
85052.9787842883,2667.0
85052.9787842883,2234.0
86400.0,2234.0
# temp #8613
0.0,2234.0
17063.99041435216,2234.0
17063.99041435216,2555.0
36119.47491781321,2555.0
36119.47491781321,2429.0
36555.65799695906,2429.0
36555.65799695906,2555.0
51772.920001368046,2555.0
51772.920001368046,2429.0
52085.1245547412,2429.0
52085.1245547412,2555.0
52812.921419623315,2555.0
52812.921419623315,2429.0
53112.921419623315,2429.0
53112.921419623315,2555.0
54612.921419623315,2555.0
54612.921419623315,2429.0
64812.921419623315,2429.0
64812.921419623315,2234.0
86400.0,2234.0
# temp #8614
0.0,2234.0
25967.46077772696,2234.0
25967.46077772696,2429.0
32867.460777726956,2429.0
32867.460777726956,2555.0
34667.460777726956,2555.0
34667.460777726956,2429.0
47567.460777726956,2429.0
47567.460777726956,2234.0
47867.460777726956,2234.0
47867.460777726956,2017.0
48167.460777726956,2017.0
48167.460777726956,2234.0
48467.460777726956,2234.0
48467.460777726956,2017.0
69429.33654317167,2017.0
69429.33654317167,2234.0
71994.01258954314,2234.0
71994.01258954314,2667.0
83015.16434994993,2667.0
83015.16434994993,2234.0
86400.0,2234.0
# temp #8615
0.0,2234.0
8473.923042789103,2234.0
8473.923042789103,2667.0
14348.200690350499,2667.0
14348.200690350499,2555.0
14931.867721653547,2555.0
14931.867721653547,2429.0
29882.577706337914,2429.0
29882.577706337914,2555.0
35062.137514119975,2555.0
35062.137514119975,2429.0
50216.16557647941,2429.0
50216.16557647941,2555.0
69804.65860550759,2555.0
69804.65860550759,2667.0
86400.0,2667.0
# temp #8616
0.0,2234.0
65790.55725177751,2234.0
65790.55725177751,2555.0
86400.0,2555.0
# temp #8617
0.0,2234.0
1958.7228196207436,2234.0
1958.7228196207436,2017.0
6474.45357986726,2017.0
6474.45357986726,2234.0
36839.23503519036,2234.0
36839.23503519036,2017.0
58495.96522157081,2017.0
58495.96522157081,2234.0
86400.0,2234.0
# temp #8618
0.0,2234.0
2205.979840247892,2234.0
2205.979840247892,2555.0
2612.326475791633,2555.0
2612.326475791633,2667.0
8912.326475791633,2667.0
8912.326475791633,2555.0
10112.326475791633,2555.0
10112.326475791633,2429.0
53312.32647579163,2429.0
53312.32647579163,2234.0
54550.37971367128,2234.0
54550.37971367128,2429.0
81567.70664169453,2429.0
81567.70664169453,2234.0
86400.000002,2234.0
# temp #8619
0.0,2234.0
5955.146803962999,2234.0
5955.146803962999,2667.0
10088.957241293974,2667.0
10088.957241293974,2555.0
10999.293355015108,2555.0
10999.293355015108,2667.0
19345.166864013303,2667.0
19345.166864013303,2555.0
19945.166864013303,2555.0
19945.166864013303,2667.0
38387.25280012005,2667.0
38387.25280012005,2555.0
39054.02421648615,2555.0
39054.02421648615,2429.0
43551.11763991882,2429.0
43551.11763991882,2555.0
63392.26230711212,2555.0
63392.26230711212,2429.0
79732.52670394724,2429.0
79732.52670394724,2555.0
86400.0,2555.0
# temp #8620
0.0,2234.0
7253.021091548728,2234.0
7253.021091548728,2667.0
42302.198403258815,2667.0
42302.198403258815,2555.0
43048.731567640796,2555.0
43048.731567640796,2667.0
79320.10164249224,2667.0
79320.10164249224,2555.0
79920.10164249224,2555.0
79920.10164249224,2667.0
86400.000002,2667.0
# temp #8621
0.0,2234.0
52640.2608155273,2234.0
52640.2608155273,2555.0
68924.36485723594,2555.0
68924.36485723594,2429.0
86400.0,2429.0
# temp #8622
0.0,2234.0
39231.64522983134,2234.0
39231.64522983134,2555.0
43591.76574060694,2555.0
43591.76574060694,2667.0
51043.450166657574,2667.0
51043.450166657574,2234.0
85117.24987160416,2234.0
85117.24987160416,2429.0
86400.0,2429.0
# temp #8623
0.0,2234.0
51765.02615916543,2234.0
51765.02615916543,2883.0
54165.02615916543,2883.0
54165.02615916543,2667.0
54959.70488071907,2667.0
54959.70488071907,2555.0
75549.24220447429,2555.0
75549.24220447429,2429.0
80483.54723146185,2429.0
80483.54723146185,2234.0
86400.0,2234.0
# temp #8624
0.0,2234.0
17391.27813507803,2234.0
17391.27813507803,2883.0
17807.981805084277,2883.0
17807.981805084277,2667.0
26615.619319584224,2667.0
26615.619319584224,2883.0
62560.824855160914,2883.0
62560.824855160914,2429.0
63616.5759177413,2429.0
63616.5759177413,2234.0
68299.91598618218,2234.0
68299.91598618218,2667.0
86400.000002,2667.0
# temp #8625
0.0,2234.0
73165.96898837015,2234.0
73165.96898837015,2555.0
78892.24234591238,2555.0
78892.24234591238,2234.0
81392.88080851547,2234.0
81392.88080851547,2667.0
86400.000002,2667.0
# temp #8626
0.0,2234.0
61280.6751575321,2234.0
61280.6751575321,2555.0
86400.000002,2555.0
# temp #8627
0.0,2234.0
70501.71721265653,2234.0
70501.71721265653,2555.0
86400.000002,2555.0
# temp #8628
0.0,2234.0
59337.08482508083,2234.0
59337.08482508083,2555.0
62087.255066656515,2555.0
62087.255066656515,2667.0
71987.25506665651,2667.0
71987.25506665651,2555.0
74887.30898837095,2555.0
74887.30898837095,2429.0
86400.000002,2429.0
# temp #8629
0.0,2234.0
3103.8712823297833,2234.0
3103.8712823297833,2667.0
26432.538262777965,2667.0
26432.538262777965,2555.0
27113.91929027159,2555.0
27113.91929027159,2667.0
43103.4120322438,2667.0
43103.4120322438,2555.0
43403.4120322438,2555.0
43403.4120322438,2667.0
43703.4120322438,2667.0
43703.4120322438,2555.0
47003.4120322438,2555.0
47003.4120322438,2667.0
72503.4120322438,2667.0
72503.4120322438,2883.0
86400.0,2883.0
# temp #8630
0.0,2234.0
52359.04140947387,2234.0
52359.04140947387,2555.0
56043.50551126991,2555.0
56043.50551126991,2667.0
56498.637109994896,2667.0
56498.637109994896,2555.0
62498.637109994896,2555.0
62498.637109994896,2429.0
64898.637109994896,2429.0
64898.637109994896,2234.0
68498.6371099949,2234.0
68498.6371099949,2429.0
69698.6371099949,2429.0
69698.6371099949,2234.0
75398.6371099949,2234.0
75398.6371099949,2429.0
86400.0,2429.0
# temp #8631
0.0,2234.0
6024.903567926959,2234.0
6024.903567926959,2555.0
32330.73879629374,2555.0
32330.73879629374,2429.0
56825.09524896742,2429.0
56825.09524896742,2234.0
57125.09524896742,2234.0
57125.09524896742,2017.0
83096.8439777149,2017.0
83096.8439777149,2555.0
86400.0,2555.0
# temp #8632
0.0,2234.0
79721.18111725432,2234.0
79721.18111725432,2555.0
86400.000002,2555.0
# temp #8633
0.0,2234.0
70044.029065012,2234.0
70044.029065012,2883.0
72444.029065012,2883.0
72444.029065012,2667.0
72825.51924178842,2667.0
72825.51924178842,2555.0
80181.37703847606,2555.0
80181.37703847606,2667.0
86400.0,2667.0
# temp #8634
0.0,2234.0
37365.88623449207,2234.0
37365.88623449207,2429.0
37965.88623449207,2429.0
37965.88623449207,2555.0
40746.37559875847,2555.0
40746.37559875847,2429.0
51441.27027809155,2429.0
51441.27027809155,2234.0
86154.77115183604,2234.0
86154.77115183604,2429.0
86400.000002,2429.0
# temp #8635
0.0,2234.0
11104.464789340274,2234.0
11104.464789340274,2429.0
11672.05090080388,2429.0
11672.05090080388,2555.0
12223.970341729002,2555.0
12223.970341729002,2429.0
20433.0864465097,2429.0
20433.0864465097,2555.0
43969.22306434718,2555.0
43969.22306434718,2429.0
76234.72328656355,2429.0
76234.72328656355,2555.0
78261.28716466484,2555.0
78261.28716466484,2429.0
86400.0,2429.0
# temp #8636
0.0,2234.0
4877.914294484072,2234.0
4877.914294484072,2667.0
37315.40608308278,2667.0
37315.40608308278,2555.0
38796.08589853161,2555.0
38796.08589853161,2667.0
46937.91704289616,2667.0
46937.91704289616,2555.0
47537.91704289616,2555.0
47537.91704289616,2667.0
61930.62878698111,2667.0
61930.62878698111,2555.0
64375.31036697329,2555.0
64375.31036697329,2429.0
81005.62156357337,2429.0
81005.62156357337,2234.0
86400.000002,2234.0
# temp #8637
0.0,2234.0
34774.144648388035,2234.0
34774.144648388035,2429.0
35286.39737970662,2429.0
35286.39737970662,2234.0
36115.05697018002,2234.0
36115.05697018002,2429.0
40632.5803272659,2429.0
40632.5803272659,2234.0
44071.30525158719,2234.0
44071.30525158719,2429.0
44876.186853088446,2429.0
44876.186853088446,2555.0
45722.03152924777,2555.0
45722.03152924777,2429.0
46022.03152924777,2429.0
46022.03152924777,2555.0
46322.03152924777,2555.0
46322.03152924777,2429.0
46922.03152924777,2429.0
46922.03152924777,2555.0
49703.68537008763,2555.0
49703.68537008763,2429.0
73493.15657007975,2429.0
73493.15657007975,2555.0
76574.55312456006,2555.0
76574.55312456006,2429.0
86400.0,2429.0
# temp #8638
0.0,2234.0
83186.83921848425,2234.0
83186.83921848425,2555.0
86400.0,2555.0
# temp #8639
0.0,2234.0
32508.26607460622,2234.0
32508.26607460622,2429.0
33008.375852345496,2429.0
33008.375852345496,2555.0
33337.35384622124,2555.0
33337.35384622124,2429.0
37428.640751447536,2429.0
37428.640751447536,2555.0
69502.01518605465,2555.0
69502.01518605465,2429.0
70814.87006689423,2429.0
70814.87006689423,2883.0
86400.000002,2883.0
# temp #8640
0.0,2234.0
15059.763248381209,2234.0
15059.763248381209,2883.0
16212.849335535433,2883.0
16212.849335535433,2667.0
20487.814817670736,2667.0
20487.814817670736,2883.0
29645.826771506116,2883.0
29645.826771506116,2429.0
63704.998435685426,2429.0
63704.998435685426,2555.0
77733.26239292511,2555.0
77733.26239292511,2667.0
86400.0,2667.0
# temp #8641
0.0,2234.0
56867.784661240876,2234.0
56867.784661240876,2555.0
64018.579941568896,2555.0
64018.579941568896,2234.0
86400.000002,2234.0
# temp #8642
0.0,2234.0
3976.779517228716,2234.0
3976.779517228716,2667.0
17044.051583320837,2667.0
17044.051583320837,2555.0
18218.386186868887,2555.0
18218.386186868887,2667.0
31868.58152642381,2667.0
31868.58152642381,2555.0
32168.58152642381,2555.0
32168.58152642381,2667.0
32847.19461640344,2667.0
32847.19461640344,2555.0
33447.19461640344,2555.0
33447.19461640344,2667.0
59315.53755216301,2667.0
59315.53755216301,2555.0
63532.55238484126,2555.0
63532.55238484126,2429.0
78791.66696418544,2429.0
78791.66696418544,2555.0
79192.91384008249,2555.0
79192.91384008249,2429.0
86400.000002,2429.0
# temp #8643
0.0,2234.0
43963.05454610848,2234.0
43963.05454610848,2555.0
52511.09377867543,2555.0
52511.09377867543,2429.0
52983.483161847114,2429.0
52983.483161847114,2555.0
60477.22300691531,2555.0
60477.22300691531,2429.0
61548.03893740755,2429.0
61548.03893740755,2234.0
86400.000002,2234.0
# temp #8644
0.0,2234.0
20947.6808837615,2234.0
20947.6808837615,2429.0
53047.680883761495,2429.0
53047.680883761495,2555.0
53347.680883761495,2555.0
53347.680883761495,2667.0
86400.0,2667.0
# temp #8645
0.0,2234.0
46141.08428377659,2234.0
46141.08428377659,2555.0
79224.31309574751,2555.0
79224.31309574751,2429.0
86400.0,2429.0
# temp #8646
0.0,2234.0
33291.42207037658,2234.0
33291.42207037658,2017.0
55393.093597004205,2017.0
55393.093597004205,2234.0
72963.00106993878,2234.0
72963.00106993878,2017.0
86400.0,2017.0
# temp #8647
0.0,2234.0
62333.11066764873,2234.0
62333.11066764873,2555.0
70059.84467135278,2555.0
70059.84467135278,2429.0
70442.92093261612,2429.0
70442.92093261612,2555.0
75250.91969878414,2555.0
75250.91969878414,2429.0
75939.3554755021,2429.0
75939.3554755021,2555.0
76533.760581119,2555.0
76533.760581119,2429.0
76833.760581119,2429.0
76833.760581119,2555.0
78333.760581119,2555.0
78333.760581119,2429.0
86400.0,2429.0
# temp #8648
0.0,2234.0
17740.749854897153,2234.0
17740.749854897153,2883.0
19477.539195469584,2883.0
19477.539195469584,2667.0
24560.296711139385,2667.0
24560.296711139385,2883.0
58257.858224725365,2883.0
58257.858224725365,2429.0
86400.000002,2429.0
# temp #8649
0.0,2234.0
7395.62267737929,2234.0
7395.62267737929,2667.0
42420.20114350599,2667.0
42420.20114350599,2555.0
43438.84790714365,2555.0
43438.84790714365,2429.0
70521.27707898618,2429.0
70521.27707898618,2555.0
76663.297665515,2555.0
76663.297665515,2429.0
86400.000002,2429.0
# temp #8650
0.0,2234.0
18171.027234708894,2234.0
18171.027234708894,2883.0
19108.647224865857,2883.0
19108.647224865857,2667.0
25754.128014296297,2667.0
25754.128014296297,2883.0
51525.532423518605,2883.0
51525.532423518605,2429.0
73119.6151772747,2429.0
73119.6151772747,2555.0
86400.0,2555.0
# temp #8651
0.0,2234.0
55890.95681165346,2234.0
55890.95681165346,2555.0
76050.67171482371,2555.0
76050.67171482371,2429.0
76544.76782118437,2429.0
76544.76782118437,2555.0
86400.000002,2555.0
# temp #8652
0.0,2234.0
11344.776700437069,2234.0
11344.776700437069,2017.0
52410.68235472777,2017.0
52410.68235472777,2234.0
82600.68784109318,2234.0
82600.68784109318,2017.0
86400.0,2017.0
# temp #8653
0.0,2234.0
2778.2578214071696,2234.0
2778.2578214071696,2667.0
20282.62978596613,2667.0
20282.62978596613,2555.0
20951.987347472463,2555.0
20951.987347472463,2667.0
26803.743373160254,2667.0
26803.743373160254,2555.0
27103.743373160254,2555.0
27103.743373160254,2667.0
27403.743373160254,2667.0
27403.743373160254,2555.0
30703.743373160254,2555.0
30703.743373160254,2667.0
56203.74337316025,2667.0
56203.74337316025,2883.0
86400.000002,2883.0
# temp #8654
0.0,2234.0
6599.466751352885,2234.0
6599.466751352885,2667.0
11759.374081576245,2667.0
11759.374081576245,2555.0
12604.99040563591,2555.0
12604.99040563591,2667.0
23541.59309752286,2667.0
23541.59309752286,2555.0
23841.59309752286,2555.0
23841.59309752286,2667.0
24721.206759405326,2667.0
24721.206759405326,2555.0
25321.206759405326,2555.0
25321.206759405326,2667.0
40565.26734496002,2667.0
40565.26734496002,2883.0
71526.26450196841,2883.0
71526.26450196841,2429.0
74486.19722784498,2429.0
74486.19722784498,2234.0
86400.0,2234.0
# temp #8655
0.0,2234.0
54140.90365483426,2234.0
54140.90365483426,2883.0
56540.90365483426,2883.0
56540.90365483426,2667.0
57899.681455129765,2667.0
57899.681455129765,2883.0
78639.21343954281,2883.0
78639.21343954281,2429.0
86400.000002,2429.0
# temp #8656
0.0,2234.0
26122.176782134924,2234.0
26122.176782134924,2017.0
56981.290467409424,2017.0
56981.290467409424,2234.0
75797.79259781355,2234.0
75797.79259781355,2017.0
78995.34134063871,2017.0
78995.34134063871,2234.0
80561.03861778976,2234.0
80561.03861778976,2017.0
86400.0,2017.0
# temp #8657
0.0,2234.0
997.8479269193487,2234.0
997.8479269193487,2667.0
20375.828891247515,2667.0
20375.828891247515,2555.0
21800.445019640032,2555.0
21800.445019640032,2429.0
49628.33151211963,2429.0
49628.33151211963,2883.0
51462.98865017016,2883.0
51462.98865017016,2429.0
52537.727665482096,2429.0
52537.727665482096,2234.0
66266.03085449898,2234.0
66266.03085449898,2667.0
86400.0,2667.0
# temp #8658
0.0,2234.0
22403.722999873575,2234.0
22403.722999873575,2429.0
22781.64320108481,2429.0
22781.64320108481,2234.0
23452.175180381168,2234.0
23452.175180381168,2429.0
26243.433256633583,2429.0
26243.433256633583,2234.0
40435.989946662456,2234.0
40435.989946662456,2429.0
41058.7528979173,2429.0
41058.7528979173,2555.0
41821.219463157475,2555.0
41821.219463157475,2429.0
42121.219463157475,2429.0
42121.219463157475,2555.0
43621.219463157475,2555.0
43621.219463157475,2429.0
53821.219463157475,2429.0
53821.219463157475,2234.0
86400.000002,2234.0
# temp #8659
0.0,2234.0
18505.24464296177,2234.0
18505.24464296177,2429.0
19105.24464296177,2429.0
19105.24464296177,2555.0
20048.791802767668,2555.0
20048.791802767668,2429.0
46740.999071812264,2429.0
46740.999071812264,2555.0
53286.48792807945,2555.0
53286.48792807945,2667.0
66034.44093251602,2667.0
66034.44093251602,2555.0
84558.7298032595,2555.0
84558.7298032595,2429.0
86400.000002,2429.0
# temp #8660
0.0,2234.0
54543.657145905316,2234.0
54543.657145905316,2555.0
57764.44246927277,2555.0
57764.44246927277,2667.0
67664.44246927276,2667.0
67664.44246927276,2555.0
69288.57841612773,2555.0
69288.57841612773,2429.0
86400.0,2429.0
# temp #8661
0.0,2234.0
762.307261233218,2234.0
762.307261233218,2667.0
31469.7366547538,2667.0
31469.7366547538,2555.0
32681.164449895736,2555.0
32681.164449895736,2667.0
43270.281611429535,2667.0
43270.281611429535,2555.0
43570.281611429535,2555.0
43570.281611429535,2667.0
44269.86372442917,2667.0
44269.86372442917,2555.0
44869.86372442917,2555.0
44869.86372442917,2667.0
80913.85814168026,2667.0
80913.85814168026,2555.0
86400.000002,2555.0
# temp #8662
0.0,2234.0
43323.08803279885,2234.0
43323.08803279885,2429.0
43623.08803279885,2429.0
43623.08803279885,2234.0
62449.17362756097,2234.0
62449.17362756097,2667.0
86400.000002,2667.0
# temp #8663
0.0,2234.0
81603.7142916117,2234.0
81603.7142916117,2555.0
86400.000002,2555.0
# temp #8664
0.0,2234.0
46699.91277570371,2234.0
46699.91277570371,2429.0
78799.9127757037,2429.0
78799.9127757037,2555.0
79099.9127757037,2555.0
79099.9127757037,2667.0
86400.000002,2667.0
# temp #8665
0.0,2234.0
1016.7822256218643,2234.0
1016.7822256218643,2667.0
17702.763148793023,2667.0
17702.763148793023,2555.0
18164.236051985066,2555.0
18164.236051985066,2429.0
51625.151159288376,2429.0
51625.151159288376,2555.0
70113.97201479414,2555.0
70113.97201479414,2667.0
86400.000002,2667.0
# temp #8666
0.0,2234.0
34149.37595205848,2234.0
34149.37595205848,2555.0
46875.214430666536,2555.0
46875.214430666536,2429.0
72124.75966138301,2429.0
72124.75966138301,2234.0
72724.75966138301,2234.0
72724.75966138301,2429.0
75124.75966138301,2429.0
75124.75966138301,2555.0
85324.75966138301,2555.0
85324.75966138301,2667.0
86400.000002,2667.0
# temp #8667
0.0,2234.0
43135.61350819655,2234.0
43135.61350819655,2883.0
45535.61350819655,2883.0
45535.61350819655,2667.0
49877.06685473677,2667.0
49877.06685473677,2555.0
67943.00151674543,2555.0
67943.00151674543,2429.0
86400.0,2429.0
# temp #8668
0.0,2234.0
1018.8067393843086,2234.0
1018.8067393843086,2667.0
23030.7388472138,2667.0
23030.7388472138,2555.0
24421.008723112758,2555.0
24421.008723112758,2667.0
50644.73793972284,2667.0
50644.73793972284,2555.0
50944.73793972284,2555.0
50944.73793972284,2429.0
61944.59272942041,2429.0
61944.59272942041,2234.0
82532.73483789527,2234.0
82532.73483789527,2429.0
86400.0,2429.0
# temp #8669
0.0,2234.0
50885.12693310623,2234.0
50885.12693310623,2429.0
51337.23405541387,2429.0
51337.23405541387,2555.0
54160.52462363151,2555.0
54160.52462363151,2429.0
81589.59316229449,2429.0
81589.59316229449,2555.0
86400.000002,2555.0
# temp #8670
0.0,2234.0
48891.67345308233,2234.0
48891.67345308233,2883.0
51291.67345308233,2883.0
51291.67345308233,2667.0
85300.3760891268,2667.0
85300.3760891268,2555.0
86400.0,2555.0
# temp #8671
0.0,2234.0
57998.09815641493,2234.0
57998.09815641493,2429.0
86400.000002,2429.0
# temp #8672
0.0,2234.0
7730.250333901497,2234.0
7730.250333901497,2667.0
38112.89250568953,2667.0
38112.89250568953,2555.0
39221.77647070494,2555.0
39221.77647070494,2667.0
59853.777196886964,2667.0
59853.777196886964,2555.0
60153.777196886964,2555.0
60153.777196886964,2667.0
60756.12456011587,2667.0
60756.12456011587,2555.0
61356.12456011587,2555.0
61356.12456011587,2667.0
84083.29886239955,2667.0
84083.29886239955,2883.0
86400.000002,2883.0
# temp #8673
0.0,2234.0
12432.99154455308,2234.0
12432.99154455308,2883.0
13965.271596587265,2883.0
13965.271596587265,2667.0
18594.97254502494,2667.0
18594.97254502494,2883.0
27743.812457495373,2883.0
27743.812457495373,2667.0
61907.83392009327,2667.0
61907.83392009327,2555.0
69511.78229483777,2555.0
69511.78229483777,2667.0
86078.83751769552,2667.0
86078.83751769552,2883.0
86400.0,2883.0
# temp #8674
0.0,2234.0
13650.726511585528,2234.0
13650.726511585528,2429.0
14107.965781353416,2429.0
14107.965781353416,2234.0
14853.050538827667,2234.0
14853.050538827667,2429.0
16299.909497494811,2429.0
16299.909497494811,2234.0
18964.471472078007,2234.0
18964.471472078007,2429.0
19437.664934922945,2429.0
19437.664934922945,2555.0
20935.013051913123,2555.0
20935.013051913123,2429.0
77035.01305191312,2429.0
77035.01305191312,2555.0
77335.01305191312,2555.0
77335.01305191312,2667.0
78835.01305191312,2667.0
78835.01305191312,2883.0
80335.01305191312,2883.0
80335.01305191312,2667.0
86400.000002,2667.0
# temp #8675
0.0,2234.0
2288.5218952316795,2234.0
2288.5218952316795,2667.0
21480.292564281266,2667.0
21480.292564281266,2555.0
22904.518182319593,2555.0
22904.518182319593,2667.0
29132.26230370347,2667.0
29132.26230370347,2555.0
29432.26230370347,2555.0
29432.26230370347,2667.0
30287.176761869345,2667.0
30287.176761869345,2555.0
30887.176761869345,2555.0
30887.176761869345,2667.0
40430.52217131481,2667.0
40430.52217131481,2555.0
51091.87811426819,2555.0
51091.87811426819,2667.0
71397.65935626348,2667.0
71397.65935626348,2555.0
80665.1460734429,2555.0
80665.1460734429,2667.0
86400.0,2667.0
# temp #8676
0.0,2234.0
67712.85064746627,2234.0
67712.85064746627,2555.0
72896.63633834572,2555.0
72896.63633834572,2429.0
73322.71048987751,2429.0
73322.71048987751,2555.0
86400.0,2555.0
# temp #8677
0.0,2234.0
53698.679518327124,2234.0
53698.679518327124,2555.0
76586.6910327226,2555.0
76586.6910327226,2429.0
86400.000002,2429.0
# temp #8678
0.0,2234.0
48926.400624029346,2234.0
48926.400624029346,2429.0
49288.54933984113,2429.0
49288.54933984113,2555.0
53929.826332326054,2555.0
53929.826332326054,2429.0
65899.0895017516,2429.0
65899.0895017516,2555.0
83696.03014828173,2555.0
83696.03014828173,2429.0
86400.000002,2429.0
# temp #8679
0.0,2234.0
73887.5459818868,2234.0
73887.5459818868,2555.0
82645.52566527855,2555.0
82645.52566527855,2234.0
86400.000002,2234.0
# temp #8680
0.0,2234.0
17169.620130280968,2234.0
17169.620130280968,2883.0
18108.018189808357,2883.0
18108.018189808357,2667.0
20917.888136906553,2667.0
20917.888136906553,2883.0
55764.98438967393,2883.0
55764.98438967393,2429.0
84638.06203580463,2429.0
84638.06203580463,2234.0
86400.0,2234.0
# temp #8681
0.0,2234.0
81789.4355563447,2234.0
81789.4355563447,2883.0
84189.4355563447,2883.0
84189.4355563447,2667.0
86400.000002,2667.0
# temp #8682
0.0,2234.0
62935.997650050565,2234.0
62935.997650050565,2555.0
84291.87846647111,2555.0
84291.87846647111,2429.0
86400.0,2429.0
# temp #8683
0.0,2234.0
29747.555955033753,2234.0
29747.555955033753,2017.0
63994.598850281924,2017.0
63994.598850281924,2234.0
86400.000002,2234.0
# temp #8684
0.0,2234.0
20070.835407078266,2234.0
20070.835407078266,2429.0
20670.835407078266,2429.0
20670.835407078266,2555.0
22913.074507936835,2555.0
22913.074507936835,2429.0
47312.647161539644,2429.0
47312.647161539644,2555.0
48608.81338936743,2555.0
48608.81338936743,2429.0
86400.0,2429.0
# temp #8685
0.0,2234.0
1577.8215595521035,2234.0
1577.8215595521035,2667.0
35667.54222172313,2667.0
35667.54222172313,2555.0
37136.79194706493,2555.0
37136.79194706493,2667.0
69716.84808572756,2667.0
69716.84808572756,2555.0
70016.84808572756,2555.0
70016.84808572756,2429.0
86400.000002,2429.0
# temp #8686
0.0,2234.0
34858.64428784699,2234.0
34858.64428784699,2429.0
35393.37609959767,2429.0
35393.37609959767,2234.0
36016.830909415155,2234.0
36016.830909415155,2429.0
40943.6182392994,2429.0
40943.6182392994,2234.0
52038.74394027518,2234.0
52038.74394027518,2429.0
52505.39096044378,2429.0
52505.39096044378,2555.0
52969.63076703252,2555.0
52969.63076703252,2429.0
53269.63076703252,2429.0
53269.63076703252,2555.0
53569.63076703252,2555.0
53569.63076703252,2429.0
54169.63076703252,2429.0
54169.63076703252,2555.0
55634.18876677753,2555.0
55634.18876677753,2429.0
74245.75331092348,2429.0
74245.75331092348,2555.0
82464.85698942562,2555.0
82464.85698942562,2667.0
86400.0,2667.0
# temp #8687
0.0,2234.0
41637.653274089105,2234.0
41637.653274089105,2429.0
41993.67570492905,2429.0
41993.67570492905,2555.0
42704.13077648264,2555.0
42704.13077648264,2429.0
68682.01021312272,2429.0
68682.01021312272,2234.0
76674.35313651805,2234.0
76674.35313651805,2667.0
86400.000002,2667.0
# temp #8688
0.0,2234.0
12026.193177723328,2234.0
12026.193177723328,2429.0
12326.193177723328,2429.0
12326.193177723328,2234.0
17330.365643394183,2234.0
17330.365643394183,2429.0
24938.35295280442,2429.0
24938.35295280442,2555.0
28703.072545048788,2555.0
28703.072545048788,2429.0
34721.387363201946,2429.0
34721.387363201946,2555.0
52107.04271709548,2555.0
52107.04271709548,2429.0
82970.74783982245,2429.0
82970.74783982245,2555.0
85819.79272782338,2555.0
85819.79272782338,2667.0
86400.000002,2667.0
# temp #8689
0.0,2234.0
4978.337891679258,2234.0
4978.337891679258,2667.0
18893.71309310664,2667.0
18893.71309310664,2555.0
19749.03306376655,2555.0
19749.03306376655,2667.0
39231.552002532415,2667.0
39231.552002532415,2555.0
39831.552002532415,2555.0
39831.552002532415,2667.0
58466.97651185097,2667.0
58466.97651185097,2555.0
60149.111137166634,2555.0
60149.111137166634,2429.0
80998.6403634539,2429.0
80998.6403634539,2555.0
85153.71388918722,2555.0
85153.71388918722,2429.0
86400.000002,2429.0
# temp #8690
0.0,2234.0
48974.31564191357,2234.0
48974.31564191357,2555.0
57941.19967622683,2555.0
57941.19967622683,2429.0
86400.0,2429.0
# temp #8691
0.0,2234.0
81145.19244753757,2234.0
81145.19244753757,2555.0
86400.0,2555.0
# temp #8692
0.0,2234.0
25839.74661540706,2234.0
25839.74661540706,2429.0
32739.74661540706,2429.0
32739.74661540706,2555.0
34539.74661540706,2555.0
34539.74661540706,2429.0
47439.74661540706,2429.0
47439.74661540706,2234.0
47739.74661540706,2234.0
47739.74661540706,2017.0
48039.74661540706,2017.0
48039.74661540706,2234.0
48339.74661540706,2234.0
48339.74661540706,2017.0
53868.68303767406,2017.0
53868.68303767406,2234.0
85586.48625800853,2234.0
85586.48625800853,2429.0
86400.000002,2429.0
# temp #8693
0.0,2234.0
17273.817232484,2234.0
17273.817232484,2555.0
18039.350130921233,2555.0
18039.350130921233,2667.0
27939.350130921233,2667.0
27939.350130921233,2555.0
28428.281831508506,2555.0
28428.281831508506,2429.0
33056.56059484464,2429.0
33056.56059484464,2555.0
61969.88981429023,2555.0
61969.88981429023,2429.0
72682.2893646313,2429.0
72682.2893646313,2883.0
80323.69688269684,2883.0
80323.69688269684,2429.0
86400.0,2429.0
# temp #8694
0.0,2234.0
16225.000807642939,2234.0
16225.000807642939,2017.0
40521.678398642696,2017.0
40521.678398642696,2234.0
67481.82484908031,2234.0
67481.82484908031,2017.0
86400.000002,2017.0
# temp #8695
0.0,2234.0
77395.16279739329,2234.0
77395.16279739329,2555.0
82313.27459095047,2555.0
82313.27459095047,2667.0
86400.0,2667.0
# temp #8696
0.0,2234.0
6341.48735892959,2234.0
6341.48735892959,2667.0
7592.786617996172,2667.0
7592.786617996172,2555.0
9089.486396173017,2555.0
9089.486396173017,2667.0
25863.686627894644,2667.0
25863.686627894644,2555.0
28863.686627894644,2555.0
28863.686627894644,2667.0
54963.68662789464,2667.0
54963.68662789464,2883.0
86400.000002,2883.0
# temp #8697
0.0,2234.0
22504.84390240163,2234.0
22504.84390240163,2429.0
23104.84390240163,2429.0
23104.84390240163,2555.0
25174.350518547002,2555.0
25174.350518547002,2429.0
26711.54706773814,2429.0
26711.54706773814,2555.0
60296.57138565091,2555.0
60296.57138565091,2429.0
85184.55234160648,2429.0
85184.55234160648,2234.0
86400.0,2234.0
# temp #8698
0.0,2234.0
8528.07187966537,2234.0
8528.07187966537,2667.0
18754.99756042846,2667.0
18754.99756042846,2555.0
19405.763815110553,2555.0
19405.763815110553,2429.0
38828.96059218329,2429.0
38828.96059218329,2555.0
50096.44314518665,2555.0
50096.44314518665,2429.0
86330.85411919748,2429.0
86330.85411919748,2883.0
86400.000002,2883.0
# temp #8699
0.0,2234.0
16578.889696625996,2234.0
16578.889696625996,2017.0
62243.80630622619,2017.0
62243.80630622619,2234.0
86400.0,2234.0
# temp #8700
0.0,2234.0
37138.70227374137,2234.0
37138.70227374137,2555.0
42501.5872665681,2555.0
42501.5872665681,2667.0
48801.5872665681,2667.0
48801.5872665681,2555.0
50001.5872665681,2555.0
50001.5872665681,2429.0
86400.000002,2429.0
# temp #8701
0.0,2234.0
4334.341601631605,2234.0
4334.341601631605,2667.0
5701.587594277226,2667.0
5701.587594277226,2555.0
7071.649246173913,2555.0
7071.649246173913,2429.0
10621.540655172432,2429.0
10621.540655172432,2883.0
21150.687010190453,2883.0
21150.687010190453,2667.0
30217.038455209702,2667.0
30217.038455209702,2234.0
40510.36073067226,2234.0
40510.36073067226,2429.0
48742.5987527473,2429.0
48742.5987527473,2555.0
49667.120781890124,2555.0
49667.120781890124,2667.0
83278.00118587913,2667.0
83278.00118587913,2555.0
86400.0,2555.0
# temp #8702
0.0,2234.0
49833.612022432506,2234.0
49833.612022432506,2555.0
77155.45610936826,2555.0
77155.45610936826,2429.0
86400.0,2429.0
# temp #8703
0.0,2234.0
74282.26122257767,2234.0
74282.26122257767,2555.0
80924.01155938861,2555.0
80924.01155938861,2429.0
81394.99641659205,2429.0
81394.99641659205,2555.0
84648.37267817931,2555.0
84648.37267817931,2429.0
85691.1687198328,2429.0
85691.1687198328,2234.0
86400.000002,2234.0
# temp #8704
0.0,2234.0
37100.2075420227,2234.0
37100.2075420227,2017.0
47559.23358527944,2017.0
47559.23358527944,2234.0
83801.16058755667,2234.0
83801.16058755667,2017.0
86400.0,2017.0
# temp #8705
0.0,2234.0
1144.9978246819228,2234.0
1144.9978246819228,2667.0
27277.83677852713,2667.0
27277.83677852713,2555.0
28044.364618929107,2555.0
28044.364618929107,2667.0
50717.204209207564,2667.0
50717.204209207564,2555.0
51017.204209207564,2555.0
51017.204209207564,2429.0
65268.7755240826,2429.0
65268.7755240826,2883.0
85036.72965543813,2883.0
85036.72965543813,2429.0
86400.0,2429.0
# temp #8706
0.0,2234.0
13433.975388994442,2234.0
13433.975388994442,2555.0
14926.435630233029,2555.0
14926.435630233029,2667.0
15466.688738926316,2667.0
15466.688738926316,2555.0
15766.688738926316,2555.0
15766.688738926316,2667.0
19366.688738926317,2667.0
19366.688738926317,2555.0
20866.688738926317,2555.0
20866.688738926317,2429.0
28637.414272315804,2429.0
28637.414272315804,2234.0
40791.07813022566,2234.0
40791.07813022566,2429.0
76375.00024291223,2429.0
76375.00024291223,2555.0
82412.9716272466,2555.0
82412.9716272466,2429.0
86400.0,2429.0
# temp #8707
0.0,2234.0
5903.038341505454,2234.0
5903.038341505454,2667.0
32363.111915253106,2667.0
32363.111915253106,2555.0
32810.88652778417,2555.0
32810.88652778417,2667.0
60884.4197095139,2667.0
60884.4197095139,2555.0
61184.4197095139,2555.0
61184.4197095139,2429.0
81660.81903122833,2429.0
81660.81903122833,2234.0
86400.000002,2234.0
# temp #8708
0.0,2234.0
65781.56244938727,2234.0
65781.56244938727,2883.0
68181.56244938727,2883.0
68181.56244938727,2667.0
86400.000002,2667.0
# temp #8709
0.0,2234.0
38569.918351247914,2234.0
38569.918351247914,2555.0
42433.51242674981,2555.0
42433.51242674981,2667.0
48733.51242674981,2667.0
48733.51242674981,2555.0
49933.51242674981,2555.0
49933.51242674981,2429.0
86400.000002,2429.0
# temp #8710
0.0,2234.0
5871.237015235239,2234.0
5871.237015235239,2555.0
15496.950242039751,2555.0
15496.950242039751,2429.0
29944.10891693552,2429.0
29944.10891693552,2234.0
30544.10891693552,2234.0
30544.10891693552,2429.0
32944.10891693552,2429.0
32944.10891693552,2555.0
43144.10891693552,2555.0
43144.10891693552,2667.0
51115.550441597596,2667.0
51115.550441597596,2883.0
84381.65553286673,2883.0
84381.65553286673,2429.0
86400.000002,2429.0
# temp #8711
0.0,2234.0
47019.610754284084,2234.0
47019.610754284084,2555.0
66067.97702705955,2555.0
66067.97702705955,2429.0
77176.74556395506,2429.0
77176.74556395506,2234.0
77476.74556395506,2234.0
77476.74556395506,2017.0
86400.000002,2017.0
# temp #8712
0.0,2234.0
57956.59601013177,2234.0
57956.59601013177,2429.0
58304.42959042267,2429.0
58304.42959042267,2555.0
59693.856432382025,2555.0
59693.856432382025,2429.0
81108.21851205548,2429.0
81108.21851205548,2555.0
81606.07855247801,2555.0
81606.07855247801,2429.0
86400.000002,2429.0
# temp #8713
0.0,2234.0
12021.73628266901,2234.0
12021.73628266901,2017.0
54179.07293653116,2017.0
54179.07293653116,2234.0
57452.11882526056,2234.0
57452.11882526056,2017.0
76849.94052378462,2017.0
76849.94052378462,2234.0
86400.000002,2234.0
# temp #8714
0.0,2234.0
13151.741725439208,2234.0
13151.741725439208,2017.0
17074.309472925965,2017.0
17074.309472925965,2234.0
60511.05335606263,2234.0
60511.05335606263,2017.0
86400.000002,2017.0
# temp #8715
0.0,2234.0
38721.35885925964,2234.0
38721.35885925964,2017.0
41230.54649890401,2017.0
41230.54649890401,2234.0
70162.15432151222,2234.0
70162.15432151222,2017.0
86400.0,2017.0
# temp #8716
0.0,2234.0
67938.55766204653,2234.0
67938.55766204653,2555.0
71579.33995854111,2555.0
71579.33995854111,2667.0
71931.6306996625,2667.0
71931.6306996625,2555.0
77931.6306996625,2555.0
77931.6306996625,2429.0
80331.6306996625,2429.0
80331.6306996625,2234.0
83931.6306996625,2234.0
83931.6306996625,2429.0
85131.6306996625,2429.0
85131.6306996625,2234.0
86400.000002,2234.0
# temp #8717
0.0,2234.0
45938.75946232584,2234.0
45938.75946232584,2555.0
48823.3263677219,2555.0
48823.3263677219,2429.0
49302.415551594466,2429.0
49302.415551594466,2555.0
52406.6165925935,2555.0
52406.6165925935,2429.0
53419.95892720298,2429.0
53419.95892720298,2555.0
54084.6693285741,2555.0
54084.6693285741,2429.0
86400.000002,2429.0
# temp #8718
0.0,2234.0
7842.578121065163,2234.0
7842.578121065163,2883.0
8629.998266953044,2883.0
8629.998266953044,2667.0
17182.72134088911,2667.0
17182.72134088911,2883.0
20739.39547003247,2883.0
20739.39547003247,2667.0
36206.29412862472,2667.0
36206.29412862472,2555.0
53314.312036475174,2555.0
53314.312036475174,2667.0
77857.29156271556,2667.0
77857.29156271556,2883.0
86400.0,2883.0
# temp #8719
0.0,2234.0
31785.537174157802,2234.0
31785.537174157802,2429.0
32085.537174157802,2429.0
32085.537174157802,2234.0
33666.38962011785,2234.0
33666.38962011785,2667.0
63079.06874602196,2667.0
63079.06874602196,2555.0
83031.05986013544,2555.0
83031.05986013544,2667.0
85181.76237002482,2667.0
85181.76237002482,2555.0
86400.000002,2555.0
# temp #8720
0.0,2234.0
32710.510296653963,2234.0
32710.510296653963,2555.0
35934.56939135213,2555.0
35934.56939135213,2667.0
36283.1450263504,2667.0
36283.1450263504,2555.0
36583.1450263504,2555.0
36583.1450263504,2667.0
63283.1450263504,2667.0
63283.1450263504,2555.0
79183.1450263504,2555.0
79183.1450263504,2234.0
82783.1450263504,2234.0
82783.1450263504,2429.0
86400.0,2429.0
# temp #8721
0.0,2234.0
40587.82302858309,2234.0
40587.82302858309,2017.0
69915.63341799194,2017.0
69915.63341799194,2234.0
86400.0,2234.0
# temp #8722
0.0,2234.0
72001.80259924383,2234.0
72001.80259924383,2555.0
72550.81652062947,2555.0
72550.81652062947,2667.0
78850.81652062947,2667.0
78850.81652062947,2555.0
80050.81652062947,2555.0
80050.81652062947,2429.0
86400.0,2429.0
# temp #8723
0.0,2234.0
52133.374364417985,2234.0
52133.374364417985,2555.0
86400.0,2555.0
# temp #8724
0.0,2234.0
32844.35425826815,2234.0
32844.35425826815,2555.0
42282.45102202055,2555.0
42282.45102202055,2429.0
44144.78654300329,2429.0
44144.78654300329,2234.0
49014.95368389879,2234.0
49014.95368389879,2429.0
57484.02523391416,2429.0
57484.02523391416,2234.0
82507.34352318106,2234.0
82507.34352318106,2429.0
86400.0,2429.0
# temp #8725
0.0,2234.0
7615.585646778346,2234.0
7615.585646778346,2883.0
18715.585646778345,2883.0
18715.585646778345,2555.0
20594.999728538096,2555.0
20594.999728538096,2667.0
52031.49276135956,2667.0
52031.49276135956,2555.0
63862.41579756607,2555.0
63862.41579756607,2429.0
86400.0,2429.0
# temp #8726
0.0,2234.0
35391.954873316,2234.0
35391.954873316,2429.0
35991.954873316,2429.0
35991.954873316,2555.0
40502.91653629393,2555.0
40502.91653629393,2429.0
47825.57302624919,2429.0
47825.57302624919,2555.0
56152.48766415754,2555.0
56152.48766415754,2667.0
79658.40927539395,2667.0
79658.40927539395,2555.0
84062.87103658543,2555.0
84062.87103658543,2667.0
86400.0,2667.0
# temp #8727
0.0,2234.0
2387.5336620491003,2234.0
2387.5336620491003,2667.0
32441.616543265995,2667.0
32441.616543265995,2555.0
33897.3691810621,2555.0
33897.3691810621,2667.0
42738.05049243384,2667.0
42738.05049243384,2555.0
43038.05049243384,2555.0
43038.05049243384,2429.0
48145.43572752737,2429.0
48145.43572752737,2234.0
48764.93904220407,2234.0
48764.93904220407,2429.0
63957.60699058884,2429.0
63957.60699058884,2555.0
86400.0,2555.0
# temp #8728
0.0,2234.0
58649.30274551735,2234.0
58649.30274551735,2883.0
61049.30274551735,2883.0
61049.30274551735,2667.0
66591.75802466927,2667.0
66591.75802466927,2555.0
74381.04520195631,2555.0
74381.04520195631,2667.0
86400.000002,2667.0
# temp #8729
0.0,2234.0
7198.580971173944,2234.0
7198.580971173944,2667.0
21259.264579718005,2667.0
21259.264579718005,2555.0
21945.364312198948,2555.0
21945.364312198948,2667.0
55598.99632099552,2667.0
55598.99632099552,2555.0
56198.99632099552,2555.0
56198.99632099552,2667.0
70100.82786118147,2667.0
70100.82786118147,2555.0
71330.00318517444,2555.0
71330.00318517444,2429.0
73917.90173754563,2429.0
73917.90173754563,2667.0
81410.20638181364,2667.0
81410.20638181364,2883.0
85986.7657058174,2883.0
85986.7657058174,2667.0
86400.000002,2667.0
# temp #8730
0.0,2234.0
5590.836719423533,2234.0
5590.836719423533,2667.0
34677.64847804792,2667.0
34677.64847804792,2555.0
35938.2894626353,2555.0
35938.2894626353,2667.0
46816.69976734557,2667.0
46816.69976734557,2555.0
47116.69976734557,2555.0
47116.69976734557,2667.0
47972.698363987736,2667.0
47972.698363987736,2555.0
48572.698363987736,2555.0
48572.698363987736,2667.0
67207.73064654788,2667.0
67207.73064654788,2555.0
86400.000002,2555.0
# temp #8731
0.0,2234.0
2146.2782740127295,2234.0
2146.2782740127295,2429.0
34246.27827401273,2429.0
34246.27827401273,2555.0
34546.27827401273,2555.0
34546.27827401273,2667.0
61007.055137492716,2667.0
61007.055137492716,2555.0
72059.86227057874,2555.0
72059.86227057874,2667.0
86400.000002,2667.0
# temp #8732
0.0,2234.0
13296.194745227696,2234.0
13296.194745227696,2017.0
61012.41836948321,2017.0
61012.41836948321,2234.0
83737.82978039236,2234.0
83737.82978039236,2017.0
86400.0,2017.0
# temp #8733
0.0,2234.0
14064.37226990238,2234.0
14064.37226990238,2017.0
54228.76776563936,2017.0
54228.76776563936,2234.0
73298.20101088846,2234.0
73298.20101088846,2017.0
73996.90979677254,2017.0
73996.90979677254,2234.0
86400.0,2234.0
# temp #8734
0.0,2234.0
8489.722709613854,2234.0
8489.722709613854,2555.0
10780.643838853577,2555.0
10780.643838853577,2429.0
43561.12250557635,2429.0
43561.12250557635,2234.0
44161.12250557635,2234.0
44161.12250557635,2429.0
46561.12250557635,2429.0
46561.12250557635,2555.0
56761.12250557635,2555.0
56761.12250557635,2667.0
75144.63369597215,2667.0
75144.63369597215,2555.0
81647.02364041006,2555.0
81647.02364041006,2667.0
86400.000002,2667.0
# temp #8735
0.0,2234.0
4656.570033123717,2234.0
4656.570033123717,2883.0
5126.248858077452,2883.0
5126.248858077452,2667.0
16013.78439073451,2667.0
16013.78439073451,2883.0
42899.42285993603,2883.0
42899.42285993603,2429.0
59214.4230514532,2429.0
59214.4230514532,2883.0
78695.71697849316,2883.0
78695.71697849316,2667.0
86400.000002,2667.0
# temp #8736
0.0,2234.0
23739.416295289997,2234.0
23739.416295289997,2017.0
67494.5440595504,2017.0
67494.5440595504,2234.0
76680.1394254435,2234.0
76680.1394254435,2017.0
86400.0,2017.0
# temp #8737
0.0,2234.0
40336.67087301146,2234.0
40336.67087301146,2883.0
42736.67087301146,2883.0
42736.67087301146,2667.0
70507.90238028858,2667.0
70507.90238028858,2555.0
86400.0,2555.0
# temp #8738
0.0,2234.0
53689.422758342705,2234.0
53689.422758342705,2555.0
77986.03667411955,2555.0
77986.03667411955,2429.0
78496.10410414172,2429.0
78496.10410414172,2555.0
83353.05245015772,2555.0
83353.05245015772,2429.0
84028.15411977937,2429.0
84028.15411977937,2234.0
86400.000002,2234.0
# temp #8739
0.0,2234.0
17973.877996020023,2234.0
17973.877996020023,2555.0
40621.17492849939,2555.0
40621.17492849939,2429.0
41197.697449335836,2429.0
41197.697449335836,2555.0
56840.36767550279,2555.0
56840.36767550279,2429.0
57659.86984223128,2429.0
57659.86984223128,2234.0
63588.78017636017,2234.0
63588.78017636017,2667.0
78994.16263878813,2667.0
78994.16263878813,2555.0
86400.0,2555.0
# temp #8740
0.0,2234.0
83476.21987264139,2234.0
83476.21987264139,2555.0
86400.000002,2555.0
# temp #8741
0.0,2234.0
42266.63472445217,2234.0
42266.63472445217,2555.0
46919.10210619681,2555.0
46919.10210619681,2667.0
47243.59497630504,2667.0
47243.59497630504,2555.0
53243.59497630504,2555.0
53243.59497630504,2429.0
55643.59497630504,2429.0
55643.59497630504,2234.0
59243.59497630504,2234.0
59243.59497630504,2429.0
60443.59497630504,2429.0
60443.59497630504,2234.0
66143.59497630504,2234.0
66143.59497630504,2429.0
86400.0,2429.0
# temp #8742
0.0,2234.0
4612.387456535362,2234.0
4612.387456535362,2883.0
5305.743425991386,2883.0
5305.743425991386,2667.0
16203.842029301451,2667.0
16203.842029301451,2883.0
30053.986587608237,2883.0
30053.986587608237,2667.0
63515.85603842979,2667.0
63515.85603842979,2555.0
86400.0,2555.0
# temp #8743
0.0,2234.0
42045.822375454016,2234.0
42045.822375454016,2555.0
61440.6980326865,2555.0
61440.6980326865,2429.0
61993.23160797359,2429.0
61993.23160797359,2555.0
79588.15610809253,2555.0
79588.15610809253,2429.0
80536.33442027496,2429.0
80536.33442027496,2555.0
81822.06325745212,2555.0
81822.06325745212,2429.0
82122.06325745212,2429.0
82122.06325745212,2555.0
86400.0,2555.0
# temp #8744
0.0,2234.0
24127.353382017467,2234.0
24127.353382017467,2017.0
78325.7667349186,2017.0
78325.7667349186,2234.0
86400.0,2234.0
# temp #8745
0.0,2234.0
40974.90760842339,2234.0
40974.90760842339,2429.0
41574.90760842339,2429.0
41574.90760842339,2555.0
43404.78601986543,2555.0
43404.78601986543,2429.0
49330.118512641646,2429.0
49330.118512641646,2555.0
63272.779060131885,2555.0
63272.779060131885,2429.0
79282.26449077485,2429.0
79282.26449077485,2883.0
85719.71819016618,2883.0
85719.71819016618,2667.0
86400.0,2667.0
# temp #8746
0.0,2234.0
1480.5198758840563,2234.0
1480.5198758840563,2017.0
50879.028961714364,2017.0
50879.028961714364,2234.0
56579.028961714364,2234.0
56579.028961714364,2429.0
57435.363666247584,2429.0
57435.363666247584,2555.0
85658.4816867253,2555.0
85658.4816867253,2429.0
86400.0,2429.0
# temp #8747
0.0,2234.0
15684.455151809381,2234.0
15684.455151809381,2429.0
16159.658820298502,2429.0
16159.658820298502,2234.0
16779.203594452705,2234.0
16779.203594452705,2429.0
19259.181929309856,2429.0
19259.181929309856,2234.0
22447.81448654831,2234.0
22447.81448654831,2429.0
23833.57388041914,2429.0
23833.57388041914,2555.0
24880.179656948898,2555.0
24880.179656948898,2429.0
25180.179656948898,2429.0
25180.179656948898,2555.0
26680.179656948898,2555.0
26680.179656948898,2429.0
36880.179656948894,2429.0
36880.179656948894,2234.0
86400.0,2234.0
# temp #8748
0.0,2234.0
41760.80752504059,2234.0
41760.80752504059,2555.0
67325.01773731784,2555.0
67325.01773731784,2429.0
71062.25340189414,2429.0
71062.25340189414,2234.0
71662.25340189414,2234.0
71662.25340189414,2429.0
86400.0,2429.0
# temp #8749
0.0,2234.0
28057.593227480542,2234.0
28057.593227480542,2429.0
34957.59322748054,2429.0
34957.59322748054,2555.0
36757.59322748054,2555.0
36757.59322748054,2429.0
49657.59322748054,2429.0
49657.59322748054,2234.0
49957.59322748054,2234.0
49957.59322748054,2017.0
50257.59322748054,2017.0
50257.59322748054,2234.0
50557.59322748054,2234.0
50557.59322748054,2017.0
51350.485736061826,2017.0
51350.485736061826,2234.0
67565.86461793631,2234.0
67565.86461793631,2429.0
86400.0,2429.0
# temp #8750
0.0,2234.0
73296.02471336258,2234.0
73296.02471336258,2555.0
86400.0,2555.0
# temp #8751
0.0,2234.0
1002.3011239478366,2234.0
1002.3011239478366,2667.0
16595.71621587966,2667.0
16595.71621587966,2555.0
16906.699662026953,2555.0
16906.699662026953,2429.0
28662.379706092186,2429.0
28662.379706092186,2234.0
34528.81243124139,2234.0
34528.81243124139,2429.0
65319.52942383943,2429.0
65319.52942383943,2883.0
86400.0,2883.0
# temp #8752
0.0,2234.0
36668.35686319974,2234.0
36668.35686319974,2555.0
50701.40922053252,2555.0
50701.40922053252,2429.0
51224.519211659215,2429.0
51224.519211659215,2555.0
59579.167935694575,2555.0
59579.167935694575,2429.0
60395.718067302376,2429.0
60395.718067302376,2555.0
61557.58159558755,2555.0
61557.58159558755,2429.0
86400.000002,2429.0
# temp #8753
0.0,2234.0
16021.975597087298,2234.0
16021.975597087298,2883.0
17798.47320893314,2883.0
17798.47320893314,2667.0
22444.613114325333,2667.0
22444.613114325333,2883.0
44709.252504492186,2883.0
44709.252504492186,2429.0
67715.06451987663,2429.0
67715.06451987663,2883.0
86400.0,2883.0
# temp #8754
0.0,2234.0
3095.1400087913503,2234.0
3095.1400087913503,2429.0
3684.766701352783,2429.0
3684.766701352783,2555.0
4910.250855353662,2555.0
4910.250855353662,2429.0
20261.07191042975,2429.0
20261.07191042975,2555.0
33033.352587162524,2555.0
33033.352587162524,2429.0
34600.30574679841,2429.0
34600.30574679841,2555.0
53089.572017896004,2555.0
53089.572017896004,2429.0
76958.7524296716,2429.0
76958.7524296716,2234.0
86400.000002,2234.0
# temp #8755
0.0,2234.0
40175.67851494533,2234.0
40175.67851494533,2555.0
64208.21129532998,2555.0
64208.21129532998,2429.0
64659.290556446664,2429.0
64659.290556446664,2555.0
80611.34741732386,2555.0
80611.34741732386,2429.0
81868.53315092159,2429.0
81868.53315092159,2555.0
83256.03684370873,2555.0
83256.03684370873,2429.0
83556.03684370873,2429.0
83556.03684370873,2555.0
86400.0,2555.0
# temp #8756
0.0,2234.0
21939.801252982583,2234.0
21939.801252982583,2555.0
22766.673826519404,2555.0
22766.673826519404,2667.0
29066.673826519404,2667.0
29066.673826519404,2555.0
30266.673826519404,2555.0
30266.673826519404,2429.0
73466.6738265194,2429.0
73466.6738265194,2234.0
86400.000002,2234.0
# temp #8757
0.0,2234.0
2893.2835666928445,2234.0
2893.2835666928445,2667.0
50915.367515129044,2667.0
50915.367515129044,2555.0
51983.94933000673,2555.0
51983.94933000673,2667.0
86400.000002,2667.0
# temp #8758
0.0,2234.0
10573.432367714124,2234.0
10573.432367714124,2883.0
12102.96394445468,2883.0
12102.96394445468,2667.0
17766.53514043428,2667.0
17766.53514043428,2883.0
25097.649158863354,2883.0
25097.649158863354,2667.0
37970.09022622369,2667.0
37970.09022622369,2555.0
61301.82144131978,2555.0
61301.82144131978,2429.0
66688.76025143547,2429.0
66688.76025143547,2555.0
67124.73043107895,2555.0
67124.73043107895,2667.0
82219.40431797413,2667.0
82219.40431797413,2555.0
86400.0,2555.0
# temp #8759
0.0,2234.0
79680.28913768941,2234.0
79680.28913768941,2555.0
86400.000002,2555.0
# temp #8760
0.0,2234.0
77494.4441703614,2234.0
77494.4441703614,2555.0
82360.27532571463,2555.0
82360.27532571463,2667.0
82940.39285425098,2667.0
82940.39285425098,2555.0
86400.0,2555.0
# temp #8761
0.0,2234.0
9869.729911512697,2234.0
9869.729911512697,2883.0
20969.729911512695,2883.0
20969.729911512695,2555.0
48367.70578273573,2555.0
48367.70578273573,2429.0
53974.1191628622,2429.0
53974.1191628622,2555.0
62982.06236029511,2555.0
62982.06236029511,2667.0
73666.44306436648,2667.0
73666.44306436648,2555.0
86400.0,2555.0
# temp #8762
0.0,2234.0
35560.12438677717,2234.0
35560.12438677717,2883.0
37960.12438677717,2883.0
37960.12438677717,2667.0
58471.471089846455,2667.0
58471.471089846455,2234.0
67376.00855024066,2234.0
67376.00855024066,2667.0
71493.1945157703,2667.0
71493.1945157703,2555.0
86400.000002,2555.0
# temp #8763
0.0,2234.0
53929.950415506035,2234.0
53929.950415506035,2883.0
56329.950415506035,2883.0
56329.950415506035,2667.0
78075.6712049246,2667.0
78075.6712049246,2234.0
86400.0,2234.0
# temp #8764
0.0,2234.0
49825.79908389599,2234.0
49825.79908389599,2429.0
50368.9464082243,2429.0
50368.9464082243,2555.0
55220.023712259725,2555.0
55220.023712259725,2429.0
83620.59867689387,2429.0
83620.59867689387,2555.0
86400.0,2555.0
# temp #8765
0.0,2234.0
23872.906028525907,2234.0
23872.906028525907,2017.0
53772.98016515561,2017.0
53772.98016515561,2234.0
61820.74538120069,2234.0
61820.74538120069,2017.0
86400.0,2017.0
# temp #8766
0.0,2234.0
37667.38164508716,2234.0
37667.38164508716,2017.0
85588.4498591535,2017.0
85588.4498591535,2234.0
86400.0,2234.0
# temp #8767
0.0,2234.0
43419.079630170025,2234.0
43419.079630170025,2429.0
43745.013158326045,2429.0
43745.013158326045,2555.0
48492.68406175543,2555.0
48492.68406175543,2429.0
67306.71597816983,2429.0
67306.71597816983,2555.0
74719.70729890747,2555.0
74719.70729890747,2429.0
76459.86460803544,2429.0
76459.86460803544,2555.0
82689.82136438137,2555.0
82689.82136438137,2667.0
86400.0,2667.0
# temp #8768
0.0,2234.0
30086.28550828435,2234.0
30086.28550828435,2429.0
36986.285508284345,2429.0
36986.285508284345,2555.0
38786.285508284345,2555.0
38786.285508284345,2429.0
51686.285508284345,2429.0
51686.285508284345,2234.0
51986.285508284345,2234.0
51986.285508284345,2017.0
52286.285508284345,2017.0
52286.285508284345,2234.0
52586.285508284345,2234.0
52586.285508284345,2017.0
63248.28970560339,2017.0
63248.28970560339,2234.0
69418.52721115574,2234.0
69418.52721115574,2429.0
85020.37385059522,2429.0
85020.37385059522,2555.0
86400.0,2555.0
# temp #8769
0.0,2234.0
24176.349301286977,2234.0
24176.349301286977,2429.0
24548.76899295487,2429.0
24548.76899295487,2234.0
25214.18823176064,2234.0
25214.18823176064,2429.0
29417.768904240806,2429.0
29417.768904240806,2234.0
50358.64526554943,2234.0
50358.64526554943,2429.0
51414.76171491668,2429.0
51414.76171491668,2555.0
52847.97818223015,2555.0
52847.97818223015,2429.0
53147.97818223015,2429.0
53147.97818223015,2555.0
73547.97818223014,2555.0
73547.97818223014,2429.0
73847.97818223014,2429.0
73847.97818223014,2555.0
74447.97818223014,2555.0
74447.97818223014,2667.0
86400.0,2667.0
# temp #8770
0.0,2234.0
40990.099945664406,2234.0
40990.099945664406,2555.0
74577.82595918981,2555.0
74577.82595918981,2429.0
75688.47376643681,2429.0
75688.47376643681,2555.0
83161.21294184124,2555.0
83161.21294184124,2429.0
86400.000002,2429.0
# temp #8771
0.0,2234.0
65026.14545517137,2234.0
65026.14545517137,2555.0
69937.1201867005,2555.0
69937.1201867005,2667.0
70463.48601656502,2667.0
70463.48601656502,2555.0
70763.48601656502,2555.0
70763.48601656502,2667.0
74363.48601656502,2667.0
74363.48601656502,2555.0
75863.48601656502,2555.0
75863.48601656502,2429.0
86400.000002,2429.0
# temp #8772
0.0,2234.0
56495.89728713036,2234.0
56495.89728713036,2883.0
58895.89728713036,2883.0
58895.89728713036,2667.0
62133.786179870374,2667.0
62133.786179870374,2234.0
67018.43325225638,2234.0
67018.43325225638,2667.0
69057.05670202152,2667.0
69057.05670202152,2555.0
86400.0,2555.0
# temp #8773
0.0,2234.0
7822.439734661022,2234.0
7822.439734661022,2667.0
9822.551602358,2667.0
9822.551602358,2555.0
10600.811242265629,2555.0
10600.811242265629,2429.0
28490.725811454475,2429.0
28490.725811454475,2555.0
38432.778349751614,2555.0
38432.778349751614,2429.0
61993.628053693115,2429.0
61993.628053693115,2555.0
86400.000002,2555.0
# temp #8774
0.0,2234.0
21276.995981717486,2234.0
21276.995981717486,2429.0
21583.896918338727,2429.0
21583.896918338727,2234.0
22242.68430930097,2234.0
22242.68430930097,2429.0
24784.42360342015,2429.0
24784.42360342015,2234.0
35627.80548655429,2234.0
35627.80548655429,2429.0
36667.46546155774,2429.0
36667.46546155774,2234.0
56214.99026776293,2234.0
56214.99026776293,2429.0
81189.72059853842,2429.0
81189.72059853842,2555.0
85641.2444351474,2555.0
85641.2444351474,2667.0
86400.0,2667.0
# temp #8775
0.0,2234.0
11384.973206394354,2234.0
11384.973206394354,2883.0
11940.23143106606,2883.0
11940.23143106606,2667.0
14018.562328512782,2667.0
14018.562328512782,2883.0
30619.65775012505,2883.0
30619.65775012505,2667.0
54899.687953270055,2667.0
54899.687953270055,2883.0
58849.55037308393,2883.0
58849.55037308393,2667.0
69486.9199408684,2667.0
69486.9199408684,2555.0
85149.05622066,2555.0
85149.05622066,2667.0
86400.0,2667.0
# temp #8776
0.0,2234.0
24140.021430328492,2234.0
24140.021430328492,2429.0
24740.021430328492,2429.0
24740.021430328492,2555.0
25429.716943949465,2555.0
25429.716943949465,2429.0
46349.17133550626,2429.0
46349.17133550626,2555.0
71680.82849141212,2555.0
71680.82849141212,2429.0
86400.000002,2429.0
# temp #8777
0.0,2234.0
20453.707988583486,2234.0
20453.707988583486,2429.0
20909.618099033836,2429.0
20909.618099033836,2234.0
21696.69278338552,2234.0
21696.69278338552,2429.0
22548.58578415588,2429.0
22548.58578415588,2234.0
28492.792211403143,2234.0
28492.792211403143,2429.0
29521.910661016595,2429.0
29521.910661016595,2555.0
30710.380289261233,2555.0
30710.380289261233,2429.0
31010.380289261233,2429.0
31010.380289261233,2555.0
31310.380289261233,2555.0
31310.380289261233,2429.0
31910.380289261233,2429.0
31910.380289261233,2555.0
35398.318187822595,2555.0
35398.318187822595,2429.0
61026.0520864511,2429.0
61026.0520864511,2883.0
86400.000002,2883.0
# temp #8778
0.0,2234.0
35655.16290629749,2234.0
35655.16290629749,2555.0
72491.68811829296,2555.0
72491.68811829296,2429.0
86400.0,2429.0
# temp #8779
0.0,2234.0
17096.508530736905,2234.0
17096.508530736905,2883.0
17414.59872645792,2883.0
17414.59872645792,2667.0
27658.821660652764,2667.0
27658.821660652764,2883.0
37408.68177025114,2883.0
37408.68177025114,2555.0
38608.68177025114,2555.0
38608.68177025114,2883.0
39672.718172357425,2883.0
39672.718172357425,2667.0
47769.660023949116,2667.0
47769.660023949116,2555.0
57685.41206961965,2555.0
57685.41206961965,2429.0
73597.18194699382,2429.0
73597.18194699382,2234.0
86400.000002,2234.0
# temp #8780
0.0,2234.0
1989.6989611443134,2234.0
1989.6989611443134,2667.0
13105.263886065224,2667.0
13105.263886065224,2555.0
14472.937786881814,2555.0
14472.937786881814,2429.0
41609.21098182444,2429.0
41609.21098182444,2883.0
62106.81838563179,2883.0
62106.81838563179,2667.0
65774.69771602192,2667.0
65774.69771602192,2555.0
82408.15886585043,2555.0
82408.15886585043,2429.0
85014.31842672174,2429.0
85014.31842672174,2555.0
86400.0,2555.0
# temp #8781
0.0,2234.0
84489.43681893872,2234.0
84489.43681893872,2555.0
86400.0,2555.0
# temp #8782
0.0,2234.0
52789.22176987399,2234.0
52789.22176987399,2429.0
53309.15188263171,2429.0
53309.15188263171,2555.0
55350.36347466522,2555.0
55350.36347466522,2429.0
70098.4868362779,2429.0
70098.4868362779,2555.0
86400.0,2555.0
# temp #8783
0.0,2234.0
63179.347789892934,2234.0
63179.347789892934,2555.0
86400.000002,2555.0
# temp #8784
0.0,2234.0
998.9446620689706,2234.0
998.9446620689706,2667.0
35312.25715905894,2667.0
35312.25715905894,2555.0
36676.2553801993,2555.0
36676.2553801993,2667.0
74498.03480340635,2667.0
74498.03480340635,2555.0
75098.03480340635,2555.0
75098.03480340635,2667.0
86400.000002,2667.0
# temp #8785
0.0,2234.0
31004.853923153136,2234.0
31004.853923153136,2429.0
31468.681705696512,2429.0
31468.681705696512,2234.0
32262.940303422514,2234.0
32262.940303422514,2429.0
35154.6677753795,2429.0
35154.6677753795,2234.0
43777.52500239295,2234.0
43777.52500239295,2429.0
44395.350553141914,2429.0
44395.350553141914,2234.0
66267.91583031883,2234.0
66267.91583031883,2429.0
72681.26118045767,2429.0
72681.26118045767,2555.0
79114.63710770478,2555.0
79114.63710770478,2429.0
86400.000002,2429.0
# temp #8786
0.0,2234.0
18492.111807502806,2234.0
18492.111807502806,2429.0
18942.117423238233,2429.0
18942.117423238233,2234.0
19585.813725879416,2234.0
19585.813725879416,2429.0
24255.967963999137,2429.0
24255.967963999137,2234.0
28829.006379679777,2234.0
28829.006379679777,2429.0
30157.271963381212,2429.0
30157.271963381212,2555.0
31250.66621017177,2555.0
31250.66621017177,2429.0
31550.66621017177,2429.0
31550.66621017177,2555.0
51950.66621017177,2555.0
51950.66621017177,2429.0
52250.66621017177,2429.0
52250.66621017177,2555.0
52850.66621017177,2555.0
52850.66621017177,2667.0
86400.000002,2667.0
# temp #8787
0.0,2234.0
1570.1266254298391,2234.0
1570.1266254298391,2667.0
20087.8670176724,2667.0
20087.8670176724,2555.0
21257.73118680809,2555.0
21257.73118680809,2667.0
51190.21126781592,2667.0
51190.21126781592,2555.0
51490.21126781592,2555.0
51490.21126781592,2667.0
52284.43291783334,2667.0
52284.43291783334,2555.0
52884.43291783334,2555.0
52884.43291783334,2667.0
68589.44614031354,2667.0
68589.44614031354,2234.0
72044.22083857936,2234.0
72044.22083857936,2429.0
86400.0,2429.0
# temp #8788
0.0,2234.0
11927.052283496598,2234.0
11927.052283496598,2883.0
23027.052283496596,2883.0
23027.052283496596,2555.0
32822.91248536203,2555.0
32822.91248536203,2667.0
35976.73065494747,2667.0
35976.73065494747,2555.0
43366.98794402183,2555.0
43366.98794402183,2667.0
47238.578623370275,2667.0
47238.578623370275,2555.0
64130.772085092045,2555.0
64130.772085092045,2429.0
83057.488616067,2429.0
83057.488616067,2883.0
86400.0,2883.0
# temp #8789
0.0,2234.0
24387.165311537687,2234.0
24387.165311537687,2017.0
78418.88857260348,2017.0
78418.88857260348,2234.0
86400.0,2234.0
# temp #8790
0.0,2234.0
2366.8179966509347,2234.0
2366.8179966509347,2667.0
13438.41709205881,2667.0
13438.41709205881,2555.0
13907.350310962649,2555.0
13907.350310962649,2429.0
38008.44740308822,2429.0
38008.44740308822,2555.0
50158.38154493832,2555.0
50158.38154493832,2429.0
53330.847469065346,2429.0
53330.847469065346,2555.0
80952.49298277778,2555.0
80952.49298277778,2429.0
81415.03204826733,2429.0
81415.03204826733,2555.0
86400.000002,2555.0
# temp #8791
0.0,2234.0
69965.69583197124,2234.0
69965.69583197124,2883.0
72365.69583197124,2883.0
72365.69583197124,2667.0
74710.10674573481,2667.0
74710.10674573481,2555.0
86196.58555104397,2555.0
86196.58555104397,2883.0
86400.0,2883.0
# temp #8792
0.0,2234.0
5179.452399420553,2234.0
5179.452399420553,2667.0
49388.531624246396,2667.0
49388.531624246396,2555.0
49953.378382511444,2555.0
49953.378382511444,2667.0
58995.610405993655,2667.0
58995.610405993655,2555.0
59295.610405993655,2555.0
59295.610405993655,2667.0
59595.610405993655,2667.0
59595.610405993655,2555.0
62895.610405993655,2555.0
62895.610405993655,2667.0
86400.000002,2667.0
# temp #8793
0.0,2234.0
52495.20757757128,2234.0
52495.20757757128,2429.0
52939.94583163877,2429.0
52939.94583163877,2555.0
55428.799193096354,2555.0
55428.799193096354,2429.0
85817.36651784742,2429.0
85817.36651784742,2555.0
86400.000002,2555.0
# temp #8794
0.0,2234.0
63399.558540224105,2234.0
63399.558540224105,2555.0
78531.29814283458,2555.0
78531.29814283458,2429.0
79029.09583307338,2429.0
79029.09583307338,2555.0
86400.0,2555.0
# temp #8795
0.0,2234.0
66622.78688075021,2234.0
66622.78688075021,2883.0
69022.78688075021,2883.0
69022.78688075021,2667.0
79467.54262475297,2667.0
79467.54262475297,2883.0
86400.000002,2883.0
# temp #8796
0.0,2234.0
8284.249546425419,2234.0
8284.249546425419,2883.0
9660.095530352557,2883.0
9660.095530352557,2667.0
14316.108645033093,2667.0
14316.108645033093,2883.0
29300.865551456816,2883.0
29300.865551456816,2429.0
61071.38129118831,2429.0
61071.38129118831,2883.0
72111.30681149663,2883.0
72111.30681149663,2667.0
86400.0,2667.0
# temp #8797
0.0,2234.0
78090.66630376039,2234.0
78090.66630376039,2555.0
79442.53993844615,2555.0
79442.53993844615,2667.0
85742.53993844615,2667.0
85742.53993844615,2555.0
86400.000002,2555.0
# temp #8798
0.0,2234.0
50038.8000025414,2234.0
50038.8000025414,2555.0
55572.77896623128,2555.0
55572.77896623128,2429.0
86400.0,2429.0
# temp #8799
0.0,2234.0
20393.380869249817,2234.0
20393.380869249817,2429.0
27293.380869249817,2429.0
27293.380869249817,2555.0
29093.380869249817,2555.0
29093.380869249817,2429.0
41993.38086924981,2429.0
41993.38086924981,2234.0
42293.38086924981,2234.0
42293.38086924981,2017.0
42593.38086924981,2017.0
42593.38086924981,2234.0
42893.38086924981,2234.0
42893.38086924981,2017.0
54382.96140572057,2017.0
54382.96140572057,2234.0
84020.94017949422,2234.0
84020.94017949422,2429.0
86400.0,2429.0
# temp #8800
0.0,2234.0
3378.4543388290335,2234.0
3378.4543388290335,2883.0
14478.454338829033,2883.0
14478.454338829033,2555.0
49510.19738623873,2555.0
49510.19738623873,2429.0
55292.14059482329,2429.0
55292.14059482329,2555.0
73809.74621200004,2555.0
73809.74621200004,2667.0
86400.000002,2667.0
# temp #8801
0.0,2234.0
37088.843895262115,2234.0
37088.843895262115,2429.0
69188.8438952621,2429.0
69188.8438952621,2555.0
69488.8438952621,2555.0
69488.8438952621,2667.0
70323.7660453655,2667.0
70323.7660453655,2234.0
86400.0,2234.0
# temp #8802
0.0,2234.0
59415.12553885114,2234.0
59415.12553885114,2555.0
72514.20352442657,2555.0
72514.20352442657,2429.0
72860.19140020946,2429.0
72860.19140020946,2555.0
76451.74625334331,2555.0
76451.74625334331,2429.0
77110.64622423147,2429.0
77110.64622423147,2234.0
86400.000002,2234.0
# temp #8803
0.0,2234.0
69548.53350359482,2234.0
69548.53350359482,2555.0
86400.000002,2555.0
# temp #8804
0.0,2234.0
18265.23518578615,2234.0
18265.23518578615,2429.0
18747.538578137755,2429.0
18747.538578137755,2234.0
19403.461758652702,2234.0
19403.461758652702,2429.0
23473.43201120384,2429.0
23473.43201120384,2234.0
42143.78233740572,2234.0
42143.78233740572,2429.0
42497.42770709563,2429.0
42497.42770709563,2555.0
43620.35184467677,2555.0
43620.35184467677,2429.0
43920.35184467677,2429.0
43920.35184467677,2555.0
45420.35184467677,2555.0
45420.35184467677,2429.0
55620.35184467677,2429.0
55620.35184467677,2234.0
86400.000002,2234.0
# temp #8805
0.0,2234.0
9318.860643985683,2234.0
9318.860643985683,2555.0
32574.79410425295,2555.0
32574.79410425295,2429.0
65022.32699200978,2429.0
65022.32699200978,2234.0
65622.32699200978,2234.0
65622.32699200978,2429.0
83922.32699200978,2429.0
83922.32699200978,2555.0
85422.32699200978,2555.0
85422.32699200978,2429.0
86400.000002,2429.0
# temp #8806
0.0,2234.0
23189.893867308278,2234.0
23189.893867308278,2017.0
60804.61783907378,2017.0
60804.61783907378,2234.0
70467.38971467131,2234.0
70467.38971467131,2017.0
79090.22981459276,2017.0
79090.22981459276,2234.0
84790.22981459276,2234.0
84790.22981459276,2429.0
86400.000002,2429.0
# temp #8807
0.0,2234.0
5214.820039481857,2234.0
5214.820039481857,2429.0
5584.419496636839,2429.0
5584.419496636839,2555.0
8912.561699654909,2555.0
8912.561699654909,2429.0
9316.112657077612,2429.0
9316.112657077612,2883.0
24009.699054155506,2883.0
24009.699054155506,2429.0
37868.89768999536,2429.0
37868.89768999536,2555.0
51373.12855320052,2555.0
51373.12855320052,2429.0
67904.76366311777,2429.0
67904.76366311777,2234.0
83059.44502924105,2234.0
83059.44502924105,2667.0
86400.0,2667.0
# temp #8808
0.0,2234.0
46505.93772490975,2234.0
46505.93772490975,2429.0
47046.5511352988,2429.0
47046.5511352988,2555.0
50499.09087878187,2555.0
50499.09087878187,2429.0
51048.36101888214,2429.0
51048.36101888214,2555.0
58862.48892014847,2555.0
58862.48892014847,2429.0
59532.712871069096,2429.0
59532.712871069096,2555.0
75414.8579912726,2555.0
75414.8579912726,2667.0
77638.38876660449,2667.0
77638.38876660449,2555.0
84553.32628365142,2555.0
84553.32628365142,2667.0
86400.000002,2667.0
# temp #8809
0.0,2234.0
29348.787420988087,2234.0
29348.787420988087,2017.0
78893.6677156482,2017.0
78893.6677156482,2234.0
86400.0,2234.0
# temp #8810
0.0,2234.0
60954.094459768385,2234.0
60954.094459768385,2555.0
61993.9210137818,2555.0
61993.9210137818,2234.0
86400.000002,2234.0
# temp #8811
0.0,2234.0
39919.4613312604,2234.0
39919.4613312604,2555.0
48475.519878440544,2555.0
48475.519878440544,2429.0
71693.20032822435,2429.0
71693.20032822435,2234.0
72293.20032822435,2234.0
72293.20032822435,2429.0
86400.000002,2429.0
# temp #8812
0.0,2234.0
9069.141591712834,2234.0
9069.141591712834,2555.0
12543.011410860347,2555.0
12543.011410860347,2429.0
17954.067150084305,2429.0
17954.067150084305,2234.0
18254.067150084305,2234.0
18254.067150084305,2017.0
28674.04889054597,2017.0
28674.04889054597,2555.0
51905.388923292056,2555.0
51905.388923292056,2429.0
54776.42789036036,2429.0
54776.42789036036,2234.0
73112.36580850092,2234.0
73112.36580850092,2429.0
86400.0,2429.0
# temp #8813
0.0,2234.0
6055.8490017894665,2234.0
6055.8490017894665,2667.0
52610.23103781045,2667.0
52610.23103781045,2555.0
53608.49737292156,2555.0
53608.49737292156,2667.0
77276.77561403254,2667.0
77276.77561403254,2555.0
77576.77561403254,2555.0
77576.77561403254,2667.0
77876.77561403254,2667.0
77876.77561403254,2555.0
81176.77561403254,2555.0
81176.77561403254,2667.0
86400.0,2667.0
# temp #8814
0.0,2234.0
63641.74006904941,2234.0
63641.74006904941,2555.0
79235.03170043696,2555.0
79235.03170043696,2234.0
86400.0,2234.0
# temp #8815
0.0,2234.0
2720.0315998401497,2234.0
2720.0315998401497,2017.0
7981.281136209147,2017.0
7981.281136209147,2234.0
48838.06393188425,2234.0
48838.06393188425,2017.0
83692.02450248414,2017.0
83692.02450248414,2234.0
86400.000002,2234.0
# temp #8816
0.0,2234.0
3122.6074623875325,2234.0
3122.6074623875325,2667.0
23401.149399485443,2667.0
23401.149399485443,2555.0
24049.308414012197,2555.0
24049.308414012197,2667.0
35286.84893965256,2667.0
35286.84893965256,2555.0
35586.84893965256,2555.0
35586.84893965256,2667.0
36288.51408481133,2667.0
36288.51408481133,2555.0
36888.51408481133,2555.0
36888.51408481133,2667.0
56640.991319110624,2667.0
56640.991319110624,2234.0
75055.68348658273,2234.0
75055.68348658273,2667.0
86153.1831439119,2667.0
86153.1831439119,2883.0
86400.0,2883.0
# temp #8817
0.0,2234.0
34130.02742088866,2234.0
34130.02742088866,2555.0
36247.834840114236,2555.0
36247.834840114236,2429.0
38478.83450284135,2429.0
38478.83450284135,2234.0
45874.01947500185,2234.0
45874.01947500185,2429.0
55745.60538847001,2429.0
55745.60538847001,2234.0
80119.83286561446,2234.0
80119.83286561446,2429.0
86400.0,2429.0
# temp #8818
0.0,2234.0
18746.481259795837,2234.0
18746.481259795837,2429.0
25646.481259795837,2429.0
25646.481259795837,2555.0
27446.481259795837,2555.0
27446.481259795837,2429.0
40346.48125979584,2429.0
40346.48125979584,2234.0
40646.48125979584,2234.0
40646.48125979584,2017.0
40946.48125979584,2017.0
40946.48125979584,2234.0
41246.48125979584,2234.0
41246.48125979584,2017.0
48182.92677907739,2017.0
48182.92677907739,2234.0
51252.684376970865,2234.0
51252.684376970865,2667.0
55311.091131018475,2667.0
55311.091131018475,2555.0
56796.92017554771,2555.0
56796.92017554771,2429.0
86400.000002,2429.0
# temp #8819
0.0,2234.0
721.875429013744,2234.0
721.875429013744,2667.0
12360.502167767847,2667.0
12360.502167767847,2555.0
13206.706491834486,2555.0
13206.706491834486,2429.0
31650.25498392061,2429.0
31650.25498392061,2555.0
34313.61998103094,2555.0
34313.61998103094,2429.0
75235.20438547713,2429.0
75235.20438547713,2883.0
86400.000002,2883.0
# temp #8820
0.0,2234.0
9626.739106443712,2234.0
9626.739106443712,2429.0
41726.73910644371,2429.0
41726.73910644371,2555.0
42026.73910644371,2555.0
42026.73910644371,2667.0
74526.20757424738,2667.0
74526.20757424738,2555.0
74652.18981758226,2555.0
74652.18981758226,2429.0
86400.000002,2429.0
# temp #8821
0.0,2234.0
2115.605897689238,2234.0
2115.605897689238,2883.0
3645.841797371395,2883.0
3645.841797371395,2667.0
11926.008299086243,2667.0
11926.008299086243,2883.0
46824.91410656367,2883.0
46824.91410656367,2429.0
81229.48145361153,2429.0
81229.48145361153,2555.0
86400.0,2555.0
# temp #8822
0.0,2234.0
29026.56125533395,2234.0
29026.56125533395,2017.0
61758.051780005924,2017.0
61758.051780005924,2234.0
86400.000002,2234.0
# temp #8823
0.0,2234.0
69288.81873555947,2234.0
69288.81873555947,2883.0
71688.81873555947,2883.0
71688.81873555947,2667.0
84646.14260983653,2667.0
84646.14260983653,2555.0
86400.000002,2555.0
# temp #8824
0.0,2234.0
6427.541700052098,2234.0
6427.541700052098,2429.0
6740.76132522896,2429.0
6740.76132522896,2555.0
9278.599296603354,2555.0
9278.599296603354,2429.0
32801.26073823776,2429.0
32801.26073823776,2555.0
52442.9288026644,2555.0
52442.9288026644,2429.0
64189.5924597513,2429.0
64189.5924597513,2555.0
85362.61007306167,2555.0
85362.61007306167,2429.0
86400.0,2429.0
# temp #8825
0.0,2234.0
60511.394046270296,2234.0
60511.394046270296,2883.0
62911.394046270296,2883.0
62911.394046270296,2667.0
82268.63542555367,2667.0
82268.63542555367,2883.0
86400.0,2883.0
# temp #8826
0.0,2234.0
36143.66387038027,2234.0
36143.66387038027,2555.0
45721.70939056669,2555.0
45721.70939056669,2429.0
48340.85017873441,2429.0
48340.85017873441,2234.0
56814.734358619906,2234.0
56814.734358619906,2429.0
63218.88007200324,2429.0
63218.88007200324,2234.0
83496.35043977761,2234.0
83496.35043977761,2667.0
86400.000002,2667.0
# temp #8827
0.0,2234.0
27122.890489920977,2234.0
27122.890489920977,2429.0
27430.66234267317,2429.0
27430.66234267317,2234.0
28175.953963701617,2234.0
28175.953963701617,2429.0
32218.37047815789,2429.0
32218.37047815789,2234.0
35563.52052718867,2234.0
35563.52052718867,2429.0
36218.16229952966,2429.0
36218.16229952966,2234.0
57398.20993677714,2234.0
57398.20993677714,2429.0
86400.0,2429.0
# temp #8828
0.0,2234.0
8953.72047785204,2234.0
8953.72047785204,2429.0
9433.295023581015,2429.0
9433.295023581015,2555.0
12956.028789421545,2555.0
12956.028789421545,2429.0
41545.09888286703,2429.0
41545.09888286703,2883.0
58999.48355737144,2883.0
58999.48355737144,2429.0
70357.99939564896,2429.0
70357.99939564896,2555.0
76528.18540467416,2555.0
76528.18540467416,2429.0
86400.000002,2429.0
# temp #8829
0.0,2234.0
8573.600638448263,2234.0
8573.600638448263,2667.0
32684.645238169476,2667.0
32684.645238169476,2555.0
33007.11749803741,2555.0
33007.11749803741,2667.0
60471.2266927818,2667.0
60471.2266927818,2555.0
60771.2266927818,2555.0
60771.2266927818,2667.0
61071.2266927818,2667.0
61071.2266927818,2555.0
64371.2266927818,2555.0
64371.2266927818,2667.0
86400.000002,2667.0
# temp #8830
0.0,2234.0
31370.899811480198,2234.0
31370.899811480198,2017.0
40649.264783179395,2017.0
40649.264783179395,2234.0
68476.93265886046,2234.0
68476.93265886046,2017.0
86400.0,2017.0
# temp #8831
0.0,2234.0
69168.68670664263,2234.0
69168.68670664263,2555.0
76458.332541422,2555.0
76458.332541422,2429.0
76861.76934926772,2429.0
76861.76934926772,2555.0
86400.0,2555.0
# temp #8832
0.0,2234.0
2387.141353148036,2234.0
2387.141353148036,2667.0
30832.238774118017,2667.0
30832.238774118017,2555.0
31842.579272319566,2555.0
31842.579272319566,2667.0
35954.394446429804,2667.0
35954.394446429804,2555.0
36254.394446429804,2555.0
36254.394446429804,2667.0
36554.394446429804,2667.0
36554.394446429804,2555.0
39854.394446429804,2555.0
39854.394446429804,2667.0
65354.3944464298,2667.0
65354.3944464298,2883.0
86400.000002,2883.0
# temp #8833
0.0,2234.0
54430.41607062333,2234.0
54430.41607062333,2555.0
75619.14970488289,2555.0
75619.14970488289,2429.0
76158.74079221395,2429.0
76158.74079221395,2555.0
77549.04999788852,2555.0
77549.04999788852,2429.0
78393.00555177034,2429.0
78393.00555177034,2555.0
78750.21370220931,2555.0
78750.21370220931,2429.0
79050.21370220931,2429.0
79050.21370220931,2555.0
86400.000002,2555.0
# temp #8834
0.0,2234.0
39234.83906337061,2234.0
39234.83906337061,2555.0
63386.915227118894,2555.0
63386.915227118894,2429.0
63929.19407850133,2429.0
63929.19407850133,2555.0
69548.2748986222,2555.0
69548.2748986222,2429.0
69990.715155378,2429.0
69990.715155378,2555.0
70968.57955008747,2555.0
70968.57955008747,2429.0
71268.57955008747,2429.0
71268.57955008747,2555.0
71568.57955008747,2555.0
71568.57955008747,2429.0
72168.57955008747,2429.0
72168.57955008747,2555.0
77114.03824836017,2555.0
77114.03824836017,2429.0
86400.000002,2429.0
# temp #8835
0.0,2234.0
26470.551333110783,2234.0
26470.551333110783,2555.0
40601.147610135384,2555.0
40601.147610135384,2429.0
41049.89504339174,2429.0
41049.89504339174,2555.0
59559.7430604743,2555.0
59559.7430604743,2429.0
59955.318868719056,2429.0
59955.318868719056,2234.0
86400.0,2234.0
# temp #8836
0.0,2234.0
4820.055242744275,2234.0
4820.055242744275,2667.0
6787.208566884511,2667.0
6787.208566884511,2555.0
7576.505606691354,2555.0
7576.505606691354,2667.0
20201.113478187475,2667.0
20201.113478187475,2555.0
20501.113478187475,2555.0
20501.113478187475,2667.0
21257.522405963395,2667.0
21257.522405963395,2555.0
21857.522405963395,2555.0
21857.522405963395,2667.0
26661.124963453043,2667.0
26661.124963453043,2555.0
43770.18876993098,2555.0
43770.18876993098,2667.0
52575.85134466645,2667.0
52575.85134466645,2234.0
81237.46637608857,2234.0
81237.46637608857,2429.0
86400.000002,2429.0
# temp #8837
0.0,2234.0
39298.0121474946,2234.0
39298.0121474946,2429.0
39885.071655758664,2429.0
39885.071655758664,2234.0
40701.80364525878,2234.0
40701.80364525878,2429.0
42749.39370481298,2429.0
42749.39370481298,2234.0
61343.175313482076,2234.0
61343.175313482076,2429.0
61880.67489783281,2429.0
61880.67489783281,2555.0
62238.96066430026,2555.0
62238.96066430026,2429.0
86400.000002,2429.0
# temp #8838
0.0,2234.0
4983.251756848768,2234.0
4983.251756848768,2667.0
18847.68990534358,2667.0
18847.68990534358,2555.0
19935.604308312762,2555.0
19935.604308312762,2429.0
19970.198191911917,2429.0
19970.198191911917,2555.0
38151.721200649634,2555.0
38151.721200649634,2667.0
54554.21185176821,2667.0
54554.21185176821,2555.0
65803.2506581396,2555.0
65803.2506581396,2667.0
81794.88870701754,2667.0
81794.88870701754,2555.0
86400.000002,2555.0
# temp #8839
0.0,2234.0
8225.511782686228,2234.0
8225.511782686228,2667.0
33554.88918945194,2667.0
33554.88918945194,2555.0
34396.807415876545,2555.0
34396.807415876545,2429.0
49801.914917584516,2429.0
49801.914917584516,2883.0
79982.48560312206,2883.0
79982.48560312206,2429.0
86400.0,2429.0
# temp #8840
0.0,2234.0
4477.584027755075,2234.0
4477.584027755075,2667.0
49332.28035229259,2667.0
49332.28035229259,2555.0
50512.23411946558,2555.0
50512.23411946558,2667.0
56623.38802653831,2667.0
56623.38802653831,2555.0
56923.38802653831,2555.0
56923.38802653831,2667.0
57223.38802653831,2667.0
57223.38802653831,2555.0
60523.38802653831,2555.0
60523.38802653831,2667.0
86023.3880265383,2667.0
86023.3880265383,2883.0
86400.000002,2883.0
# temp #8841
0.0,2234.0
8924.592081061566,2234.0
8924.592081061566,2883.0
10346.43194745295,2883.0
10346.43194745295,2667.0
21869.364402000796,2667.0
21869.364402000796,2883.0
25360.00189839397,2883.0
25360.00189839397,2667.0
57340.98311739509,2667.0
57340.98311739509,2883.0
57502.4075645255,2883.0
57502.4075645255,2429.0
85448.40079131538,2429.0
85448.40079131538,2555.0
86400.000002,2555.0
# temp #8842
0.0,2234.0
20945.36804761738,2234.0
20945.36804761738,2429.0
21412.464026128877,2429.0
21412.464026128877,2555.0
23069.36914636754,2555.0
23069.36914636754,2429.0
50047.32129941695,2429.0
50047.32129941695,2555.0
58398.87625663542,2555.0
58398.87625663542,2667.0
70518.54801694864,2667.0
70518.54801694864,2883.0
75400.30961176382,2883.0
75400.30961176382,2429.0
86400.0,2429.0
# temp #8843
0.0,2234.0
5967.459925543518,2234.0
5967.459925543518,2667.0
36390.63280946575,2667.0
36390.63280946575,2555.0
37033.97493115626,2555.0
37033.97493115626,2667.0
63753.0489823781,2667.0
63753.0489823781,2555.0
64353.0489823781,2555.0
64353.0489823781,2667.0
80160.70790025407,2667.0
80160.70790025407,2555.0
81806.30455012435,2555.0
81806.30455012435,2429.0
86400.000002,2429.0
# temp #8844
0.0,2234.0
3446.1801698198547,2234.0
3446.1801698198547,2667.0
49936.52412265074,2667.0
49936.52412265074,2555.0
50696.17932883558,2555.0
50696.17932883558,2429.0
52393.80601595622,2429.0
52393.80601595622,2555.0
67662.47960538605,2555.0
67662.47960538605,2429.0
86400.0,2429.0
# temp #8845
0.0,2234.0
26969.339528563436,2234.0
26969.339528563436,2429.0
27360.504461894747,2429.0
27360.504461894747,2555.0
32165.16263193917,2555.0
32165.16263193917,2429.0
42945.73509916664,2429.0
42945.73509916664,2234.0
51007.5566103682,2234.0
51007.5566103682,2667.0
75332.34730109108,2667.0
75332.34730109108,2234.0
86400.0,2234.0
# temp #8846
0.0,2234.0
5618.019553273917,2234.0
5618.019553273917,2667.0
44885.71458107327,2667.0
44885.71458107327,2555.0
45665.43173363899,2555.0
45665.43173363899,2667.0
57729.253925126985,2667.0
57729.253925126985,2555.0
58029.253925126985,2555.0
58029.253925126985,2667.0
58767.079974082306,2667.0
58767.079974082306,2555.0
59367.079974082306,2555.0
59367.079974082306,2667.0
69909.39014072066,2667.0
69909.39014072066,2883.0
86018.54365349283,2883.0
86018.54365349283,2667.0
86400.000002,2667.0
# temp #8847
0.0,2234.0
2731.5918554551904,2234.0
2731.5918554551904,2667.0
33446.2782350136,2667.0
33446.2782350136,2555.0
34717.32639370021,2555.0
34717.32639370021,2667.0
56721.699250373065,2667.0
56721.699250373065,2555.0
59721.699250373065,2555.0
59721.699250373065,2667.0
85821.69925037306,2667.0
85821.69925037306,2883.0
86400.0,2883.0
# temp #8848
0.0,2234.0
17716.703892918307,2234.0
17716.703892918307,2017.0
32157.15653048829,2017.0
32157.15653048829,2234.0
67749.97901106255,2234.0
67749.97901106255,2017.0
86400.0,2017.0
# temp #8849
0.0,2234.0
12466.062118252741,2234.0
12466.062118252741,2883.0
13295.692635141315,2883.0
13295.692635141315,2667.0
16260.801450675355,2667.0
16260.801450675355,2883.0
50357.53056539689,2883.0
50357.53056539689,2429.0
83789.28623883986,2429.0
83789.28623883986,2555.0
86400.0,2555.0
# temp #8850
0.0,2234.0
60711.76105532795,2234.0
60711.76105532795,2555.0
73156.53612327296,2555.0
73156.53612327296,2234.0
86400.0,2234.0
# temp #8851
0.0,2234.0
65018.847188050866,2234.0
65018.847188050866,2883.0
67418.84718805086,2883.0
67418.84718805086,2667.0
70026.84138212354,2667.0
70026.84138212354,2555.0
78882.8840511851,2555.0
78882.8840511851,2883.0
86400.0,2883.0
# temp #8852
0.0,2234.0
21480.583276413385,2234.0
21480.583276413385,2429.0
53580.58327641338,2429.0
53580.58327641338,2555.0
53880.58327641338,2555.0
53880.58327641338,2667.0
85318.3119893074,2667.0
85318.3119893074,2883.0
86400.0,2883.0
# temp #8853
0.0,2234.0
3442.5252390559767,2234.0
3442.5252390559767,2667.0
12245.818854100073,2667.0
12245.818854100073,2555.0
13516.474791406656,2555.0
13516.474791406656,2667.0
32912.62543774211,2667.0
32912.62543774211,2555.0
33212.62543774211,2555.0
33212.62543774211,2667.0
33512.62543774211,2667.0
33512.62543774211,2555.0
36812.62543774211,2555.0
36812.62543774211,2667.0
62312.62543774211,2667.0
62312.62543774211,2883.0
86400.000002,2883.0
# temp #8854
0.0,2234.0
2001.820135326125,2234.0
2001.820135326125,2555.0
6980.017867195421,2555.0
6980.017867195421,2667.0
13280.01786719542,2667.0
13280.01786719542,2555.0
14480.01786719542,2555.0
14480.01786719542,2429.0
57680.01786719542,2429.0
57680.01786719542,2234.0
62006.12289905548,2234.0
62006.12289905548,2429.0
82465.43138623238,2429.0
82465.43138623238,2883.0
86400.000002,2883.0
# temp #8855
0.0,2234.0
80292.7214829717,2234.0
80292.7214829717,2555.0
86400.000002,2555.0
# temp #8856
0.0,2234.0
34994.107067585,2234.0
34994.107067585,2429.0
35465.37239954342,2429.0
35465.37239954342,2234.0
36354.541175393395,2234.0
36354.541175393395,2429.0
39367.300818767406,2429.0
39367.300818767406,2234.0
55270.74004202151,2234.0
55270.74004202151,2429.0
56259.96660101229,2429.0
56259.96660101229,2555.0
56713.045174581945,2555.0
56713.045174581945,2429.0
86400.0,2429.0
# temp #8857
0.0,2234.0
21136.200513225052,2234.0
21136.200513225052,2429.0
21575.250683887865,2429.0
21575.250683887865,2555.0
22878.425346105363,2555.0
22878.425346105363,2429.0
32824.07904134598,2429.0
32824.07904134598,2883.0
41710.49647105393,2883.0
41710.49647105393,2667.0
43176.523057906896,2667.0
43176.523057906896,2883.0
51665.71528881323,2883.0
51665.71528881323,2667.0
57698.22463241872,2667.0
57698.22463241872,2234.0
69086.7907085689,2234.0
69086.7907085689,2429.0
86400.0,2429.0
# temp #8858
0.0,2234.0
34945.98679086194,2234.0
34945.98679086194,2429.0
35397.594622406184,2429.0
35397.594622406184,2234.0
36067.469201353386,2234.0
36067.469201353386,2429.0
37928.107569250285,2429.0
37928.107569250285,2234.0
47312.98375257757,2234.0
47312.98375257757,2429.0
47849.82908349485,2429.0
47849.82908349485,2234.0
82626.71012997163,2234.0
82626.71012997163,2429.0
86400.000002,2429.0
# temp #8859
0.0,2234.0
6167.606967198663,2234.0
6167.606967198663,2667.0
23734.28524725605,2667.0
23734.28524725605,2555.0
25091.807442368012,2555.0
25091.807442368012,2429.0
50883.20732081775,2429.0
50883.20732081775,2883.0
51664.01276041289,2883.0
51664.01276041289,2429.0
81150.08043448908,2429.0
81150.08043448908,2555.0
86400.0,2555.0
# temp #8860
0.0,2234.0
18850.055269896984,2234.0
18850.055269896984,2429.0
19450.055269896984,2429.0
19450.055269896984,2555.0
21312.116489186887,2555.0
21312.116489186887,2429.0
31265.899544488642,2429.0
31265.899544488642,2234.0
48555.26579094586,2234.0
48555.26579094586,2429.0
70562.9377679201,2429.0
70562.9377679201,2555.0
85294.29204594345,2555.0
85294.29204594345,2429.0
86400.0,2429.0
# temp #8861
0.0,2234.0
27563.50682820194,2234.0
27563.50682820194,2555.0
34596.314159687616,2555.0
34596.314159687616,2429.0
35125.760761206046,2429.0
35125.760761206046,2555.0
35613.64697995596,2555.0
35613.64697995596,2429.0
37018.6304782983,2429.0
37018.6304782983,2555.0
37674.10342306831,2555.0
37674.10342306831,2429.0
37974.10342306831,2429.0
37974.10342306831,2555.0
39474.10342306831,2555.0
39474.10342306831,2429.0
49674.10342306831,2429.0
49674.10342306831,2234.0
86400.0,2234.0
# temp #8862
0.0,2234.0
39855.39435460233,2234.0
39855.39435460233,2555.0
68755.5190853309,2555.0
68755.5190853309,2429.0
69349.76663268173,2429.0
69349.76663268173,2555.0
81484.25877853298,2555.0
81484.25877853298,2429.0
82670.6604177598,2429.0
82670.6604177598,2555.0
82985.38990938106,2555.0
82985.38990938106,2429.0
83285.38990938106,2429.0
83285.38990938106,2555.0
86400.0,2555.0
# temp #8863
0.0,2234.0
3472.122152172961,2234.0
3472.122152172961,2883.0
4015.2130081783985,2883.0
4015.2130081783985,2667.0
10031.946550682189,2667.0
10031.946550682189,2883.0
14200.302442722026,2883.0
14200.302442722026,2667.0
31042.315193032853,2667.0
31042.315193032853,2555.0
41777.56827443373,2555.0
41777.56827443373,2883.0
53376.690101972796,2883.0
53376.690101972796,2429.0
86400.000002,2429.0
# temp #8864
0.0,2234.0
6789.006055961365,2234.0
6789.006055961365,2667.0
39671.80923905689,2667.0
39671.80923905689,2555.0
40664.57852621097,2555.0
40664.57852621097,2429.0
41507.28269156534,2429.0
41507.28269156534,2883.0
46809.42348365206,2883.0
46809.42348365206,2667.0
58613.77946001012,2667.0
58613.77946001012,2234.0
63629.62714147289,2234.0
63629.62714147289,2667.0
66389.42127430346,2667.0
66389.42127430346,2555.0
73746.19772394653,2555.0
73746.19772394653,2667.0
86400.000002,2667.0
# temp #8865
0.0,2234.0
56638.26728551649,2234.0
56638.26728551649,2555.0
86400.000002,2555.0
# temp #8866
0.0,2234.0
8497.98665342387,2234.0
8497.98665342387,2883.0
9202.253174060026,2883.0
9202.253174060026,2667.0
15582.886848226193,2667.0
15582.886848226193,2883.0
36569.58984879312,2883.0
36569.58984879312,2429.0
59391.95761790035,2429.0
59391.95761790035,2234.0
60928.73331857847,2234.0
60928.73331857847,2429.0
86400.0,2429.0
# temp #8867
0.0,2234.0
17731.32204806898,2234.0
17731.32204806898,2883.0
19143.023487785835,2883.0
19143.023487785835,2667.0
24226.396559947174,2667.0
24226.396559947174,2883.0
31863.00655351952,2883.0
31863.00655351952,2555.0
33063.00655351952,2555.0
33063.00655351952,2883.0
39847.697894275196,2883.0
39847.697894275196,2667.0
65258.60412523617,2667.0
65258.60412523617,2555.0
86400.000002,2555.0
# temp #8868
0.0,2234.0
15335.414039972242,2234.0
15335.414039972242,2883.0
26435.414039972242,2883.0
26435.414039972242,2555.0
35940.03657053691,2555.0
35940.03657053691,2667.0
39695.00785635319,2667.0
39695.00785635319,2883.0
54948.167257010944,2883.0
54948.167257010944,2429.0
86400.000002,2429.0
# temp #8869
0.0,2234.0
16603.015109617267,2234.0
16603.015109617267,2555.0
48508.66334759632,2555.0
48508.66334759632,2429.0
48924.010354047656,2429.0
48924.010354047656,2555.0
63319.279809971355,2555.0
63319.279809971355,2429.0
64115.87714112831,2429.0
64115.87714112831,2234.0
68140.35601930229,2234.0
68140.35601930229,2667.0
76566.96332066787,2667.0
76566.96332066787,2234.0
82868.15513481853,2234.0
82868.15513481853,2667.0
86400.0,2667.0
# temp #8870
0.0,2234.0
83802.61218168309,2234.0
83802.61218168309,2555.0
86400.0,2555.0
# temp #8871
0.0,2234.0
34201.554950606085,2234.0
34201.554950606085,2429.0
34587.26290971973,2429.0
34587.26290971973,2555.0
36370.06352716126,2555.0
36370.06352716126,2429.0
36762.239081435844,2429.0
36762.239081435844,2234.0
58898.906018072754,2234.0
58898.906018072754,2429.0
59244.8675900465,2429.0
59244.8675900465,2555.0
60312.74047521876,2555.0
60312.74047521876,2429.0
81647.16648738833,2429.0
81647.16648738833,2555.0
86400.000002,2555.0
# temp #8872
0.0,2234.0
16967.7454803139,2234.0
16967.7454803139,2883.0
28067.7454803139,2883.0
28067.7454803139,2555.0
58169.14586308414,2555.0
58169.14586308414,2429.0
71195.20693647211,2429.0
71195.20693647211,2555.0
86400.0,2555.0
# temp #8873
0.0,2234.0
63456.72482396477,2234.0
63456.72482396477,2555.0
67962.48802717311,2555.0
67962.48802717311,2667.0
68478.13380472363,2667.0
68478.13380472363,2555.0
68778.13380472363,2555.0
68778.13380472363,2667.0
86400.0,2667.0
# temp #8874
0.0,2234.0
33995.081470627345,2234.0
33995.081470627345,2555.0
65461.7698704824,2555.0
65461.7698704824,2429.0
65865.90656668415,2429.0
65865.90656668415,2555.0
77439.6747604944,2555.0
77439.6747604944,2429.0
78727.39228662105,2429.0
78727.39228662105,2555.0
79264.10206966104,2555.0
79264.10206966104,2429.0
79564.10206966104,2429.0
79564.10206966104,2555.0
79864.10206966104,2555.0
79864.10206966104,2429.0
80464.10206966104,2429.0
80464.10206966104,2555.0
81953.9993684739,2555.0
81953.9993684739,2429.0
86400.000002,2429.0
# temp #8875
0.0,2234.0
67930.61828578357,2234.0
67930.61828578357,2555.0
77242.05292167608,2555.0
77242.05292167608,2234.0
86400.000002,2234.0
# temp #8876
0.0,2234.0
9567.40939174779,2234.0
9567.40939174779,2555.0
13872.147738933567,2555.0
13872.147738933567,2667.0
20172.147738933567,2667.0
20172.147738933567,2555.0
21372.147738933567,2555.0
21372.147738933567,2429.0
64572.14773893356,2429.0
64572.14773893356,2234.0
73674.82308656909,2234.0
73674.82308656909,2429.0
86400.0,2429.0
# temp #8877
0.0,2234.0
57671.65767308325,2234.0
57671.65767308325,2555.0
66371.19523454459,2555.0
66371.19523454459,2429.0
86400.0,2429.0
# temp #8878
0.0,2234.0
8010.965528246017,2234.0
8010.965528246017,2667.0
35549.84163595364,2667.0
35549.84163595364,2555.0
36501.88929112629,2555.0
36501.88929112629,2667.0
64567.51231150703,2667.0
64567.51231150703,2555.0
64867.51231150703,2555.0
64867.51231150703,2429.0
83068.39473336005,2429.0
83068.39473336005,2555.0
86400.0,2555.0
# temp #8879
0.0,2234.0
13798.584427451717,2234.0
13798.584427451717,2555.0
47032.301496667795,2555.0
47032.301496667795,2429.0
53137.2387401294,2429.0
53137.2387401294,2234.0
54994.44794899319,2234.0
54994.44794899319,2429.0
60200.41000053753,2429.0
60200.41000053753,2234.0
86400.0,2234.0
# temp #8880
0.0,2234.0
4165.328780491836,2234.0
4165.328780491836,2883.0
5025.988493137993,2883.0
5025.988493137993,2667.0
10919.493745174259,2667.0
10919.493745174259,2883.0
41161.266003688805,2883.0
41161.266003688805,2429.0
43537.051668064676,2429.0
43537.051668064676,2555.0
51979.255145369105,2555.0
51979.255145369105,2667.0
80148.3218476642,2667.0
80148.3218476642,2883.0
86400.0,2883.0
# temp #8881
0.0,2234.0
2601.9032017327845,2234.0
2601.9032017327845,2883.0
3080.982265435159,2883.0
3080.982265435159,2667.0
8206.787111680023,2667.0
8206.787111680023,2883.0
20155.704786325805,2883.0
20155.704786325805,2667.0
53139.53373818659,2667.0
53139.53373818659,2555.0
69657.94087057003,2555.0
69657.94087057003,2667.0
86400.000002,2667.0
# temp #8882
0.0,2234.0
28452.481888211336,2234.0
28452.481888211336,2555.0
31186.00150609855,2555.0
31186.00150609855,2429.0
73255.4352093721,2429.0
73255.4352093721,2234.0
81298.8958373666,2234.0
81298.8958373666,2429.0
86400.000002,2429.0
# temp #8883
0.0,2234.0
46632.17629068532,2234.0
46632.17629068532,2555.0
55119.64413025417,2555.0
55119.64413025417,2429.0
55598.07035748382,2429.0
55598.07035748382,2555.0
75688.9388349373,2555.0
75688.9388349373,2429.0
76097.65020464548,2429.0
76097.65020464548,2234.0
86400.0,2234.0
# temp #8884
0.0,2234.0
45937.59485080373,2234.0
45937.59485080373,2555.0
46562.33094746713,2555.0
46562.33094746713,2667.0
52862.33094746713,2667.0
52862.33094746713,2555.0
54062.33094746713,2555.0
54062.33094746713,2429.0
86400.000002,2429.0
# temp #8885
0.0,2234.0
54529.3998860987,2234.0
54529.3998860987,2555.0
86400.000002,2555.0
# temp #8886
0.0,2234.0
60096.570672956295,2234.0
60096.570672956295,2555.0
74692.78910807334,2555.0
74692.78910807334,2234.0
79621.71088100877,2234.0
79621.71088100877,2429.0
82061.88360506203,2429.0
82061.88360506203,2555.0
85167.18263654038,2555.0
85167.18263654038,2429.0
86400.000002,2429.0
# temp #8887
0.0,2234.0
2893.8664324348792,2234.0
2893.8664324348792,2883.0
4545.756945060566,2883.0
4545.756945060566,2667.0
8325.723797874525,2667.0
8325.723797874525,2883.0
27994.418163830418,2883.0
27994.418163830418,2667.0
65069.68990832103,2667.0
65069.68990832103,2555.0
86400.000002,2555.0
# temp #8888
0.0,2234.0
42879.049458028756,2234.0
42879.049458028756,2017.0
79670.63107774594,2017.0
79670.63107774594,2234.0
86400.000002,2234.0
# temp #8889
0.0,2234.0
69674.4086180348,2234.0
69674.4086180348,2555.0
86400.000002,2555.0
# temp #8890
0.0,2234.0
82914.6955956705,2234.0
82914.6955956705,2555.0
85416.07058818919,2555.0
85416.07058818919,2667.0
85874.46325491184,2667.0
85874.46325491184,2555.0
86174.46325491184,2555.0
86174.46325491184,2667.0
86400.000002,2667.0
# temp #8891
0.0,2234.0
17820.7333191298,2234.0
17820.7333191298,2429.0
18354.715922847394,2429.0
18354.715922847394,2555.0
18824.25806857646,2555.0
18824.25806857646,2429.0
28072.888180101298,2429.0
28072.888180101298,2555.0
63481.81060601493,2555.0
63481.81060601493,2429.0
63913.15273018555,2429.0
63913.15273018555,2234.0
86080.81510788763,2234.0
86080.81510788763,2429.0
86400.0,2429.0
# temp #8892
0.0,2234.0
3432.718695234508,2234.0
3432.718695234508,2667.0
15898.298207600603,2667.0
15898.298207600603,2555.0
17369.904796988707,2555.0
17369.904796988707,2667.0
38021.125855436556,2667.0
38021.125855436556,2555.0
38321.125855436556,2555.0
38321.125855436556,2667.0
38948.938304954216,2667.0
38948.938304954216,2555.0
39548.938304954216,2555.0
39548.938304954216,2667.0
40091.46325662733,2667.0
40091.46325662733,2555.0
46338.62460607198,2555.0
46338.62460607198,2429.0
63108.69417088108,2429.0
63108.69417088108,2555.0
74331.82884946001,2555.0
74331.82884946001,2429.0
86400.000002,2429.0
# temp #8893
0.0,2234.0
15228.663449082525,2234.0
15228.663449082525,2555.0
18167.0990213519,2555.0
18167.0990213519,2667.0
18562.91943532415,2667.0
18562.91943532415,2555.0
24562.91943532415,2555.0
24562.91943532415,2429.0
26962.91943532415,2429.0
26962.91943532415,2234.0
30562.91943532415,2234.0
30562.91943532415,2429.0
31762.91943532415,2429.0
31762.91943532415,2234.0
37462.91943532415,2234.0
37462.91943532415,2429.0
38299.806758458726,2429.0
38299.806758458726,2234.0
58108.98369492498,2234.0
58108.98369492498,2667.0
60439.78923016694,2667.0
60439.78923016694,2555.0
60868.42394142878,2555.0
60868.42394142878,2667.0
86400.0,2667.0
# temp #8894
0.0,2234.0
33165.80152781681,2234.0
33165.80152781681,2555.0
69247.09443384783,2555.0
69247.09443384783,2429.0
69702.32091920917,2429.0
69702.32091920917,2555.0
86400.000002,2555.0
# temp #8895
0.0,2234.0
48688.79962759093,2234.0
48688.79962759093,2555.0
63856.43604788931,2555.0
63856.43604788931,2429.0
64294.18631033042,2429.0
64294.18631033042,2555.0
68233.25988615399,2555.0
68233.25988615399,2429.0
69066.72280461063,2429.0
69066.72280461063,2555.0
70201.48704091554,2555.0
70201.48704091554,2429.0
70501.48704091554,2429.0
70501.48704091554,2555.0
72001.48704091554,2555.0
72001.48704091554,2429.0
82201.48704091554,2429.0
82201.48704091554,2234.0
86400.000002,2234.0
# temp #8896
0.0,2234.0
4371.879737265409,2234.0
4371.879737265409,2667.0
26191.05316945352,2667.0
26191.05316945352,2555.0
27305.95270735212,2555.0
27305.95270735212,2667.0
35059.02396216989,2667.0
35059.02396216989,2555.0
35359.02396216989,2555.0
35359.02396216989,2667.0
36197.93739002199,2667.0
36197.93739002199,2555.0
36797.93739002199,2555.0
36797.93739002199,2667.0
59304.104088759064,2667.0
59304.104088759064,2555.0
77206.357050268,2555.0
77206.357050268,2667.0
80501.32031268442,2667.0
80501.32031268442,2555.0
86400.0,2555.0
# temp #8897
0.0,2234.0
64673.487857985325,2234.0
64673.487857985325,2555.0
65013.1857835455,2555.0
65013.1857835455,2429.0
65511.11698409078,2429.0
65511.11698409078,2555.0
74107.5581956655,2555.0
74107.5581956655,2429.0
74583.01252378152,2429.0
74583.01252378152,2234.0
77614.2251759302,2234.0
77614.2251759302,2429.0
86400.0,2429.0
# temp #8898
0.0,2234.0
23588.90342402738,2234.0
23588.90342402738,2555.0
25573.172647738833,2555.0
25573.172647738833,2667.0
31873.172647738833,2667.0
31873.172647738833,2555.0
33073.17264773883,2555.0
33073.17264773883,2429.0
76273.17264773883,2429.0
76273.17264773883,2234.0
86400.000002,2234.0
# temp #8899
0.0,2234.0
32515.897657605823,2234.0
32515.897657605823,2429.0
39415.89765760582,2429.0
39415.89765760582,2555.0
41215.89765760582,2555.0
41215.89765760582,2429.0
54115.89765760582,2429.0
54115.89765760582,2234.0
54415.89765760582,2234.0
54415.89765760582,2017.0
54715.89765760582,2017.0
54715.89765760582,2234.0
55015.89765760582,2234.0
55015.89765760582,2017.0
57929.60408607033,2017.0
57929.60408607033,2234.0
86400.000002,2234.0
# temp #8900
0.0,2234.0
38453.43185733073,2234.0
38453.43185733073,2555.0
69050.39320397192,2555.0
69050.39320397192,2429.0
69595.73304886,2429.0
69595.73304886,2555.0
75635.20595545416,2555.0
75635.20595545416,2429.0
75973.67068903988,2429.0
75973.67068903988,2555.0
77222.95272045305,2555.0
77222.95272045305,2429.0
77522.95272045305,2429.0
77522.95272045305,2555.0
79022.95272045305,2555.0
79022.95272045305,2429.0
86400.0,2429.0
# temp #8901
0.0,2234.0
12818.808307964357,2234.0
12818.808307964357,2017.0
67883.73392452486,2017.0
67883.73392452486,2234.0
86400.0,2234.0
# temp #8902
0.0,2234.0
1340.2824907796457,2234.0
1340.2824907796457,2667.0
45631.17896087934,2667.0
45631.17896087934,2555.0
46814.13817789872,2555.0
46814.13817789872,2667.0
59088.39176679031,2667.0
59088.39176679031,2555.0
59688.39176679031,2555.0
59688.39176679031,2667.0
75642.84117794597,2667.0
75642.84117794597,2555.0
80712.9351900425,2555.0
80712.9351900425,2429.0
86400.0,2429.0
# temp #8903
0.0,2234.0
4048.1837448198357,2234.0
4048.1837448198357,2667.0
33028.52929397486,2667.0
33028.52929397486,2555.0
33794.42543140613,2555.0
33794.42543140613,2667.0
56141.672627697706,2667.0
56141.672627697706,2555.0
56441.672627697706,2555.0
56441.672627697706,2667.0
57295.251734624624,2667.0
57295.251734624624,2555.0
57895.251734624624,2555.0
57895.251734624624,2667.0
73208.084290009,2667.0
73208.084290009,2555.0
84907.35060609879,2555.0
84907.35060609879,2667.0
86400.000002,2667.0
# temp #8904
0.0,2234.0
57478.71660513338,2234.0
57478.71660513338,2555.0
70318.59148973599,2555.0
70318.59148973599,2234.0
86400.0,2234.0
# temp #8905
0.0,2234.0
38370.580428745605,2234.0
38370.580428745605,2017.0
82195.15462866986,2017.0
82195.15462866986,2234.0
86400.000002,2234.0
# temp #8906
0.0,2234.0
67645.97997274251,2234.0
67645.97997274251,2555.0
86400.000002,2555.0
# temp #8907
0.0,2234.0
28898.89497540426,2234.0
28898.89497540426,2429.0
29305.791562213566,2429.0
29305.791562213566,2555.0
30602.40546741989,2555.0
30602.40546741989,2429.0
67728.98766032887,2429.0
67728.98766032887,2883.0
76188.40743431357,2883.0
76188.40743431357,2667.0
86374.41498299596,2667.0
86374.41498299596,2883.0
86400.000002,2883.0
# temp #8908
0.0,2234.0
13490.49554562662,2234.0
13490.49554562662,2883.0
14002.07723923959,2883.0
14002.07723923959,2667.0
20424.010065011684,2667.0
20424.010065011684,2883.0
49166.71617825051,2883.0
49166.71617825051,2429.0
62492.672787420466,2429.0
62492.672787420466,2555.0
86400.0,2555.0
# temp #8909
0.0,2234.0
29825.502160331238,2234.0
29825.502160331238,2555.0
68529.28880257533,2555.0
68529.28880257533,2429.0
68870.66762675533,2429.0
68870.66762675533,2555.0
84178.07044617368,2555.0
84178.07044617368,2429.0
84719.112560316,2429.0
84719.112560316,2555.0
85536.08807965649,2555.0
85536.08807965649,2429.0
85836.08807965649,2429.0
85836.08807965649,2555.0
86400.000002,2555.0
# temp #8910
0.0,2234.0
15279.901136364791,2234.0
15279.901136364791,2883.0
16377.70177368075,2883.0
16377.70177368075,2667.0
23655.612644017678,2667.0
23655.612644017678,2883.0
26158.01821604837,2883.0
26158.01821604837,2667.0
47981.32693581284,2667.0
47981.32693581284,2234.0
71424.70247810708,2234.0
71424.70247810708,2429.0
86400.000002,2429.0
# temp #8911
0.0,2234.0
10679.25015105866,2234.0
10679.25015105866,2555.0
13636.011444102043,2555.0
13636.011444102043,2667.0
14117.793097905816,2667.0
14117.793097905816,2555.0
20117.79309790582,2555.0
20117.79309790582,2429.0
22517.79309790582,2429.0
22517.79309790582,2234.0
26117.79309790582,2234.0
26117.79309790582,2429.0
27317.79309790582,2429.0
27317.79309790582,2234.0
33017.793097905815,2234.0
33017.793097905815,2429.0
34358.17561740987,2429.0
34358.17561740987,2234.0
45040.48450528645,2234.0
45040.48450528645,2667.0
68519.3539968459,2667.0
68519.3539968459,2555.0
81100.80482200721,2555.0
81100.80482200721,2429.0
86400.0,2429.0
# temp #8912
0.0,2234.0
2906.4498595660557,2234.0
2906.4498595660557,2667.0
42520.274440362125,2667.0
42520.274440362125,2555.0
42848.60978729558,2555.0
42848.60978729558,2667.0
49984.492783737376,2667.0
49984.492783737376,2555.0
50584.492783737376,2555.0
50584.492783737376,2667.0
69424.00713858662,2667.0
69424.00713858662,2555.0
74007.42676591036,2555.0
74007.42676591036,2429.0
77320.74800950942,2429.0
77320.74800950942,2234.0
85667.87828681992,2234.0
85667.87828681992,2429.0
86400.0,2429.0
# temp #8913
0.0,2234.0
2667.37796869129,2234.0
2667.37796869129,2667.0
9076.441974635238,2667.0
9076.441974635238,2555.0
9643.336555617863,2555.0
9643.336555617863,2667.0
24084.002526174303,2667.0
24084.002526174303,2555.0
24384.002526174303,2555.0
24384.002526174303,2667.0
24997.30680913199,2667.0
24997.30680913199,2555.0
25597.30680913199,2555.0
25597.30680913199,2667.0
57776.17036916783,2667.0
57776.17036916783,2555.0
63639.56774042455,2555.0
63639.56774042455,2429.0
69434.99862025493,2429.0
69434.99862025493,2555.0
86400.000002,2555.0
# temp #8914
0.0,2234.0
55814.635143242784,2234.0
55814.635143242784,2555.0
57923.70330635459,2555.0
57923.70330635459,2667.0
58394.995918683715,2667.0
58394.995918683715,2555.0
58694.995918683715,2555.0
58694.995918683715,2667.0
62294.995918683715,2667.0
62294.995918683715,2555.0
63794.995918683715,2555.0
63794.995918683715,2429.0
73856.54815218879,2429.0
73856.54815218879,2234.0
84574.37878798229,2234.0
84574.37878798229,2667.0
86400.000002,2667.0
# temp #8915
0.0,2234.0
47326.45421486814,2234.0
47326.45421486814,2429.0
47637.72056365852,2429.0
47637.72056365852,2555.0
51896.05629967992,2555.0
51896.05629967992,2429.0
55592.20470583533,2429.0
55592.20470583533,2555.0
71904.15386804381,2555.0
71904.15386804381,2429.0
86400.000002,2429.0
# temp #8916
0.0,2234.0
53208.38813586161,2234.0
53208.38813586161,2429.0
53742.31760941912,2429.0
53742.31760941912,2555.0
56510.95552362968,2555.0
56510.95552362968,2429.0
72067.88855642082,2429.0
72067.88855642082,2234.0
86400.0,2234.0
# temp #8917
0.0,2234.0
45806.449939054444,2234.0
45806.449939054444,2555.0
54915.036780503586,2555.0
54915.036780503586,2429.0
70967.20790576657,2429.0
70967.20790576657,2234.0
71567.20790576657,2234.0
71567.20790576657,2429.0
86400.0,2429.0
# temp #8918
0.0,2234.0
3489.9391415063296,2234.0
3489.9391415063296,2667.0
51353.219477995306,2667.0
51353.219477995306,2555.0
52693.796034785926,2555.0
52693.796034785926,2429.0
58177.11243394297,2429.0
58177.11243394297,2555.0
85720.02832770815,2555.0
85720.02832770815,2429.0
86400.0,2429.0
# temp #8919
0.0,2234.0
2968.30477276817,2234.0
2968.30477276817,2017.0
29577.533953450624,2017.0
29577.533953450624,2234.0
31353.277037758384,2234.0
31353.277037758384,2017.0
64438.191447732985,2017.0
64438.191447732985,2234.0
81094.73214964384,2234.0
81094.73214964384,2017.0
86400.0,2017.0
# temp #8920
0.0,2234.0
15353.628819342704,2234.0
15353.628819342704,2555.0
42741.60177349114,2555.0
42741.60177349114,2429.0
43082.73828704842,2429.0
43082.73828704842,2555.0
46398.83543089964,2555.0
46398.83543089964,2429.0
47876.02468826809,2429.0
47876.02468826809,2555.0
49096.675512520604,2555.0
49096.675512520604,2429.0
49396.675512520604,2429.0
49396.675512520604,2555.0
69796.6755125206,2555.0
69796.6755125206,2429.0
70096.6755125206,2429.0
70096.6755125206,2555.0
70696.6755125206,2555.0
70696.6755125206,2667.0
86400.0,2667.0
# temp #8921
0.0,2234.0
3732.4869018048057,2234.0
3732.4869018048057,2667.0
51728.46210461576,2667.0
51728.46210461576,2555.0
52286.40530083795,2555.0
52286.40530083795,2429.0
62805.73103833013,2429.0
62805.73103833013,2234.0
86400.0,2234.0
# temp #8922
0.0,2234.0
19391.413525328975,2234.0
19391.413525328975,2555.0
47300.129168503925,2555.0
47300.129168503925,2429.0
48977.59521009867,2429.0
48977.59521009867,2234.0
54153.40373252985,2234.0
54153.40373252985,2429.0
62341.47697098088,2429.0
62341.47697098088,2234.0
76154.91205535365,2234.0
76154.91205535365,2667.0
86400.000002,2667.0
# temp #8923
0.0,2234.0
9395.689722569661,2234.0
9395.689722569661,2429.0
9874.39311007038,2429.0
9874.39311007038,2555.0
14962.223552260552,2555.0
14962.223552260552,2429.0
34606.873098341755,2429.0
34606.873098341755,2555.0
35797.339496738285,2555.0
35797.339496738285,2429.0
59326.91632029602,2429.0
59326.91632029602,2234.0
69923.03783870304,2234.0
69923.03783870304,2667.0
86400.000002,2667.0
# temp #8924
0.0,2234.0
46552.00682070573,2234.0
46552.00682070573,2429.0
46907.045451714665,2429.0
46907.045451714665,2555.0
48394.73443867174,2555.0
48394.73443867174,2429.0
77198.03768419662,2429.0
77198.03768419662,2555.0
86400.000002,2555.0
# temp #8925
0.0,2234.0
7994.210424553604,2234.0
7994.210424553604,2017.0
47887.26550005377,2017.0
47887.26550005377,2234.0
54948.09443866835,2234.0
54948.09443866835,2017.0
79228.01570696758,2017.0
79228.01570696758,2234.0
86400.0,2234.0
# temp #8926
0.0,2234.0
2995.6379703478888,2234.0
2995.6379703478888,2883.0
14095.637970347889,2883.0
14095.637970347889,2555.0
33468.03735012654,2555.0
33468.03735012654,2667.0
67900.91694791337,2667.0
67900.91694791337,2883.0
84240.48281984871,2883.0
84240.48281984871,2667.0
86400.000002,2667.0
# temp #8927
0.0,2234.0
30794.568486255597,2234.0
30794.568486255597,2429.0
31304.128338117156,2429.0
31304.128338117156,2555.0
33446.62348302082,2555.0
33446.62348302082,2429.0
67086.25837555157,2429.0
67086.25837555157,2555.0
82796.15911357106,2555.0
82796.15911357106,2667.0
86400.000002,2667.0
# temp #8928
0.0,2234.0
38787.66679968686,2234.0
38787.66679968686,2429.0
39272.407825291164,2429.0
39272.407825291164,2555.0
41924.19458515943,2555.0
41924.19458515943,2429.0
86400.0,2429.0
# temp #8929
0.0,2234.0
41206.263504456736,2234.0
41206.263504456736,2555.0
77831.3235037029,2555.0
77831.3235037029,2429.0
86400.0,2429.0
# temp #8930
0.0,2234.0
9366.752983024346,2234.0
9366.752983024346,2429.0
9915.166349709036,2429.0
9915.166349709036,2555.0
13234.531578049066,2555.0
13234.531578049066,2429.0
26766.45022099838,2429.0
26766.45022099838,2555.0
30606.066596321765,2555.0
30606.066596321765,2667.0
40621.680803108036,2667.0
40621.680803108036,2555.0
52749.39234049526,2555.0
52749.39234049526,2667.0
82310.6582777342,2667.0
82310.6582777342,2555.0
86400.000002,2555.0
# temp #8931
0.0,2234.0
42303.13396628481,2234.0
42303.13396628481,2429.0
42843.85565577541,2429.0
42843.85565577541,2555.0
47833.5267195711,2555.0
47833.5267195711,2429.0
60888.861163985,2429.0
60888.861163985,2555.0
78249.67810073869,2555.0
78249.67810073869,2667.0
86400.0,2667.0
# temp #8932
0.0,2234.0
3276.7720908857887,2234.0
3276.7720908857887,2667.0
48801.68244796806,2667.0
48801.68244796806,2555.0
49146.87853013166,2555.0
49146.87853013166,2667.0
58429.570266651,2667.0
58429.570266651,2555.0
58729.570266651,2555.0
58729.570266651,2667.0
59029.570266651,2667.0
59029.570266651,2555.0
62329.570266651,2555.0
62329.570266651,2667.0
86400.0,2667.0
# temp #8933
0.0,2234.0
15214.131937874483,2234.0
15214.131937874483,2017.0
57065.298782894395,2017.0
57065.298782894395,2234.0
86400.0,2234.0
# temp #8934
0.0,2234.0
7637.71302464884,2234.0
7637.71302464884,2667.0
35668.61796153244,2667.0
35668.61796153244,2555.0
36457.112131803304,2555.0
36457.112131803304,2667.0
44337.47721877881,2667.0
44337.47721877881,2555.0
44637.47721877881,2555.0
44637.47721877881,2429.0
60519.1460232949,2429.0
60519.1460232949,2555.0
66720.83751128522,2555.0
66720.83751128522,2429.0
70942.64435414226,2429.0
70942.64435414226,2555.0
73990.82336593421,2555.0
73990.82336593421,2667.0
84029.43792392036,2667.0
84029.43792392036,2555.0
86400.000002,2555.0
# temp #8935
0.0,2234.0
53993.23081655894,2234.0
53993.23081655894,2555.0
61903.55127684307,2555.0
61903.55127684307,2429.0
62440.14541287907,2429.0
62440.14541287907,2555.0
74388.15161904787,2555.0
74388.15161904787,2429.0
74771.60267808942,2429.0
74771.60267808942,2234.0
86400.0,2234.0
# temp #8936
0.0,2234.0
6960.891940933654,2234.0
6960.891940933654,2667.0
23290.62629656401,2667.0
23290.62629656401,2555.0
24508.925977419134,2555.0
24508.925977419134,2429.0
48665.72958666366,2429.0
48665.72958666366,2883.0
83768.93938430586,2883.0
83768.93938430586,2429.0
86400.0,2429.0
# temp #8937
0.0,2234.0
29204.45256745443,2234.0
29204.45256745443,2555.0
65052.92687625626,2555.0
65052.92687625626,2429.0
86400.0,2429.0
# temp #8938
0.0,2234.0
30364.582154061645,2234.0
30364.582154061645,2555.0
38761.655776016414,2555.0
38761.655776016414,2667.0
45011.425616336055,2667.0
45011.425616336055,2555.0
55053.048747894354,2555.0
55053.048747894354,2429.0
57538.2676179288,2429.0
57538.2676179288,2555.0
71397.97098606359,2555.0
71397.97098606359,2667.0
85243.64060363732,2667.0
85243.64060363732,2555.0
86400.000002,2555.0
# temp #8939
0.0,2234.0
59815.306683070965,2234.0
59815.306683070965,2555.0
64147.46973684524,2555.0
64147.46973684524,2667.0
64550.56195382495,2667.0
64550.56195382495,2555.0
70550.56195382496,2555.0
70550.56195382496,2429.0
72950.56195382496,2429.0
72950.56195382496,2234.0
76550.56195382496,2234.0
76550.56195382496,2429.0
77750.56195382496,2429.0
77750.56195382496,2234.0
83450.56195382496,2234.0
83450.56195382496,2429.0
85643.939813599,2429.0
85643.939813599,2555.0
86400.000002,2555.0
# temp #8940
0.0,2234.0
22040.167794912126,2234.0
22040.167794912126,2429.0
28940.167794912126,2429.0
28940.167794912126,2555.0
30740.167794912126,2555.0
30740.167794912126,2429.0
43640.16779491212,2429.0
43640.16779491212,2234.0
43940.16779491212,2234.0
43940.16779491212,2017.0
44240.16779491212,2017.0
44240.16779491212,2234.0
44540.16779491212,2234.0
44540.16779491212,2017.0
64660.856465133846,2017.0
64660.856465133846,2234.0
79585.40012959858,2234.0
79585.40012959858,2429.0
86400.0,2429.0
# temp #8941
0.0,2234.0
19502.005715947602,2234.0
19502.005715947602,2017.0
31105.294729163877,2017.0
31105.294729163877,2234.0
74493.98454031908,2234.0
74493.98454031908,2017.0
86400.0,2017.0
# temp #8942
0.0,2234.0
26679.36930621509,2234.0
26679.36930621509,2555.0
28937.635338865224,2555.0
28937.635338865224,2667.0
29496.962913544852,2667.0
29496.962913544852,2555.0
29796.962913544852,2555.0
29796.962913544852,2667.0
33396.962913544856,2667.0
33396.962913544856,2555.0
34896.962913544856,2555.0
34896.962913544856,2429.0
47723.583937855445,2429.0
47723.583937855445,2234.0
61500.674436776906,2234.0
61500.674436776906,2429.0
67240.44413706289,2429.0
67240.44413706289,2555.0
86400.000002,2555.0
# temp #8943
0.0,2234.0
66019.94383467828,2234.0
66019.94383467828,2555.0
68129.27220901476,2555.0
68129.27220901476,2667.0
68434.44439996967,2667.0
68434.44439996967,2555.0
68734.44439996967,2555.0
68734.44439996967,2667.0
86400.0,2667.0
# temp #8944
0.0,2234.0
72628.0621764483,2234.0
72628.0621764483,2555.0
73233.36925904732,2555.0
73233.36925904732,2234.0
86400.000002,2234.0
# temp #8945
0.0,2234.0
64651.65727904532,2234.0
64651.65727904532,2555.0
66335.7219221536,2555.0
66335.7219221536,2234.0
86303.5333739128,2234.0
86303.5333739128,2429.0
86400.000002,2429.0
# temp #8946
0.0,2234.0
60775.94654455316,2234.0
60775.94654455316,2883.0
63175.94654455316,2883.0
63175.94654455316,2667.0
69300.14590770008,2667.0
69300.14590770008,2234.0
86400.000002,2234.0
# temp #8947
0.0,2234.0
68785.1190276677,2234.0
68785.1190276677,2555.0
71632.9945626436,2555.0
71632.9945626436,2429.0
71980.97415359227,2429.0
71980.97415359227,2555.0
86400.0,2555.0
# temp #8948
0.0,2234.0
15374.25697585568,2234.0
15374.25697585568,2017.0
66074.20874373056,2017.0
66074.20874373056,2234.0
86400.0,2234.0
# temp #8949
0.0,2234.0
13829.638705635445,2234.0
13829.638705635445,2429.0
14367.654092470186,2429.0
14367.654092470186,2234.0
15002.17018327676,2234.0
15002.17018327676,2429.0
16498.414957104254,2429.0
16498.414957104254,2234.0
18895.587393036116,2234.0
18895.587393036116,2429.0
19720.23438198958,2429.0
19720.23438198958,2234.0
26566.129884053957,2234.0
26566.129884053957,2667.0
55450.697375857286,2667.0
55450.697375857286,2555.0
84273.8536914345,2555.0
84273.8536914345,2429.0
86400.000002,2429.0
# temp #8950
0.0,2234.0
13587.611574050972,2234.0
13587.611574050972,2883.0
14337.668307032438,2883.0
14337.668307032438,2667.0
26535.283506475393,2667.0
26535.283506475393,2883.0
59332.43942437695,2883.0
59332.43942437695,2429.0
71065.1071320288,2429.0
71065.1071320288,2883.0
86400.000002,2883.0
# temp #8951
0.0,2234.0
2681.303235632368,2234.0
2681.303235632368,2555.0
27920.427339733582,2555.0
27920.427339733582,2429.0
61352.318351925365,2429.0
61352.318351925365,2234.0
61952.318351925365,2234.0
61952.318351925365,2429.0
80252.31835192537,2429.0
80252.31835192537,2555.0
81752.31835192537,2555.0
81752.31835192537,2429.0
85967.00804682916,2429.0
85967.00804682916,2234.0
86400.000002,2234.0
# temp #8952
0.0,2234.0
49580.139511241585,2234.0
49580.139511241585,2429.0
49989.89676504862,2429.0
49989.89676504862,2555.0
54605.584819684744,2555.0
54605.584819684744,2429.0
72752.3513813736,2429.0
72752.3513813736,2555.0
82878.7599457428,2555.0
82878.7599457428,2883.0
86400.0,2883.0
# temp #8953
0.0,2234.0
62438.63286080305,2234.0
62438.63286080305,2555.0
73454.39314653633,2555.0
73454.39314653633,2429.0
86400.000002,2429.0
# temp #8954
0.0,2234.0
5998.2766008004555,2234.0
5998.2766008004555,2883.0
6748.944178246894,2883.0
6748.944178246894,2667.0
17716.994314198386,2667.0
17716.994314198386,2883.0
52379.32499139571,2883.0
52379.32499139571,2429.0
82035.50633587877,2429.0
82035.50633587877,2555.0
86400.0,2555.0
# temp #8955
0.0,2234.0
60087.86361389794,2234.0
60087.86361389794,2555.0
86400.000002,2555.0
# temp #8956
0.0,2234.0
13882.886819844136,2234.0
13882.886819844136,2883.0
14917.95691768639,2883.0
14917.95691768639,2667.0
24471.143167675473,2667.0
24471.143167675473,2883.0
50398.3501381008,2883.0
50398.3501381008,2429.0
59763.244909490466,2429.0
59763.244909490466,2234.0
86400.0,2234.0
# temp #8957
0.0,2234.0
15097.909851931037,2234.0
15097.909851931037,2017.0
22092.92188212276,2017.0
22092.92188212276,2234.0
37003.81262619048,2234.0
37003.81262619048,2017.0
42207.23246843555,2017.0
42207.23246843555,2234.0
71842.18636038713,2234.0
71842.18636038713,2017.0
83165.22000585684,2017.0
83165.22000585684,2234.0
86400.0,2234.0
# temp #8958
0.0,2234.0
27917.19402484596,2234.0
27917.19402484596,2429.0
28413.28242227901,2429.0
28413.28242227901,2555.0
31893.867945601236,2555.0
31893.867945601236,2429.0
60311.9022195926,2429.0
60311.9022195926,2555.0
86400.000002,2555.0
# temp #8959
0.0,2234.0
4053.7943171337256,2234.0
4053.7943171337256,2667.0
41792.39670960233,2667.0
41792.39670960233,2555.0
42201.87404360623,2555.0
42201.87404360623,2667.0
65182.81080932358,2667.0
65182.81080932358,2555.0
65482.81080932358,2555.0
65482.81080932358,2667.0
65782.81080932358,2667.0
65782.81080932358,2555.0
69082.81080932358,2555.0
69082.81080932358,2667.0
86400.0,2667.0
# temp #8960
0.0,2234.0
38424.11729490851,2234.0
38424.11729490851,2555.0
42160.455493535854,2555.0
42160.455493535854,2667.0
42738.56182058808,2667.0
42738.56182058808,2555.0
43038.56182058808,2555.0
43038.56182058808,2667.0
69738.56182058807,2667.0
69738.56182058807,2555.0
85638.56182058807,2555.0
85638.56182058807,2234.0
86400.0,2234.0
# temp #8961
0.0,2234.0
14552.02757888474,2234.0
14552.02757888474,2883.0
15346.46357505117,2883.0
15346.46357505117,2667.0
18896.38673581649,2667.0
18896.38673581649,2883.0
23314.291464840066,2883.0
23314.291464840066,2429.0
40374.93510546629,2429.0
40374.93510546629,2555.0
70026.2992068194,2555.0
70026.2992068194,2429.0
86400.000002,2429.0
# temp #8962
0.0,2234.0
26783.613799000163,2234.0
26783.613799000163,2555.0
29712.015040707778,2555.0
29712.015040707778,2667.0
39612.015040707774,2667.0
39612.015040707774,2555.0
41639.62690767367,2555.0
41639.62690767367,2429.0
48700.847789668485,2429.0
48700.847789668485,2883.0
50070.59071243276,2883.0
50070.59071243276,2667.0
76726.41868593637,2667.0
76726.41868593637,2234.0
81178.82852575278,2234.0
81178.82852575278,2667.0
86400.000002,2667.0
# temp #8963
0.0,2234.0
74834.27801085637,2234.0
74834.27801085637,2555.0
79487.21225454939,2555.0
79487.21225454939,2667.0
80014.98248556165,2667.0
80014.98248556165,2555.0
80314.98248556165,2555.0
80314.98248556165,2667.0
86400.000002,2667.0
# temp #8964
0.0,2234.0
6288.0680713802585,2234.0
6288.0680713802585,2429.0
6605.767458700576,2429.0
6605.767458700576,2555.0
10850.74734950904,2555.0
10850.74734950904,2429.0
15017.338240658868,2429.0
15017.338240658868,2555.0
28888.87437614613,2555.0
28888.87437614613,2429.0
58723.94148828463,2429.0
58723.94148828463,2555.0
67889.87466478722,2555.0
67889.87466478722,2667.0
82738.83578886745,2667.0
82738.83578886745,2555.0
86400.000002,2555.0
# temp #8965
0.0,2234.0
5788.487686053851,2234.0
5788.487686053851,2667.0
39313.145782565705,2667.0
39313.145782565705,2555.0
40587.78133182787,2555.0
40587.78133182787,2429.0
51970.20573033952,2429.0
51970.20573033952,2234.0
52211.60471518525,2234.0
52211.60471518525,2429.0
86400.000002,2429.0
# temp #8966
0.0,2234.0
57094.407641747974,2234.0
57094.407641747974,2555.0
85831.93163517864,2555.0
85831.93163517864,2429.0
86202.53908310553,2429.0
86202.53908310553,2555.0
86400.0,2555.0
# temp #8967
0.0,2234.0
70924.17326211,2234.0
70924.17326211,2555.0
86400.000002,2555.0
# temp #8968
0.0,2234.0
49232.562985830016,2234.0
49232.562985830016,2555.0
53710.60411753134,2555.0
53710.60411753134,2667.0
54223.57196041849,2667.0
54223.57196041849,2555.0
54523.57196041849,2555.0
54523.57196041849,2667.0
58123.57196041849,2667.0
58123.57196041849,2555.0
59623.57196041849,2555.0
59623.57196041849,2429.0
69970.84297039548,2429.0
69970.84297039548,2234.0
86400.000002,2234.0
# temp #8969
0.0,2234.0
23553.866406809542,2234.0
23553.866406809542,2017.0
38693.23281906546,2017.0
38693.23281906546,2234.0
39218.68018219248,2234.0
39218.68018219248,2017.0
63815.69433412515,2017.0
63815.69433412515,2234.0
86400.0,2234.0
# temp #8970
0.0,2234.0
49855.47603908927,2234.0
49855.47603908927,2555.0
52522.10149839521,2555.0
52522.10149839521,2667.0
75844.78818546051,2667.0
75844.78818546051,2234.0
77070.21782684607,2234.0
77070.21782684607,2429.0
86400.000002,2429.0
# temp #8971
0.0,2234.0
52566.27594104503,2234.0
52566.27594104503,2555.0
54801.23602284585,2555.0
54801.23602284585,2667.0
55171.96052167565,2667.0
55171.96052167565,2555.0
55471.96052167565,2555.0
55471.96052167565,2667.0
82171.96052167565,2667.0
82171.96052167565,2555.0
86400.000002,2555.0
# temp #8972
0.0,2234.0
23613.680143444803,2234.0
23613.680143444803,2429.0
30513.680143444803,2429.0
30513.680143444803,2555.0
32313.680143444803,2555.0
32313.680143444803,2429.0
45213.6801434448,2429.0
45213.6801434448,2234.0
45513.6801434448,2234.0
45513.6801434448,2017.0
45813.6801434448,2017.0
45813.6801434448,2234.0
46113.6801434448,2234.0
46113.6801434448,2017.0
53493.271051277414,2017.0
53493.271051277414,2234.0
65809.64362544473,2234.0
65809.64362544473,2429.0
86400.000002,2429.0
# temp #8973
0.0,2234.0
18109.478303929794,2234.0
18109.478303929794,2555.0
36768.638466205455,2555.0
36768.638466205455,2429.0
37347.79098469299,2429.0
37347.79098469299,2555.0
40554.00073423517,2555.0
40554.00073423517,2429.0
40984.00465229061,2429.0
40984.00465229061,2555.0
42428.90441918281,2555.0
42428.90441918281,2429.0
42728.90441918281,2429.0
42728.90441918281,2555.0
63128.90441918281,2555.0
63128.90441918281,2429.0
63428.90441918281,2429.0
63428.90441918281,2555.0
64028.90441918281,2555.0
64028.90441918281,2667.0
86400.000002,2667.0
# temp #8974
0.0,2234.0
34926.38426804915,2234.0
34926.38426804915,2883.0
37326.38426804915,2883.0
37326.38426804915,2667.0
49357.85679279361,2667.0
49357.85679279361,2555.0
79510.96172570251,2555.0
79510.96172570251,2429.0
86400.000002,2429.0
# temp #8975
0.0,2234.0
54673.49019935355,2234.0
54673.49019935355,2555.0
61464.77725454607,2555.0
61464.77725454607,2429.0
61997.0706359949,2429.0
61997.0706359949,2555.0
74051.05178786909,2555.0
74051.05178786909,2429.0
74746.16519201083,2429.0
74746.16519201083,2234.0
86400.000002,2234.0
# temp #8976
0.0,2234.0
58196.95045072586,2234.0
58196.95045072586,2883.0
60596.95045072586,2883.0
60596.95045072586,2667.0
72141.03360562587,2667.0
72141.03360562587,2555.0
82540.36369328389,2555.0
82540.36369328389,2667.0
86400.000002,2667.0
# temp #8977
0.0,2234.0
1862.6012403750794,2234.0
1862.6012403750794,2667.0
12995.881910598839,2667.0
12995.881910598839,2555.0
13932.361515867526,2555.0
13932.361515867526,2667.0
19323.803222528662,2667.0
19323.803222528662,2555.0
19623.803222528662,2555.0
19623.803222528662,2429.0
25783.588915388103,2429.0
25783.588915388103,2555.0
34018.9626346808,2555.0
34018.9626346808,2429.0
64733.80867314992,2429.0
64733.80867314992,2555.0
77734.79460559321,2555.0
77734.79460559321,2429.0
86400.000002,2429.0
# temp #8978
0.0,2234.0
69783.09927522205,2234.0
69783.09927522205,2555.0
80763.33550221752,2555.0
80763.33550221752,2234.0
86400.000002,2234.0
# temp #8979
0.0,2234.0
46088.073606602855,2234.0
46088.073606602855,2555.0
58073.65674683825,2555.0
58073.65674683825,2429.0
58584.620537795134,2429.0
58584.620537795134,2555.0
76186.26652567183,2555.0
76186.26652567183,2429.0
76927.93238342275,2429.0
76927.93238342275,2234.0
86400.000002,2234.0
# temp #8980
0.0,2234.0
15104.38144365326,2234.0
15104.38144365326,2883.0
15484.844169951979,2883.0
15484.844169951979,2667.0
20942.20749100205,2667.0
20942.20749100205,2883.0
25068.378807068806,2883.0
25068.378807068806,2429.0
56829.948048130624,2429.0
56829.948048130624,2555.0
57855.2136888262,2555.0
57855.2136888262,2429.0
64795.90027544183,2429.0
64795.90027544183,2555.0
66173.84833835532,2555.0
66173.84833835532,2429.0
74696.6396429809,2429.0
74696.6396429809,2555.0
86400.000002,2555.0
# temp #8981
0.0,2234.0
1944.4401546148586,2234.0
1944.4401546148586,2429.0
34044.44015461486,2429.0
34044.44015461486,2555.0
34344.44015461486,2555.0
34344.44015461486,2667.0
59527.8918140335,2667.0
59527.8918140335,2555.0
65153.21470729542,2555.0
65153.21470729542,2667.0
73798.6248678295,2667.0
73798.6248678295,2234.0
86400.0,2234.0
# temp #8982
0.0,2234.0
77903.34950338585,2234.0
77903.34950338585,2555.0
86400.0,2555.0
# temp #8983
0.0,2234.0
1757.3686375049876,2234.0
1757.3686375049876,2667.0
14467.928073951045,2667.0
14467.928073951045,2555.0
14869.590460625479,2555.0
14869.590460625479,2667.0
38546.04466028978,2667.0
38546.04466028978,2555.0
41546.04466028978,2555.0
41546.04466028978,2667.0
67646.04466028977,2667.0
67646.04466028977,2883.0
86400.0,2883.0
# temp #8984
0.0,2234.0
72576.08573350591,2234.0
72576.08573350591,2555.0
75819.24473487308,2555.0
75819.24473487308,2667.0
76205.28636770324,2667.0
76205.28636770324,2555.0
82205.28636770324,2555.0
82205.28636770324,2429.0
84605.28636770324,2429.0
84605.28636770324,2234.0
86400.000002,2234.0
# temp #8985
0.0,2234.0
69871.68389582075,2234.0
69871.68389582075,2555.0
86400.000002,2555.0
# temp #8986
0.0,2234.0
1854.6702578198167,2234.0
1854.6702578198167,2667.0
35422.84502908588,2667.0
35422.84502908588,2555.0
36812.77408227325,2555.0
36812.77408227325,2667.0
51352.95364614577,2667.0
51352.95364614577,2555.0
51652.95364614577,2555.0
51652.95364614577,2667.0
51952.95364614577,2667.0
51952.95364614577,2555.0
55252.95364614577,2555.0
55252.95364614577,2667.0
80752.95364614576,2667.0
80752.95364614576,2883.0
86400.000002,2883.0
# temp #8987
0.0,2234.0
54651.55187230558,2234.0
54651.55187230558,2555.0
61931.31495919079,2555.0
61931.31495919079,2429.0
67431.76008593292,2429.0
67431.76008593292,2234.0
74463.66577637383,2234.0
74463.66577637383,2429.0
81832.18857259491,2429.0
81832.18857259491,2234.0
86400.0,2234.0
# temp #8988
0.0,2234.0
4526.783002750018,2234.0
4526.783002750018,2667.0
43312.34307310079,2667.0
43312.34307310079,2555.0
44211.45285659005,2555.0
44211.45285659005,2667.0
71477.52845284996,2667.0
71477.52845284996,2555.0
71777.52845284996,2555.0
71777.52845284996,2667.0
72077.52845284996,2667.0
72077.52845284996,2555.0
75377.52845284996,2555.0
75377.52845284996,2667.0
86400.0,2667.0
# temp #8989
0.0,2234.0
6572.896636719816,2234.0
6572.896636719816,2667.0
55636.02939024568,2667.0
55636.02939024568,2555.0
56585.94020968304,2555.0
56585.94020968304,2429.0
74148.61411931926,2429.0
74148.61411931926,2555.0
81461.76879093984,2555.0
81461.76879093984,2667.0
86400.0,2667.0
# temp #8990
0.0,2234.0
14831.15605255589,2234.0
14831.15605255589,2555.0
19218.2650533272,2555.0
19218.2650533272,2667.0
19668.764965189624,2667.0
19668.764965189624,2555.0
25668.764965189624,2555.0
25668.764965189624,2429.0
28068.764965189624,2429.0
28068.764965189624,2234.0
31668.764965189624,2234.0
31668.764965189624,2429.0
32868.76496518962,2429.0
32868.76496518962,2234.0
38568.76496518962,2234.0
38568.76496518962,2429.0
48490.525410021655,2429.0
48490.525410021655,2555.0
73587.881895178,2555.0
73587.881895178,2429.0
81963.1457552081,2429.0
81963.1457552081,2234.0
86400.0,2234.0
# temp #8991
0.0,2234.0
12313.048580288889,2234.0
12313.048580288889,2555.0
13161.179363681005,2555.0
13161.179363681005,2667.0
13606.285715382548,2667.0
13606.285715382548,2555.0
13906.285715382548,2555.0
13906.285715382548,2667.0
40606.285715382546,2667.0
40606.285715382546,2555.0
56506.285715382546,2555.0
56506.285715382546,2234.0
60106.285715382546,2234.0
60106.285715382546,2429.0
70006.28571538255,2429.0
70006.28571538255,2555.0
70606.28571538255,2555.0
70606.28571538255,2667.0
82906.28571538255,2667.0
82906.28571538255,2883.0
86400.000002,2883.0
# temp #8992
0.0,2234.0
56267.972852219835,2234.0
56267.972852219835,2883.0
58667.972852219835,2883.0
58667.972852219835,2667.0
86400.000002,2667.0
# temp #8993
0.0,2234.0
51961.30560154562,2234.0
51961.30560154562,2555.0
57891.20748101269,2555.0
57891.20748101269,2429.0
58440.73817543686,2429.0
58440.73817543686,2555.0
58985.22479252425,2555.0
58985.22479252425,2429.0
59548.59936435242,2429.0
59548.59936435242,2234.0
86400.0,2234.0
# temp #8994
0.0,2234.0
15284.825312532486,2234.0
15284.825312532486,2429.0
15584.825312532486,2429.0
15584.825312532486,2234.0
29663.233858114116,2234.0
29663.233858114116,2429.0
37743.74685133808,2429.0
37743.74685133808,2883.0
41350.6221624557,2883.0
41350.6221624557,2667.0
56550.69917575458,2667.0
56550.69917575458,2555.0
86400.000002,2555.0
# temp #8995
0.0,2234.0
22138.92884133384,2234.0
22138.92884133384,2429.0
22438.92884133384,2429.0
22438.92884133384,2234.0
43455.18230376766,2234.0
43455.18230376766,2429.0
64075.933587737396,2429.0
64075.933587737396,2555.0
86400.0,2555.0
# temp #8996
0.0,2234.0
35474.222391564406,2234.0
35474.222391564406,2555.0
41346.72095524148,2555.0
41346.72095524148,2429.0
41862.30124484283,2429.0
41862.30124484283,2555.0
59088.147677457906,2555.0
59088.147677457906,2429.0
60284.825128479875,2429.0
60284.825128479875,2555.0
61262.40027069581,2555.0
61262.40027069581,2429.0
61562.40027069581,2429.0
61562.40027069581,2555.0
63062.40027069581,2555.0
63062.40027069581,2429.0
73262.40027069581,2429.0
73262.40027069581,2234.0
86400.0,2234.0
# temp #8997
0.0,2234.0
5379.843157692813,2234.0
5379.843157692813,2667.0
50269.79792586063,2667.0
50269.79792586063,2555.0
51477.43174557109,2555.0
51477.43174557109,2667.0
81130.23260633928,2667.0
81130.23260633928,2555.0
84130.23260633928,2555.0
84130.23260633928,2667.0
86400.000002,2667.0
# temp #8998
0.0,2234.0
28940.8817851916,2234.0
28940.8817851916,2429.0
29540.8817851916,2429.0
29540.8817851916,2555.0
34057.28324297816,2555.0
34057.28324297816,2429.0
37863.40107978322,2429.0
37863.40107978322,2555.0
53342.95269674622,2555.0
53342.95269674622,2667.0
75753.66883662065,2667.0
75753.66883662065,2555.0
86400.000002,2555.0
# temp #8999
0.0,2234.0
9141.672814730555,2234.0
9141.672814730555,2429.0
9625.316270487383,2429.0
9625.316270487383,2234.0
10236.259423848242,2234.0
10236.259423848242,2429.0
15048.957464843988,2429.0
15048.957464843988,2234.0
38433.82250291761,2234.0
38433.82250291761,2429.0
39618.803787021905,2429.0
39618.803787021905,2234.0
41309.5717427088,2234.0
41309.5717427088,2429.0
72258.1168882549,2429.0
72258.1168882549,2555.0
86400.0,2555.0
# temp #9000
0.0,2234.0
21946.728941216137,2234.0
21946.728941216137,2429.0
22329.26546756644,2429.0
22329.26546756644,2555.0
24413.30091815908,2555.0
24413.30091815908,2429.0
47273.85083441623,2429.0
47273.85083441623,2555.0
64055.98989569118,2555.0
64055.98989569118,2429.0
80912.19384837897,2429.0
80912.19384837897,2234.0
81301.61836389454,2234.0
81301.61836389454,2667.0
86400.0,2667.0
# temp #9001
0.0,2234.0
69511.73912503292,2234.0
69511.73912503292,2555.0
86400.000002,2555.0
# temp #9002
0.0,2234.0
8563.90241563786,2234.0
8563.90241563786,2883.0
9729.1767640505,2883.0
9729.1767640505,2667.0
18778.28332884237,2667.0
18778.28332884237,2883.0
39129.46301065386,2883.0
39129.46301065386,2667.0
42314.99559560326,2667.0
42314.99559560326,2555.0
59857.131725340165,2555.0
59857.131725340165,2667.0
65861.46123760847,2667.0
65861.46123760847,2883.0
86400.000002,2883.0
# temp #9003
0.0,2234.0
13083.977919816973,2234.0
13083.977919816973,2555.0
27694.419476436455,2555.0
27694.419476436455,2429.0
52491.99592550286,2429.0
52491.99592550286,2234.0
52791.99592550286,2234.0
52791.99592550286,2017.0
86400.000002,2017.0
# temp #9004
0.0,2234.0
63776.94218570833,2234.0
63776.94218570833,2883.0
66176.94218570832,2883.0
66176.94218570832,2667.0
74047.39508412314,2667.0
74047.39508412314,2555.0
86400.0,2555.0
# temp #9005
0.0,2234.0
45938.93438461237,2234.0
45938.93438461237,2883.0
48338.93438461237,2883.0
48338.93438461237,2667.0
71984.80492173694,2667.0
71984.80492173694,2883.0
86400.000002,2883.0
# temp #9006
0.0,2234.0
52726.90804819577,2234.0
52726.90804819577,2429.0
53026.90804819577,2429.0
53026.90804819577,2234.0
59376.28873628565,2234.0
59376.28873628565,2429.0
71445.34965001514,2429.0
71445.34965001514,2555.0
85227.00107793791,2555.0
85227.00107793791,2429.0
86400.000002,2429.0
# temp #9007
0.0,2234.0
20042.822729120966,2234.0
20042.822729120966,2429.0
20380.496234656315,2429.0
20380.496234656315,2555.0
23293.254371196967,2555.0
23293.254371196967,2429.0
59928.88071129566,2429.0
59928.88071129566,2883.0
86400.000002,2883.0
# temp #9008
0.0,2234.0
49664.86708873417,2234.0
49664.86708873417,2883.0
52064.86708873417,2883.0
52064.86708873417,2667.0
86400.000002,2667.0
# temp #9009
0.0,2234.0
9635.440902365373,2234.0
9635.440902365373,2429.0
9935.440902365373,2429.0
9935.440902365373,2234.0
26524.074593419216,2234.0
26524.074593419216,2667.0
34342.02541625128,2667.0
34342.02541625128,2555.0
37485.19113811199,2555.0
37485.19113811199,2429.0
50420.48774880824,2429.0
50420.48774880824,2555.0
52414.7152822232,2555.0
52414.7152822232,2667.0
56586.26038203949,2667.0
56586.26038203949,2555.0
75932.499025343,2555.0
75932.499025343,2667.0
81474.10259018654,2667.0
81474.10259018654,2234.0
83769.28307076452,2234.0
83769.28307076452,2429.0
86400.0,2429.0
# temp #9010
0.0,2234.0
70512.33348995449,2234.0
70512.33348995449,2555.0
84133.65035033786,2555.0
84133.65035033786,2429.0
84559.70853734763,2429.0
84559.70853734763,2555.0
86400.0,2555.0
# temp #9011
0.0,2234.0
2080.8080984512344,2234.0
2080.8080984512344,2667.0
14262.267168355176,2667.0
14262.267168355176,2555.0
15177.573756524363,2555.0
15177.573756524363,2667.0
38772.265319083825,2667.0
38772.265319083825,2555.0
39372.265319083825,2555.0
39372.265319083825,2667.0
53042.03373414931,2667.0
53042.03373414931,2555.0
55387.85507229623,2555.0
55387.85507229623,2429.0
65767.27395763157,2429.0
65767.27395763157,2555.0
73329.04952976388,2555.0
73329.04952976388,2429.0
86400.000002,2429.0
# temp #9012
0.0,2234.0
65528.39605424089,2234.0
65528.39605424089,2555.0
86400.0,2555.0
# temp #9013
0.0,2234.0
24625.80532561988,2234.0
24625.80532561988,2429.0
24925.80532561988,2429.0
24925.80532561988,2234.0
40825.94526261092,2234.0
40825.94526261092,2429.0
73199.89436427133,2429.0
73199.89436427133,2883.0
86400.0,2883.0
# temp #9014
0.0,2234.0
5994.807866751217,2234.0
5994.807866751217,2667.0
26252.567851496864,2667.0
26252.567851496864,2555.0
26884.487608680505,2555.0
26884.487608680505,2667.0
49651.97261308786,2667.0
49651.97261308786,2555.0
50251.97261308786,2555.0
50251.97261308786,2667.0
68218.05147088598,2667.0
68218.05147088598,2555.0
71968.84812607897,2555.0
71968.84812607897,2429.0
78259.98235016597,2429.0
78259.98235016597,2883.0
86400.000002,2883.0
# temp #9015
0.0,2234.0
81245.0220276369,2234.0
81245.0220276369,2555.0
85330.95469591209,2555.0
85330.95469591209,2667.0
85792.93743632735,2667.0
85792.93743632735,2555.0
86092.93743632735,2555.0
86092.93743632735,2667.0
86400.0,2667.0
# temp #9016
0.0,2234.0
7834.663754166105,2234.0
7834.663754166105,2883.0
18934.663754166104,2883.0
18934.663754166104,2555.0
31004.26283434499,2555.0
31004.26283434499,2667.0
58430.51160557662,2667.0
58430.51160557662,2555.0
60547.39872731735,2555.0
60547.39872731735,2429.0
86400.000002,2429.0
# temp #9017
0.0,2234.0
57633.281799894765,2234.0
57633.281799894765,2883.0
60033.281799894765,2883.0
60033.281799894765,2667.0
84150.8077477338,2667.0
84150.8077477338,2883.0
86400.000002,2883.0
# temp #9018
0.0,2234.0
37078.60671775416,2234.0
37078.60671775416,2017.0
86400.000002,2017.0
# temp #9019
0.0,2234.0
21540.485245361928,2234.0
21540.485245361928,2555.0
28100.434416113425,2555.0
28100.434416113425,2429.0
28579.850557912145,2429.0
28579.850557912145,2555.0
49848.91553779599,2555.0
49848.91553779599,2429.0
50152.459105337046,2429.0
50152.459105337046,2234.0
56545.965927676305,2234.0
56545.965927676305,2429.0
86400.0,2429.0
# temp #9020
0.0,2234.0
27748.49932759535,2234.0
27748.49932759535,2555.0
55307.48553292361,2555.0
55307.48553292361,2429.0
55621.86585240998,2429.0
55621.86585240998,2555.0
59799.58567265422,2555.0
59799.58567265422,2429.0
60982.53353554756,2429.0
60982.53353554756,2555.0
61649.21212932096,2555.0
61649.21212932096,2429.0
86400.000002,2429.0
# temp #9021
0.0,2234.0
38915.77313141898,2234.0
38915.77313141898,2017.0
86400.0,2017.0
# temp #9022
0.0,2234.0
5495.807073055767,2234.0
5495.807073055767,2667.0
14477.312556118708,2667.0
14477.312556118708,2555.0
15454.153055814098,2555.0
15454.153055814098,2667.0
23209.34808910825,2667.0
23209.34808910825,2555.0
26209.34808910825,2555.0
26209.34808910825,2667.0
52309.34808910825,2667.0
52309.34808910825,2883.0
86400.000002,2883.0
# temp #9023
0.0,2234.0
27250.499631674033,2234.0
27250.499631674033,2429.0
27743.85002308991,2429.0
27743.85002308991,2234.0
28359.0868358966,2234.0
28359.0868358966,2429.0
30329.540443746377,2429.0
30329.540443746377,2234.0
41422.13102721144,2234.0
41422.13102721144,2429.0
42773.8263523439,2429.0
42773.8263523439,2555.0
43978.55591524859,2555.0
43978.55591524859,2429.0
44278.55591524859,2429.0
44278.55591524859,2555.0
45778.55591524859,2555.0
45778.55591524859,2429.0
55978.55591524859,2429.0
55978.55591524859,2234.0
86400.0,2234.0
# temp #9024
0.0,2234.0
11092.029272764923,2234.0
11092.029272764923,2883.0
22192.02927276492,2883.0
22192.02927276492,2555.0
29490.741162048656,2555.0
29490.741162048656,2429.0
60347.450725547984,2429.0
60347.450725547984,2555.0
70773.600092344,2555.0
70773.600092344,2667.0
86400.0,2667.0
# temp #9025
0.0,2234.0
28889.791458961558,2234.0
28889.791458961558,2555.0
31584.50511200354,2555.0
31584.50511200354,2667.0
41484.505112003535,2667.0
41484.505112003535,2555.0
43605.91441718862,2555.0
43605.91441718862,2429.0
49295.65872007516,2429.0
49295.65872007516,2234.0
62702.82767952886,2234.0
62702.82767952886,2667.0
82505.83646369634,2667.0
82505.83646369634,2234.0
86400.000002,2234.0
# temp #9026
0.0,2234.0
3631.0902595985685,2234.0
3631.0902595985685,2883.0
4999.586581159384,2883.0
4999.586581159384,2667.0
15145.335233048538,2667.0
15145.335233048538,2883.0
21470.81040157937,2883.0
21470.81040157937,2429.0
33595.53120858036,2429.0
33595.53120858036,2883.0
41114.83193398454,2883.0
41114.83193398454,2667.0
75952.96915252694,2667.0
75952.96915252694,2883.0
86400.000002,2883.0
# temp #9027
0.0,2234.0
15717.905331915246,2234.0
15717.905331915246,2555.0
17852.820060797967,2555.0
17852.820060797967,2667.0
18247.292295447554,2667.0
18247.292295447554,2555.0
24247.29229544755,2555.0
24247.29229544755,2429.0
26647.29229544755,2429.0
26647.29229544755,2234.0
30247.29229544755,2234.0
30247.29229544755,2429.0
31447.29229544755,2429.0
31447.29229544755,2234.0
37147.29229544755,2234.0
37147.29229544755,2429.0
44561.896211095154,2429.0
44561.896211095154,2555.0
51445.25119294413,2555.0
51445.25119294413,2429.0
61789.77077140008,2429.0
61789.77077140008,2555.0
63439.07360883896,2555.0
63439.07360883896,2667.0
86400.000002,2667.0
# temp #9028
0.0,2234.0
72044.82736084612,2234.0
72044.82736084612,2555.0
75123.32332727966,2555.0
75123.32332727966,2667.0
85023.32332727966,2667.0
85023.32332727966,2555.0
86400.0,2555.0
# temp #9029
0.0,2234.0
6267.673260136508,2234.0
6267.673260136508,2555.0
25696.87600715552,2555.0
25696.87600715552,2429.0
26222.497401013974,2429.0
26222.497401013974,2555.0
38614.41251880024,2555.0
38614.41251880024,2429.0
39146.425642096445,2429.0
39146.425642096445,2555.0
39843.80740060006,2555.0
39843.80740060006,2429.0
40143.80740060006,2429.0
40143.80740060006,2555.0
60543.80740060006,2555.0
60543.80740060006,2429.0
60843.80740060006,2429.0
60843.80740060006,2555.0
61443.80740060006,2555.0
61443.80740060006,2667.0
71081.44378946164,2667.0
71081.44378946164,2555.0
86400.000002,2555.0
# temp #9030
0.0,2234.0
21741.06888365932,2234.0
21741.06888365932,2555.0
23804.06584851444,2555.0
23804.06584851444,2429.0
24267.03640627675,2429.0
24267.03640627675,2555.0
30154.579894035127,2555.0
30154.579894035127,2429.0
30587.14559124783,2429.0
30587.14559124783,2234.0
41628.817140427425,2234.0
41628.817140427425,2429.0
45629.581792582765,2429.0
45629.581792582765,2555.0
65134.987506293706,2555.0
65134.987506293706,2667.0
75198.9830404753,2667.0
75198.9830404753,2555.0
86400.000002,2555.0
# temp #9031
0.0,2234.0
33355.67291846965,2234.0
33355.67291846965,2555.0
58232.57783723531,2555.0
58232.57783723531,2429.0
70811.52385321913,2429.0
70811.52385321913,2234.0
71411.52385321913,2234.0
71411.52385321913,2429.0
73811.52385321913,2429.0
73811.52385321913,2555.0
84011.52385321913,2555.0
84011.52385321913,2667.0
86400.000002,2667.0
# temp #9032
0.0,2234.0
45860.37158940454,2234.0
45860.37158940454,2429.0
77960.37158940453,2429.0
77960.37158940453,2555.0
78260.37158940453,2555.0
78260.37158940453,2667.0
86400.000002,2667.0
# temp #9033
0.0,2234.0
1833.7822996778416,2234.0
1833.7822996778416,2667.0
44515.5760169495,2667.0
44515.5760169495,2555.0
44822.20474700444,2555.0
44822.20474700444,2429.0
67554.19943206945,2429.0
67554.19943206945,2555.0
86400.000002,2555.0
# temp #9034
0.0,2234.0
42069.494498055436,2234.0
42069.494498055436,2429.0
42669.494498055436,2429.0
42669.494498055436,2555.0
44358.250536303975,2555.0
44358.250536303975,2429.0
59042.87556409837,2429.0
59042.87556409837,2555.0
86400.0,2555.0
# temp #9035
0.0,2234.0
55491.740154591396,2234.0
55491.740154591396,2555.0
59810.529130138464,2555.0
59810.529130138464,2667.0
60258.98308781908,2667.0
60258.98308781908,2555.0
60558.98308781908,2555.0
60558.98308781908,2667.0
86400.0,2667.0
# temp #9036
0.0,2234.0
12339.036494563336,2234.0
12339.036494563336,2883.0
13699.369994248265,2883.0
13699.369994248265,2667.0
25446.574091655206,2667.0
25446.574091655206,2883.0
55881.082519842326,2883.0
55881.082519842326,2429.0
86400.0,2429.0
# temp #9037
0.0,2234.0
11909.783066622915,2234.0
11909.783066622915,2017.0
19308.0541364383,2017.0
19308.0541364383,2234.0
56248.480510851376,2234.0
56248.480510851376,2017.0
86400.0,2017.0
# temp #9038
0.0,2234.0
82968.2765888516,2234.0
82968.2765888516,2555.0
86400.0,2555.0
# temp #9039
0.0,2234.0
4130.215513519943,2234.0
4130.215513519943,2429.0
36230.21551351994,2429.0
36230.21551351994,2555.0
36530.21551351994,2555.0
36530.21551351994,2667.0
67259.1696414398,2667.0
67259.1696414398,2555.0
78402.30270142203,2555.0
78402.30270142203,2667.0
86400.000002,2667.0
# temp #9040
0.0,2234.0
46412.45033845772,2234.0
46412.45033845772,2429.0
46712.45033845772,2429.0
46712.45033845772,2234.0
79487.47118453031,2234.0
79487.47118453031,2429.0
81398.29941987993,2429.0
81398.29941987993,2234.0
86400.0,2234.0
# temp #9041
0.0,2234.0
31573.81584257819,2234.0
31573.81584257819,2017.0
79053.42225115748,2017.0
79053.42225115748,2234.0
86400.000002,2234.0
# temp #9042
0.0,2234.0
2463.3583197835833,2234.0
2463.3583197835833,2883.0
4223.530337121338,2883.0
4223.530337121338,2667.0
15604.367568832824,2667.0
15604.367568832824,2883.0
23506.11353600398,2883.0
23506.11353600398,2429.0
52035.61050889549,2429.0
52035.61050889549,2234.0
54917.57523443085,2234.0
54917.57523443085,2667.0
67257.49096863439,2667.0
67257.49096863439,2555.0
82508.27900546139,2555.0
82508.27900546139,2667.0
86400.000002,2667.0
# temp #9043
0.0,2234.0
79645.19078938758,2234.0
79645.19078938758,2555.0
84109.1050563846,2555.0
84109.1050563846,2234.0
86400.000002,2234.0
# temp #9044
0.0,2234.0
21939.05195742846,2234.0
21939.05195742846,2429.0
22539.05195742846,2429.0
22539.05195742846,2555.0
24207.30715915561,2555.0
24207.30715915561,2429.0
46692.4000596162,2429.0
46692.4000596162,2555.0
52519.99444956892,2555.0
52519.99444956892,2667.0
82788.40004147498,2667.0
82788.40004147498,2555.0
86400.000002,2555.0
# temp #9045
0.0,2234.0
14186.490234173838,2234.0
14186.490234173838,2883.0
14681.643978715878,2883.0
14681.643978715878,2667.0
20696.738577308137,2667.0
20696.738577308137,2883.0
35960.98005934619,2883.0
35960.98005934619,2429.0
47340.389706403956,2429.0
47340.389706403956,2555.0
49251.84525588994,2555.0
49251.84525588994,2429.0
72500.73346579449,2429.0
72500.73346579449,2555.0
75192.60256178679,2555.0
75192.60256178679,2667.0
86400.0,2667.0
# temp #9046
0.0,2234.0
5095.862885657699,2234.0
5095.862885657699,2883.0
16195.862885657698,2883.0
16195.862885657698,2555.0
49349.36586334371,2555.0
49349.36586334371,2429.0
64224.98439874036,2429.0
64224.98439874036,2555.0
71053.1124104513,2555.0
71053.1124104513,2667.0
86400.000002,2667.0
# temp #9047
0.0,2234.0
30345.272025000308,2234.0
30345.272025000308,2429.0
30744.17961747386,2429.0
30744.17961747386,2555.0
35141.16353080609,2555.0
35141.16353080609,2429.0
66714.24605045469,2429.0
66714.24605045469,2555.0
76328.24051091449,2555.0
76328.24051091449,2667.0
86400.000002,2667.0
# temp #9048
0.0,2234.0
21974.509816523645,2234.0
21974.509816523645,2017.0
46729.47410875932,2017.0
46729.47410875932,2234.0
75474.81804946439,2234.0
75474.81804946439,2017.0
86400.000002,2017.0
# temp #9049
0.0,2234.0
57049.23037695699,2234.0
57049.23037695699,2555.0
57711.398938321516,2555.0
57711.398938321516,2667.0
58017.448588181294,2667.0
58017.448588181294,2555.0
64017.448588181294,2555.0
64017.448588181294,2429.0
66417.44858818129,2429.0
66417.44858818129,2234.0
70017.44858818129,2234.0
70017.44858818129,2429.0
71217.44858818129,2429.0
71217.44858818129,2234.0
76917.44858818129,2234.0
76917.44858818129,2429.0
86400.000002,2429.0
# temp #9050
0.0,2234.0
5857.4977334355945,2234.0
5857.4977334355945,2667.0
51785.39304190782,2667.0
51785.39304190782,2555.0
52148.213675594896,2555.0
52148.213675594896,2667.0
78407.26705945564,2667.0
78407.26705945564,2555.0
78707.26705945564,2555.0
78707.26705945564,2667.0
79559.5432116883,2667.0
79559.5432116883,2555.0
80159.5432116883,2555.0
80159.5432116883,2667.0
86400.000002,2667.0
# temp #9051
0.0,2234.0
18083.65322237369,2234.0
18083.65322237369,2883.0
18521.26323608682,2883.0
18521.26323608682,2667.0
23393.12054633629,2667.0
23393.12054633629,2883.0
52319.73197353074,2883.0
52319.73197353074,2429.0
74396.06507322752,2429.0
74396.06507322752,2555.0
80742.11509474555,2555.0
80742.11509474555,2429.0
86400.0,2429.0
# temp #9052
0.0,2234.0
3142.5776920281355,2234.0
3142.5776920281355,2667.0
37783.18338689861,2667.0
37783.18338689861,2555.0
38939.06275068876,2555.0
38939.06275068876,2667.0
64330.22386890372,2667.0
64330.22386890372,2555.0
64930.22386890372,2555.0
64930.22386890372,2667.0
80819.32455778589,2667.0
80819.32455778589,2555.0
84729.99666735997,2555.0
84729.99666735997,2429.0
86400.000002,2429.0
# temp #9053
0.0,2234.0
29365.586878219623,2234.0
29365.586878219623,2555.0
40197.688454668976,2555.0
40197.688454668976,2429.0
40595.387150533505,2429.0
40595.387150533505,2555.0
50749.45572176949,2555.0
50749.45572176949,2429.0
52193.23704186828,2429.0
52193.23704186828,2555.0
53172.65749610961,2555.0
53172.65749610961,2429.0
53472.65749610961,2429.0
53472.65749610961,2555.0
54972.65749610961,2555.0
54972.65749610961,2429.0
65172.65749610961,2429.0
65172.65749610961,2234.0
86400.0,2234.0
# temp #9054
0.0,2234.0
11142.950658174233,2234.0
11142.950658174233,2883.0
22242.95065817423,2883.0
22242.95065817423,2555.0
43308.31510685385,2555.0
43308.31510685385,2429.0
81584.54539692031,2429.0
81584.54539692031,2883.0
86400.000002,2883.0
# temp #9055
0.0,2234.0
69856.46246422548,2234.0
69856.46246422548,2555.0
79700.517524709,2555.0
79700.517524709,2234.0
86400.0,2234.0
# temp #9056
0.0,2234.0
21303.08040424716,2234.0
21303.08040424716,2555.0
59917.39933008795,2555.0
59917.39933008795,2429.0
60469.24848519267,2429.0
60469.24848519267,2555.0
78509.94501672687,2555.0
78509.94501672687,2429.0
79473.92863591669,2429.0
79473.92863591669,2234.0
86400.000002,2234.0
# temp #9057
0.0,2234.0
8191.59647554625,2234.0
8191.59647554625,2667.0
46109.11955803168,2667.0
46109.11955803168,2555.0
46724.09225811717,2555.0
46724.09225811717,2667.0
47954.42502675579,2667.0
47954.42502675579,2555.0
48254.42502675579,2555.0
48254.42502675579,2667.0
48554.42502675579,2667.0
48554.42502675579,2555.0
51854.42502675579,2555.0
51854.42502675579,2667.0
77354.42502675578,2667.0
77354.42502675578,2883.0
86400.0,2883.0
# temp #9058
0.0,2234.0
82050.38912517486,2234.0
82050.38912517486,2555.0
85471.92532857881,2555.0
85471.92532857881,2667.0
85826.5031903051,2667.0
85826.5031903051,2555.0
86400.0,2555.0
# temp #9059
0.0,2234.0
16122.060893825257,2234.0
16122.060893825257,2555.0
49525.65056222957,2555.0
49525.65056222957,2429.0
65794.510145369,2429.0
65794.510145369,2234.0
66394.510145369,2234.0
66394.510145369,2429.0
68794.510145369,2429.0
68794.510145369,2555.0
78994.510145369,2555.0
78994.510145369,2667.0
86400.0,2667.0
# temp #9060
0.0,2234.0
62617.716947291054,2234.0
62617.716947291054,2555.0
65946.56733074227,2555.0
65946.56733074227,2667.0
72246.56733074225,2667.0
72246.56733074225,2555.0
73446.56733074225,2555.0
73446.56733074225,2429.0
86400.0,2429.0
# temp #9061
0.0,2234.0
31981.248370092366,2234.0
31981.248370092366,2017.0
47733.60723084771,2017.0
47733.60723084771,2234.0
86400.000002,2234.0
# temp #9062
0.0,2234.0
13420.350874867292,2234.0
13420.350874867292,2017.0
17414.44739867002,2017.0
17414.44739867002,2234.0
46909.62571185083,2234.0
46909.62571185083,2017.0
86400.0,2017.0
# temp #9063
0.0,2234.0
54030.842020385906,2234.0
54030.842020385906,2555.0
64926.73899319489,2555.0
64926.73899319489,2429.0
65347.660527820706,2429.0
65347.660527820706,2555.0
85369.44302476478,2555.0
85369.44302476478,2429.0
86289.71002686305,2429.0
86289.71002686305,2234.0
86400.000002,2234.0
# temp #9064
0.0,2234.0
3838.529374287464,2234.0
3838.529374287464,2883.0
4692.42200665176,2883.0
4692.42200665176,2667.0
10461.84045772534,2667.0
10461.84045772534,2883.0
26603.88702561614,2883.0
26603.88702561614,2429.0
36373.807151592344,2429.0
36373.807151592344,2555.0
54175.21823623685,2555.0
54175.21823623685,2667.0
66709.17750697119,2667.0
66709.17750697119,2883.0
68417.562531936,2883.0
68417.562531936,2429.0
86400.0,2429.0
# temp #9065
0.0,2234.0
27907.244302541952,2234.0
27907.244302541952,2429.0
28207.244302541952,2429.0
28207.244302541952,2234.0
29561.464364756834,2234.0
29561.464364756834,2667.0
56559.59346452729,2667.0
56559.59346452729,2555.0
64663.03546288983,2555.0
64663.03546288983,2667.0
86400.000002,2667.0
# temp #9066
0.0,2234.0
54358.87843009551,2234.0
54358.87843009551,2555.0
82788.89362660704,2555.0
82788.89362660704,2429.0
83316.71370284168,2429.0
83316.71370284168,2555.0
86400.000002,2555.0
# temp #9067
0.0,2234.0
1378.1423242762687,2234.0
1378.1423242762687,2667.0
20802.155343862254,2667.0
20802.155343862254,2555.0
22281.98868152686,2555.0
22281.98868152686,2667.0
47518.465753295466,2667.0
47518.465753295466,2555.0
48118.465753295466,2555.0
48118.465753295466,2667.0
67386.96462374648,2667.0
67386.96462374648,2555.0
68112.17621688267,2555.0
68112.17621688267,2429.0
84190.6336865388,2429.0
84190.6336865388,2234.0
86400.0,2234.0
# temp #9068
0.0,2234.0
35103.14113665373,2234.0
35103.14113665373,2555.0
63533.81458916703,2555.0
63533.81458916703,2429.0
63939.33672406712,2429.0
63939.33672406712,2555.0
72641.46391565447,2555.0
72641.46391565447,2429.0
73435.28910486495,2429.0
73435.28910486495,2555.0
74029.27214952653,2555.0
74029.27214952653,2429.0
74329.27214952653,2429.0
74329.27214952653,2555.0
75829.27214952653,2555.0
75829.27214952653,2429.0
86029.27214952653,2429.0
86029.27214952653,2234.0
86400.000002,2234.0
# temp #9069
0.0,2234.0
37513.90203034972,2234.0
37513.90203034972,2555.0
40198.13177876641,2555.0
40198.13177876641,2667.0
40780.438087019145,2667.0
40780.438087019145,2555.0
41080.438087019145,2555.0
41080.438087019145,2667.0
44680.438087019145,2667.0
44680.438087019145,2555.0
46180.438087019145,2555.0
46180.438087019145,2429.0
62782.056248118184,2429.0
62782.056248118184,2234.0
65341.25834621956,2234.0
65341.25834621956,2667.0
71432.27843551432,2667.0
71432.27843551432,2555.0
86400.000002,2555.0
# temp #9070
0.0,2234.0
66464.07623849809,2234.0
66464.07623849809,2555.0
86400.000002,2555.0
# temp #9071
0.0,2234.0
20725.794120063078,2234.0
20725.794120063078,2429.0
27625.794120063078,2429.0
27625.794120063078,2555.0
29425.794120063078,2555.0
29425.794120063078,2429.0
42325.794120063074,2429.0
42325.794120063074,2234.0
42625.794120063074,2234.0
42625.794120063074,2017.0
42925.794120063074,2017.0
42925.794120063074,2234.0
43225.794120063074,2234.0
43225.794120063074,2017.0
59103.55861941353,2017.0
59103.55861941353,2234.0
74268.23188313284,2234.0
74268.23188313284,2429.0
82555.64346313478,2429.0
82555.64346313478,2555.0
86400.0,2555.0
# temp #9072
0.0,2234.0
45014.86655536574,2234.0
45014.86655536574,2555.0
45443.607271160006,2555.0
45443.607271160006,2429.0
45814.190927403986,2429.0
45814.190927403986,2555.0
60196.89763463103,2555.0
60196.89763463103,2429.0
60903.53467944079,2429.0
60903.53467944079,2555.0
62284.27447755822,2555.0
62284.27447755822,2429.0
86400.000002,2429.0
# temp #9073
0.0,2234.0
81213.1000368856,2234.0
81213.1000368856,2555.0
86400.000002,2555.0
# temp #9074
0.0,2234.0
57242.904236284085,2234.0
57242.904236284085,2555.0
66970.51041789819,2555.0
66970.51041789819,2234.0
86400.000002,2234.0
# temp #9075
0.0,2234.0
18694.67464978807,2234.0
18694.67464978807,2017.0
51000.32649119385,2017.0
51000.32649119385,2234.0
66016.67753965595,2234.0
66016.67753965595,2017.0
86400.000002,2017.0
# temp #9076
0.0,2234.0
56459.659534413375,2234.0
56459.659534413375,2883.0
58859.659534413375,2883.0
58859.659534413375,2667.0
83587.17872933486,2667.0
83587.17872933486,2234.0
86400.000002,2234.0
# temp #9077
0.0,2234.0
3276.231583859772,2234.0
3276.231583859772,2667.0
5365.942744212225,2667.0
5365.942744212225,2555.0
6574.8715478461245,2555.0
6574.8715478461245,2667.0
41639.6608598996,2667.0
41639.6608598996,2555.0
41939.6608598996,2555.0
41939.6608598996,2667.0
42239.6608598996,2667.0
42239.6608598996,2555.0
45539.6608598996,2555.0
45539.6608598996,2667.0
71039.6608598996,2667.0
71039.6608598996,2883.0
86400.000002,2883.0
# temp #9078
0.0,2234.0
1627.9284219257536,2234.0
1627.9284219257536,2555.0
5999.080563685858,2555.0
5999.080563685858,2667.0
6562.952331709676,2667.0
6562.952331709676,2555.0
6862.952331709676,2555.0
6862.952331709676,2667.0
10462.952331709675,2667.0
10462.952331709675,2555.0
11962.952331709675,2555.0
11962.952331709675,2429.0
29023.971519945193,2429.0
29023.971519945193,2234.0
32766.067655850205,2234.0
32766.067655850205,2429.0
61577.31060669758,2429.0
61577.31060669758,2234.0
73127.1256175358,2234.0
73127.1256175358,2667.0
86400.000002,2667.0
# temp #9079
0.0,2234.0
2332.922823680565,2234.0
2332.922823680565,2667.0
24873.14441716299,2667.0
24873.14441716299,2555.0
25757.858895231042,2555.0
25757.858895231042,2667.0
59116.09406776262,2667.0
59116.09406776262,2555.0
59716.09406776262,2555.0
59716.09406776262,2667.0
75204.27368895618,2667.0
75204.27368895618,2555.0
79885.63592748252,2555.0
79885.63592748252,2429.0
86400.0,2429.0
# temp #9080
0.0,2234.0
4495.27485666331,2234.0
4495.27485666331,2667.0
18768.426905572418,2667.0
18768.426905572418,2555.0
20052.26575993002,2555.0
20052.26575993002,2667.0
24545.86446974427,2667.0
24545.86446974427,2555.0
27545.86446974427,2555.0
27545.86446974427,2667.0
53645.864469744265,2667.0
53645.864469744265,2883.0
86400.0,2883.0
# temp #9081
0.0,2234.0
41738.47946212628,2234.0
41738.47946212628,2017.0
79454.54345047475,2017.0
79454.54345047475,2234.0
86400.0,2234.0
# temp #9082
0.0,2234.0
3766.5000569773842,2234.0
3766.5000569773842,2555.0
5233.87474610936,2555.0
5233.87474610936,2667.0
15133.874746109359,2667.0
15133.874746109359,2555.0
19730.364663968794,2555.0
19730.364663968794,2429.0
31765.741156018343,2429.0
31765.741156018343,2234.0
41111.17009359878,2234.0
41111.17009359878,2667.0
60051.645944011405,2667.0
60051.645944011405,2555.0
64471.85818736908,2555.0
64471.85818736908,2429.0
84935.72357108352,2429.0
84935.72357108352,2234.0
86400.000002,2234.0
# temp #9083
0.0,2234.0
25786.207329807807,2234.0
25786.207329807807,2555.0
48797.32503863052,2555.0
48797.32503863052,2429.0
49227.327687875375,2429.0
49227.327687875375,2555.0
64037.808527005844,2555.0
64037.808527005844,2429.0
64372.180722886704,2429.0
64372.180722886704,2555.0
65579.11994545722,2555.0
65579.11994545722,2429.0
65879.11994545722,2429.0
65879.11994545722,2555.0
67379.11994545722,2555.0
67379.11994545722,2429.0
77579.11994545722,2429.0
77579.11994545722,2234.0
86400.000002,2234.0
# temp #9084
0.0,2234.0
2865.5608722008765,2234.0
2865.5608722008765,2883.0
13965.560872200876,2883.0
13965.560872200876,2555.0
16673.565973341465,2555.0
16673.565973341465,2667.0
44267.39235408604,2667.0
44267.39235408604,2883.0
78101.43101534342,2883.0
78101.43101534342,2429.0
84942.01937543695,2429.0
84942.01937543695,2555.0
86400.000002,2555.0
# temp #9085
0.0,2234.0
60557.7237762278,2234.0
60557.7237762278,2555.0
60892.34898125288,2555.0
60892.34898125288,2667.0
70792.34898125287,2667.0
70792.34898125287,2555.0
74401.46086995957,2555.0
74401.46086995957,2429.0
81126.97476593313,2429.0
81126.97476593313,2883.0
84200.51218250302,2883.0
84200.51218250302,2667.0
86400.0,2667.0
# temp #9086
0.0,2234.0
73046.43758959137,2234.0
73046.43758959137,2555.0
77713.82746577729,2555.0
77713.82746577729,2234.0
86400.000002,2234.0
# temp #9087
0.0,2234.0
4485.212040902115,2234.0
4485.212040902115,2883.0
5431.374289817177,2883.0
5431.374289817177,2667.0
15308.497557858938,2667.0
15308.497557858938,2883.0
51509.29271418136,2883.0
51509.29271418136,2429.0
58512.81629966107,2429.0
58512.81629966107,2883.0
70845.21928613541,2883.0
70845.21928613541,2667.0
86400.000002,2667.0
# temp #9088
0.0,2234.0
6980.749305873179,2234.0
6980.749305873179,2883.0
8501.62408933975,2883.0
8501.62408933975,2667.0
16405.716145969927,2667.0
16405.716145969927,2883.0
30272.915399959318,2883.0
30272.915399959318,2429.0
60562.57436270827,2429.0
60562.57436270827,2555.0
65971.82332340164,2555.0
65971.82332340164,2429.0
73825.07728957573,2429.0
73825.07728957573,2555.0
86400.0,2555.0
# temp #9089
0.0,2234.0
4455.634835176171,2234.0
4455.634835176171,2667.0
18304.818253498528,2667.0
18304.818253498528,2555.0
19052.962590660904,2555.0
19052.962590660904,2667.0
23816.670756856915,2667.0
23816.670756856915,2555.0
26816.670756856915,2555.0
26816.670756856915,2667.0
52916.67075685691,2667.0
52916.67075685691,2883.0
86400.0,2883.0
# temp #9090
0.0,2234.0
17837.760009756315,2234.0
17837.760009756315,2883.0
19054.658415983435,2883.0
19054.658415983435,2667.0
20979.147437238138,2667.0
20979.147437238138,2883.0
48372.74296805264,2883.0
48372.74296805264,2429.0
73293.92035575585,2429.0
73293.92035575585,2883.0
77061.81144271979,2883.0
77061.81144271979,2429.0
86400.0,2429.0
# temp #9091
0.0,2234.0
2021.9961833674463,2234.0
2021.9961833674463,2667.0
47013.255399372436,2667.0
47013.255399372436,2555.0
47434.23025952653,2555.0
47434.23025952653,2667.0
52511.20175211691,2667.0
52511.20175211691,2555.0
52811.20175211691,2555.0
52811.20175211691,2667.0
53533.21696256754,2667.0
53533.21696256754,2555.0
54133.21696256754,2555.0
54133.21696256754,2667.0
76794.94737647475,2667.0
76794.94737647475,2555.0
80054.3262907304,2555.0
80054.3262907304,2429.0
86400.000002,2429.0
# temp #9092
0.0,2234.0
5696.617761533708,2234.0
5696.617761533708,2667.0
25540.823540138084,2667.0
25540.823540138084,2555.0
26565.591189125556,2555.0
26565.591189125556,2667.0
54879.44655027241,2667.0
54879.44655027241,2555.0
55179.44655027241,2555.0
55179.44655027241,2429.0
55418.261395278394,2429.0
55418.261395278394,2555.0
64383.61225069967,2555.0
64383.61225069967,2667.0
81566.55690001791,2667.0
81566.55690001791,2555.0
86400.000002,2555.0
# temp #9093
0.0,2234.0
2420.8155988482763,2234.0
2420.8155988482763,2555.0
10926.367817097345,2555.0
10926.367817097345,2429.0
33546.92968802993,2429.0
33546.92968802993,2234.0
33846.92968802993,2234.0
33846.92968802993,2017.0
71635.01526270995,2017.0
71635.01526270995,2555.0
86400.000002,2555.0
# temp #9094
0.0,2234.0
21576.61623260938,2234.0
21576.61623260938,2555.0
38436.02907336318,2555.0
38436.02907336318,2429.0
38956.787222391,2429.0
38956.787222391,2555.0
59541.35036095978,2555.0
59541.35036095978,2429.0
60954.973478056505,2429.0
60954.973478056505,2555.0
62359.884256683305,2555.0
62359.884256683305,2429.0
62659.884256683305,2429.0
62659.884256683305,2555.0
64159.884256683305,2555.0
64159.884256683305,2429.0
74359.8842566833,2429.0
74359.8842566833,2234.0
86400.000002,2234.0
# temp #9095
0.0,2234.0
34240.80489487388,2234.0
34240.80489487388,2555.0
39228.304801904604,2555.0
39228.304801904604,2667.0
39573.27345376835,2667.0
39573.27345376835,2555.0
39873.27345376835,2555.0
39873.27345376835,2667.0
43473.27345376835,2667.0
43473.27345376835,2555.0
44973.27345376835,2555.0
44973.27345376835,2429.0
53284.565717889935,2429.0
53284.565717889935,2234.0
61203.553843055866,2234.0
61203.553843055866,2429.0
78350.21549295635,2429.0
78350.21549295635,2555.0
86400.0,2555.0
# temp #9096
0.0,2234.0
9565.57267305907,2234.0
9565.57267305907,2883.0
10941.508429613898,2883.0
10941.508429613898,2667.0
20840.23563782685,2667.0
20840.23563782685,2883.0
25706.889915699143,2883.0
25706.889915699143,2667.0
52690.96765508876,2667.0
52690.96765508876,2555.0
69978.65220559762,2555.0
69978.65220559762,2667.0
86400.0,2667.0
# temp #9097
0.0,2234.0
20467.97831312288,2234.0
20467.97831312288,2555.0
57574.488542717896,2555.0
57574.488542717896,2429.0
69583.8501070859,2429.0
69583.8501070859,2234.0
70183.8501070859,2234.0
70183.8501070859,2429.0
72583.8501070859,2429.0
72583.8501070859,2555.0
82783.8501070859,2555.0
82783.8501070859,2667.0
86400.000002,2667.0
# temp #9098
0.0,2234.0
18032.518921955492,2234.0
18032.518921955492,2555.0
32367.6602335414,2555.0
32367.6602335414,2429.0
32914.57532462665,2429.0
32914.57532462665,2555.0
55566.92606303842,2555.0
55566.92606303842,2429.0
56472.38638980781,2429.0
56472.38638980781,2234.0
74258.0307368422,2234.0
74258.0307368422,2429.0
86400.0,2429.0
# temp #9099
0.0,2234.0
7125.612577353606,2234.0
7125.612577353606,2667.0
36205.023870896555,2667.0
36205.023870896555,2555.0
36859.184769261636,2555.0
36859.184769261636,2429.0
42236.31890660618,2429.0
42236.31890660618,2555.0
45054.7146847006,2555.0
45054.7146847006,2429.0
83903.03705655971,2429.0
83903.03705655971,2883.0
86400.000002,2883.0
# temp #9100
0.0,2234.0
32554.456444527026,2234.0
32554.456444527026,2429.0
32854.45644452702,2429.0
32854.45644452702,2234.0
63980.67687470467,2234.0
63980.67687470467,2429.0
67674.28294918501,2429.0
67674.28294918501,2555.0
82562.3539553024,2555.0
82562.3539553024,2429.0
86400.000002,2429.0
# temp #9101
0.0,2234.0
28748.503603041176,2234.0
28748.503603041176,2429.0
29348.503603041176,2429.0
29348.503603041176,2555.0
31359.975690767173,2555.0
31359.975690767173,2429.0
52767.92723473628,2429.0
52767.92723473628,2555.0
60244.784403895035,2555.0
60244.784403895035,2667.0
65922.69120868297,2667.0
65922.69120868297,2555.0
76867.99995114563,2555.0
76867.99995114563,2429.0
86400.000002,2429.0
# temp #9102
0.0,2234.0
7087.3929125256855,2234.0
7087.3929125256855,2667.0
41988.253618776806,2667.0
41988.253618776806,2555.0
42693.30876683817,2555.0
42693.30876683817,2667.0
52709.67617179268,2667.0
52709.67617179268,2555.0
53009.67617179268,2555.0
53009.67617179268,2667.0
53635.03036550247,2667.0
53635.03036550247,2555.0
54235.03036550247,2555.0
54235.03036550247,2667.0
83230.45919621365,2667.0
83230.45919621365,2234.0
86400.0,2234.0
# temp #9103
0.0,2234.0
75658.95165377298,2234.0
75658.95165377298,2555.0
86400.000002,2555.0
# temp #9104
0.0,2234.0
12166.974763758482,2234.0
12166.974763758482,2017.0
40139.811631618075,2017.0
40139.811631618075,2234.0
56273.75733652153,2234.0
56273.75733652153,2017.0
61581.76227849909,2017.0
61581.76227849909,2234.0
83024.13332252765,2234.0
83024.13332252765,2017.0
86400.000002,2017.0
# temp #9105
0.0,2234.0
7613.1136586889625,2234.0
7613.1136586889625,2017.0
11375.113519281149,2017.0
11375.113519281149,2234.0
25013.202855549753,2234.0
25013.202855549753,2017.0
72757.19215432182,2017.0
72757.19215432182,2234.0
86400.0,2234.0
# temp #9106
0.0,2234.0
6958.166692242959,2234.0
6958.166692242959,2883.0
8034.446373721586,2883.0
8034.446373721586,2667.0
13019.191588601097,2667.0
13019.191588601097,2883.0
42431.367142614916,2883.0
42431.367142614916,2429.0
52242.20159326215,2429.0
52242.20159326215,2883.0
60413.20939504077,2883.0
60413.20939504077,2429.0
84921.63884437179,2429.0
84921.63884437179,2555.0
86400.0,2555.0
# temp #9107
0.0,2234.0
34127.54049415235,2234.0
34127.54049415235,2555.0
70183.60695478042,2555.0
70183.60695478042,2429.0
74290.85898560008,2429.0
74290.85898560008,2234.0
74890.85898560008,2234.0
74890.85898560008,2429.0
86400.0,2429.0
# temp #9108
0.0,2234.0
1080.4485029540956,2234.0
1080.4485029540956,2667.0
43723.316920408986,2667.0
43723.316920408986,2555.0
44323.216133611284,2555.0
44323.216133611284,2667.0
77271.90131689423,2667.0
77271.90131689423,2555.0
77871.90131689423,2555.0
77871.90131689423,2667.0
86400.000002,2667.0
# temp #9109
0.0,2234.0
4957.937604398468,2234.0
4957.937604398468,2667.0
47696.964283310816,2667.0
47696.964283310816,2555.0
48428.87567023282,2555.0
48428.87567023282,2667.0
65872.73093881087,2667.0
65872.73093881087,2555.0
66172.73093881087,2555.0
66172.73093881087,2429.0
86400.000002,2429.0
# temp #9110
0.0,2234.0
2682.636449416168,2234.0
2682.636449416168,2883.0
3440.6998445279896,2883.0
3440.6998445279896,2667.0
7828.708559134975,2667.0
7828.708559134975,2883.0
18374.22702438198,2883.0
18374.22702438198,2667.0
24807.10917427205,2667.0
24807.10917427205,2555.0
30099.45138464682,2555.0
30099.45138464682,2667.0
40100.352465827025,2667.0
40100.352465827025,2555.0
49829.25910139457,2555.0
49829.25910139457,2667.0
86400.0,2667.0
# temp #9111
0.0,2234.0
32515.111523307864,2234.0
32515.111523307864,2429.0
33115.11152330786,2429.0
33115.11152330786,2555.0
37404.00671828539,2555.0
37404.00671828539,2429.0
52942.81487977133,2429.0
52942.81487977133,2555.0
67010.78237928452,2555.0
67010.78237928452,2667.0
86400.0,2667.0
# temp #9112
0.0,2234.0
17472.89373697713,2234.0
17472.89373697713,2555.0
28119.757191860117,2555.0
28119.757191860117,2429.0
33978.69396347087,2429.0
33978.69396347087,2555.0
53964.23584276345,2555.0
53964.23584276345,2667.0
78976.74673169387,2667.0
78976.74673169387,2555.0
86400.0,2555.0
# temp #9113
0.0,2234.0
71807.51380522271,2234.0
71807.51380522271,2555.0
77111.07776581777,2555.0
77111.07776581777,2667.0
77586.11317570323,2667.0
77586.11317570323,2555.0
83586.11317570323,2555.0
83586.11317570323,2429.0
85986.11317570323,2429.0
85986.11317570323,2234.0
86400.000002,2234.0
# temp #9114
0.0,2234.0
1273.6377038061619,2234.0
1273.6377038061619,2017.0
37463.86231589132,2017.0
37463.86231589132,2234.0
41215.69575802424,2234.0
41215.69575802424,2017.0
71947.84763208592,2017.0
71947.84763208592,2234.0
86400.000002,2234.0
# temp #9115
0.0,2234.0
795.4070326639339,2234.0
795.4070326639339,2667.0
45802.15463039932,2667.0
45802.15463039932,2555.0
46753.48156762776,2555.0
46753.48156762776,2667.0
69579.9633499235,2667.0
69579.9633499235,2555.0
70179.9633499235,2555.0
70179.9633499235,2667.0
85632.00700865129,2667.0
85632.00700865129,2555.0
86400.000002,2555.0
# temp #9116
0.0,2234.0
6793.403302738444,2234.0
6793.403302738444,2883.0
8319.049238716254,2883.0
8319.049238716254,2667.0
14649.49033779558,2667.0
14649.49033779558,2883.0
24824.316896474924,2883.0
24824.316896474924,2667.0
27916.72655101866,2667.0
27916.72655101866,2234.0
63941.15050518887,2234.0
63941.15050518887,2429.0
86400.0,2429.0
# temp #9117
0.0,2234.0
40886.80802977179,2234.0
40886.80802977179,2555.0
78479.70935062041,2555.0
78479.70935062041,2429.0
78851.70475482011,2429.0
78851.70475482011,2555.0
85331.39605103062,2555.0
85331.39605103062,2429.0
86300.38697915153,2429.0
86300.38697915153,2234.0
86400.0,2234.0
# temp #9118
0.0,2234.0
3632.920107711107,2234.0
3632.920107711107,2555.0
20353.11044203118,2555.0
20353.11044203118,2429.0
58663.46720354633,2429.0
58663.46720354633,2234.0
67148.62286788413,2234.0
67148.62286788413,2429.0
67487.91784937495,2429.0
67487.91784937495,2234.0
74871.64341397585,2234.0
74871.64341397585,2429.0
80430.15548007099,2429.0
80430.15548007099,2234.0
86400.0,2234.0
# temp #9119
0.0,2234.0
21874.230793607425,2234.0
21874.230793607425,2555.0
26585.87012495846,2555.0
26585.87012495846,2667.0
32885.87012495846,2667.0
32885.87012495846,2555.0
34085.87012495846,2555.0
34085.87012495846,2429.0
77285.87012495846,2429.0
77285.87012495846,2234.0
86400.0,2234.0
# temp #9120
0.0,2234.0
13318.637218326332,2234.0
13318.637218326332,2555.0
40171.777579654015,2555.0
40171.777579654015,2429.0
40648.30799780321,2429.0
40648.30799780321,2555.0
53922.44599519764,2555.0
53922.44599519764,2429.0
54405.19695715048,2429.0
54405.19695715048,2234.0
69777.96832099558,2234.0
69777.96832099558,2429.0
86400.000002,2429.0
# temp #9121
0.0,2234.0
12907.424400094897,2234.0
12907.424400094897,2429.0
13252.798433904536,2429.0
13252.798433904536,2234.0
13929.381892480887,2234.0
13929.381892480887,2429.0
17283.320100442506,2429.0
17283.320100442506,2234.0
28505.58502015192,2234.0
28505.58502015192,2429.0
29200.80902755726,2429.0
29200.80902755726,2555.0
30688.759199925702,2555.0
30688.759199925702,2429.0
30988.759199925702,2429.0
30988.759199925702,2555.0
51388.7591999257,2555.0
51388.7591999257,2429.0
51688.7591999257,2429.0
51688.7591999257,2555.0
52288.7591999257,2555.0
52288.7591999257,2667.0
70744.0796932904,2667.0
70744.0796932904,2234.0
73284.63805778885,2234.0
73284.63805778885,2429.0
86364.41321291497,2429.0
86364.41321291497,2555.0
86400.000002,2555.0
# temp #9122
0.0,2234.0
32504.202232067477,2234.0
32504.202232067477,2429.0
33044.47464672849,2429.0
33044.47464672849,2555.0
35517.35751992092,2555.0
35517.35751992092,2429.0
68969.22788447702,2429.0
68969.22788447702,2555.0
80700.51180906595,2555.0
80700.51180906595,2429.0
86400.000002,2429.0
# temp #9123
0.0,2234.0
30585.72106584907,2234.0
30585.72106584907,2555.0
50217.93379993179,2555.0
50217.93379993179,2429.0
80202.64970397112,2429.0
80202.64970397112,2234.0
86400.0,2234.0
# temp #9124
0.0,2234.0
18094.109238660898,2234.0
18094.109238660898,2883.0
19059.9511428969,2883.0
19059.9511428969,2667.0
21673.370160721246,2667.0
21673.370160721246,2883.0
49584.77274652106,2883.0
49584.77274652106,2429.0
58111.991012678496,2429.0
58111.991012678496,2234.0
60744.62058444043,2234.0
60744.62058444043,2667.0
70993.71720647906,2667.0
70993.71720647906,2883.0
86400.0,2883.0
# temp #9125
0.0,2234.0
11636.82683107909,2234.0
11636.82683107909,2555.0
29153.40964926873,2555.0
29153.40964926873,2429.0
53388.55054958259,2429.0
53388.55054958259,2234.0
53688.55054958259,2234.0
53688.55054958259,2017.0
80062.67503823621,2017.0
80062.67503823621,2234.0
86400.0,2234.0
# temp #9126
0.0,2234.0
66942.61222919449,2234.0
66942.61222919449,2555.0
67358.24183968361,2555.0
67358.24183968361,2234.0
76758.61625277903,2234.0
76758.61625277903,2429.0
83811.76759607624,2429.0
83811.76759607624,2234.0
86400.0,2234.0
# temp #9127
0.0,2234.0
6178.506357385778,2234.0
6178.506357385778,2667.0
15091.186462040063,2667.0
15091.186462040063,2555.0
16214.929303410467,2555.0
16214.929303410467,2667.0
53636.556167271934,2667.0
53636.556167271934,2555.0
53936.556167271934,2555.0
53936.556167271934,2667.0
54677.99482354896,2667.0
54677.99482354896,2555.0
55277.99482354896,2555.0
55277.99482354896,2667.0
86400.0,2667.0
# temp #9128
0.0,2234.0
38870.728378859356,2234.0
38870.728378859356,2555.0
42427.27570405696,2555.0
42427.27570405696,2667.0
42840.81069468521,2667.0
42840.81069468521,2555.0
43140.81069468521,2555.0
43140.81069468521,2667.0
69840.8106946852,2667.0
69840.8106946852,2555.0
85740.8106946852,2555.0
85740.8106946852,2234.0
86400.000002,2234.0
# temp #9129
0.0,2234.0
23789.526906679388,2234.0
23789.526906679388,2429.0
24374.89311320242,2429.0
24374.89311320242,2555.0
27956.649496383037,2555.0
27956.649496383037,2429.0
51077.024744683884,2429.0
51077.024744683884,2555.0
57722.575162095025,2555.0
57722.575162095025,2429.0
64645.62650383451,2429.0
64645.62650383451,2555.0
69654.90870459472,2555.0
69654.90870459472,2429.0
86400.000002,2429.0
# temp #9130
0.0,2234.0
30867.946811439473,2234.0
30867.946811439473,2555.0
51786.42446910963,2555.0
51786.42446910963,2429.0
64563.21473708377,2429.0
64563.21473708377,2234.0
66533.78160833383,2234.0
66533.78160833383,2429.0
77095.21881546827,2429.0
77095.21881546827,2234.0
82766.4161768742,2234.0
82766.4161768742,2667.0
86400.0,2667.0
# temp #9131
0.0,2234.0
53751.80425099098,2234.0
53751.80425099098,2429.0
85851.80425099097,2429.0
85851.80425099097,2555.0
86151.80425099097,2555.0
86151.80425099097,2667.0
86400.0,2667.0
# temp #9132
0.0,2234.0
22658.584049949426,2234.0
22658.584049949426,2017.0
68905.80221638085,2017.0
68905.80221638085,2234.0
86400.0,2234.0
# temp #9133
0.0,2234.0
58150.04614982755,2234.0
58150.04614982755,2555.0
70091.73054671848,2555.0
70091.73054671848,2429.0
70685.44764015825,2429.0
70685.44764015825,2555.0
82573.40380051175,2555.0
82573.40380051175,2429.0
83247.23048047164,2429.0
83247.23048047164,2555.0
84683.15236154014,2555.0
84683.15236154014,2429.0
84983.15236154014,2429.0
84983.15236154014,2555.0
86400.0,2555.0
# temp #9134
0.0,2234.0
38298.778072977446,2234.0
38298.778072977446,2017.0
63372.57118080744,2017.0
63372.57118080744,2234.0
83504.09879595974,2234.0
83504.09879595974,2017.0
86400.000002,2017.0
# temp #9135
0.0,2234.0
15549.13037871011,2234.0
15549.13037871011,2883.0
16402.03071632423,2883.0
16402.03071632423,2667.0
22259.680273337293,2667.0
22259.680273337293,2883.0
57661.37953586878,2883.0
57661.37953586878,2429.0
72069.65702972376,2429.0
72069.65702972376,2555.0
86400.000002,2555.0
# temp #9136
0.0,2234.0
57684.160167980015,2234.0
57684.160167980015,2555.0
76764.53966426199,2555.0
76764.53966426199,2429.0
77166.15070011468,2429.0
77166.15070011468,2555.0
86400.0,2555.0
# temp #9137
0.0,2234.0
9244.464115030134,2234.0
9244.464115030134,2555.0
45390.0630171178,2555.0
45390.0630171178,2429.0
45955.595866357915,2429.0
45955.595866357915,2555.0
69665.03395533656,2555.0
69665.03395533656,2429.0
70451.3097926276,2429.0
70451.3097926276,2555.0
71354.2383371154,2555.0
71354.2383371154,2429.0
86400.0,2429.0
# temp #9138
0.0,2234.0
19522.085778554905,2234.0
19522.085778554905,2429.0
19822.085778554905,2429.0
19822.085778554905,2234.0
30204.97341211886,2234.0
30204.97341211886,2429.0
30595.176553283825,2429.0
30595.176553283825,2234.0
47412.447943305604,2234.0
47412.447943305604,2429.0
50136.46397267003,2429.0
50136.46397267003,2234.0
52318.94528896083,2234.0
52318.94528896083,2667.0
79882.1037668735,2667.0
79882.1037668735,2555.0
86400.0,2555.0
# temp #9139
0.0,2234.0
85446.50456893725,2234.0
85446.50456893725,2555.0
86400.0,2555.0
# temp #9140
0.0,2234.0
72483.06864453481,2234.0
72483.06864453481,2555.0
77799.05828665943,2555.0
77799.05828665943,2429.0
78126.04878705462,2429.0
78126.04878705462,2555.0
82537.32369421051,2555.0
82537.32369421051,2429.0
83249.89243706224,2429.0
83249.89243706224,2234.0
86400.0,2234.0
# temp #9141
0.0,2234.0
49839.63824270759,2234.0
49839.63824270759,2883.0
52239.63824270759,2883.0
52239.63824270759,2667.0
86400.0,2667.0
# temp #9142
0.0,2234.0
68251.74179580064,2234.0
68251.74179580064,2555.0
81257.2705817409,2555.0
81257.2705817409,2429.0
81623.86586358772,2429.0
81623.86586358772,2555.0
84793.20925078356,2555.0
84793.20925078356,2429.0
85217.68267988229,2429.0
85217.68267988229,2555.0
86387.43636379951,2555.0
86400.0,2429.0
# temp #9143
0.0,2234.0
8386.382785462774,2234.0
8386.382785462774,2429.0
8755.537732690573,2429.0
8755.537732690573,2555.0
10695.089961960912,2555.0
10695.089961960912,2429.0
18483.723857905716,2429.0
18483.723857905716,2555.0
51880.86500235368,2555.0
51880.86500235368,2429.0
61453.770568454645,2429.0
61453.770568454645,2555.0
86400.0,2555.0
# temp #9144
0.0,2234.0
80460.08146782407,2234.0
80460.08146782407,2555.0
86400.000002,2555.0
# temp #9145
0.0,2234.0
8280.243352521213,2234.0
8280.243352521213,2667.0
31745.831580483362,2667.0
31745.831580483362,2555.0
32075.185043108657,2555.0
32075.185043108657,2429.0
34080.114281759605,2429.0
34080.114281759605,2555.0
39552.222076733604,2555.0
39552.222076733604,2667.0
69230.8340865886,2667.0
69230.8340865886,2555.0
82606.58364160919,2555.0
82606.58364160919,2429.0
86400.000002,2429.0
# temp #9146
0.0,2234.0
11901.863639429212,2234.0
11901.863639429212,2429.0
18801.86363942921,2429.0
18801.86363942921,2555.0
20601.86363942921,2555.0
20601.86363942921,2429.0
33501.86363942921,2429.0
33501.86363942921,2234.0
33801.86363942921,2234.0
33801.86363942921,2017.0
34101.86363942921,2017.0
34101.86363942921,2234.0
34401.86363942921,2234.0
34401.86363942921,2017.0
49171.86755128205,2017.0
49171.86755128205,2234.0
66978.5941438051,2234.0
66978.5941438051,2429.0
73170.99022537006,2429.0
73170.99022537006,2555.0
86400.000002,2555.0
# temp #9147
0.0,2234.0
4930.601467215457,2234.0
4930.601467215457,2667.0
19216.059479839172,2667.0
19216.059479839172,2555.0
19794.417816284116,2555.0
19794.417816284116,2429.0
44639.0799218556,2429.0
44639.0799218556,2555.0
57922.90198530537,2555.0
57922.90198530537,2667.0
73577.88534737194,2667.0
73577.88534737194,2555.0
86400.0,2555.0
# temp #9148
0.0,2234.0
36570.05922161043,2234.0
36570.05922161043,2883.0
38970.05922161043,2883.0
38970.05922161043,2667.0
58906.30197969731,2667.0
58906.30197969731,2555.0
75972.01192227658,2555.0
75972.01192227658,2667.0
86400.000002,2667.0
# temp #9149
0.0,2234.0
6011.438098666259,2234.0
6011.438098666259,2667.0
45760.249396367006,2667.0
45760.249396367006,2555.0
46247.53046468832,2555.0
46247.53046468832,2667.0
49999.56892824267,2667.0
49999.56892824267,2555.0
50299.56892824267,2555.0
50299.56892824267,2429.0
57287.94973301702,2429.0
57287.94973301702,2555.0
59381.94300304168,2555.0
59381.94300304168,2667.0
73511.49956770243,2667.0
73511.49956770243,2555.0
86400.0,2555.0
# temp #9150
0.0,2234.0
8361.877833539622,2234.0
8361.877833539622,2667.0
21685.19082607236,2667.0
21685.19082607236,2555.0
22766.385777737018,2555.0
22766.385777737018,2667.0
42671.52454233729,2667.0
42671.52454233729,2555.0
43271.52454233729,2555.0
43271.52454233729,2667.0
64814.19255305083,2667.0
64814.19255305083,2555.0
68884.01761259885,2555.0
68884.01761259885,2429.0
73218.3754884638,2429.0
73218.3754884638,2883.0
86400.000002,2883.0
# temp #9151
0.0,2234.0
2960.1517848204826,2234.0
2960.1517848204826,2017.0
37422.646645875655,2017.0
37422.646645875655,2234.0
49533.539975853644,2234.0
49533.539975853644,2017.0
86400.0,2017.0
# temp #9152
0.0,2234.0
4133.787059923635,2234.0
4133.787059923635,2667.0
53195.3111562878,2667.0
53195.3111562878,2555.0
53993.91812207178,2555.0
53993.91812207178,2667.0
77610.74609511999,2667.0
77610.74609511999,2555.0
77910.74609511999,2555.0
77910.74609511999,2667.0
78210.74609511999,2667.0
78210.74609511999,2555.0
81510.74609511999,2555.0
81510.74609511999,2667.0
86400.000002,2667.0
# temp #9153
0.0,2234.0
5025.121778296308,2234.0
5025.121778296308,2555.0
15463.421029737223,2555.0
15463.421029737223,2429.0
15869.108546362262,2429.0
15869.108546362262,2555.0
31967.59093883448,2555.0
31967.59093883448,2429.0
32478.37298023515,2429.0
32478.37298023515,2555.0
32871.443293103956,2555.0
32871.443293103956,2429.0
33171.443293103956,2429.0
33171.443293103956,2555.0
33471.443293103956,2555.0
33471.443293103956,2429.0
34071.443293103956,2429.0
34071.443293103956,2555.0
38801.36917554774,2555.0
38801.36917554774,2429.0
51590.653685177684,2429.0
51590.653685177684,2555.0
73208.79213369919,2555.0
73208.79213369919,2429.0
86400.000002,2429.0
# temp #9154
0.0,2234.0
65600.52029003856,2234.0
65600.52029003856,2555.0
83375.9577407269,2555.0
83375.9577407269,2429.0
86400.0,2429.0
# temp #9155
0.0,2234.0
34879.87995576114,2234.0
34879.87995576114,2429.0
35419.44265274797,2429.0
35419.44265274797,2555.0
35829.02722342406,2555.0
35829.02722342406,2429.0
60938.80443612581,2429.0
60938.80443612581,2555.0
73030.71103154217,2555.0
73030.71103154217,2667.0
86400.000002,2667.0
# temp #9156
0.0,2234.0
41368.77156500705,2234.0
41368.77156500705,2555.0
64417.260457109674,2555.0
64417.260457109674,2429.0
64909.199787187405,2429.0
64909.199787187405,2555.0
86400.000002,2555.0
# temp #9157
0.0,2234.0
79451.88601857518,2234.0
79451.88601857518,2555.0
82682.07343393007,2555.0
82682.07343393007,2667.0
83225.01893900336,2667.0
83225.01893900336,2555.0
83525.01893900336,2555.0
83525.01893900336,2667.0
86400.000002,2667.0
# temp #9158
0.0,2234.0
16402.410933072682,2234.0
16402.410933072682,2555.0
45264.86271175091,2555.0
45264.86271175091,2429.0
45611.696542007856,2429.0
45611.696542007856,2555.0
51939.037174684934,2555.0
51939.037174684934,2429.0
52813.09172012844,2429.0
52813.09172012844,2555.0
53230.263548763476,2555.0
53230.263548763476,2429.0
53530.263548763476,2429.0
53530.263548763476,2555.0
73930.26354876347,2555.0
73930.26354876347,2429.0
74230.26354876347,2429.0
74230.26354876347,2555.0
74830.26354876347,2555.0
74830.26354876347,2667.0
86400.0,2667.0
# temp #9159
0.0,2234.0
5516.392277483829,2234.0
5516.392277483829,2667.0
41987.96056460124,2667.0
41987.96056460124,2555.0
43469.92741038558,2555.0
43469.92741038558,2667.0
45756.38155667112,2667.0
45756.38155667112,2555.0
46356.38155667112,2555.0
46356.38155667112,2667.0
60090.01273345203,2667.0
60090.01273345203,2555.0
62540.53224083037,2555.0
62540.53224083037,2429.0
65034.511487279095,2429.0
65034.511487279095,2667.0
69770.87099798956,2667.0
69770.87099798956,2555.0
78424.01461782867,2555.0
78424.01461782867,2667.0
86400.000002,2667.0
# temp #9160
0.0,2234.0
6976.606771652588,2234.0
6976.606771652588,2883.0
7959.042527968996,2883.0
7959.042527968996,2667.0
12056.541971024126,2667.0
12056.541971024126,2883.0
21306.929140258584,2883.0
21306.929140258584,2667.0
38139.06954210252,2667.0
38139.06954210252,2555.0
39631.18709607516,2555.0
39631.18709607516,2429.0
46825.156409852214,2429.0
46825.156409852214,2555.0
64036.39725213872,2555.0
64036.39725213872,2429.0
69562.68025094179,2429.0
69562.68025094179,2234.0
79139.9548212765,2234.0
79139.9548212765,2667.0
85813.64303757438,2667.0
85813.64303757438,2555.0
86400.000002,2555.0
# temp #9161
0.0,2234.0
12296.399692003617,2234.0
12296.399692003617,2555.0
16330.374258267695,2555.0
16330.374258267695,2667.0
26230.374258267693,2667.0
26230.374258267693,2555.0
28709.513118001636,2555.0
28709.513118001636,2429.0
63429.602939053446,2429.0
63429.602939053446,2555.0
86400.0,2555.0
# temp #9162
0.0,2234.0
10706.80144862272,2234.0
10706.80144862272,2555.0
43354.28998977878,2555.0
43354.28998977878,2429.0
49285.54570586421,2429.0
49285.54570586421,2234.0
49885.54570586421,2234.0
49885.54570586421,2429.0
52285.54570586421,2429.0
52285.54570586421,2555.0
62485.54570586421,2555.0
62485.54570586421,2667.0
86400.000002,2667.0
# temp #9163
0.0,2234.0
1350.7293355185539,2234.0
1350.7293355185539,2667.0
31664.26966816653,2667.0
31664.26966816653,2555.0
32576.936351903718,2555.0
32576.936351903718,2667.0
69429.58085490392,2667.0
69429.58085490392,2555.0
70029.58085490392,2555.0
70029.58085490392,2667.0
82749.17992833072,2667.0
82749.17992833072,2555.0
86400.0,2555.0
# temp #9164
0.0,2234.0
72981.37176877355,2234.0
72981.37176877355,2555.0
86400.000002,2555.0
# temp #9165
0.0,2234.0
31872.675773897212,2234.0
31872.675773897212,2429.0
32172.675773897212,2429.0
32172.675773897212,2234.0
47770.6432677107,2234.0
47770.6432677107,2667.0
51961.96753657424,2667.0
51961.96753657424,2555.0
86079.5023469953,2555.0
86079.5023469953,2429.0
86400.0,2429.0
# temp #9166
0.0,2234.0
5495.285851531663,2234.0
5495.285851531663,2667.0
33764.60122356657,2667.0
33764.60122356657,2555.0
34445.01213377807,2555.0
34445.01213377807,2667.0
67034.74285423291,2667.0
67034.74285423291,2555.0
67634.74285423291,2555.0
67634.74285423291,2667.0
83959.05097851066,2667.0
83959.05097851066,2555.0
86400.0,2555.0
# temp #9167
0.0,2234.0
18546.984322322536,2234.0
18546.984322322536,2555.0
21250.67909744103,2555.0
21250.67909744103,2667.0
21824.7945309151,2667.0
21824.7945309151,2555.0
22124.7945309151,2555.0
22124.7945309151,2667.0
48824.7945309151,2667.0
48824.7945309151,2555.0
64724.7945309151,2555.0
64724.7945309151,2234.0
68324.7945309151,2234.0
68324.7945309151,2429.0
78224.7945309151,2429.0
78224.7945309151,2555.0
78824.7945309151,2555.0
78824.7945309151,2667.0
86400.000002,2667.0
# temp #9168
0.0,2234.0
22836.88013479114,2234.0
22836.88013479114,2017.0
72597.52855855042,2017.0
72597.52855855042,2234.0
86400.0,2234.0
# temp #9169
0.0,2234.0
79646.40006122646,2234.0
79646.40006122646,2555.0
83992.25966173691,2555.0
83992.25966173691,2667.0
84323.86861613487,2667.0
84323.86861613487,2555.0
84623.86861613487,2555.0
84623.86861613487,2667.0
86400.0,2667.0
# temp #9170
0.0,2234.0
12505.124580999838,2234.0
12505.124580999838,2429.0
13094.881387101488,2429.0
13094.881387101488,2555.0
15550.405686395245,2555.0
15550.405686395245,2429.0
27156.45523904823,2429.0
27156.45523904823,2883.0
55087.47166288087,2883.0
55087.47166288087,2429.0
72928.62621706446,2429.0
72928.62621706446,2555.0
86400.000002,2555.0
# temp #9171
0.0,2234.0
25991.12795828842,2234.0
25991.12795828842,2017.0
74779.50721182862,2017.0
74779.50721182862,2234.0
81637.33698413709,2234.0
81637.33698413709,2017.0
86400.0,2017.0
# temp #9172
0.0,2234.0
67443.37409790607,2234.0
67443.37409790607,2555.0
86400.000002,2555.0
# temp #9173
0.0,2234.0
16234.96653742623,2234.0
16234.96653742623,2555.0
48798.20373135155,2555.0
48798.20373135155,2429.0
49101.874776883065,2429.0
49101.874776883065,2555.0
59888.81901917049,2555.0
59888.81901917049,2429.0
61073.88740102762,2429.0
61073.88740102762,2555.0
61989.700329909116,2555.0
61989.700329909116,2429.0
62289.700329909116,2429.0
62289.700329909116,2555.0
82689.70032990912,2555.0
82689.70032990912,2429.0
82989.70032990912,2429.0
82989.70032990912,2555.0
83589.70032990912,2555.0
83589.70032990912,2667.0
86400.000002,2667.0
# temp #9174
0.0,2234.0
15675.063705607321,2234.0
15675.063705607321,2883.0
15985.635765152987,2883.0
15985.635765152987,2667.0
25848.020277544863,2667.0
25848.020277544863,2883.0
50090.52631510422,2883.0
50090.52631510422,2429.0
61561.322628892965,2429.0
61561.322628892965,2883.0
81474.21286117753,2883.0
81474.21286117753,2429.0
86400.0,2429.0
# temp #9175
0.0,2234.0
5587.161729298533,2234.0
5587.161729298533,2883.0
16687.161729298532,2883.0
16687.161729298532,2555.0
22462.96651668381,2555.0
22462.96651668381,2429.0
31228.34983770736,2429.0
31228.34983770736,2555.0
57057.686005951844,2555.0
57057.686005951844,2429.0
72324.49874226005,2429.0
72324.49874226005,2555.0
86400.0,2555.0
# temp #9176
0.0,2234.0
40533.633477590054,2234.0
40533.633477590054,2555.0
66263.6447942583,2555.0
66263.6447942583,2429.0
66764.32394259611,2429.0
66764.32394259611,2555.0
86400.0,2555.0
# temp #9177
0.0,2234.0
22058.12919151504,2234.0
22058.12919151504,2555.0
23761.61902842578,2555.0
23761.61902842578,2667.0
30061.61902842578,2667.0
30061.61902842578,2555.0
31261.61902842578,2555.0
31261.61902842578,2429.0
74461.61902842578,2429.0
74461.61902842578,2234.0
86400.0,2234.0
# temp #9178
0.0,2234.0
16058.819213602694,2234.0
16058.819213602694,2017.0
56614.912017155446,2017.0
56614.912017155446,2234.0
62314.912017155446,2234.0
62314.912017155446,2429.0
86400.0,2429.0
# temp #9179
0.0,2234.0
25193.369077378888,2234.0
25193.369077378888,2429.0
32093.369077378888,2429.0
32093.369077378888,2555.0
33893.369077378884,2555.0
33893.369077378884,2429.0
46793.369077378884,2429.0
46793.369077378884,2234.0
47093.369077378884,2234.0
47093.369077378884,2017.0
47393.369077378884,2017.0
47393.369077378884,2234.0
47693.369077378884,2234.0
47693.369077378884,2017.0
61786.388417123824,2017.0
61786.388417123824,2234.0
79508.02122862078,2234.0
79508.02122862078,2429.0
86400.0,2429.0
# temp #9180
0.0,2234.0
40987.081315554686,2234.0
40987.081315554686,2017.0
46891.21183301323,2017.0
46891.21183301323,2234.0
82147.440114012,2234.0
82147.440114012,2017.0
86400.0,2017.0
# temp #9181
0.0,2234.0
44991.22666935437,2234.0
44991.22666935437,2429.0
45519.11551819649,2429.0
45519.11551819649,2555.0
50455.29214607087,2555.0
50455.29214607087,2429.0
55909.809338743806,2429.0
55909.809338743806,2555.0
64035.798053280465,2555.0
64035.798053280465,2429.0
66565.86086719764,2429.0
66565.86086719764,2555.0
72035.48462125474,2555.0
72035.48462125474,2429.0
86400.0,2429.0
# temp #9182
0.0,2234.0
3868.827381357551,2234.0
3868.827381357551,2883.0
14968.82738135755,2883.0
14968.82738135755,2555.0
35612.62237750925,2555.0
35612.62237750925,2429.0
52650.191550934695,2429.0
52650.191550934695,2883.0
64427.772619854666,2883.0
64427.772619854666,2429.0
65311.540826805875,2429.0
65311.540826805875,2234.0
73189.44570415189,2234.0
73189.44570415189,2667.0
75192.38566076384,2667.0
75192.38566076384,2234.0
81775.75859818609,2234.0
81775.75859818609,2667.0
86400.000002,2667.0
# temp #9183
0.0,2234.0
4191.596006322653,2234.0
4191.596006322653,2667.0
38824.050048971556,2667.0
38824.050048971556,2555.0
39439.28401102313,2555.0
39439.28401102313,2667.0
49253.77588891425,2667.0
49253.77588891425,2555.0
49553.77588891425,2555.0
49553.77588891425,2667.0
50206.928341230385,2667.0
50206.928341230385,2555.0
50806.928341230385,2555.0
50806.928341230385,2667.0
74423.51247172338,2667.0
74423.51247172338,2234.0
86400.0,2234.0
# temp #9184
0.0,2234.0
6172.178666526453,2234.0
6172.178666526453,2883.0
7461.794171389193,2883.0
7461.794171389193,2667.0
10987.169506936334,2667.0
10987.169506936334,2883.0
28924.452743888836,2883.0
28924.452743888836,2429.0
34153.760745073676,2429.0
34153.760745073676,2555.0
34864.47631786578,2555.0
34864.47631786578,2429.0
65142.35622331036,2429.0
65142.35622331036,2555.0
68971.86230071822,2555.0
68971.86230071822,2429.0
86400.0,2429.0
# temp #9185
0.0,2234.0
12637.722382647917,2234.0
12637.722382647917,2429.0
12971.315488382243,2429.0
12971.315488382243,2234.0
13851.150505710393,2234.0
13851.150505710393,2429.0
18026.355223171413,2429.0
18026.355223171413,2234.0
24413.57435763348,2234.0
24413.57435763348,2429.0
24802.67416939605,2429.0
24802.67416939605,2555.0
25664.158334140666,2555.0
25664.158334140666,2429.0
25964.158334140666,2429.0
25964.158334140666,2555.0
26264.158334140666,2555.0
26264.158334140666,2429.0
26864.158334140666,2429.0
26864.158334140666,2555.0
30696.986075048335,2555.0
30696.986075048335,2429.0
58922.81113138888,2429.0
58922.81113138888,2883.0
86400.0,2883.0
# temp #9186
0.0,2234.0
25658.732771174986,2234.0
25658.732771174986,2429.0
25958.732771174986,2429.0
25958.732771174986,2234.0
54550.78042312527,2234.0
54550.78042312527,2429.0
70151.47231773009,2429.0
70151.47231773009,2555.0
83409.64961322026,2555.0
83409.64961322026,2429.0
86400.0,2429.0
# temp #9187
0.0,2234.0
20430.64460868482,2234.0
20430.64460868482,2429.0
20953.915463900197,2429.0
20953.915463900197,2234.0
21681.24879410025,2234.0
21681.24879410025,2429.0
24463.79584462848,2429.0
24463.79584462848,2234.0
37318.31162162126,2234.0
37318.31162162126,2429.0
37893.74260548503,2429.0
37893.74260548503,2555.0
38642.60440114886,2555.0
38642.60440114886,2429.0
86400.0,2429.0
# temp #9188
0.0,2234.0
30784.83286793344,2234.0
30784.83286793344,2429.0
37684.83286793344,2429.0
37684.83286793344,2555.0
39484.83286793344,2555.0
39484.83286793344,2429.0
52384.83286793344,2429.0
52384.83286793344,2234.0
52684.83286793344,2234.0
52684.83286793344,2017.0
52984.83286793344,2017.0
52984.83286793344,2234.0
53284.83286793344,2234.0
53284.83286793344,2017.0
69387.11400954053,2017.0
69387.11400954053,2234.0
73564.891800005,2234.0
73564.891800005,2667.0
77691.43933060115,2667.0
77691.43933060115,2555.0
85287.13107502555,2555.0
85287.13107502555,2429.0
86400.0,2429.0
# temp #9189
0.0,2234.0
1268.0462916148826,2234.0
1268.0462916148826,2667.0
30898.394626448866,2667.0
30898.394626448866,2555.0
32302.28926611599,2555.0
32302.28926611599,2667.0
42471.08855126426,2667.0
42471.08855126426,2555.0
42771.08855126426,2555.0
42771.08855126426,2667.0
43628.15398962703,2667.0
43628.15398962703,2555.0
44228.15398962703,2555.0
44228.15398962703,2667.0
86400.0,2667.0
# temp #9190
0.0,2234.0
16023.375605279582,2234.0
16023.375605279582,2429.0
16407.0458044298,2429.0
16407.0458044298,2234.0
17033.829276496544,2234.0
17033.829276496544,2429.0
18959.114088909704,2429.0
18959.114088909704,2234.0
34732.15463804081,2234.0
34732.15463804081,2429.0
35268.825352122076,2429.0
35268.825352122076,2234.0
47253.314575762495,2234.0
47253.314575762495,2667.0
63482.94233002235,2667.0
63482.94233002235,2555.0
72981.56674944331,2555.0
72981.56674944331,2667.0
84828.31851588564,2667.0
84828.31851588564,2234.0
86400.000002,2234.0
# temp #9191
0.0,2234.0
12667.026429972613,2234.0
12667.026429972613,2883.0
13299.160488671625,2883.0
13299.160488671625,2667.0
23868.31700240728,2667.0
23868.31700240728,2883.0
27638.17252207082,2883.0
27638.17252207082,2667.0
49308.59695575201,2667.0
49308.59695575201,2555.0
76317.97513947824,2555.0
76317.97513947824,2429.0
80319.31864887012,2429.0
80319.31864887012,2234.0
82731.3291307306,2234.0
82731.3291307306,2429.0
86400.0,2429.0
# temp #9192
0.0,2234.0
2706.8876178469513,2234.0
2706.8876178469513,2667.0
32491.42888002098,2667.0
32491.42888002098,2555.0
33470.98112488166,2555.0
33470.98112488166,2667.0
43807.21904975363,2667.0
43807.21904975363,2555.0
44407.21904975363,2555.0
44407.21904975363,2667.0
62046.702142478905,2667.0
62046.702142478905,2555.0
63070.520172687255,2555.0
63070.520172687255,2429.0
68285.75376793744,2429.0
68285.75376793744,2234.0
76897.61684937404,2234.0
76897.61684937404,2667.0
78236.79195314182,2667.0
78236.79195314182,2555.0
86400.0,2555.0
# temp #9193
0.0,2234.0
82648.92401543913,2234.0
82648.92401543913,2555.0
86400.0,2555.0
# temp #9194
0.0,2234.0
72134.47540635245,2234.0
72134.47540635245,2555.0
77189.75314807614,2555.0
77189.75314807614,2667.0
77672.02372646426,2667.0
77672.02372646426,2555.0
77972.02372646426,2555.0
77972.02372646426,2667.0
86400.0,2667.0
# temp #9195
0.0,2234.0
72069.94526158088,2234.0
72069.94526158088,2555.0
86400.000002,2555.0
# temp #9196
0.0,2234.0
20768.000747356567,2234.0
20768.000747356567,2017.0
40476.75689379685,2017.0
40476.75689379685,2234.0
57498.75581427479,2234.0
57498.75581427479,2017.0
86400.000002,2017.0
# temp #9197
0.0,2234.0
16896.150755183775,2234.0
16896.150755183775,2883.0
18274.470532103445,2883.0
18274.470532103445,2667.0
20843.299526581544,2667.0
20843.299526581544,2883.0
29139.192401873883,2883.0
29139.192401873883,2555.0
30339.192401873883,2555.0
30339.192401873883,2883.0
62408.939310559086,2883.0
62408.939310559086,2429.0
76408.71409010144,2429.0
76408.71409010144,2234.0
79875.23046657445,2234.0
79875.23046657445,2667.0
81549.1464081919,2667.0
81549.1464081919,2234.0
86400.000002,2234.0
# temp #9198
0.0,2234.0
8649.309559213,2234.0
8649.309559213,2883.0
19749.309559212998,2883.0
19749.309559212998,2555.0
22031.00909474306,2555.0
22031.00909474306,2667.0
37075.45677521267,2667.0
37075.45677521267,2555.0
40273.648839863024,2555.0
40273.648839863024,2667.0
68555.0252068788,2667.0
68555.0252068788,2234.0
86400.000002,2234.0
# temp #9199
0.0,2234.0
38521.12166688312,2234.0
38521.12166688312,2883.0
40921.12166688312,2883.0
40921.12166688312,2667.0
78007.3970324127,2667.0
78007.3970324127,2555.0
84826.66688086466,2555.0
84826.66688086466,2429.0
86400.000002,2429.0
# temp #9200
0.0,2234.0
37455.77371465042,2234.0
37455.77371465042,2555.0
51419.514301721945,2555.0
51419.514301721945,2429.0
53642.590629402555,2429.0
53642.590629402555,2667.0
86400.0,2667.0
# temp #9201
0.0,2234.0
38261.69009171427,2234.0
38261.69009171427,2017.0
86400.0,2017.0
# temp #9202
0.0,2234.0
40398.54033642915,2234.0
40398.54033642915,2429.0
72498.54033642914,2429.0
72498.54033642914,2555.0
72798.54033642914,2555.0
72798.54033642914,2667.0
73154.52330484988,2667.0
73154.52330484988,2555.0
78067.53942221405,2555.0
78067.53942221405,2667.0
86400.000002,2667.0
# temp #9203
0.0,2234.0
21879.387850617062,2234.0
21879.387850617062,2555.0
41181.296116369784,2555.0
41181.296116369784,2429.0
41510.466169193394,2429.0
41510.466169193394,2555.0
45398.535908432685,2555.0
45398.535908432685,2429.0
46267.86404843443,2429.0
46267.86404843443,2555.0
47394.778804248206,2555.0
47394.778804248206,2429.0
47694.778804248206,2429.0
47694.778804248206,2555.0
49194.778804248206,2555.0
49194.778804248206,2429.0
59394.778804248206,2429.0
59394.778804248206,2234.0
86400.0,2234.0
# temp #9204
0.0,2234.0
6360.418653348462,2234.0
6360.418653348462,2667.0
36283.27197160106,2667.0
36283.27197160106,2555.0
37089.70196403098,2555.0
37089.70196403098,2667.0
53107.419471885085,2667.0
53107.419471885085,2555.0
53407.419471885085,2555.0
53407.419471885085,2667.0
53707.419471885085,2667.0
53707.419471885085,2555.0
57007.419471885085,2555.0
57007.419471885085,2667.0
82507.41947188508,2667.0
82507.41947188508,2883.0
86400.0,2883.0
# temp #9205
0.0,2234.0
65258.3095178241,2234.0
65258.3095178241,2883.0
67658.30951782409,2883.0
67658.30951782409,2667.0
86400.000002,2667.0
# temp #9206
0.0,2234.0
77855.4276448209,2234.0
77855.4276448209,2555.0
80463.1422204897,2555.0
80463.1422204897,2429.0
81017.05293052366,2429.0
81017.05293052366,2555.0
86400.0,2555.0
# temp #9207
0.0,2234.0
46279.99839351978,2234.0
46279.99839351978,2883.0
48679.99839351978,2883.0
48679.99839351978,2667.0
59833.22720483411,2667.0
59833.22720483411,2234.0
62147.66529912595,2234.0
62147.66529912595,2667.0
84324.7288506478,2667.0
84324.7288506478,2555.0
86400.000002,2555.0
# temp #9208
0.0,2234.0
75726.74180546311,2234.0
75726.74180546311,2555.0
86400.0,2555.0
# temp #9209
0.0,2234.0
35140.78711420298,2234.0
35140.78711420298,2017.0
70313.13481670806,2017.0
70313.13481670806,2234.0
83921.24230829069,2234.0
83921.24230829069,2017.0
86400.0,2017.0
# temp #9210
0.0,2234.0
43508.51532036905,2234.0
43508.51532036905,2429.0
43855.504225823104,2429.0
43855.504225823104,2555.0
44207.458636793315,2555.0
44207.458636793315,2429.0
78550.66970244517,2429.0
78550.66970244517,2555.0
86400.000002,2555.0
# temp #9211
0.0,2234.0
39965.06359346677,2234.0
39965.06359346677,2555.0
68667.67991480885,2555.0
68667.67991480885,2429.0
69243.50454134402,2429.0
69243.50454134402,2555.0
86400.000002,2555.0
# temp #9212
0.0,2234.0
3493.358182255179,2234.0
3493.358182255179,2667.0
41865.873612253934,2667.0
41865.873612253934,2555.0
42570.16928975937,2555.0
42570.16928975937,2667.0
78752.72446582095,2667.0
78752.72446582095,2555.0
79052.72446582095,2555.0
79052.72446582095,2667.0
79352.72446582095,2667.0
79352.72446582095,2555.0
82652.72446582095,2555.0
82652.72446582095,2667.0
86400.000002,2667.0
# temp #9213
0.0,2234.0
24502.118147676814,2234.0
24502.118147676814,2429.0
25085.011480143297,2429.0
25085.011480143297,2555.0
29271.366503974426,2555.0
29271.366503974426,2429.0
62025.588452979006,2429.0
62025.588452979006,2555.0
67280.50788813272,2555.0
67280.50788813272,2429.0
86400.000002,2429.0
# temp #9214
0.0,2234.0
63301.29368200433,2234.0
63301.29368200433,2555.0
68469.3792016944,2555.0
68469.3792016944,2667.0
74769.3792016944,2667.0
74769.3792016944,2555.0
75969.3792016944,2555.0
75969.3792016944,2429.0
86400.0,2429.0
# temp #9215
0.0,2234.0
13493.575406447055,2234.0
13493.575406447055,2883.0
14478.018118324691,2883.0
14478.018118324691,2667.0
21427.5045078015,2667.0
21427.5045078015,2883.0
54039.875191357,2883.0
54039.875191357,2429.0
86400.0,2429.0
# temp #9216
0.0,2234.0
13450.859754416162,2234.0
13450.859754416162,2883.0
14923.922087671237,2883.0
14923.922087671237,2667.0
16886.93762579933,2667.0
16886.93762579933,2883.0
25371.18395660073,2883.0
25371.18395660073,2667.0
30383.363239048052,2667.0
30383.363239048052,2555.0
46051.07131185942,2555.0
46051.07131185942,2667.0
62268.69839730208,2667.0
62268.69839730208,2555.0
86400.0,2555.0
# temp #9217
0.0,2234.0
22260.976702091288,2234.0
22260.976702091288,2555.0
35761.23608679046,2555.0
35761.23608679046,2429.0
36276.21957294178,2429.0
36276.21957294178,2555.0
37066.00823532791,2555.0
37066.00823532791,2429.0
37715.81355733798,2429.0
37715.81355733798,2555.0
38672.00651653112,2555.0
38672.00651653112,2429.0
86400.0,2429.0
# temp #9218
0.0,2234.0
79400.86893152913,2234.0
79400.86893152913,2883.0
81800.86893152913,2883.0
81800.86893152913,2667.0
86400.0,2667.0
# temp #9219
0.0,2234.0
19331.825469061736,2234.0
19331.825469061736,2429.0
19750.190617237244,2429.0
19750.190617237244,2555.0
20063.331426400695,2555.0
20063.331426400695,2429.0
40903.57750591357,2429.0
40903.57750591357,2555.0
42415.901382663294,2555.0
42415.901382663294,2429.0
69555.59133414646,2429.0
69555.59133414646,2555.0
84407.70342901816,2555.0
84407.70342901816,2667.0
86400.0,2667.0
# temp #9220
0.0,2234.0
1645.6788271665575,2234.0
1645.6788271665575,2429.0
2132.0354906609286,2429.0
2132.0354906609286,2555.0
7090.267994790339,2555.0
7090.267994790339,2429.0
34542.76518691331,2429.0
34542.76518691331,2555.0
37520.764486771084,2555.0
37520.764486771084,2667.0
53014.43468900398,2667.0
53014.43468900398,2555.0
78856.99558462949,2555.0
78856.99558462949,2429.0
81390.13363751584,2429.0
81390.13363751584,2555.0
86400.000002,2555.0
# temp #9221
0.0,2234.0
56840.40013302583,2234.0
56840.40013302583,2555.0
58966.88915819395,2555.0
58966.88915819395,2234.0
86400.0,2234.0
# temp #9222
0.0,2234.0
66742.82998738345,2234.0
66742.82998738345,2883.0
69142.82998738345,2883.0
69142.82998738345,2667.0
86238.35374724586,2667.0
86238.35374724586,2555.0
86400.0,2555.0
# temp #9223
0.0,2234.0
72310.8496820787,2234.0
72310.8496820787,2555.0
80582.06906772684,2555.0
80582.06906772684,2234.0
86400.000002,2234.0
# temp #9224
0.0,2234.0
56986.49864334148,2234.0
56986.49864334148,2555.0
66771.85574022589,2555.0
66771.85574022589,2429.0
86400.000002,2429.0
# temp #9225
0.0,2234.0
8636.038727662528,2234.0
8636.038727662528,2667.0
35030.54824196734,2667.0
35030.54824196734,2555.0
35823.92233139836,2555.0
35823.92233139836,2667.0
72430.08946662305,2667.0
72430.08946662305,2555.0
72730.08946662305,2555.0
72730.08946662305,2429.0
85258.03141880316,2429.0
85258.03141880316,2555.0
86400.000002,2555.0
# temp #9226
0.0,2234.0
12413.242551195437,2234.0
12413.242551195437,2555.0
15438.924366678113,2555.0
15438.924366678113,2667.0
15965.921334293673,2667.0
15965.921334293673,2555.0
16265.921334293673,2555.0
16265.921334293673,2667.0
42965.92133429367,2667.0
42965.92133429367,2555.0
58865.92133429367,2555.0
58865.92133429367,2234.0
62465.92133429367,2234.0
62465.92133429367,2429.0
72365.92133429367,2429.0
72365.92133429367,2555.0
72965.92133429367,2555.0
72965.92133429367,2667.0
85265.92133429367,2667.0
85265.92133429367,2883.0
86400.000002,2883.0
# temp #9227
0.0,2234.0
39071.46734073759,2234.0
39071.46734073759,2429.0
71171.46734073758,2429.0
71171.46734073758,2555.0
71471.46734073758,2555.0
71471.46734073758,2667.0
86400.000002,2667.0
# temp #9228
0.0,2234.0
56488.671160396196,2234.0
56488.671160396196,2555.0
61339.47701035068,2555.0
61339.47701035068,2429.0
84986.27398861574,2429.0
84986.27398861574,2234.0
85586.27398861574,2234.0
85586.27398861574,2429.0
86400.0,2429.0
# temp #9229
0.0,2234.0
26375.82670336124,2234.0
26375.82670336124,2555.0
37985.448415554136,2555.0
37985.448415554136,2429.0
38326.645065005876,2429.0
38326.645065005876,2555.0
45141.952757094994,2555.0
45141.952757094994,2429.0
46140.0977465557,2429.0
46140.0977465557,2555.0
46947.791768540636,2555.0
46947.791768540636,2429.0
47247.791768540636,2429.0
47247.791768540636,2555.0
48747.791768540636,2555.0
48747.791768540636,2429.0
58947.791768540636,2429.0
58947.791768540636,2234.0
86400.0,2234.0
# temp #9230
0.0,2234.0
24730.26786425617,2234.0
24730.26786425617,2555.0
45859.70852526371,2555.0
45859.70852526371,2429.0
86400.0,2429.0
# temp #9231
0.0,2234.0
35018.38408000768,2234.0
35018.38408000768,2555.0
39666.257061786026,2555.0
39666.257061786026,2667.0
40083.28385897913,2667.0
40083.28385897913,2555.0
46083.28385897913,2555.0
46083.28385897913,2429.0
48483.28385897913,2429.0
48483.28385897913,2234.0
52083.28385897913,2234.0
52083.28385897913,2429.0
53283.28385897913,2429.0
53283.28385897913,2234.0
58983.28385897913,2234.0
58983.28385897913,2429.0
63782.73056633771,2429.0
63782.73056633771,2555.0
66550.05786102267,2555.0
66550.05786102267,2667.0
86400.0,2667.0
# temp #9232
0.0,2234.0
60442.727520922206,2234.0
60442.727520922206,2555.0
75820.35782122986,2555.0
75820.35782122986,2429.0
86400.000002,2429.0
# temp #9233
0.0,2234.0
13407.23794391379,2234.0
13407.23794391379,2883.0
13964.562160335483,2883.0
13964.562160335483,2667.0
25792.518568667587,2667.0
25792.518568667587,2883.0
36181.780640641235,2883.0
36181.780640641235,2429.0
59783.91454154626,2429.0
59783.91454154626,2555.0
86400.000002,2555.0
# temp #9234
0.0,2234.0
58029.04514686671,2234.0
58029.04514686671,2883.0
60429.04514686671,2883.0
60429.04514686671,2667.0
63463.876039464965,2667.0
63463.876039464965,2555.0
83177.46989338195,2555.0
83177.46989338195,2667.0
86400.000002,2667.0
# temp #9235
0.0,2234.0
736.5262906299904,2234.0
736.5262906299904,2555.0
1941.6749310214072,2555.0
1941.6749310214072,2667.0
2520.083135040477,2667.0
2520.083135040477,2555.0
8520.083135040477,2555.0
8520.083135040477,2429.0
10920.083135040477,2429.0
10920.083135040477,2234.0
14520.083135040477,2234.0
14520.083135040477,2429.0
15720.083135040477,2429.0
15720.083135040477,2234.0
21420.083135040477,2234.0
21420.083135040477,2429.0
29332.26220300421,2429.0
29332.26220300421,2234.0
31251.10184820369,2234.0
31251.10184820369,2667.0
64309.48108329904,2667.0
64309.48108329904,2555.0
66973.66747248454,2555.0
66973.66747248454,2667.0
84374.17505078485,2667.0
84374.17505078485,2555.0
86400.000002,2555.0
# temp #9236
0.0,2234.0
8853.340832004325,2234.0
8853.340832004325,2555.0
13260.55125407875,2555.0
13260.55125407875,2667.0
13734.156325366352,2667.0
13734.156325366352,2555.0
14034.156325366352,2555.0
14034.156325366352,2667.0
17634.15632536635,2667.0
17634.15632536635,2555.0
19134.15632536635,2555.0
19134.15632536635,2429.0
33572.002828354016,2429.0
33572.002828354016,2234.0
61274.13566450124,2234.0
61274.13566450124,2429.0
85570.30450331514,2429.0
85570.30450331514,2555.0
86400.0,2555.0
# temp #9237
0.0,2234.0
13191.793655999938,2234.0
13191.793655999938,2555.0
14772.887333272958,2555.0
14772.887333272958,2429.0
23974.290536879565,2429.0
23974.290536879565,2234.0
25492.067244392823,2234.0
25492.067244392823,2429.0
37446.902942704044,2429.0
37446.902942704044,2234.0
55306.46799257957,2234.0
55306.46799257957,2667.0
57334.4090435654,2667.0
57334.4090435654,2555.0
83732.70910957364,2555.0
83732.70910957364,2429.0
86400.000002,2429.0
# temp #9238
0.0,2234.0
37223.96916132421,2234.0
37223.96916132421,2017.0
86400.0,2017.0
# temp #9239
0.0,2234.0
25291.388513054702,2234.0
25291.388513054702,2429.0
25826.529136626054,2429.0
25826.529136626054,2555.0
30921.366671053696,2555.0
30921.366671053696,2429.0
50610.4287569644,2429.0
50610.4287569644,2234.0
58300.786665757194,2234.0
58300.786665757194,2667.0
61843.4718315024,2667.0
61843.4718315024,2555.0
83699.23707875425,2555.0
83699.23707875425,2429.0
85430.74865320233,2429.0
85430.74865320233,2234.0
86400.000002,2234.0
# temp #9240
0.0,2234.0
40530.956064211205,2234.0
40530.956064211205,2883.0
42930.956064211205,2883.0
42930.956064211205,2667.0
64447.28877567686,2667.0
64447.28877567686,2555.0
69133.77780457959,2555.0
69133.77780457959,2429.0
79072.75678622536,2429.0
79072.75678622536,2555.0
86400.0,2555.0
# temp #9241
0.0,2234.0
8238.01139239222,2234.0
8238.01139239222,2667.0
35255.979921296246,2667.0
35255.979921296246,2555.0
36581.635577324785,2555.0
36581.635577324785,2429.0
49259.03396392242,2429.0
49259.03396392242,2883.0
53123.05814742577,2883.0
53123.05814742577,2429.0
77920.8583598491,2429.0
77920.8583598491,2555.0
86400.000002,2555.0
# temp #9242
0.0,2234.0
73284.1628971277,2234.0
73284.1628971277,2555.0
73847.16507678387,2555.0
73847.16507678387,2667.0
74390.25756439661,2667.0
74390.25756439661,2555.0
74690.25756439661,2555.0
74690.25756439661,2667.0
86400.000002,2667.0
# temp #9243
0.0,2234.0
66526.76578501707,2234.0
66526.76578501707,2555.0
67079.90247448908,2555.0
67079.90247448908,2667.0
76979.90247448908,2667.0
76979.90247448908,2555.0
81675.94804158436,2555.0
81675.94804158436,2429.0
82512.0536565548,2429.0
82512.0536565548,2555.0
86400.0,2555.0
# temp #9244
0.0,2234.0
1973.6272864742207,2234.0
1973.6272864742207,2667.0
10148.09511944186,2667.0
10148.09511944186,2555.0
10598.554929415695,2555.0
10598.554929415695,2429.0
15487.058053258808,2429.0
15487.058053258808,2555.0
34893.732039816685,2555.0
34893.732039816685,2429.0
71851.21775313748,2429.0
71851.21775313748,2555.0
86400.0,2555.0
# temp #9245
0.0,2234.0
4083.143229782582,2234.0
4083.143229782582,2883.0
5869.875182071702,2883.0
5869.875182071702,2667.0
17093.367708474398,2667.0
17093.367708474398,2883.0
38499.49342492037,2883.0
38499.49342492037,2429.0
66951.86379568187,2429.0
66951.86379568187,2555.0
86400.000002,2555.0
# temp #9246
0.0,2234.0
2220.976367290132,2234.0
2220.976367290132,2667.0
25163.74682786409,2667.0
25163.74682786409,2555.0
26359.80869068299,2555.0
26359.80869068299,2667.0
49534.39119660762,2667.0
49534.39119660762,2555.0
49834.39119660762,2555.0
49834.39119660762,2429.0
86400.000002,2429.0
# temp #9247
0.0,2234.0
35649.61893393193,2234.0
35649.61893393193,2429.0
36054.42593400367,2429.0
36054.42593400367,2234.0
36680.94437469263,2234.0
36680.94437469263,2429.0
40072.1913749585,2429.0
40072.1913749585,2234.0
43489.60368479603,2234.0
43489.60368479603,2429.0
44528.13755306416,2429.0
44528.13755306416,2555.0
44984.77799375542,2555.0
44984.77799375542,2429.0
86400.0,2429.0
# temp #9248
0.0,2234.0
35518.66911544931,2234.0
35518.66911544931,2555.0
45366.924656345516,2555.0
45366.924656345516,2429.0
68777.93888838498,2429.0
68777.93888838498,2234.0
69377.93888838498,2234.0
69377.93888838498,2429.0
71777.93888838498,2429.0
71777.93888838498,2555.0
81977.93888838498,2555.0
81977.93888838498,2667.0
86400.0,2667.0
# temp #9249
0.0,2234.0
84484.230837808,2234.0
84484.230837808,2555.0
86400.000002,2555.0
# temp #9250
0.0,2234.0
8646.061830734836,2234.0
8646.061830734836,2667.0
38342.7421828732,2667.0
38342.7421828732,2555.0
39412.27813493461,2555.0
39412.27813493461,2667.0
61971.47332420574,2667.0
61971.47332420574,2555.0
62271.47332420574,2555.0
62271.47332420574,2667.0
62571.47332420574,2667.0
62571.47332420574,2555.0
65871.47332420574,2555.0
65871.47332420574,2667.0
86400.000002,2667.0
# temp #9251
0.0,2234.0
6857.828034809792,2234.0
6857.828034809792,2667.0
19618.278409168128,2667.0
19618.278409168128,2555.0
20020.564952865247,2555.0
20020.564952865247,2667.0
38974.52385392972,2667.0
38974.52385392972,2555.0
39574.52385392972,2555.0
39574.52385392972,2667.0
56365.38418801502,2667.0
56365.38418801502,2555.0
56704.47966093198,2555.0
56704.47966093198,2429.0
86400.000002,2429.0
# temp #9252
0.0,2234.0
4934.35824753251,2234.0
4934.35824753251,2667.0
31171.713874256242,2667.0
31171.713874256242,2555.0
32671.375715872276,2555.0
32671.375715872276,2667.0
37728.72240103316,2667.0
37728.72240103316,2555.0
38328.72240103316,2555.0
38328.72240103316,2667.0
52598.935503163375,2667.0
52598.935503163375,2555.0
54466.23114834075,2555.0
54466.23114834075,2429.0
77084.49681338388,2429.0
77084.49681338388,2555.0
86400.0,2555.0
# temp #9253
0.0,2234.0
23433.42683699448,2234.0
23433.42683699448,2555.0
27466.087259212512,2555.0
27466.087259212512,2667.0
37366.08725921251,2667.0
37366.08725921251,2555.0
39373.81160245278,2555.0
39373.81160245278,2429.0
73549.90090392531,2429.0
73549.90090392531,2555.0
86284.28934076802,2555.0
86284.28934076802,2667.0
86400.0,2667.0
# temp #9254
0.0,2234.0
57933.71383678169,2234.0
57933.71383678169,2429.0
58391.48224757519,2429.0
58391.48224757519,2555.0
62830.66714236048,2555.0
62830.66714236048,2429.0
86400.0,2429.0
# temp #9255
0.0,2234.0
29838.167419354435,2234.0
29838.167419354435,2555.0
31931.712919031273,2555.0
31931.712919031273,2667.0
38231.71291903127,2667.0
38231.71291903127,2555.0
39431.71291903127,2555.0
39431.71291903127,2429.0
82631.71291903127,2429.0
82631.71291903127,2234.0
86400.0,2234.0
# temp #9256
0.0,2234.0
40678.75895979815,2234.0
40678.75895979815,2429.0
41152.409634715885,2429.0
41152.409634715885,2234.0
41942.50471789856,2234.0
41942.50471789856,2429.0
42659.05009608251,2429.0
42659.05009608251,2234.0
43727.354704029865,2234.0
43727.354704029865,2429.0
44870.75799917803,2429.0
44870.75799917803,2555.0
45603.70623897762,2555.0
45603.70623897762,2429.0
45903.70623897762,2429.0
45903.70623897762,2555.0
66303.70623897761,2555.0
66303.70623897761,2429.0
66603.70623897761,2429.0
66603.70623897761,2555.0
67203.70623897761,2555.0
67203.70623897761,2667.0
86400.000002,2667.0
# temp #9257
0.0,2234.0
18354.063428076915,2234.0
18354.063428076915,2429.0
25254.063428076915,2429.0
25254.063428076915,2555.0
27054.063428076915,2555.0
27054.063428076915,2429.0
39954.063428076915,2429.0
39954.063428076915,2234.0
40254.063428076915,2234.0
40254.063428076915,2017.0
40554.063428076915,2017.0
40554.063428076915,2234.0
40854.063428076915,2234.0
40854.063428076915,2017.0
51024.54401655123,2017.0
51024.54401655123,2234.0
51441.361224185675,2234.0
51441.361224185675,2667.0
78432.87758615334,2667.0
78432.87758615334,2555.0
86400.0,2555.0
# temp #9258
0.0,2234.0
8557.958429236898,2234.0
8557.958429236898,2667.0
29692.264305730358,2667.0
29692.264305730358,2555.0
30127.777480822995,2555.0
30127.777480822995,2429.0
36923.239165381536,2429.0
36923.239165381536,2555.0
48601.160530583016,2555.0
48601.160530583016,2667.0
53740.828635287486,2667.0
53740.828635287486,2555.0
56407.25702291822,2555.0
56407.25702291822,2667.0
70405.86582671387,2667.0
70405.86582671387,2555.0
80767.41062791554,2555.0
80767.41062791554,2667.0
86400.0,2667.0
# temp #9259
0.0,2234.0
42303.6262893118,2234.0
42303.6262893118,2555.0
69419.24068448134,2555.0
69419.24068448134,2429.0
86400.0,2429.0
# temp #9260
0.0,2234.0
33776.45763005131,2234.0
33776.45763005131,2017.0
65591.87498912217,2017.0
65591.87498912217,2234.0
86400.000002,2234.0
# temp #9261
0.0,2234.0
6619.615016807803,2234.0
6619.615016807803,2883.0
17719.615016807802,2883.0
17719.615016807802,2555.0
21114.908842812292,2555.0
21114.908842812292,2429.0
31340.268207108602,2429.0
31340.268207108602,2555.0
61716.26558471472,2555.0
61716.26558471472,2429.0
76245.87603828406,2429.0
76245.87603828406,2555.0
83911.87313126867,2555.0
83911.87313126867,2667.0
86400.000002,2667.0
# temp #9262
0.0,2234.0
12186.96389528923,2234.0
12186.96389528923,2883.0
23286.963895289227,2883.0
23286.963895289227,2555.0
29641.452687280256,2555.0
29641.452687280256,2429.0
50370.38247536403,2429.0
50370.38247536403,2555.0
60683.63027733286,2555.0
60683.63027733286,2883.0
70837.06822546666,2883.0
70837.06822546666,2667.0
75366.60246248358,2667.0
75366.60246248358,2555.0
86400.0,2555.0
# temp #9263
0.0,2234.0
6223.774375277572,2234.0
6223.774375277572,2667.0
21307.234034780417,2667.0
21307.234034780417,2555.0
22598.80394395441,2555.0
22598.80394395441,2667.0
38010.02205905971,2667.0
38010.02205905971,2555.0
38310.02205905971,2555.0
38310.02205905971,2429.0
51538.55945540127,2429.0
51538.55945540127,2555.0
63090.089328470654,2555.0
63090.089328470654,2667.0
80817.50910042321,2667.0
80817.50910042321,2234.0
86400.0,2234.0
# temp #9264
0.0,2234.0
21025.102657126266,2234.0
21025.102657126266,2429.0
21433.758943621073,2429.0
21433.758943621073,2555.0
25857.23251299933,2555.0
25857.23251299933,2429.0
50728.375127445914,2429.0
50728.375127445914,2555.0
64811.407246347524,2555.0
64811.407246347524,2667.0
66821.36578538922,2667.0
66821.36578538922,2555.0
76187.93160009665,2555.0
76187.93160009665,2429.0
86400.0,2429.0
# temp #9265
0.0,2234.0
4462.905301549473,2234.0
4462.905301549473,2667.0
20413.876113365408,2667.0
20413.876113365408,2555.0
21740.24385788944,2555.0
21740.24385788944,2667.0
29154.595159529712,2667.0
29154.595159529712,2555.0
29754.595159529712,2555.0
29754.595159529712,2667.0
43098.346121027134,2667.0
43098.346121027134,2555.0
45146.90249317791,2555.0
45146.90249317791,2429.0
65981.46195136942,2429.0
65981.46195136942,2555.0
86400.0,2555.0
# temp #9266
0.0,2234.0
65258.57976372355,2234.0
65258.57976372355,2555.0
86400.000002,2555.0
# temp #9267
0.0,2234.0
4167.746659973637,2234.0
4167.746659973637,2667.0
41558.11746655964,2667.0
41558.11746655964,2555.0
42509.251350956045,2555.0
42509.251350956045,2667.0
47612.38867684734,2667.0
47612.38867684734,2555.0
48212.38867684734,2555.0
48212.38867684734,2667.0
63353.62159477082,2667.0
63353.62159477082,2555.0
65825.13081373183,2555.0
65825.13081373183,2429.0
84817.39957965912,2429.0
84817.39957965912,2234.0
86400.0,2234.0
# temp #9268
0.0,2234.0
3805.1767779747033,2234.0
3805.1767779747033,2667.0
25580.720398505222,2667.0
25580.720398505222,2555.0
26019.32445263956,2555.0
26019.32445263956,2667.0
43951.42141096295,2667.0
43951.42141096295,2555.0
44251.42141096295,2555.0
44251.42141096295,2667.0
44551.42141096295,2667.0
44551.42141096295,2555.0
47851.42141096295,2555.0
47851.42141096295,2667.0
73351.42141096294,2667.0
73351.42141096294,2883.0
86400.0,2883.0
# temp #9269
0.0,2234.0
18609.940494108017,2234.0
18609.940494108017,2555.0
25814.949836698364,2555.0
25814.949836698364,2429.0
67100.5751000019,2429.0
67100.5751000019,2234.0
67700.5751000019,2234.0
67700.5751000019,2429.0
70100.5751000019,2429.0
70100.5751000019,2555.0
80300.5751000019,2555.0
80300.5751000019,2667.0
86400.0,2667.0
# temp #9270
0.0,2234.0
40363.56413976756,2234.0
40363.56413976756,2555.0
43624.68448758592,2555.0
43624.68448758592,2667.0
49924.68448758592,2667.0
49924.68448758592,2555.0
51124.68448758592,2555.0
51124.68448758592,2429.0
86400.000002,2429.0
# temp #9271
0.0,2234.0
42272.11387020071,2234.0
42272.11387020071,2555.0
45102.62063476258,2555.0
45102.62063476258,2667.0
45649.565186281696,2667.0
45649.565186281696,2555.0
51649.565186281696,2555.0
51649.565186281696,2429.0
54049.565186281696,2429.0
54049.565186281696,2234.0
57649.565186281696,2234.0
57649.565186281696,2429.0
58849.565186281696,2429.0
58849.565186281696,2234.0
64549.565186281696,2234.0
64549.565186281696,2429.0
86400.000002,2429.0
# temp #9272
0.0,2234.0
20488.188485149298,2234.0
20488.188485149298,2429.0
20870.33719264437,2429.0
20870.33719264437,2555.0
21965.14855467249,2555.0
21965.14855467249,2429.0
30440.405379678126,2429.0
30440.405379678126,2234.0
38631.32231526543,2234.0
38631.32231526543,2429.0
75612.42601254491,2429.0
75612.42601254491,2555.0
86400.0,2555.0
# temp #9273
0.0,2234.0
9310.315736476334,2234.0
9310.315736476334,2017.0
52488.73402490281,2017.0
52488.73402490281,2234.0
69790.0670015719,2234.0
69790.0670015719,2017.0
86400.0,2017.0
# temp #9274
0.0,2234.0
11562.594214081764,2234.0
11562.594214081764,2429.0
12125.020750262775,2429.0
12125.020750262775,2234.0
12943.32347502932,2234.0
12943.32347502932,2429.0
14604.469094518572,2429.0
14604.469094518572,2234.0
20027.112808730453,2234.0
20027.112808730453,2429.0
21196.812175400555,2429.0
21196.812175400555,2555.0
21740.23667257279,2555.0
21740.23667257279,2429.0
77840.23667257279,2429.0
77840.23667257279,2555.0
78140.23667257279,2555.0
78140.23667257279,2667.0
79640.23667257279,2667.0
79640.23667257279,2883.0
81140.23667257279,2883.0
81140.23667257279,2667.0
86400.000002,2667.0
# temp #9275
0.0,2234.0
43405.6972996099,2234.0
43405.6972996099,2555.0
59245.20879790654,2555.0
59245.20879790654,2429.0
86400.0,2429.0
# temp #9276
0.0,2234.0
14925.158740184272,2234.0
14925.158740184272,2555.0
19776.81384540629,2555.0
19776.81384540629,2667.0
20232.25649055094,2667.0
20232.25649055094,2555.0
20532.25649055094,2555.0
20532.25649055094,2667.0
47232.256490550935,2667.0
47232.256490550935,2555.0
63132.256490550935,2555.0
63132.256490550935,2234.0
66732.25649055094,2234.0
66732.25649055094,2429.0
76632.25649055094,2429.0
76632.25649055094,2555.0
77232.25649055094,2555.0
77232.25649055094,2667.0
86400.000002,2667.0
# temp #9277
0.0,2234.0
38259.12382118404,2234.0
38259.12382118404,2883.0
40659.12382118404,2883.0
40659.12382118404,2667.0
61492.55548075307,2667.0
61492.55548075307,2234.0
64459.283679560765,2234.0
64459.283679560765,2429.0
86400.0,2429.0
# temp #9278
0.0,2234.0
7645.526166865604,2234.0
7645.526166865604,2667.0
41456.109010032385,2667.0
41456.109010032385,2555.0
41822.38503496629,2555.0
41822.38503496629,2667.0
68369.41129602493,2667.0
68369.41129602493,2555.0
68969.41129602493,2555.0
68969.41129602493,2667.0
84894.90621685983,2667.0
84894.90621685983,2555.0
86400.0,2555.0
# temp #9279
0.0,2234.0
69613.00588643644,2234.0
69613.00588643644,2555.0
86400.0,2555.0
# temp #9280
0.0,2234.0
55870.826400560334,2234.0
55870.826400560334,2429.0
56264.81165355072,2429.0
56264.81165355072,2555.0
57955.96211655066,2555.0
57955.96211655066,2429.0
71395.89389401955,2429.0
71395.89389401955,2555.0
86400.0,2555.0
# temp #9281
0.0,2234.0
29907.788589829583,2234.0
29907.788589829583,2017.0
83285.26001977736,2017.0
83285.26001977736,2234.0
86400.000002,2234.0
# temp #9282
0.0,2234.0
31380.43377099093,2234.0
31380.43377099093,2883.0
33780.43377099093,2883.0
33780.43377099093,2667.0
41529.59762038663,2667.0
41529.59762038663,2555.0
56868.98397356272,2555.0
56868.98397356272,2667.0
73685.6107090367,2667.0
73685.6107090367,2555.0
74677.66798676459,2555.0
74677.66798676459,2667.0
75599.52150941828,2667.0
75599.52150941828,2234.0
86400.0,2234.0
# temp #9283
0.0,2234.0
27959.713764069606,2234.0
27959.713764069606,2017.0
62644.23520280981,2017.0
62644.23520280981,2234.0
86400.0,2234.0
# temp #9284
0.0,2234.0
65827.36698954833,2234.0
65827.36698954833,2555.0
81411.1351437634,2555.0
81411.1351437634,2429.0
81758.6405622773,2429.0
81758.6405622773,2555.0
86400.0,2555.0
# temp #9285
0.0,2234.0
17302.84824916162,2234.0
17302.84824916162,2883.0
18879.462112463083,2883.0
18879.462112463083,2667.0
21794.2291662097,2667.0
21794.2291662097,2883.0
54187.13497098071,2883.0
54187.13497098071,2429.0
86400.000002,2429.0
# temp #9286
0.0,2234.0
8014.763065357694,2234.0
8014.763065357694,2667.0
43018.8103202032,2667.0
43018.8103202032,2555.0
43322.429320891395,2555.0
43322.429320891395,2429.0
56653.46879500431,2429.0
56653.46879500431,2234.0
57980.04590689671,2234.0
57980.04590689671,2429.0
63323.98020545953,2429.0
63323.98020545953,2555.0
66887.9170611268,2555.0
66887.9170611268,2429.0
86400.000002,2429.0
# temp #9287
0.0,2234.0
76408.59494078906,2234.0
76408.59494078906,2883.0
78808.59494078906,2883.0
78808.59494078906,2667.0
86400.000002,2667.0
# temp #9288
0.0,2234.0
61468.62273314037,2234.0
61468.62273314037,2555.0
79911.17667169312,2555.0
79911.17667169312,2429.0
80230.16504477711,2429.0
80230.16504477711,2555.0
86400.000002,2555.0
# temp #9289
0.0,2234.0
13696.14334695507,2234.0
13696.14334695507,2555.0
17992.339861742224,2555.0
17992.339861742224,2667.0
18505.961658619348,2667.0
18505.961658619348,2555.0
24505.961658619348,2555.0
24505.961658619348,2429.0
26905.961658619348,2429.0
26905.961658619348,2234.0
30505.961658619348,2234.0
30505.961658619348,2429.0
31705.961658619348,2429.0
31705.961658619348,2234.0
37405.961658619344,2234.0
37405.961658619344,2429.0
52463.93119180575,2429.0
52463.93119180575,2883.0
52996.49536984508,2883.0
52996.49536984508,2429.0
56002.17145916541,2429.0
56002.17145916541,2555.0
67891.84361491352,2555.0
67891.84361491352,2429.0
86400.0,2429.0
# temp #9290
0.0,2234.0
20177.082568779588,2234.0
20177.082568779588,2429.0
20777.082568779588,2429.0
20777.082568779588,2555.0
22284.34203788638,2555.0
22284.34203788638,2429.0
33636.7629208602,2429.0
33636.7629208602,2555.0
50197.56675325335,2555.0
50197.56675325335,2667.0
59560.67271258217,2667.0
59560.67271258217,2555.0
69487.88571010811,2555.0
69487.88571010811,2667.0
86400.000002,2667.0
# temp #9291
0.0,2234.0
40509.75192398765,2234.0
40509.75192398765,2555.0
53673.09232880362,2555.0
53673.09232880362,2429.0
60933.30251430162,2429.0
60933.30251430162,2234.0
63915.435281815015,2234.0
63915.435281815015,2429.0
80361.28697865644,2429.0
80361.28697865644,2234.0
86400.0,2234.0
# temp #9292
0.0,2234.0
43337.19449965284,2234.0
43337.19449965284,2429.0
43937.19449965284,2429.0
43937.19449965284,2555.0
46419.886536430575,2555.0
46419.886536430575,2429.0
51277.939092298046,2429.0
51277.939092298046,2555.0
66267.27716617753,2555.0
66267.27716617753,2667.0
86400.0,2667.0
# temp #9293
0.0,2234.0
57884.193712938584,2234.0
57884.193712938584,2429.0
58184.193712938584,2429.0
58184.193712938584,2234.0
71232.09780715407,2234.0
71232.09780715407,2667.0
72434.11466823892,2667.0
72434.11466823892,2883.0
86400.000002,2883.0
# temp #9294
0.0,2234.0
10515.998319326902,2234.0
10515.998319326902,2883.0
21615.9983193269,2883.0
21615.9983193269,2555.0
40904.203459108256,2555.0
40904.203459108256,2429.0
57000.952999619774,2429.0
57000.952999619774,2883.0
61108.46202664544,2883.0
61108.46202664544,2429.0
69373.5914942343,2429.0
69373.5914942343,2234.0
86400.0,2234.0
# temp #9295
0.0,2234.0
4926.28184859641,2234.0
4926.28184859641,2667.0
5317.556995153428,2667.0
5317.556995153428,2555.0
6159.93904368952,2555.0
6159.93904368952,2667.0
18769.242991134528,2667.0
18769.242991134528,2555.0
21769.242991134528,2555.0
21769.242991134528,2667.0
47869.242991134524,2667.0
47869.242991134524,2883.0
86400.000002,2883.0
# temp #9296
0.0,2234.0
29248.070408776406,2234.0
29248.070408776406,2429.0
29848.070408776406,2429.0
29848.070408776406,2555.0
31458.090081810955,2555.0
31458.090081810955,2429.0
62219.154163263745,2429.0
62219.154163263745,2883.0
67739.3444499001,2883.0
67739.3444499001,2667.0
70553.18182613702,2667.0
70553.18182613702,2555.0
76141.05538716541,2555.0
76141.05538716541,2667.0
86400.0,2667.0
# temp #9297
0.0,2234.0
394.11710088606924,2234.0
394.11710088606924,2555.0
28630.014362256046,2555.0
28630.014362256046,2429.0
28942.440513800833,2429.0
28942.440513800833,2555.0
36952.10760722403,2555.0
36952.10760722403,2429.0
37266.78767104168,2429.0
37266.78767104168,2555.0
38171.23753849883,2555.0
38171.23753849883,2429.0
38471.23753849883,2429.0
38471.23753849883,2555.0
38771.23753849883,2555.0
38771.23753849883,2429.0
39371.23753849883,2429.0
39371.23753849883,2555.0
41794.49655313511,2555.0
41794.49655313511,2429.0
57768.119859346196,2429.0
57768.119859346196,2883.0
74071.10040227418,2883.0
74071.10040227418,2429.0
86400.000002,2429.0
# temp #9298
0.0,2234.0
2043.127986439504,2234.0
2043.127986439504,2555.0
20178.63504777197,2555.0
20178.63504777197,2429.0
20713.358702464033,2429.0
20713.358702464033,2555.0
21453.268397692595,2555.0
21453.268397692595,2429.0
21960.182321816686,2429.0
21960.182321816686,2555.0
23323.102796170864,2555.0
23323.102796170864,2429.0
23623.102796170864,2429.0
23623.102796170864,2555.0
25123.102796170864,2555.0
25123.102796170864,2429.0
35323.10279617086,2429.0
35323.10279617086,2234.0
86400.000002,2234.0
# temp #9299
0.0,2234.0
1071.1862757336348,2234.0
1071.1862757336348,2667.0
37559.650296159096,2667.0
37559.650296159096,2555.0
38993.7130317092,2555.0
38993.7130317092,2429.0
68523.90668084846,2429.0
68523.90668084846,2234.0
76873.71908007191,2234.0
76873.71908007191,2667.0
86400.000002,2667.0
# temp #9300
0.0,2234.0
24768.00702894107,2234.0
24768.00702894107,2429.0
25236.05579165742,2429.0
25236.05579165742,2555.0
28018.735941778872,2555.0
28018.735941778872,2429.0
51050.41661134456,2429.0
51050.41661134456,2234.0
82325.7031504065,2234.0
82325.7031504065,2429.0
86400.000002,2429.0
# temp #9301
0.0,2234.0
8379.017070075499,2234.0
8379.017070075499,2555.0
42501.77148808726,2555.0
42501.77148808726,2429.0
44362.82850061544,2429.0
44362.82850061544,2234.0
44662.82850061544,2234.0
44662.82850061544,2017.0
77366.01598479321,2017.0
77366.01598479321,2555.0
81389.0602641972,2555.0
81389.0602641972,2667.0
86400.0,2667.0
# temp #9302
0.0,2234.0
63290.05414105487,2234.0
63290.05414105487,2555.0
64303.14667609055,2555.0
64303.14667609055,2429.0
86400.0,2429.0
# temp #9303
0.0,2234.0
49852.62025916018,2234.0
49852.62025916018,2555.0
63125.23039751687,2555.0
63125.23039751687,2429.0
86400.0,2429.0
# temp #9304
0.0,2234.0
69600.86024345364,2234.0
69600.86024345364,2555.0
78351.31697868928,2555.0
78351.31697868928,2234.0
80515.24262402672,2234.0
80515.24262402672,2429.0
86400.0,2429.0
# temp #9305
0.0,2234.0
3318.485662154854,2234.0
3318.485662154854,2667.0
17699.692049785517,2667.0
17699.692049785517,2555.0
19181.61108575296,2555.0
19181.61108575296,2667.0
31741.02648671251,2667.0
31741.02648671251,2555.0
32341.02648671251,2555.0
32341.02648671251,2667.0
47520.4108879203,2667.0
47520.4108879203,2555.0
51443.150582187816,2555.0
51443.150582187816,2429.0
53677.63365183492,2429.0
53677.63365183492,2555.0
67802.08474961111,2555.0
67802.08474961111,2429.0
86400.000002,2429.0
# temp #9306
0.0,2234.0
55128.34569944535,2234.0
55128.34569944535,2555.0
56410.427355766304,2555.0
56410.427355766304,2667.0
62710.427355766304,2667.0
62710.427355766304,2555.0
63910.427355766304,2555.0
63910.427355766304,2429.0
86400.000002,2429.0
# temp #9307
0.0,2234.0
19605.752709042285,2234.0
19605.752709042285,2555.0
24966.56919855159,2555.0
24966.56919855159,2667.0
25441.955058951866,2667.0
25441.955058951866,2555.0
31441.955058951866,2555.0
31441.955058951866,2429.0
33841.95505895187,2429.0
33841.95505895187,2234.0
37441.95505895187,2234.0
37441.95505895187,2429.0
38641.95505895187,2429.0
38641.95505895187,2234.0
44341.95505895187,2234.0
44341.95505895187,2429.0
51543.98859408685,2429.0
51543.98859408685,2555.0
57291.9624649454,2555.0
57291.9624649454,2667.0
71692.07799572033,2667.0
71692.07799572033,2234.0
83996.94319632837,2234.0
83996.94319632837,2429.0
86400.000002,2429.0
# temp #9308
0.0,2234.0
42433.77268707846,2234.0
42433.77268707846,2555.0
72653.29513459002,2555.0
72653.29513459002,2429.0
85484.52515958344,2429.0
85484.52515958344,2234.0
86084.52515958344,2234.0
86084.52515958344,2429.0
86400.0,2429.0
# temp #9309
0.0,2234.0
46097.70691429731,2234.0
46097.70691429731,2555.0
47019.59233784583,2555.0
47019.59233784583,2429.0
47588.41033049394,2429.0
47588.41033049394,2555.0
64352.72010122427,2555.0
64352.72010122427,2429.0
64875.01187562013,2429.0
64875.01187562013,2234.0
73436.20437202045,2234.0
73436.20437202045,2667.0
86400.0,2667.0
# temp #9310
0.0,2234.0
81976.78849711084,2234.0
81976.78849711084,2555.0
86047.24168181421,2555.0
86047.24168181421,2234.0
86384.15963135195,2234.0
86400.0,2555.0
# temp #9311
0.0,2234.0
18430.8573826449,2234.0
18430.8573826449,2429.0
18844.70375608653,2429.0
18844.70375608653,2234.0
19508.931579929776,2234.0
19508.931579929776,2429.0
20353.396658808924,2429.0
20353.396658808924,2234.0
38920.711230137385,2234.0
38920.711230137385,2429.0
39380.609699198976,2429.0
39380.609699198976,2234.0
50771.59401657992,2234.0
50771.59401657992,2667.0
70225.41586006992,2667.0
70225.41586006992,2555.0
86400.0,2555.0
# temp #9312
0.0,2234.0
8621.669861488046,2234.0
8621.669861488046,2429.0
8989.289604756052,2429.0
8989.289604756052,2555.0
12030.362987774426,2555.0
12030.362987774426,2429.0
23357.532967790034,2429.0
23357.532967790034,2555.0
34470.71406373289,2555.0
34470.71406373289,2667.0
71113.57597312891,2667.0
71113.57597312891,2555.0
86400.000002,2555.0
# temp #9313
0.0,2234.0
9518.836518866012,2234.0
9518.836518866012,2429.0
41618.83651886601,2429.0
41618.83651886601,2555.0
41918.83651886601,2555.0
41918.83651886601,2667.0
48724.00138482917,2667.0
48724.00138482917,2555.0
67899.64771780651,2555.0
67899.64771780651,2429.0
86400.000002,2429.0
# temp #9314
0.0,2234.0
2215.824611135759,2234.0
2215.824611135759,2667.0
45571.77674809937,2667.0
45571.77674809937,2555.0
46933.41317747255,2555.0
46933.41317747255,2667.0
52826.30523922854,2667.0
52826.30523922854,2555.0
55826.30523922854,2555.0
55826.30523922854,2667.0
81926.30523922853,2667.0
81926.30523922853,2883.0
86400.000002,2883.0
# temp #9315
0.0,2234.0
29462.194155505862,2234.0
29462.194155505862,2429.0
36362.19415550586,2429.0
36362.19415550586,2555.0
38162.19415550586,2555.0
38162.19415550586,2429.0
51062.19415550586,2429.0
51062.19415550586,2234.0
51362.19415550586,2234.0
51362.19415550586,2017.0
51662.19415550586,2017.0
51662.19415550586,2234.0
51962.19415550586,2234.0
51962.19415550586,2017.0
52785.822552116595,2017.0
52785.822552116595,2234.0
72436.46036835853,2234.0
72436.46036835853,2429.0
86400.0,2429.0
# temp #9316
0.0,2234.0
1537.4388708500194,2234.0
1537.4388708500194,2667.0
29517.66705962364,2667.0
29517.66705962364,2555.0
29965.83378456999,2555.0
29965.83378456999,2667.0
64136.278078984484,2667.0
64136.278078984484,2555.0
67136.27807898448,2555.0
67136.27807898448,2667.0
86400.0,2667.0
# temp #9317
0.0,2234.0
17476.996195572432,2234.0
17476.996195572432,2883.0
28576.996195572432,2883.0
28576.996195572432,2555.0
64755.789936077796,2555.0
64755.789936077796,2429.0
86400.000002,2429.0
# temp #9318
0.0,2234.0
19931.718253903095,2234.0
19931.718253903095,2429.0
20231.718253903095,2429.0
20231.718253903095,2234.0
26705.175216123465,2234.0
26705.175216123465,2667.0
45018.56124799234,2667.0
45018.56124799234,2555.0
53062.14534330648,2555.0
53062.14534330648,2667.0
82824.13781995421,2667.0
82824.13781995421,2555.0
86400.000002,2555.0
# temp #9319
0.0,2234.0
7860.742605663837,2234.0
7860.742605663837,2555.0
45013.64984954708,2555.0
45013.64984954708,2429.0
45501.92637895235,2429.0
45501.92637895235,2555.0
68370.88163990995,2555.0
68370.88163990995,2429.0
69242.01967448463,2429.0
69242.01967448463,2555.0
70535.07233506536,2555.0
70535.07233506536,2429.0
70835.07233506536,2429.0
70835.07233506536,2555.0
86400.0,2555.0
# temp #9320
0.0,2234.0
13355.214014346713,2234.0
13355.214014346713,2429.0
13688.652344676668,2429.0
13688.652344676668,2555.0
15123.670821147973,2555.0
15123.670821147973,2429.0
33821.54116260354,2429.0
33821.54116260354,2555.0
45767.119220201865,2555.0
45767.119220201865,2667.0
66024.43137550728,2667.0
66024.43137550728,2555.0
86400.000002,2555.0
# temp #9321
0.0,2234.0
70813.52657626849,2234.0
70813.52657626849,2555.0
84692.96811420936,2555.0
84692.96811420936,2234.0
86400.0,2234.0
# temp #9322
0.0,2234.0
5884.4297086587185,2234.0
5884.4297086587185,2667.0
34913.44030494802,2667.0
34913.44030494802,2555.0
35848.59018665739,2555.0
35848.59018665739,2667.0
67003.6496039713,2667.0
67003.6496039713,2555.0
67603.6496039713,2555.0
67603.6496039713,2667.0
82519.7054613149,2667.0
82519.7054613149,2555.0
86400.0,2555.0
# temp #9323
0.0,2234.0
33011.98872900569,2234.0
33011.98872900569,2017.0
79094.05958438294,2017.0
79094.05958438294,2234.0
86400.0,2234.0
# temp #9324
0.0,2234.0
62686.660541966565,2234.0
62686.660541966565,2555.0
86400.000002,2555.0
# temp #9325
0.0,2234.0
6094.395388592967,2234.0
6094.395388592967,2667.0
26561.304634041157,2667.0
26561.304634041157,2555.0
27059.47210255545,2555.0
27059.47210255545,2667.0
61237.44750700427,2667.0
61237.44750700427,2555.0
61837.44750700427,2555.0
61837.44750700427,2667.0
77984.83546504287,2667.0
77984.83546504287,2555.0
81215.76669977514,2555.0
81215.76669977514,2429.0
86400.000002,2429.0
# temp #9326
0.0,2234.0
31256.896882876757,2234.0
31256.896882876757,2555.0
34464.41918306519,2555.0
34464.41918306519,2429.0
55861.58697882202,2429.0
55861.58697882202,2555.0
71379.0588082513,2555.0
71379.0588082513,2667.0
86400.000002,2667.0
# temp #9327
0.0,2234.0
48902.576055424295,2234.0
48902.576055424295,2555.0
51401.29029059318,2555.0
51401.29029059318,2667.0
51988.838086277254,2667.0
51988.838086277254,2555.0
57988.838086277254,2555.0
57988.838086277254,2429.0
60388.838086277254,2429.0
60388.838086277254,2234.0
63988.838086277254,2234.0
63988.838086277254,2429.0
65188.838086277254,2429.0
65188.838086277254,2234.0
70888.83808627726,2234.0
70888.83808627726,2429.0
77029.37641739847,2429.0
77029.37641739847,2555.0
77118.16547359341,2555.0
77118.16547359341,2429.0
85886.46982884967,2429.0
85886.46982884967,2883.0
86400.0,2883.0
# temp #9328
0.0,2234.0
4613.43827918172,2234.0
4613.43827918172,2667.0
13519.27481372841,2667.0
13519.27481372841,2555.0
14752.979525970299,2555.0
14752.979525970299,2429.0
18173.614070517946,2429.0
18173.614070517946,2883.0
38302.09930152633,2883.0
38302.09930152633,2667.0
59615.330020291745,2667.0
59615.330020291745,2555.0
82150.48832490576,2555.0
82150.48832490576,2429.0
86400.0,2429.0
# temp #9329
0.0,2234.0
25876.224687136713,2234.0
25876.224687136713,2017.0
41508.1953664776,2017.0
41508.1953664776,2234.0
44141.15505865776,2234.0
44141.15505865776,2017.0
75194.38630328515,2017.0
75194.38630328515,2234.0
78091.5952561889,2234.0
78091.5952561889,2017.0
83841.28960724921,2017.0
83841.28960724921,2234.0
86400.000002,2234.0
# temp #9330
0.0,2234.0
12626.432468695566,2234.0
12626.432468695566,2429.0
19526.432468695566,2429.0
19526.432468695566,2555.0
21326.432468695566,2555.0
21326.432468695566,2429.0
34226.432468695566,2429.0
34226.432468695566,2234.0
34526.432468695566,2234.0
34526.432468695566,2017.0
34826.432468695566,2017.0
34826.432468695566,2234.0
35126.432468695566,2234.0
35126.432468695566,2017.0
43026.817707088776,2017.0
43026.817707088776,2234.0
46759.738206490874,2234.0
46759.738206490874,2429.0
73327.21532718278,2429.0
73327.21532718278,2555.0
79202.53252596596,2555.0
79202.53252596596,2429.0
86400.0,2429.0
# temp #9331
0.0,2234.0
37966.075194929734,2234.0
37966.075194929734,2429.0
38343.620491074405,2429.0
38343.620491074405,2555.0
41056.02590781637,2555.0
41056.02590781637,2429.0
44361.00455224515,2429.0
44361.00455224515,2555.0
59545.17553271727,2555.0
59545.17553271727,2667.0
86400.0,2667.0
# temp #9332
0.0,2234.0
14129.660124960357,2234.0
14129.660124960357,2883.0
14656.043099379169,2883.0
14656.043099379169,2667.0
22179.679287923504,2667.0
22179.679287923504,2883.0
53152.47278390454,2883.0
53152.47278390454,2429.0
60414.64894430248,2429.0
60414.64894430248,2555.0
73019.46244358552,2555.0
73019.46244358552,2667.0
79117.77485744098,2667.0
79117.77485744098,2555.0
86400.000002,2555.0
# temp #9333
0.0,2234.0
75042.47915509624,2234.0
75042.47915509624,2883.0
77442.47915509624,2883.0
77442.47915509624,2667.0
86400.0,2667.0
# temp #9334
0.0,2234.0
84047.64643125237,2234.0
84047.64643125237,2555.0
86400.0,2555.0
# temp #9335
0.0,2234.0
45422.46067353991,2234.0
45422.46067353991,2429.0
45875.75193371159,2429.0
45875.75193371159,2555.0
46747.70652155858,2555.0
46747.70652155858,2429.0
52527.452128543526,2429.0
52527.452128543526,2234.0
81444.50800451452,2234.0
81444.50800451452,2429.0
86400.000002,2429.0
# temp #9336
0.0,2234.0
6234.203543211334,2234.0
6234.203543211334,2667.0
15879.943095473576,2667.0
15879.943095473576,2555.0
16571.36128493585,2555.0
16571.36128493585,2667.0
37549.46454085876,2667.0
37549.46454085876,2555.0
37849.46454085876,2555.0
37849.46454085876,2429.0
70744.87450656015,2429.0
70744.87450656015,2883.0
80909.2144401977,2883.0
80909.2144401977,2667.0
86400.0,2667.0
# temp #9337
0.0,2234.0
19073.096075118523,2234.0
19073.096075118523,2555.0
19911.00786023308,2555.0
19911.00786023308,2667.0
20325.35850091372,2667.0
20325.35850091372,2555.0
20625.35850091372,2555.0
20625.35850091372,2667.0
24225.35850091372,2667.0
24225.35850091372,2555.0
25725.35850091372,2555.0
25725.35850091372,2429.0
42511.82490061038,2429.0
42511.82490061038,2234.0
58007.81071647071,2234.0
58007.81071647071,2667.0
68512.70648036154,2667.0
68512.70648036154,2555.0
82239.92425350008,2555.0
82239.92425350008,2429.0
86400.000002,2429.0
# temp #9338
0.0,2234.0
26301.30006708205,2234.0
26301.30006708205,2017.0
44643.957839626826,2017.0
44643.957839626826,2234.0
46037.00521336869,2234.0
46037.00521336869,2017.0
82892.04789139332,2017.0
82892.04789139332,2234.0
86400.000002,2234.0
# temp #9339
0.0,2234.0
17780.22762145847,2234.0
17780.22762145847,2017.0
30756.00755084306,2017.0
30756.00755084306,2234.0
76785.97308369353,2234.0
76785.97308369353,2017.0
86400.0,2017.0
# temp #9340
0.0,2234.0
1050.871922657825,2234.0
1050.871922657825,2667.0
43830.95748326742,2667.0
43830.95748326742,2555.0
44988.775088405244,2555.0
44988.775088405244,2667.0
65359.63633744979,2667.0
65359.63633744979,2555.0
65959.63633744979,2555.0
65959.63633744979,2667.0
81393.7514552381,2667.0
81393.7514552381,2555.0
85535.08851653898,2555.0
85535.08851653898,2429.0
86400.000002,2429.0
# temp #9341
0.0,2234.0
1493.5394574422392,2234.0
1493.5394574422392,2017.0
30150.02116346732,2017.0
30150.02116346732,2234.0
54096.54384395108,2234.0
54096.54384395108,2017.0
86400.000002,2017.0
# temp #9342
0.0,2234.0
78010.18104439137,2234.0
78010.18104439137,2555.0
86400.0,2555.0
# temp #9343
0.0,2234.0
25005.675064818937,2234.0
25005.675064818937,2429.0
25348.312869854275,2429.0
25348.312869854275,2234.0
26151.38534449507,2234.0
26151.38534449507,2429.0
28730.2072289167,2429.0
28730.2072289167,2234.0
29704.5637175208,2234.0
29704.5637175208,2429.0
30813.16044791602,2429.0
30813.16044791602,2234.0
36528.914782544605,2234.0
36528.914782544605,2429.0
62969.50741612819,2429.0
62969.50741612819,2234.0
80111.38948509471,2234.0
80111.38948509471,2429.0
86400.000002,2429.0
# temp #9344
0.0,2234.0
15816.456090495925,2234.0
15816.456090495925,2883.0
16623.022096487697,2883.0
16623.022096487697,2667.0
21467.164693842646,2667.0
21467.164693842646,2883.0
49115.990907931715,2883.0
49115.990907931715,2429.0
62641.157576255515,2429.0
62641.157576255515,2555.0
86400.000002,2555.0
# temp #9345
0.0,2234.0
6101.204464514741,2234.0
6101.204464514741,2667.0
19704.266525013376,2667.0
19704.266525013376,2555.0
20511.656856117774,2555.0
20511.656856117774,2429.0
56898.19153952414,2429.0
56898.19153952414,2883.0
62405.869697872564,2883.0
62405.869697872564,2429.0
76059.97243160383,2429.0
76059.97243160383,2883.0
76398.54537779467,2883.0
76398.54537779467,2667.0
86400.000002,2667.0
# temp #9346
0.0,2234.0
5812.7434524474675,2234.0
5812.7434524474675,2883.0
6945.577029744164,2883.0
6945.577029744164,2667.0
17507.003482407894,2667.0
17507.003482407894,2883.0
19686.447364906784,2883.0
19686.447364906784,2429.0
67612.03291376588,2429.0
67612.03291376588,2883.0
86400.000002,2883.0
# temp #9347
0.0,2234.0
75871.47006047891,2234.0
75871.47006047891,2883.0
78271.47006047891,2883.0
78271.47006047891,2667.0
86400.0,2667.0
# temp #9348
0.0,2234.0
64326.80246285164,2234.0
64326.80246285164,2555.0
79835.53359168583,2555.0
79835.53359168583,2429.0
80283.01319733729,2429.0
80283.01319733729,2555.0
86400.000002,2555.0
# temp #9349
0.0,2234.0
31259.345710230995,2234.0
31259.345710230995,2555.0
34645.66277435516,2555.0
34645.66277435516,2667.0
35087.24476096687,2667.0
35087.24476096687,2555.0
41087.24476096687,2555.0
41087.24476096687,2429.0
43487.24476096687,2429.0
43487.24476096687,2234.0
47087.24476096687,2234.0
47087.24476096687,2429.0
48287.24476096687,2429.0
48287.24476096687,2234.0
53987.24476096687,2234.0
53987.24476096687,2429.0
67631.5930593526,2429.0
67631.5930593526,2883.0
86400.0,2883.0
# temp #9350
0.0,2234.0
42804.58609478083,2234.0
42804.58609478083,2555.0
55788.115153717816,2555.0
55788.115153717816,2429.0
86400.000002,2429.0
# temp #9351
0.0,2234.0
74148.45881187358,2234.0
74148.45881187358,2555.0
79458.39556369466,2555.0
79458.39556369466,2667.0
85758.39556369466,2667.0
85758.39556369466,2555.0
86400.000002,2555.0
# temp #9352
0.0,2234.0
35951.28698281479,2234.0
35951.28698281479,2429.0
36283.56824358926,2429.0
36283.56824358926,2555.0
38116.424719523646,2555.0
38116.424719523646,2429.0
52274.217898026116,2429.0
52274.217898026116,2883.0
73500.74732503855,2883.0
73500.74732503855,2429.0
86400.000002,2429.0
# temp #9353
0.0,2234.0
51531.36420110241,2234.0
51531.36420110241,2555.0
75193.06839206257,2555.0
75193.06839206257,2429.0
75527.78625756038,2429.0
75527.78625756038,2555.0
83916.26118428541,2555.0
83916.26118428541,2429.0
85316.56187677292,2429.0
85316.56187677292,2555.0
86400.000002,2555.0
# temp #9354
0.0,2234.0
69190.27566604783,2234.0
69190.27566604783,2555.0
86400.000002,2555.0
# temp #9355
0.0,2234.0
50818.0726354709,2234.0
50818.0726354709,2555.0
86400.0,2555.0
# temp #9356
0.0,2234.0
70217.63215775137,2234.0
70217.63215775137,2555.0
86400.000002,2555.0
# temp #9357
0.0,2234.0
6275.644305534662,2234.0
6275.644305534662,2667.0
41102.75359544904,2667.0
41102.75359544904,2555.0
42212.39989819006,2555.0
42212.39989819006,2667.0
53529.284175974324,2667.0
53529.284175974324,2555.0
53829.284175974324,2555.0
53829.284175974324,2667.0
54129.284175974324,2667.0
54129.284175974324,2555.0
57429.284175974324,2555.0
57429.284175974324,2667.0
82929.28417597432,2667.0
82929.28417597432,2883.0
86400.0,2883.0
# temp #9358
0.0,2234.0
44403.189993859276,2234.0
44403.189993859276,2555.0
46638.91023555771,2555.0
46638.91023555771,2667.0
47133.67057540455,2667.0
47133.67057540455,2555.0
53133.67057540455,2555.0
53133.67057540455,2429.0
55533.67057540455,2429.0
55533.67057540455,2234.0
59133.67057540455,2234.0
59133.67057540455,2429.0
60333.67057540455,2429.0
60333.67057540455,2234.0
66033.67057540455,2234.0
66033.67057540455,2429.0
81975.29378354085,2429.0
81975.29378354085,2555.0
86400.0,2555.0
# temp #9359
0.0,2234.0
59733.36848602631,2234.0
59733.36848602631,2555.0
86400.000002,2555.0
# temp #9360
0.0,2234.0
2854.0099121863022,2234.0
2854.0099121863022,2883.0
13954.009912186302,2883.0
13954.009912186302,2555.0
20815.213172254153,2555.0
20815.213172254153,2429.0
49645.67338556518,2429.0
49645.67338556518,2883.0
69006.04470076507,2883.0
69006.04470076507,2667.0
79891.2606628379,2667.0
79891.2606628379,2234.0
84182.69227843267,2234.0
84182.69227843267,2667.0
86400.000002,2667.0
# temp #9361
0.0,2234.0
2366.881290287711,2234.0
2366.881290287711,2667.0
11294.633525772953,2667.0
11294.633525772953,2555.0
12453.525029006416,2555.0
12453.525029006416,2667.0
37356.20904292446,2667.0
37356.20904292446,2555.0
37956.20904292446,2555.0
37956.20904292446,2667.0
57536.83636269999,2667.0
57536.83636269999,2555.0
62254.288691352136,2555.0
62254.288691352136,2429.0
66593.20179233329,2429.0
66593.20179233329,2555.0
69711.56881344506,2555.0
69711.56881344506,2429.0
86400.000002,2429.0
# temp #9362
0.0,2234.0
46297.06391121727,2234.0
46297.06391121727,2555.0
63064.93065117394,2555.0
63064.93065117394,2429.0
86400.0,2429.0
# temp #9363
0.0,2234.0
76067.11972199848,2234.0
76067.11972199848,2883.0
78467.11972199848,2883.0
78467.11972199848,2667.0
86400.000002,2667.0
# temp #9364
0.0,2234.0
41645.85828920827,2234.0
41645.85828920827,2429.0
42245.85828920827,2429.0
42245.85828920827,2555.0
45921.884035225965,2555.0
45921.884035225965,2429.0
46611.97796605994,2429.0
46611.97796605994,2555.0
81201.43705119846,2555.0
81201.43705119846,2429.0
86400.0,2429.0
# temp #9365
0.0,2234.0
65408.7749968283,2234.0
65408.7749968283,2555.0
67165.35727973098,2555.0
67165.35727973098,2429.0
86400.000002,2429.0
# temp #9366
0.0,2234.0
30857.220767112452,2234.0
30857.220767112452,2429.0
31162.634739163335,2429.0
31162.634739163335,2555.0
35534.61783591193,2555.0
35534.61783591193,2429.0
51847.30038230774,2429.0
51847.30038230774,2234.0
82912.52092367505,2234.0
82912.52092367505,2429.0
86400.0,2429.0
# temp #9367
0.0,2234.0
3647.7658295771116,2234.0
3647.7658295771116,2667.0
45859.544230741456,2667.0
45859.544230741456,2555.0
46236.13879729529,2555.0
46236.13879729529,2667.0
64148.62576250454,2667.0
64148.62576250454,2555.0
64748.62576250454,2555.0
64748.62576250454,2667.0
83933.82536096034,2667.0
83933.82536096034,2555.0
85716.21300873814,2555.0
85716.21300873814,2429.0
86400.0,2429.0
# temp #9368
0.0,2234.0
7043.698368826882,2234.0
7043.698368826882,2017.0
35240.8806769643,2017.0
35240.8806769643,2234.0
54385.38389489987,2234.0
54385.38389489987,2017.0
83425.79858698884,2017.0
83425.79858698884,2234.0
86400.0,2234.0
# temp #9369
0.0,2234.0
45476.01170092822,2234.0
45476.01170092822,2555.0
49549.07269645483,2555.0
49549.07269645483,2667.0
49854.228714806966,2667.0
49854.228714806966,2555.0
55854.228714806966,2555.0
55854.228714806966,2429.0
58254.228714806966,2429.0
58254.228714806966,2234.0
61854.228714806966,2234.0
61854.228714806966,2429.0
63054.228714806966,2429.0
63054.228714806966,2234.0
68754.22871480696,2234.0
68754.22871480696,2429.0
86400.0,2429.0
# temp #9370
0.0,2234.0
18892.67161216121,2234.0
18892.67161216121,2429.0
19265.081176394597,2429.0
19265.081176394597,2234.0
20142.211431311443,2234.0
20142.211431311443,2429.0
23905.161858256906,2429.0
23905.161858256906,2234.0
45364.227902842686,2234.0
45364.227902842686,2429.0
46327.029725862674,2429.0
46327.029725862674,2234.0
75077.30272680057,2234.0
75077.30272680057,2429.0
85118.98267711514,2429.0
85118.98267711514,2555.0
86400.000002,2555.0
# temp #9371
0.0,2234.0
2518.122328980826,2234.0
2518.122328980826,2883.0
13618.122328980826,2883.0
13618.122328980826,2555.0
32384.294125693854,2555.0
32384.294125693854,2667.0
55537.58138925769,2667.0
55537.58138925769,2555.0
86400.0,2555.0
# temp #9372
0.0,2234.0
36508.65196797532,2234.0
36508.65196797532,2429.0
36808.65196797532,2429.0
36808.65196797532,2234.0
40300.298039498746,2234.0
40300.298039498746,2667.0
58677.984453993864,2667.0
58677.984453993864,2555.0
61259.973629750326,2555.0
61259.973629750326,2429.0
78445.58519292624,2429.0
78445.58519292624,2555.0
86400.000002,2555.0
# temp #9373
0.0,2234.0
17258.841864718128,2234.0
17258.841864718128,2883.0
18200.805244292136,2883.0
18200.805244292136,2667.0
21851.559007982727,2667.0
21851.559007982727,2883.0
23652.617024327632,2883.0
23652.617024327632,2429.0
61271.88828599175,2429.0
61271.88828599175,2555.0
73738.7089076685,2555.0
73738.7089076685,2667.0
81297.11332451554,2667.0
81297.11332451554,2555.0
82387.51438097098,2555.0
82387.51438097098,2429.0
86400.0,2429.0
# temp #9374
0.0,2234.0
28419.25647980534,2234.0
28419.25647980534,2555.0
46740.130145614974,2555.0
46740.130145614974,2429.0
86400.000002,2429.0
# temp #9375
0.0,2234.0
35455.41928033345,2234.0
35455.41928033345,2555.0
72188.28369160184,2555.0
72188.28369160184,2429.0
72746.95962436964,2429.0
72746.95962436964,2555.0
86400.0,2555.0
# temp #9376
0.0,2234.0
62086.94566120394,2234.0
62086.94566120394,2555.0
62611.82064707392,2555.0
62611.82064707392,2429.0
63146.98988073506,2429.0
63146.98988073506,2555.0
66372.75455778,2555.0
66372.75455778,2429.0
66965.75913622511,2429.0
66965.75913622511,2555.0
67291.1356294295,2555.0
67291.1356294295,2429.0
67591.1356294295,2429.0
67591.1356294295,2555.0
67891.1356294295,2555.0
67891.1356294295,2429.0
68491.1356294295,2429.0
68491.1356294295,2555.0
71633.4823617479,2555.0
71633.4823617479,2429.0
84039.65175049381,2429.0
84039.65175049381,2555.0
86400.000002,2555.0
# temp #9377
0.0,2234.0
85765.52235991695,2234.0
85765.52235991695,2555.0
86400.0,2555.0
# temp #9378
0.0,2234.0
8693.916384084152,2234.0
8693.916384084152,2667.0
20742.17006550171,2667.0
20742.17006550171,2555.0
21834.014645917345,2555.0
21834.014645917345,2667.0
45832.12476549671,2667.0
45832.12476549671,2555.0
46132.12476549671,2555.0
46132.12476549671,2667.0
46840.418502688415,2667.0
46840.418502688415,2555.0
47440.418502688415,2555.0
47440.418502688415,2667.0
76073.0461517349,2667.0
76073.0461517349,2883.0
86400.0,2883.0
# temp #9379
0.0,2234.0
52103.49963563495,2234.0
52103.49963563495,2555.0
57879.26584901289,2555.0
57879.26584901289,2429.0
70074.55694647507,2429.0
70074.55694647507,2234.0
70674.55694647507,2234.0
70674.55694647507,2429.0
86400.000002,2429.0
# temp #9380
0.0,2234.0
38129.12753729616,2234.0
38129.12753729616,2429.0
45029.12753729616,2429.0
45029.12753729616,2555.0
46829.12753729616,2555.0
46829.12753729616,2429.0
59729.12753729616,2429.0
59729.12753729616,2234.0
60029.12753729616,2234.0
60029.12753729616,2017.0
60329.12753729616,2017.0
60329.12753729616,2234.0
60629.12753729616,2234.0
60629.12753729616,2017.0
66527.3122289451,2017.0
66527.3122289451,2234.0
67566.0301097436,2234.0
67566.0301097436,2429.0
74804.77464494763,2429.0
74804.77464494763,2555.0
86400.0,2555.0
# temp #9381
0.0,2234.0
83572.73056874984,2234.0
83572.73056874984,2883.0
85972.73056874984,2883.0
85972.73056874984,2667.0
86400.0,2667.0
# temp #9382
0.0,2234.0
58622.19775083941,2234.0
58622.19775083941,2883.0
61022.19775083941,2883.0
61022.19775083941,2667.0
75593.6369028641,2667.0
75593.6369028641,2555.0
86400.000002,2555.0
# temp #9383
0.0,2234.0
4247.185462270864,2234.0
4247.185462270864,2667.0
11437.421041494237,2667.0
11437.421041494237,2555.0
12566.216864855962,2555.0
12566.216864855962,2667.0
32800.76706523542,2667.0
32800.76706523542,2555.0
33100.76706523542,2555.0
33100.76706523542,2667.0
33773.11308996287,2667.0
33773.11308996287,2555.0
34373.11308996287,2555.0
34373.11308996287,2667.0
53519.88849740011,2667.0
53519.88849740011,2883.0
56460.134161287,2883.0
56460.134161287,2429.0
86400.000002,2429.0
# temp #9384
0.0,2234.0
49692.01622104738,2234.0
49692.01622104738,2883.0
52092.01622104738,2883.0
52092.01622104738,2667.0
72438.90772874001,2667.0
72438.90772874001,2883.0
84129.53810098115,2883.0
84129.53810098115,2667.0
86400.0,2667.0
# temp #9385
0.0,2234.0
4725.292738107965,2234.0
4725.292738107965,2667.0
22251.094508101236,2667.0
22251.094508101236,2555.0
23609.245393169116,2555.0
23609.245393169116,2667.0
28212.057125335563,2667.0
28212.057125335563,2555.0
28512.057125335563,2555.0
28512.057125335563,2667.0
29208.458904200237,2667.0
29208.458904200237,2555.0
29808.458904200237,2555.0
29808.458904200237,2667.0
41798.28847716563,2667.0
41798.28847716563,2555.0
46341.97368943133,2555.0
46341.97368943133,2667.0
81399.86972201151,2667.0
81399.86972201151,2555.0
86400.0,2555.0
# temp #9386
0.0,2234.0
78258.72975261883,2234.0
78258.72975261883,2555.0
86400.0,2555.0
# temp #9387
0.0,2234.0
37212.170054856695,2234.0
37212.170054856695,2555.0
70905.97781343387,2555.0
70905.97781343387,2429.0
75120.54896084593,2429.0
75120.54896084593,2234.0
75720.54896084593,2234.0
75720.54896084593,2429.0
78120.54896084593,2429.0
78120.54896084593,2555.0
86400.000002,2555.0
# temp #9388
0.0,2234.0
12343.734401953408,2234.0
12343.734401953408,2429.0
12717.421690654011,2429.0
12717.421690654011,2555.0
16846.916028019044,2555.0
16846.916028019044,2429.0
47310.230276081726,2429.0
47310.230276081726,2555.0
75446.22626400088,2555.0
75446.22626400088,2429.0
86400.0,2429.0
# temp #9389
0.0,2234.0
19523.612410901118,2234.0
19523.612410901118,2555.0
31553.220630018048,2555.0
31553.220630018048,2429.0
32069.162206747576,2429.0
32069.162206747576,2555.0
53855.28405129445,2555.0
53855.28405129445,2429.0
55240.73562647683,2429.0
55240.73562647683,2555.0
56736.425923719085,2555.0
56736.425923719085,2429.0
57036.425923719085,2429.0
57036.425923719085,2555.0
57336.425923719085,2555.0
57336.425923719085,2429.0
57936.425923719085,2429.0
57936.425923719085,2555.0
60294.10782696215,2555.0
60294.10782696215,2429.0
61120.51502417309,2429.0
61120.51502417309,2555.0
73751.03485572619,2555.0
73751.03485572619,2429.0
86400.000002,2429.0
# temp #9390
0.0,2234.0
51602.79839923606,2234.0
51602.79839923606,2555.0
73708.07982855478,2555.0
73708.07982855478,2429.0
74089.01284004097,2429.0
74089.01284004097,2555.0
79722.49272773044,2555.0
79722.49272773044,2429.0
80213.45075117426,2429.0
80213.45075117426,2234.0
86400.0,2234.0
# temp #9391
0.0,2234.0
4371.797852148303,2234.0
4371.797852148303,2667.0
28792.91176591069,2667.0
28792.91176591069,2555.0
29691.41766317189,2555.0
29691.41766317189,2429.0
54258.3301433595,2429.0
54258.3301433595,2234.0
83823.7600552384,2234.0
83823.7600552384,2429.0
86400.0,2429.0
# temp #9392
0.0,2234.0
6567.58988366928,2234.0
6567.58988366928,2667.0
39403.52069931105,2667.0
39403.52069931105,2555.0
39714.85585262999,2555.0
39714.85585262999,2667.0
54017.30494389776,2667.0
54017.30494389776,2555.0
54317.30494389776,2555.0
54317.30494389776,2667.0
54617.30494389776,2667.0
54617.30494389776,2555.0
57917.30494389776,2555.0
57917.30494389776,2667.0
83417.30494389776,2667.0
83417.30494389776,2883.0
86400.0,2883.0
# temp #9393
0.0,2234.0
28633.403778215874,2234.0
28633.403778215874,2429.0
35533.40377821587,2429.0
35533.40377821587,2555.0
37333.40377821587,2555.0
37333.40377821587,2429.0
50233.40377821587,2429.0
50233.40377821587,2234.0
50533.40377821587,2234.0
50533.40377821587,2017.0
50833.40377821587,2017.0
50833.40377821587,2234.0
51133.40377821587,2234.0
51133.40377821587,2017.0
59262.57117334754,2017.0
59262.57117334754,2234.0
86400.0,2234.0
# temp #9394
0.0,2234.0
7021.508687431926,2234.0
7021.508687431926,2667.0
55307.76768098586,2667.0
55307.76768098586,2555.0
56481.8111173343,2555.0
56481.8111173343,2429.0
75646.4003079571,2429.0
75646.4003079571,2555.0
86400.0,2555.0
# temp #9395
0.0,2234.0
2305.1225413335487,2234.0
2305.1225413335487,2883.0
3378.097834205255,2883.0
3378.097834205255,2667.0
8911.736806598492,2667.0
8911.736806598492,2883.0
44720.00396547374,2883.0
44720.00396547374,2429.0
68842.61598342565,2429.0
68842.61598342565,2883.0
83203.8670534501,2883.0
83203.8670534501,2429.0
86400.0,2429.0
# temp #9396
0.0,2234.0
34997.47000846547,2234.0
34997.47000846547,2429.0
35459.09753779416,2429.0
35459.09753779416,2234.0
36282.22895055079,2234.0
36282.22895055079,2429.0
40842.15563954786,2429.0
40842.15563954786,2234.0
57068.78360090779,2234.0
57068.78360090779,2429.0
57617.91713756976,2429.0
57617.91713756976,2234.0
69296.26149970574,2234.0
69296.26149970574,2429.0
86400.000002,2429.0
# temp #9397
0.0,2234.0
51019.8552600341,2234.0
51019.8552600341,2429.0
51354.4280653121,2429.0
51354.4280653121,2555.0
54778.87479749043,2555.0
54778.87479749043,2429.0
86386.69547620231,2429.0
86400.000002,2555.0
# temp #9398
0.0,2234.0
9091.23879375402,2234.0
9091.23879375402,2883.0
10341.374351084234,2883.0
10341.374351084234,2667.0
17278.26988322195,2667.0
17278.26988322195,2883.0
22721.193353715356,2883.0
22721.193353715356,2667.0
48105.34831092228,2667.0
48105.34831092228,2555.0
48461.27974733245,2555.0
48461.27974733245,2429.0
63915.73327216321,2429.0
63915.73327216321,2555.0
73990.59102362955,2555.0
73990.59102362955,2667.0
83207.81790912153,2667.0
83207.81790912153,2555.0
85067.04366467895,2555.0
85067.04366467895,2667.0
86400.000002,2667.0
# temp #9399
0.0,2234.0
47512.488021352336,2234.0
47512.488021352336,2429.0
47812.488021352336,2429.0
47812.488021352336,2234.0
67215.63591167798,2234.0
67215.63591167798,2667.0
86400.000002,2667.0
# temp #9400
0.0,2234.0
3477.082323795185,2234.0
3477.082323795185,2667.0
22832.779758470137,2667.0
22832.779758470137,2555.0
24048.37797400542,2555.0
24048.37797400542,2429.0
43924.34614410159,2429.0
43924.34614410159,2555.0
53448.67082645652,2555.0
53448.67082645652,2667.0
62251.36250155048,2667.0
62251.36250155048,2555.0
86400.000002,2555.0
# temp #9401
0.0,2234.0
67992.45175018441,2234.0
67992.45175018441,2555.0
81626.72765306197,2555.0
81626.72765306197,2234.0
86400.0,2234.0
# temp #9402
0.0,2234.0
10324.636796233244,2234.0
10324.636796233244,2429.0
10649.70741905272,2429.0
10649.70741905272,2234.0
11454.8537455732,2234.0
11454.8537455732,2429.0
15402.257876819931,2429.0
15402.257876819931,2234.0
21882.998624187894,2234.0
21882.998624187894,2429.0
22350.384748145007,2429.0
22350.384748145007,2234.0
22892.325902427547,2234.0
22892.325902427547,2667.0
42142.01479218901,2667.0
42142.01479218901,2555.0
57445.707372366465,2555.0
57445.707372366465,2429.0
83169.67934933493,2429.0
83169.67934933493,2555.0
86400.000002,2555.0
# temp #9403
0.0,2234.0
30787.44364867453,2234.0
30787.44364867453,2429.0
31356.258897646334,2429.0
31356.258897646334,2234.0
32034.94802154601,2234.0
32034.94802154601,2429.0
35117.61553734542,2429.0
35117.61553734542,2234.0
43236.562463874005,2234.0
43236.562463874005,2429.0
43634.15875942447,2429.0
43634.15875942447,2555.0
44183.5191119928,2555.0
44183.5191119928,2429.0
86400.0,2429.0
# temp #9404
0.0,2234.0
59649.93692259304,2234.0
59649.93692259304,2555.0
70660.59550854843,2555.0
70660.59550854843,2234.0
86400.0,2234.0
# temp #9405
0.0,2234.0
63038.20235291497,2234.0
63038.20235291497,2555.0
78782.45622063988,2555.0
78782.45622063988,2429.0
79188.04770181888,2429.0
79188.04770181888,2555.0
80120.15397073702,2555.0
80120.15397073702,2429.0
81150.882353168,2429.0
81150.882353168,2555.0
81621.4237178676,2555.0
81621.4237178676,2429.0
81921.4237178676,2429.0
81921.4237178676,2555.0
82221.4237178676,2555.0
82221.4237178676,2429.0
82821.4237178676,2429.0
82821.4237178676,2555.0
83382.8790835105,2555.0
83382.8790835105,2429.0
86400.000002,2429.0
# temp #9406
0.0,2234.0
18167.37991310656,2234.0
18167.37991310656,2017.0
54962.35947534443,2017.0
54962.35947534443,2234.0
77069.84402099626,2234.0
77069.84402099626,2017.0
86400.0,2017.0
# temp #9407
0.0,2234.0
67839.8903016234,2234.0
67839.8903016234,2555.0
84146.21873747093,2555.0
84146.21873747093,2429.0
84592.13363437449,2429.0
84592.13363437449,2555.0
86400.0,2555.0
# temp #9408
0.0,2234.0
19821.025404520336,2234.0
19821.025404520336,2555.0
48634.570838045336,2555.0
48634.570838045336,2429.0
49032.943742908545,2429.0
49032.943742908545,2555.0
72658.97161932664,2555.0
72658.97161932664,2429.0
73142.5898208283,2429.0
73142.5898208283,2555.0
74284.0759003535,2555.0
74284.0759003535,2429.0
86400.000002,2429.0
# temp #9409
0.0,2234.0
1295.89665918611,2234.0
1295.89665918611,2667.0
42031.09988789075,2667.0
42031.09988789075,2555.0
42507.56235527807,2555.0
42507.56235527807,2667.0
77885.80552178902,2667.0
77885.80552178902,2555.0
78185.80552178902,2555.0
78185.80552178902,2667.0
78813.70915244335,2667.0
78813.70915244335,2555.0
79413.70915244335,2555.0
79413.70915244335,2667.0
86400.0,2667.0
# temp #9410
0.0,2234.0
77147.66070954503,2234.0
77147.66070954503,2555.0
86400.000002,2555.0
# temp #9411
0.0,2234.0
15565.4546484584,2234.0
15565.4546484584,2429.0
47665.4546484584,2429.0
47665.4546484584,2555.0
47965.4546484584,2555.0
47965.4546484584,2667.0
49004.477662662975,2667.0
49004.477662662975,2555.0
52256.84024482034,2555.0
52256.84024482034,2429.0
80843.67855051532,2429.0
80843.67855051532,2555.0
82729.91297179835,2555.0
82729.91297179835,2667.0
86400.000002,2667.0
# temp #9412
0.0,2234.0
51186.79215260781,2234.0
51186.79215260781,2883.0
53586.79215260781,2883.0
53586.79215260781,2667.0
67077.66303329263,2667.0
67077.66303329263,2555.0
75696.17680760566,2555.0
75696.17680760566,2667.0
86400.000002,2667.0
# temp #9413
0.0,2234.0
74744.23049355391,2234.0
74744.23049355391,2555.0
86400.000002,2555.0
# temp #9414
0.0,2234.0
52606.08709082008,2234.0
52606.08709082008,2883.0
55006.08709082008,2883.0
55006.08709082008,2667.0
86400.000002,2667.0
# temp #9415
0.0,2234.0
4103.342181304471,2234.0
4103.342181304471,2667.0
43917.08696843126,2667.0
43917.08696843126,2555.0
44833.70246342384,2555.0
44833.70246342384,2429.0
76598.46261043569,2429.0
76598.46261043569,2555.0
82589.8876460502,2555.0
82589.8876460502,2667.0
86400.0,2667.0
# temp #9416
0.0,2234.0
14411.353631364185,2234.0
14411.353631364185,2883.0
16064.623092440892,2883.0
16064.623092440892,2667.0
18102.36452389509,2667.0
18102.36452389509,2883.0
46569.95056334419,2883.0
46569.95056334419,2429.0
61114.53749137001,2429.0
61114.53749137001,2555.0
67502.11750371383,2555.0
67502.11750371383,2667.0
86400.000002,2667.0
# temp #9417
0.0,2234.0
29591.18734449148,2234.0
29591.18734449148,2555.0
62828.80565228407,2555.0
62828.80565228407,2429.0
63428.855655016385,2429.0
63428.855655016385,2555.0
86400.000002,2555.0
# temp #9418
0.0,2234.0
69216.27880681772,2234.0
69216.27880681772,2883.0
71616.27880681772,2883.0
71616.27880681772,2667.0
83133.15847876947,2667.0
83133.15847876947,2555.0
85605.20035468508,2555.0
85605.20035468508,2429.0
86400.0,2429.0
# temp #9419
0.0,2234.0
60820.47601668165,2234.0
60820.47601668165,2555.0
75684.96299246328,2555.0
75684.96299246328,2429.0
86400.000002,2429.0
# temp #9420
0.0,2234.0
6539.5603955956185,2234.0
6539.5603955956185,2429.0
6906.818152475172,2429.0
6906.818152475172,2555.0
11207.602526131088,2555.0
11207.602526131088,2429.0
48388.92025609967,2429.0
48388.92025609967,2883.0
78581.98236117607,2883.0
78581.98236117607,2429.0
86400.0,2429.0
# temp #9421
0.0,2234.0
31909.17255438399,2234.0
31909.17255438399,2429.0
32455.92482797802,2429.0
32455.92482797802,2234.0
33236.05822655373,2234.0
33236.05822655373,2429.0
37463.02926577628,2429.0
37463.02926577628,2234.0
55797.07427029499,2234.0
55797.07427029499,2429.0
56746.18349089288,2429.0
56746.18349089288,2555.0
57693.29563421198,2555.0
57693.29563421198,2429.0
86400.0,2429.0
# temp #9422
0.0,2234.0
2459.9445943487813,2234.0
2459.9445943487813,2667.0
6493.5380165465185,2667.0
6493.5380165465185,2555.0
7110.629616770894,2555.0
7110.629616770894,2667.0
10065.433605504224,2667.0
10065.433605504224,2555.0
10365.433605504224,2555.0
10365.433605504224,2667.0
10665.433605504224,2667.0
10665.433605504224,2555.0
13965.433605504224,2555.0
13965.433605504224,2667.0
39465.43360550422,2667.0
39465.43360550422,2883.0
86400.000002,2883.0
# temp #9423
0.0,2234.0
42459.488533856354,2234.0
42459.488533856354,2017.0
76030.56658655406,2017.0
76030.56658655406,2234.0
86400.000002,2234.0
# temp #9424
0.0,2234.0
65654.2094703298,2234.0
65654.2094703298,2883.0
68054.2094703298,2883.0
68054.2094703298,2667.0
86400.0,2667.0
# temp #9425
0.0,2234.0
53769.268999504864,2234.0
53769.268999504864,2555.0
76375.4030208802,2555.0
76375.4030208802,2429.0
76949.44110880607,2429.0
76949.44110880607,2555.0
86400.000002,2555.0
# temp #9426
0.0,2234.0
41535.45522128698,2234.0
41535.45522128698,2429.0
41951.807890925564,2429.0
41951.807890925564,2555.0
45461.73506313936,2555.0
45461.73506313936,2429.0
47506.57935300843,2429.0
47506.57935300843,2667.0
54792.37723199186,2667.0
54792.37723199186,2555.0
75486.8526941864,2555.0
75486.8526941864,2667.0
84228.49727163558,2667.0
84228.49727163558,2234.0
86400.0,2234.0
# temp #9427
0.0,2234.0
65809.4764806563,2234.0
65809.4764806563,2883.0
68209.4764806563,2883.0
68209.4764806563,2667.0
78075.77418715227,2667.0
78075.77418715227,2883.0
86400.000002,2883.0
# temp #9428
0.0,2234.0
30605.198752437722,2234.0
30605.198752437722,2429.0
30990.09502299596,2429.0
30990.09502299596,2234.0
31602.38551832736,2234.0
31602.38551832736,2429.0
34799.28560075351,2429.0
34799.28560075351,2234.0
57451.65091361851,2234.0
57451.65091361851,2429.0
57793.38339655661,2429.0
57793.38339655661,2234.0
73671.39728819022,2234.0
73671.39728819022,2667.0
86400.0,2667.0
# temp #9429
0.0,2234.0
34580.65553409979,2234.0
34580.65553409979,2555.0
38003.46626273823,2555.0
38003.46626273823,2429.0
43003.65459881724,2429.0
43003.65459881724,2555.0
49207.285316032365,2555.0
49207.285316032365,2429.0
51400.11129223277,2429.0
51400.11129223277,2883.0
53955.3565541748,2883.0
53955.3565541748,2429.0
86400.000002,2429.0
# temp #9430
0.0,2234.0
40683.090991945945,2234.0
40683.090991945945,2017.0
57748.74155139552,2017.0
57748.74155139552,2234.0
86400.000002,2234.0
# temp #9431
0.0,2234.0
2942.9882212774833,2234.0
2942.9882212774833,2667.0
8140.463299560362,2667.0
8140.463299560362,2555.0
9600.154959107751,2555.0
9600.154959107751,2667.0
22947.9010587791,2667.0
22947.9010587791,2555.0
25947.9010587791,2555.0
25947.9010587791,2667.0
52047.9010587791,2667.0
52047.9010587791,2883.0
86400.000002,2883.0
# temp #9432
0.0,2234.0
8225.280588632451,2234.0
8225.280588632451,2667.0
14323.956261109564,2667.0
14323.956261109564,2555.0
14691.518960706893,2555.0
14691.518960706893,2667.0
17459.1808001278,2667.0
17459.1808001278,2555.0
18059.1808001278,2555.0
18059.1808001278,2667.0
37198.477092362016,2667.0
37198.477092362016,2555.0
37912.12287282106,2555.0
37912.12287282106,2429.0
71818.70605973528,2429.0
71818.70605973528,2555.0
86017.3013130203,2555.0
86017.3013130203,2429.0
86400.0,2429.0
# temp #9433
0.0,2234.0
40062.415025406524,2234.0
40062.415025406524,2429.0
40525.38735042327,2429.0
40525.38735042327,2555.0
42765.032932860784,2555.0
42765.032932860784,2429.0
64211.35436254555,2429.0
64211.35436254555,2883.0
73215.43751810679,2883.0
73215.43751810679,2667.0
80492.64702172951,2667.0
80492.64702172951,2234.0
86400.0,2234.0
# temp #9434
0.0,2234.0
21488.919341750447,2234.0
21488.919341750447,2017.0
60729.68973149547,2017.0
60729.68973149547,2234.0
66139.44186992013,2234.0
66139.44186992013,2017.0
86400.000002,2017.0
# temp #9435
0.0,2234.0
1433.272994309664,2234.0
1433.272994309664,2429.0
1733.272994309664,2429.0
1733.272994309664,2234.0
18707.10140196607,2234.0
18707.10140196607,2667.0
36137.13122291957,2667.0
36137.13122291957,2555.0
54341.82258120274,2555.0
54341.82258120274,2667.0
83742.52962693573,2667.0
83742.52962693573,2234.0
86400.0,2234.0
# temp #9436
0.0,2234.0
65926.64027768189,2234.0
65926.64027768189,2555.0
86400.0,2555.0
# temp #9437
0.0,2234.0
41355.02804084682,2234.0
41355.02804084682,2017.0
86400.0,2017.0
# temp #9438
0.0,2234.0
25515.672728978097,2234.0
25515.672728978097,2555.0
30048.46174756531,2555.0
30048.46174756531,2429.0
65609.51690983493,2429.0
65609.51690983493,2883.0
73708.2557210466,2883.0
73708.2557210466,2429.0
86400.000002,2429.0
# temp #9439
0.0,2234.0
1396.3824920123445,2234.0
1396.3824920123445,2667.0
37875.76419333928,2667.0
37875.76419333928,2555.0
39002.84021613189,2555.0
39002.84021613189,2667.0
69711.58655451146,2667.0
69711.58655451146,2555.0
70311.58655451146,2555.0
70311.58655451146,2667.0
86400.000002,2667.0
# temp #9440
0.0,2234.0
33261.427058838315,2234.0
33261.427058838315,2017.0
75883.72984291056,2017.0
75883.72984291056,2234.0
86400.0,2234.0
# temp #9441
0.0,2234.0
58790.62350417954,2234.0
58790.62350417954,2555.0
65535.13589145151,2555.0
65535.13589145151,2429.0
86400.0,2429.0
# temp #9442
0.0,2234.0
1075.855662371032,2234.0
1075.855662371032,2667.0
30453.66281177849,2667.0
30453.66281177849,2555.0
30760.704799834642,2555.0
30760.704799834642,2667.0
52738.709869491875,2667.0
52738.709869491875,2555.0
53038.709869491875,2555.0
53038.709869491875,2667.0
53914.41382337362,2667.0
53914.41382337362,2555.0
54514.41382337362,2555.0
54514.41382337362,2667.0
54801.13068614156,2667.0
54801.13068614156,2555.0
70006.09267582186,2555.0
70006.09267582186,2429.0
83686.41880711075,2429.0
83686.41880711075,2234.0
86400.0,2234.0
# temp #9443
0.0,2234.0
83428.30222304912,2234.0
83428.30222304912,2555.0
86400.000002,2555.0
# temp #9444
0.0,2234.0
39413.442454207696,2234.0
39413.442454207696,2429.0
40013.442454207696,2429.0
40013.442454207696,2555.0
42997.02775748447,2555.0
42997.02775748447,2429.0
69204.405481671,2429.0
69204.405481671,2555.0
86400.000002,2555.0
# temp #9445
0.0,2234.0
10973.417030484417,2234.0
10973.417030484417,2883.0
12391.430357610809,2883.0
12391.430357610809,2667.0
23451.953758927997,2667.0
23451.953758927997,2883.0
49273.247772082694,2883.0
49273.247772082694,2429.0
52564.46081707255,2429.0
52564.46081707255,2883.0
85132.83740810586,2883.0
85132.83740810586,2429.0
86400.000002,2429.0
# temp #9446
0.0,2234.0
6381.326525006444,2234.0
6381.326525006444,2667.0
7760.95724569168,2667.0
7760.95724569168,2555.0
9136.324378266001,2555.0
9136.324378266001,2667.0
19757.839959603738,2667.0
19757.839959603738,2555.0
20057.839959603738,2555.0
20057.839959603738,2429.0
31772.836128110073,2429.0
31772.836128110073,2555.0
36656.739870272584,2555.0
36656.739870272584,2429.0
71657.03473063187,2429.0
71657.03473063187,2883.0
78716.54176963495,2883.0
78716.54176963495,2667.0
86400.0,2667.0
# temp #9447
0.0,2234.0
20470.405633002523,2234.0
20470.405633002523,2017.0
43182.634979579605,2017.0
43182.634979579605,2234.0
81861.82285510005,2234.0
81861.82285510005,2017.0
86400.000002,2017.0
# temp #9448
0.0,2234.0
22835.912573081445,2234.0
22835.912573081445,2555.0
34948.142335633755,2555.0
34948.142335633755,2429.0
35301.735899224885,2429.0
35301.735899224885,2555.0
41328.99196841755,2555.0
41328.99196841755,2429.0
42209.77823655122,2429.0
42209.77823655122,2555.0
42820.388242369525,2555.0
42820.388242369525,2429.0
86400.0,2429.0
# temp #9449
0.0,2234.0
51472.98707007431,2234.0
51472.98707007431,2555.0
62903.610422322534,2555.0
62903.610422322534,2429.0
78710.48910752872,2429.0
78710.48910752872,2234.0
81453.11826432591,2234.0
81453.11826432591,2429.0
81816.77924953403,2429.0
81816.77924953403,2234.0
86400.0,2234.0
# temp #9450
0.0,2234.0
5811.893810983748,2234.0
5811.893810983748,2667.0
46515.95038301312,2667.0
46515.95038301312,2555.0
47556.24469458126,2555.0
47556.24469458126,2429.0
56168.09926398565,2429.0
56168.09926398565,2555.0
84098.56843685267,2555.0
84098.56843685267,2429.0
86400.000002,2429.0
# temp #9451
0.0,2234.0
921.1808280553669,2234.0
921.1808280553669,2667.0
21878.90116386116,2667.0
21878.90116386116,2555.0
22385.31324695796,2555.0
22385.31324695796,2667.0
38341.18875903078,2667.0
38341.18875903078,2555.0
38641.18875903078,2555.0
38641.18875903078,2667.0
39324.69115764835,2667.0
39324.69115764835,2555.0
39924.69115764835,2555.0
39924.69115764835,2667.0
67310.3288873099,2667.0
67310.3288873099,2555.0
71026.30553331693,2555.0
71026.30553331693,2429.0
86400.0,2429.0
# temp #9452
0.0,2234.0
67476.82649446653,2234.0
67476.82649446653,2555.0
72561.4766410785,2555.0
72561.4766410785,2667.0
82461.4766410785,2667.0
82461.4766410785,2555.0
82834.06374931803,2555.0
82834.06374931803,2429.0
86400.000002,2429.0
# temp #9453
0.0,2234.0
14389.95579206385,2234.0
14389.95579206385,2883.0
25489.95579206385,2883.0
25489.95579206385,2555.0
26369.79074184783,2555.0
26369.79074184783,2667.0
30649.322629021484,2667.0
30649.322629021484,2555.0
52555.241115717225,2555.0
52555.241115717225,2429.0
57574.7798395576,2429.0
57574.7798395576,2555.0
86400.000002,2555.0
# temp #9454
0.0,2234.0
31659.506005723964,2234.0
31659.506005723964,2429.0
63759.50600572396,2429.0
63759.50600572396,2555.0
64059.50600572396,2555.0
64059.50600572396,2667.0
81430.59378191829,2667.0
81430.59378191829,2555.0
86400.0,2555.0
# temp #9455
0.0,2234.0
2608.843256765977,2234.0
2608.843256765977,2667.0
40848.66838599556,2667.0
40848.66838599556,2555.0
41154.02256636881,2555.0
41154.02256636881,2667.0
63954.28439432291,2667.0
63954.28439432291,2555.0
64554.28439432291,2555.0
64554.28439432291,2667.0
79334.18813694736,2667.0
79334.18813694736,2555.0
83801.1282579275,2555.0
83801.1282579275,2429.0
86400.0,2429.0
# temp #9456
0.0,2234.0
72176.82770343965,2234.0
72176.82770343965,2555.0
73700.90673321394,2555.0
73700.90673321394,2667.0
80000.90673321394,2667.0
80000.90673321394,2555.0
81200.90673321394,2555.0
81200.90673321394,2429.0
86400.0,2429.0
# temp #9457
0.0,2234.0
13996.495827287437,2234.0
13996.495827287437,2429.0
14429.76287927013,2429.0
14429.76287927013,2555.0
15995.716672274286,2555.0
15995.716672274286,2429.0
30079.28617706057,2429.0
30079.28617706057,2883.0
32498.765244288374,2883.0
32498.765244288374,2429.0
74725.80560683274,2429.0
74725.80560683274,2883.0
75244.2460766528,2883.0
75244.2460766528,2667.0
86400.000002,2667.0
# temp #9458
0.0,2234.0
7467.285770550371,2234.0
7467.285770550371,2555.0
24943.134798947725,2555.0
24943.134798947725,2429.0
25387.926279427487,2429.0
25387.926279427487,2555.0
37988.899238454185,2555.0
37988.899238454185,2429.0
38580.75409471058,2429.0
38580.75409471058,2555.0
39668.563829781495,2555.0
39668.563829781495,2429.0
39968.563829781495,2429.0
39968.563829781495,2555.0
60368.563829781495,2555.0
60368.563829781495,2429.0
60668.563829781495,2429.0
60668.563829781495,2555.0
61268.563829781495,2555.0
61268.563829781495,2667.0
74820.96254518257,2667.0
74820.96254518257,2555.0
86400.0,2555.0
# temp #9459
0.0,2234.0
53160.51683533006,2234.0
53160.51683533006,2555.0
82546.66667198764,2555.0
82546.66667198764,2429.0
83092.50208027662,2429.0
83092.50208027662,2555.0
86400.0,2555.0
# temp #9460
0.0,2234.0
24891.809164406735,2234.0
24891.809164406735,2555.0
60299.25365913661,2555.0
60299.25365913661,2429.0
60693.287404580056,2429.0
60693.287404580056,2555.0
84309.14952631576,2555.0
84309.14952631576,2429.0
84925.41987102015,2429.0
84925.41987102015,2555.0
85720.84789441434,2555.0
85720.84789441434,2429.0
86020.84789441434,2429.0
86020.84789441434,2555.0
86400.0,2555.0
# temp #9461
0.0,2234.0
44922.10147997831,2234.0
44922.10147997831,2555.0
47514.24576595892,2555.0
47514.24576595892,2429.0
86302.37702087035,2429.0
86302.37702087035,2234.0
86400.0,2234.0
# temp #9462
0.0,2234.0
865.2418379439041,2234.0
865.2418379439041,2667.0
33547.52546350937,2667.0
33547.52546350937,2555.0
34559.999321470976,2555.0
34559.999321470976,2667.0
42967.95742618852,2667.0
42967.95742618852,2555.0
43267.95742618852,2555.0
43267.95742618852,2667.0
43567.95742618852,2667.0
43567.95742618852,2555.0
46867.95742618852,2555.0
46867.95742618852,2667.0
72367.95742618851,2667.0
72367.95742618851,2883.0
86400.0,2883.0
# temp #9463
0.0,2234.0
49286.219680449,2234.0
49286.219680449,2555.0
80996.42625236885,2555.0
80996.42625236885,2429.0
86400.0,2429.0
# temp #9464
0.0,2234.0
68273.59209896532,2234.0
68273.59209896532,2555.0
81943.98433605676,2555.0
81943.98433605676,2429.0
86400.000002,2429.0
# temp #9465
0.0,2234.0
1313.9409468742087,2234.0
1313.9409468742087,2667.0
36053.67678205949,2667.0
36053.67678205949,2555.0
37151.666999305606,2555.0
37151.666999305606,2667.0
68689.02710499243,2667.0
68689.02710499243,2555.0
71689.02710499243,2555.0
71689.02710499243,2667.0
86400.0,2667.0
# temp #9466
0.0,2234.0
2026.5035941964015,2234.0
2026.5035941964015,2883.0
13126.503594196402,2883.0
13126.503594196402,2555.0
32625.24616196752,2555.0
32625.24616196752,2429.0
53981.83695359622,2429.0
53981.83695359622,2555.0
59253.88481151313,2555.0
59253.88481151313,2429.0
74586.13596316428,2429.0
74586.13596316428,2883.0
86400.0,2883.0
# temp #9467
0.0,2234.0
13042.038569413127,2234.0
13042.038569413127,2883.0
14586.779060913252,2883.0
14586.779060913252,2667.0
26567.84786980134,2667.0
26567.84786980134,2883.0
33355.332445423126,2883.0
33355.332445423126,2667.0
41970.1611025259,2667.0
41970.1611025259,2234.0
62903.490289603375,2234.0
62903.490289603375,2429.0
71366.60565538333,2429.0
71366.60565538333,2555.0
73876.45717961715,2555.0
73876.45717961715,2667.0
86400.000002,2667.0
# temp #9468
0.0,2234.0
5967.1351687051365,2234.0
5967.1351687051365,2667.0
16527.731156861413,2667.0
16527.731156861413,2555.0
17172.16906626709,2555.0
17172.16906626709,2667.0
49404.83713857831,2667.0
49404.83713857831,2555.0
50004.83713857831,2555.0
50004.83713857831,2667.0
70478.0173729174,2667.0
70478.0173729174,2555.0
74910.315067973,2555.0
74910.315067973,2429.0
76079.6585905133,2429.0
76079.6585905133,2234.0
86400.0,2234.0
# temp #9469
0.0,2234.0
26170.955843478445,2234.0
26170.955843478445,2017.0
39641.92588222214,2017.0
39641.92588222214,2234.0
82802.94072045946,2234.0
82802.94072045946,2017.0
86400.000002,2017.0
# temp #9470
0.0,2234.0
63545.99394968246,2234.0
63545.99394968246,2555.0
64845.68456530106,2555.0
64845.68456530106,2667.0
65337.74085352198,2667.0
65337.74085352198,2555.0
65637.74085352199,2555.0
65637.74085352199,2667.0
86400.000002,2667.0
# temp #9471
0.0,2234.0
8778.685113927351,2234.0
8778.685113927351,2555.0
35651.471763616435,2555.0
35651.471763616435,2429.0
75471.11163935626,2429.0
75471.11163935626,2234.0
75771.11163935626,2234.0
75771.11163935626,2017.0
82111.01499446669,2017.0
82111.01499446669,2555.0
86400.0,2555.0
# temp #9472
0.0,2234.0
81019.57708820702,2234.0
81019.57708820702,2555.0
86400.0,2555.0
# temp #9473
0.0,2234.0
37143.365404685035,2234.0
37143.365404685035,2555.0
67770.791703905,2555.0
67770.791703905,2429.0
68230.16135967338,2429.0
68230.16135967338,2555.0
80447.57536074614,2555.0
80447.57536074614,2429.0
81939.69315814321,2429.0
81939.69315814321,2555.0
83129.41877909472,2555.0
83129.41877909472,2429.0
86400.0,2429.0
# temp #9474
0.0,2234.0
3064.730145432987,2234.0
3064.730145432987,2667.0
27847.239557001743,2667.0
27847.239557001743,2555.0
28555.498189106587,2555.0
28555.498189106587,2667.0
46945.23774459959,2667.0
46945.23774459959,2555.0
47245.23774459959,2555.0
47245.23774459959,2667.0
47545.23774459959,2667.0
47545.23774459959,2555.0
50845.23774459959,2555.0
50845.23774459959,2667.0
76345.23774459958,2667.0
76345.23774459958,2883.0
86400.0,2883.0
# temp #9475
0.0,2234.0
76582.67681649888,2234.0
76582.67681649888,2883.0
78982.67681649888,2883.0
78982.67681649888,2667.0
82487.51313630493,2667.0
82487.51313630493,2555.0
86400.000002,2555.0
# temp #9476
0.0,2234.0
59450.931353657514,2234.0
59450.931353657514,2555.0
86400.000002,2555.0
# temp #9477
0.0,2234.0
76889.94225708304,2234.0
76889.94225708304,2555.0
79574.68078394888,2555.0
79574.68078394888,2667.0
80146.74522907009,2667.0
80146.74522907009,2555.0
80446.74522907009,2555.0
80446.74522907009,2667.0
86400.000002,2667.0
# temp #9478
0.0,2234.0
3798.8283452577894,2234.0
3798.8283452577894,2555.0
9502.569908928128,2555.0
9502.569908928128,2429.0
44663.701357226826,2429.0
44663.701357226826,2234.0
51573.716878867715,2234.0
51573.716878867715,2429.0
67650.54254264107,2429.0
67650.54254264107,2234.0
79667.86926223432,2234.0
79667.86926223432,2667.0
86400.000002,2667.0
# temp #9479
0.0,2234.0
33473.81968949922,2234.0
33473.81968949922,2555.0
40316.315996088095,2555.0
40316.315996088095,2429.0
40910.368886170916,2429.0
40910.368886170916,2555.0
58245.89506674094,2555.0
58245.89506674094,2429.0
59116.08330260498,2429.0
59116.08330260498,2555.0
60332.64517241625,2555.0
60332.64517241625,2429.0
60632.64517241625,2429.0
60632.64517241625,2555.0
81032.64517241625,2555.0
81032.64517241625,2429.0
81332.64517241625,2429.0
81332.64517241625,2555.0
81932.64517241625,2555.0
81932.64517241625,2667.0
86400.0,2667.0
# temp #9480
0.0,2234.0
36277.72286105902,2234.0
36277.72286105902,2017.0
56464.88296017052,2017.0
56464.88296017052,2234.0
64493.95822780208,2234.0
64493.95822780208,2017.0
86400.0,2017.0
# temp #9481
0.0,2234.0
5039.535602135585,2234.0
5039.535602135585,2667.0
53685.93834643253,2667.0
53685.93834643253,2555.0
54733.51104059257,2555.0
54733.51104059257,2429.0
62466.18643279654,2429.0
62466.18643279654,2555.0
86400.0,2555.0
# temp #9482
0.0,2234.0
17856.735612591732,2234.0
17856.735612591732,2017.0
51922.45964943433,2017.0
51922.45964943433,2234.0
86400.0,2234.0
# temp #9483
0.0,2234.0
51090.1908552507,2234.0
51090.1908552507,2429.0
83190.1908552507,2429.0
83190.1908552507,2555.0
83490.1908552507,2555.0
83490.1908552507,2667.0
86400.000002,2667.0
# temp #9484
0.0,2234.0
15947.181079443546,2234.0
15947.181079443546,2555.0
16445.0429613702,2555.0
16445.0429613702,2429.0
27731.6220629029,2429.0
27731.6220629029,2234.0
28331.6220629029,2234.0
28331.6220629029,2429.0
46631.6220629029,2429.0
46631.6220629029,2555.0
48131.6220629029,2555.0
48131.6220629029,2429.0
53589.72783288919,2429.0
53589.72783288919,2234.0
68769.04436009936,2234.0
68769.04436009936,2667.0
86400.000002,2667.0
# temp #9485
0.0,2234.0
79196.87516258565,2234.0
79196.87516258565,2555.0
86400.000002,2555.0
# temp #9486
0.0,2234.0
15167.81166843139,2234.0
15167.81166843139,2883.0
16666.70406740159,2883.0
16666.70406740159,2667.0
24513.722158363093,2667.0
24513.722158363093,2883.0
51273.31510595978,2883.0
51273.31510595978,2429.0
54792.6224651048,2429.0
54792.6224651048,2234.0
64574.71602943261,2234.0
64574.71602943261,2667.0
71509.5030145487,2667.0
71509.5030145487,2555.0
86400.0,2555.0
# temp #9487
0.0,2234.0
7223.108190391214,2234.0
7223.108190391214,2555.0
29757.167365634818,2555.0
29757.167365634818,2429.0
30074.839035049084,2429.0
30074.839035049084,2555.0
32018.539850972596,2555.0
32018.539850972596,2429.0
32617.570946272466,2429.0
32617.570946272466,2234.0
61506.72899067869,2234.0
61506.72899067869,2429.0
65687.11252394134,2429.0
65687.11252394134,2555.0
65872.73079680746,2555.0
65872.73079680746,2429.0
68570.3745388426,2429.0
68570.3745388426,2555.0
85730.63229792753,2555.0
85730.63229792753,2429.0
86400.0,2429.0
# temp #9488
0.0,2234.0
37827.91936411523,2234.0
37827.91936411523,2429.0
69927.91936411522,2429.0
69927.91936411522,2555.0
70227.91936411522,2555.0
70227.91936411522,2667.0
70449.3887482211,2667.0
70449.3887482211,2555.0
71942.08724184429,2555.0
71942.08724184429,2429.0
77195.48713427504,2429.0
77195.48713427504,2555.0
86400.0,2555.0
# temp #9489
0.0,2234.0
34477.93471771293,2234.0
34477.93471771293,2429.0
34781.96291767527,2429.0
34781.96291767527,2555.0
37792.8721747594,2555.0
37792.8721747594,2429.0
54345.72115433404,2429.0
54345.72115433404,2555.0
65177.60425151793,2555.0
65177.60425151793,2883.0
75093.93617191819,2883.0
75093.93617191819,2429.0
86400.000002,2429.0
# temp #9490
0.0,2234.0
57917.85168803763,2234.0
57917.85168803763,2555.0
73394.6441384498,2555.0
73394.6441384498,2234.0
79537.48844121583,2234.0
79537.48844121583,2429.0
86400.000002,2429.0
# temp #9491
0.0,2234.0
8508.973012981007,2234.0
8508.973012981007,2667.0
39061.457005469136,2667.0
39061.457005469136,2555.0
39661.07467473485,2555.0
39661.07467473485,2429.0
65278.1010658946,2429.0
65278.1010658946,2234.0
85206.59215967172,2234.0
85206.59215967172,2429.0
86400.000002,2429.0
# temp #9492
0.0,2234.0
7217.517957324164,2234.0
7217.517957324164,2667.0
8209.586460026914,2667.0
8209.586460026914,2555.0
9486.581452726388,2555.0
9486.581452726388,2429.0
42430.17725225073,2429.0
42430.17725225073,2555.0
67062.3407087289,2555.0
67062.3407087289,2429.0
70896.76548207646,2429.0
70896.76548207646,2555.0
86400.000002,2555.0
# temp #9493
0.0,2234.0
7485.415412276054,2234.0
7485.415412276054,2667.0
21848.832265706737,2667.0
21848.832265706737,2555.0
22463.433041749526,2555.0
22463.433041749526,2429.0
63438.712192000836,2429.0
63438.712192000836,2883.0
66361.97581747548,2883.0
66361.97581747548,2429.0
82848.21773681325,2429.0
82848.21773681325,2555.0
86400.000002,2555.0
# temp #9494
0.0,2234.0
7445.578499883415,2234.0
7445.578499883415,2667.0
52297.987061203465,2667.0
52297.987061203465,2555.0
53757.71445308347,2555.0
53757.71445308347,2667.0
84376.48315520493,2667.0
84376.48315520493,2555.0
84976.48315520493,2555.0
84976.48315520493,2667.0
86400.000002,2667.0
# temp #9495
0.0,2234.0
6102.757248049603,2234.0
6102.757248049603,2883.0
7767.402415769176,2883.0
7767.402415769176,2667.0
16200.458885030823,2667.0
16200.458885030823,2883.0
48261.89161897638,2883.0
48261.89161897638,2429.0
49071.37729309034,2429.0
49071.37729309034,2555.0
52383.38836266194,2555.0
52383.38836266194,2429.0
86400.0,2429.0
# temp #9496
0.0,2234.0
2234.228020836599,2234.0
2234.228020836599,2883.0
3028.6458565620705,2883.0
3028.6458565620705,2667.0
10554.766857856885,2667.0
10554.766857856885,2883.0
21003.741756593812,2883.0
21003.741756593812,2667.0
40970.94992003404,2667.0
40970.94992003404,2555.0
47649.78206204251,2555.0
47649.78206204251,2429.0
82372.95554936865,2429.0
82372.95554936865,2555.0
86400.0,2555.0
# temp #9497
0.0,2234.0
45831.07760616113,2234.0
45831.07760616113,2429.0
46395.72152760812,2429.0
46395.72152760812,2555.0
47967.003676341854,2555.0
47967.003676341854,2429.0
49506.70369437431,2429.0
49506.70369437431,2234.0
59461.95146406536,2234.0
59461.95146406536,2667.0
86400.0,2667.0
# temp #9498
0.0,2234.0
18598.212865646932,2234.0
18598.212865646932,2017.0
63902.87721664646,2017.0
63902.87721664646,2234.0
66360.62504821458,2234.0
66360.62504821458,2017.0
86400.0,2017.0
# temp #9499
0.0,2234.0
4006.2647563638175,2234.0
4006.2647563638175,2667.0
13450.347951217558,2667.0
13450.347951217558,2555.0
14127.303541149016,2555.0
14127.303541149016,2667.0
38473.14810706303,2667.0
38473.14810706303,2555.0
38773.14810706303,2555.0
38773.14810706303,2429.0
45265.235056215904,2429.0
45265.235056215904,2555.0
59986.15876464175,2555.0
59986.15876464175,2429.0
86400.0,2429.0
# temp #9500
0.0,2234.0
40813.25427310076,2234.0
40813.25427310076,2429.0
41113.25427310076,2429.0
41113.25427310076,2234.0
55965.66959645134,2234.0
55965.66959645134,2667.0
65063.89699866997,2667.0
65063.89699866997,2555.0
86400.000002,2555.0
# temp #9501
0.0,2234.0
6951.934416149744,2234.0
6951.934416149744,2883.0
7850.722536351533,2883.0
7850.722536351533,2667.0
10805.66892712377,2667.0
10805.66892712377,2883.0
36739.01839451864,2883.0
36739.01839451864,2429.0
73115.87633786259,2429.0
73115.87633786259,2555.0
86400.0,2555.0
# temp #9502
0.0,2234.0
82787.44951137343,2234.0
82787.44951137343,2555.0
86400.000002,2555.0
# temp #9503
0.0,2234.0
3280.310337385163,2234.0
3280.310337385163,2667.0
26113.161277212206,2667.0
26113.161277212206,2555.0
27117.76656378061,2555.0
27117.76656378061,2667.0
38675.180749618456,2667.0
38675.180749618456,2555.0
39275.180749618456,2555.0
39275.180749618456,2667.0
53681.71105852817,2667.0
53681.71105852817,2555.0
57790.96617756878,2555.0
57790.96617756878,2429.0
86400.000002,2429.0
# temp #9504
0.0,2234.0
28034.36366224196,2234.0
28034.36366224196,2429.0
28334.36366224196,2429.0
28334.36366224196,2234.0
37277.01370019931,2234.0
37277.01370019931,2555.0
38477.01370019931,2555.0
38477.01370019931,2883.0
71623.02711526865,2883.0
71623.02711526865,2429.0
84165.7779272413,2429.0
84165.7779272413,2555.0
86400.000002,2555.0
# temp #9505
0.0,2234.0
76213.95684597084,2234.0
76213.95684597084,2555.0
84658.15116371961,2555.0
84658.15116371961,2429.0
86400.0,2429.0
# temp #9506
0.0,2234.0
76932.14488425294,2234.0
76932.14488425294,2883.0
79332.14488425294,2883.0
79332.14488425294,2667.0
86400.0,2667.0
# temp #9507
0.0,2234.0
61537.98488108442,2234.0
61537.98488108442,2555.0
75355.58407958598,2555.0
75355.58407958598,2429.0
75735.11959800964,2429.0
75735.11959800964,2555.0
83419.2410560325,2555.0
83419.2410560325,2429.0
83755.05979070441,2429.0
83755.05979070441,2555.0
84778.03803524004,2555.0
84778.03803524004,2429.0
86400.0,2429.0
# temp #9508
0.0,2234.0
55197.85278139171,2234.0
55197.85278139171,2555.0
55893.778352555826,2555.0
55893.778352555826,2667.0
65793.77835255582,2667.0
65793.77835255582,2555.0
67045.21859970411,2555.0
67045.21859970411,2429.0
67111.84792576825,2429.0
67111.84792576825,2555.0
85475.83195301706,2555.0
85475.83195301706,2429.0
86400.000002,2429.0
# temp #9509
0.0,2234.0
2537.1041230391716,2234.0
2537.1041230391716,2555.0
13873.032447835432,2555.0
13873.032447835432,2429.0
14378.724438557403,2429.0
14378.724438557403,2555.0
36740.953378169805,2555.0
36740.953378169805,2429.0
37954.2151225498,2429.0
37954.2151225498,2555.0
38524.536184757024,2555.0
38524.536184757024,2429.0
38824.536184757024,2429.0
38824.536184757024,2555.0
39124.536184757024,2555.0
39124.536184757024,2429.0
39724.536184757024,2429.0
39724.536184757024,2555.0
44596.423510252505,2555.0
44596.423510252505,2429.0
47787.34905598686,2429.0
47787.34905598686,2555.0
78741.58363630997,2555.0
78741.58363630997,2429.0
86400.0,2429.0
# temp #9510
0.0,2234.0
6524.219822790475,2234.0
6524.219822790475,2883.0
17624.219822790474,2883.0
17624.219822790474,2555.0
51728.99148983416,2555.0
51728.99148983416,2429.0
55073.61532745418,2429.0
55073.61532745418,2883.0
61205.196123523645,2883.0
61205.196123523645,2429.0
77185.39076694289,2429.0
77185.39076694289,2883.0
77619.31725614706,2883.0
77619.31725614706,2429.0
80390.70933675395,2429.0
80390.70933675395,2234.0
86400.0,2234.0
# temp #9511
0.0,2234.0
1785.1813713787126,2234.0
1785.1813713787126,2667.0
31432.748193363663,2667.0
31432.748193363663,2555.0
32650.297278142538,2555.0
32650.297278142538,2667.0
53547.445348114714,2667.0
53547.445348114714,2555.0
53847.445348114714,2555.0
53847.445348114714,2667.0
54609.25955744461,2667.0
54609.25955744461,2555.0
55209.25955744461,2555.0
55209.25955744461,2667.0
86400.000002,2667.0
# temp #9512
0.0,2234.0
40105.554723367095,2234.0
40105.554723367095,2883.0
42505.554723367095,2883.0
42505.554723367095,2667.0
63413.12642474659,2667.0
63413.12642474659,2234.0
83016.26682230271,2234.0
83016.26682230271,2667.0
86400.000002,2667.0
# temp #9513
0.0,2234.0
28826.68139857706,2234.0
28826.68139857706,2555.0
65157.23415578251,2555.0
65157.23415578251,2429.0
65626.55725409278,2429.0
65626.55725409278,2555.0
77673.55178310537,2555.0
77673.55178310537,2429.0
78502.65377028847,2429.0
78502.65377028847,2555.0
79302.38024094143,2555.0
79302.38024094143,2429.0
79602.38024094143,2429.0
79602.38024094143,2555.0
79902.38024094143,2555.0
79902.38024094143,2429.0
80502.38024094143,2429.0
80502.38024094143,2555.0
83229.01300848463,2555.0
83229.01300848463,2429.0
86400.000002,2429.0
# temp #9514
0.0,2234.0
1978.028420568444,2234.0
1978.028420568444,2667.0
23260.84668617696,2667.0
23260.84668617696,2555.0
24274.991280678663,2555.0
24274.991280678663,2667.0
38760.758077120416,2667.0
38760.758077120416,2555.0
39360.758077120416,2555.0
39360.758077120416,2667.0
52223.23996494525,2667.0
52223.23996494525,2555.0
55496.63934255951,2555.0
55496.63934255951,2429.0
72935.45760973358,2429.0
72935.45760973358,2555.0
86400.000002,2555.0
# temp #9515
0.0,2234.0
1879.79695298709,2234.0
1879.79695298709,2555.0
27994.49818208814,2555.0
27994.49818208814,2429.0
73793.85975301267,2429.0
73793.85975301267,2234.0
74393.85975301267,2234.0
74393.85975301267,2429.0
76793.85975301267,2429.0
76793.85975301267,2555.0
86400.0,2555.0
# temp #9516
0.0,2234.0
5414.149072906003,2234.0
5414.149072906003,2555.0
36443.36001821794,2555.0
36443.36001821794,2429.0
70960.89369230905,2429.0
70960.89369230905,2234.0
76753.09760675301,2234.0
76753.09760675301,2429.0
86400.000002,2429.0
# temp #9517
0.0,2234.0
32482.1884212317,2234.0
32482.1884212317,2555.0
55552.51527309885,2555.0
55552.51527309885,2429.0
56729.278885130785,2429.0
56729.278885130785,2234.0
63869.90378054326,2234.0
63869.90378054326,2429.0
83116.71101571993,2429.0
83116.71101571993,2234.0
86400.0,2234.0
# temp #9518
0.0,2234.0
11594.479540083557,2234.0
11594.479540083557,2017.0
60395.93371110969,2017.0
60395.93371110969,2234.0
71192.46066226625,2234.0
71192.46066226625,2017.0
86400.000002,2017.0
# temp #9519
0.0,2234.0
24521.935951989148,2234.0
24521.935951989148,2429.0
24906.475835060704,2429.0
24906.475835060704,2555.0
25427.962675457824,2555.0
25427.962675457824,2429.0
45281.15281651263,2429.0
45281.15281651263,2234.0
59770.39864689578,2234.0
59770.39864689578,2667.0
84948.07943855414,2667.0
84948.07943855414,2555.0
86400.0,2555.0
# temp #9520
0.0,2234.0
6837.864726525733,2234.0
6837.864726525733,2667.0
17822.032426809896,2667.0
17822.032426809896,2555.0
18608.527228189636,2555.0
18608.527228189636,2429.0
36920.72290093639,2429.0
36920.72290093639,2883.0
47216.30230606534,2883.0
47216.30230606534,2667.0
68480.47597899569,2667.0
68480.47597899569,2234.0
86400.000002,2234.0
# temp #9521
0.0,2234.0
6988.988997344861,2234.0
6988.988997344861,2667.0
10630.751090892592,2667.0
10630.751090892592,2555.0
11428.992991824636,2555.0
11428.992991824636,2667.0
18656.408932479102,2667.0
18656.408932479102,2555.0
18956.408932479102,2555.0
18956.408932479102,2667.0
19837.978487438526,2667.0
19837.978487438526,2555.0
20437.978487438526,2555.0
20437.978487438526,2667.0
24642.786364699718,2667.0
24642.786364699718,2555.0
37585.42695881334,2555.0
37585.42695881334,2667.0
59252.299864380635,2667.0
59252.299864380635,2883.0
72553.90155378265,2883.0
72553.90155378265,2667.0
85209.43612600678,2667.0
85209.43612600678,2555.0
86400.000002,2555.0
# temp #9522
0.0,2234.0
3253.3020259346818,2234.0
3253.3020259346818,2429.0
3553.3020259346818,2429.0
3553.3020259346818,2234.0
16411.741286166944,2234.0
16411.741286166944,2429.0
28263.49241829012,2429.0
28263.49241829012,2555.0
40293.88595272322,2555.0
40293.88595272322,2667.0
42066.361420601614,2667.0
42066.361420601614,2234.0
68152.72594294512,2234.0
68152.72594294512,2429.0
78708.90994886869,2429.0
78708.90994886869,2555.0
86400.000002,2555.0
# temp #9523
0.0,2234.0
3459.895767574199,2234.0
3459.895767574199,2667.0
34547.045262227766,2667.0
34547.045262227766,2555.0
35950.958536821425,2555.0
35950.958536821425,2667.0
48774.03716216796,2667.0
48774.03716216796,2555.0
49074.03716216796,2555.0
49074.03716216796,2667.0
49374.03716216796,2667.0
49374.03716216796,2555.0
52674.03716216796,2555.0
52674.03716216796,2667.0
78174.03716216795,2667.0
78174.03716216795,2883.0
86400.0,2883.0
# temp #9524
0.0,2234.0
30132.840128475804,2234.0
30132.840128475804,2555.0
50752.155779208995,2555.0
50752.155779208995,2429.0
51279.0903646499,2429.0
51279.0903646499,2555.0
70064.32229087224,2555.0
70064.32229087224,2429.0
70604.04893180823,2429.0
70604.04893180823,2234.0
71257.54018260633,2234.0
71257.54018260633,2667.0
82123.6302096164,2667.0
82123.6302096164,2555.0
86400.000002,2555.0
# temp #9525
0.0,2234.0
2961.5459178574383,2234.0
2961.5459178574383,2883.0
4349.297686619684,2883.0
4349.297686619684,2667.0
7535.956057347357,2667.0
7535.956057347357,2883.0
19882.60525104124,2883.0
19882.60525104124,2429.0
29978.222265327353,2429.0
29978.222265327353,2234.0
50125.916977319874,2234.0
50125.916977319874,2429.0
55582.89261006285,2429.0
55582.89261006285,2555.0
73609.65115840083,2555.0
73609.65115840083,2667.0
86400.0,2667.0
# temp #9526
0.0,2234.0
15194.028986454943,2234.0
15194.028986454943,2555.0
19592.44787609205,2555.0
19592.44787609205,2667.0
25892.44787609205,2667.0
25892.44787609205,2555.0
27092.44787609205,2555.0
27092.44787609205,2429.0
70292.44787609205,2429.0
70292.44787609205,2234.0
86245.83836579695,2234.0
86245.83836579695,2667.0
86400.0,2667.0
# temp #9527
0.0,2234.0
43918.42012326234,2234.0
43918.42012326234,2429.0
44449.49591425248,2429.0
44449.49591425248,2555.0
49516.50951099583,2555.0
49516.50951099583,2429.0
67381.89217715991,2429.0
67381.89217715991,2555.0
86400.0,2555.0
# temp #9528
0.0,2234.0
44311.15510356613,2234.0
44311.15510356613,2555.0
47085.7982228743,2555.0
47085.7982228743,2667.0
47452.2315272363,2667.0
47452.2315272363,2555.0
53452.2315272363,2555.0
53452.2315272363,2429.0
55852.2315272363,2429.0
55852.2315272363,2234.0
59452.2315272363,2234.0
59452.2315272363,2429.0
60652.2315272363,2429.0
60652.2315272363,2234.0
66352.23152723629,2234.0
66352.23152723629,2429.0
86400.000002,2429.0
# temp #9529
0.0,2234.0
8307.903052750045,2234.0
8307.903052750045,2667.0
56838.52768151556,2667.0
56838.52768151556,2555.0
58127.552887354985,2555.0
58127.552887354985,2667.0
82912.75604499971,2667.0
82912.75604499971,2555.0
83212.75604499971,2555.0
83212.75604499971,2667.0
83512.75604499971,2667.0
83512.75604499971,2555.0
86400.000002,2555.0
# temp #9530
0.0,2234.0
31308.83571042214,2234.0
31308.83571042214,2555.0
39729.73392948043,2555.0
39729.73392948043,2429.0
40150.894105061896,2429.0
40150.894105061896,2555.0
48031.52376471554,2555.0
48031.52376471554,2429.0
48488.87198057492,2429.0
48488.87198057492,2555.0
48806.174844154164,2555.0
48806.174844154164,2429.0
86400.0,2429.0
# temp #9531
0.0,2234.0
81602.27331316566,2234.0
81602.27331316566,2555.0
86400.000002,2555.0
# temp #9532
0.0,2234.0
45567.18655298465,2234.0
45567.18655298465,2429.0
77667.18655298464,2429.0
77667.18655298464,2555.0
77967.18655298464,2555.0
77967.18655298464,2667.0
86400.0,2667.0
# temp #9533
0.0,2234.0
58739.27207461093,2234.0
58739.27207461093,2555.0
86400.000002,2555.0
# temp #9534
0.0,2234.0
967.2612962778658,2234.0
967.2612962778658,2667.0
27231.17458429188,2667.0
27231.17458429188,2555.0
28263.260412868116,2555.0
28263.260412868116,2667.0
52414.983681309976,2667.0
52414.983681309976,2555.0
53014.983681309976,2555.0
53014.983681309976,2667.0
69088.86376298034,2667.0
69088.86376298034,2555.0
69627.83807194793,2555.0
69627.83807194793,2429.0
86400.000002,2429.0
# temp #9535
0.0,2234.0
14454.18232942466,2234.0
14454.18232942466,2883.0
16021.774983988147,2883.0
16021.774983988147,2667.0
26620.833823434084,2667.0
26620.833823434084,2883.0
40370.23167398293,2883.0
40370.23167398293,2429.0
47553.443444031305,2429.0
47553.443444031305,2555.0
68577.13956185618,2555.0
68577.13956185618,2429.0
81697.92853938417,2429.0
81697.92853938417,2555.0
86400.000002,2555.0
# temp #9536
0.0,2234.0
43199.71921853722,2234.0
43199.71921853722,2555.0
49377.0285667386,2555.0
49377.0285667386,2429.0
49719.52299219557,2429.0
49719.52299219557,2555.0
65441.253341361895,2555.0
65441.253341361895,2429.0
66165.55758370088,2429.0
66165.55758370088,2555.0
67052.99231484534,2555.0
67052.99231484534,2429.0
67352.99231484534,2429.0
67352.99231484534,2555.0
68852.99231484534,2555.0
68852.99231484534,2429.0
79052.99231484534,2429.0
79052.99231484534,2234.0
86400.0,2234.0
# temp #9537
0.0,2234.0
6360.309610725381,2234.0
6360.309610725381,2555.0
11646.251117647627,2555.0
11646.251117647627,2429.0
11967.843593540603,2429.0
11967.843593540603,2555.0
27357.325937203135,2555.0
27357.325937203135,2429.0
28010.94585056417,2429.0
28010.94585056417,2234.0
41546.599323302515,2234.0
41546.599323302515,2429.0
59688.55246554595,2429.0
59688.55246554595,2555.0
67602.44766266552,2555.0
67602.44766266552,2667.0
84111.30525777118,2667.0
84111.30525777118,2555.0
86400.000002,2555.0
# temp #9538
0.0,2234.0
7589.470198284836,2234.0
7589.470198284836,2667.0
40837.49334372115,2667.0
40837.49334372115,2555.0
41533.79403452855,2555.0
41533.79403452855,2429.0
70584.59585979582,2429.0
70584.59585979582,2555.0
78302.35978849234,2555.0
78302.35978849234,2667.0
86400.000002,2667.0
# temp #9539
0.0,2234.0
8293.698443588803,2234.0
8293.698443588803,2555.0
9022.901515220294,2555.0
9022.901515220294,2429.0
9611.922994838098,2429.0
9611.922994838098,2555.0
12601.59779561218,2555.0
12601.59779561218,2429.0
13677.234565629626,2429.0
13677.234565629626,2555.0
14211.971943522805,2555.0
14211.971943522805,2429.0
14511.971943522805,2429.0
14511.971943522805,2555.0
34911.9719435228,2555.0
34911.9719435228,2429.0
35211.9719435228,2429.0
35211.9719435228,2555.0
35811.9719435228,2555.0
35811.9719435228,2667.0
52811.989632854245,2667.0
52811.989632854245,2234.0
55775.094320322394,2234.0
55775.094320322394,2429.0
60174.70197358635,2429.0
60174.70197358635,2883.0
61208.62688196358,2883.0
61208.62688196358,2667.0
86400.0,2667.0
# temp #9540
0.0,2234.0
7652.262098947542,2234.0
7652.262098947542,2667.0
53077.13765313384,2667.0
53077.13765313384,2555.0
54192.39297544119,2555.0
54192.39297544119,2667.0
79666.0530465888,2667.0
79666.0530465888,2555.0
82666.0530465888,2555.0
82666.0530465888,2667.0
86400.000002,2667.0
# temp #9541
0.0,2234.0
34009.58823356778,2234.0
34009.58823356778,2555.0
37055.787322414115,2555.0
37055.787322414115,2667.0
43355.787322414115,2667.0
43355.787322414115,2555.0
44555.787322414115,2555.0
44555.787322414115,2429.0
86400.0,2429.0
# temp #9542
0.0,2234.0
82921.36305395981,2234.0
82921.36305395981,2555.0
86400.000002,2555.0
# temp #9543
0.0,2234.0
38776.82839629707,2234.0
38776.82839629707,2429.0
45676.82839629707,2429.0
45676.82839629707,2555.0
47476.82839629707,2555.0
47476.82839629707,2429.0
60376.82839629707,2429.0
60376.82839629707,2234.0
60676.82839629707,2234.0
60676.82839629707,2017.0
60976.82839629707,2017.0
60976.82839629707,2234.0
61276.82839629707,2234.0
61276.82839629707,2017.0
66092.44086190594,2017.0
66092.44086190594,2234.0
69588.56992532966,2234.0
69588.56992532966,2429.0
86400.000002,2429.0
# temp #9544
0.0,2234.0
67494.2115178099,2234.0
67494.2115178099,2555.0
71902.06891454292,2555.0
71902.06891454292,2667.0
78202.06891454292,2667.0
78202.06891454292,2555.0
79402.06891454292,2555.0
79402.06891454292,2429.0
86400.000002,2429.0
# temp #9545
0.0,2234.0
71541.97186231613,2234.0
71541.97186231613,2883.0
73941.97186231613,2883.0
73941.97186231613,2667.0
76830.25261033326,2667.0
76830.25261033326,2555.0
86400.0,2555.0
# temp #9546
0.0,2234.0
7699.754740018398,2234.0
7699.754740018398,2017.0
47987.26188330912,2017.0
47987.26188330912,2234.0
51108.09655948543,2234.0
51108.09655948543,2017.0
67243.81160703489,2017.0
67243.81160703489,2234.0
85716.16843384692,2234.0
85716.16843384692,2017.0
86400.0,2017.0
# temp #9547
0.0,2234.0
65799.4413233595,2234.0
65799.4413233595,2883.0
68199.4413233595,2883.0
68199.4413233595,2667.0
86400.000002,2667.0
# temp #9548
0.0,2234.0
2875.96507659182,2234.0
2875.96507659182,2667.0
13655.154336523266,2667.0
13655.154336523266,2555.0
14672.373404446991,2555.0
14672.373404446991,2667.0
32366.599606582902,2667.0
32366.599606582902,2555.0
32966.5996065829,2555.0
32966.5996065829,2667.0
51721.933900192395,2667.0
51721.933900192395,2555.0
54299.481943622246,2555.0
54299.481943622246,2429.0
77225.77825847549,2429.0
77225.77825847549,2234.0
84543.24181813282,2234.0
84543.24181813282,2667.0
86400.0,2667.0
# temp #9549
0.0,2234.0
11404.47222199291,2234.0
11404.47222199291,2429.0
11734.94518243242,2429.0
11734.94518243242,2234.0
12560.428888374008,2234.0
12560.428888374008,2429.0
18120.00175199937,2429.0
18120.00175199937,2234.0
31736.622376134623,2234.0
31736.622376134623,2429.0
33145.17773813569,2429.0
33145.17773813569,2555.0
33735.283920401715,2555.0
33735.283920401715,2429.0
34035.283920401715,2429.0
34035.283920401715,2555.0
35535.283920401715,2555.0
35535.283920401715,2429.0
45735.28392040171,2429.0
45735.28392040171,2234.0
86400.000002,2234.0
# temp #9550
0.0,2234.0
6644.593784795144,2234.0
6644.593784795144,2667.0
54071.81744389237,2667.0
54071.81744389237,2555.0
54491.955928970136,2555.0
54491.955928970136,2667.0
59417.83935057466,2667.0
59417.83935057466,2555.0
59717.83935057466,2555.0
59717.83935057466,2667.0
60017.83935057466,2667.0
60017.83935057466,2555.0
63317.83935057466,2555.0
63317.83935057466,2667.0
86400.000002,2667.0
# temp #9551
0.0,2234.0
64715.7457068097,2234.0
64715.7457068097,2555.0
86400.000002,2555.0
# temp #9552
0.0,2234.0
6530.748349567876,2234.0
6530.748349567876,2667.0
39726.2130787829,2667.0
39726.2130787829,2555.0
40508.60282576178,2555.0
40508.60282576178,2429.0
60417.60679513683,2429.0
60417.60679513683,2883.0
86400.0,2883.0
# temp #9553
0.0,2234.0
26773.256005835723,2234.0
26773.256005835723,2429.0
27285.46838485636,2429.0
27285.46838485636,2234.0
28166.079398640435,2234.0
28166.079398640435,2429.0
29298.290835949596,2429.0
29298.290835949596,2234.0
33580.21027960349,2234.0
33580.21027960349,2429.0
34274.4843189139,2429.0
34274.4843189139,2234.0
42340.110333217315,2234.0
42340.110333217315,2667.0
54249.32507055347,2667.0
54249.32507055347,2234.0
66247.69370905125,2234.0
66247.69370905125,2429.0
72490.77798798682,2429.0
72490.77798798682,2234.0
86400.0,2234.0
# temp #9554
0.0,2234.0
3075.1054059946914,2234.0
3075.1054059946914,2667.0
48908.50226485637,2667.0
48908.50226485637,2555.0
49417.10076096934,2555.0
49417.10076096934,2429.0
53675.48492022325,2429.0
53675.48492022325,2555.0
70129.52786211392,2555.0
70129.52786211392,2667.0
86400.0,2667.0
# temp #9555
0.0,2234.0
14244.087816285904,2234.0
14244.087816285904,2883.0
15347.147076297555,2883.0
15347.147076297555,2667.0
26771.181641821757,2667.0
26771.181641821757,2883.0
54565.68184553181,2883.0
54565.68184553181,2429.0
73466.5815629298,2429.0
73466.5815629298,2555.0
82492.00156359003,2555.0
82492.00156359003,2429.0
86400.000002,2429.0
# temp #9556
0.0,2234.0
6761.845302558506,2234.0
6761.845302558506,2667.0
30074.372598412454,2667.0
30074.372598412454,2555.0
30730.25779004675,2555.0
30730.25779004675,2667.0
65930.98437760492,2667.0
65930.98437760492,2555.0
68930.98437760492,2555.0
68930.98437760492,2667.0
86400.0,2667.0
# temp #9557
0.0,2234.0
32908.57667333912,2234.0
32908.57667333912,2429.0
33259.97809956316,2429.0
33259.97809956316,2555.0
34668.526459881105,2555.0
34668.526459881105,2429.0
60368.53450757917,2429.0
60368.53450757917,2555.0
73545.21305097733,2555.0
73545.21305097733,2429.0
86400.000002,2429.0
# temp #9558
0.0,2234.0
52735.53386579734,2234.0
52735.53386579734,2429.0
53101.98792074808,2429.0
53101.98792074808,2555.0
56663.45020201989,2555.0
56663.45020201989,2429.0
62976.3224791037,2429.0
62976.3224791037,2555.0
81085.98651629874,2555.0
81085.98651629874,2429.0
86400.000002,2429.0
# temp #9559
0.0,2234.0
12312.444823980333,2234.0
12312.444823980333,2017.0
25361.699268361557,2017.0
25361.699268361557,2234.0
69504.76268338972,2234.0
69504.76268338972,2017.0
86400.000002,2017.0
# temp #9560
0.0,2234.0
24908.212582091805,2234.0
24908.212582091805,2555.0
28242.10211501923,2555.0
28242.10211501923,2667.0
28571.028811996806,2667.0
28571.028811996806,2555.0
34571.0288119968,2555.0
34571.0288119968,2429.0
36971.0288119968,2429.0
36971.0288119968,2234.0
40571.0288119968,2234.0
40571.0288119968,2429.0
41771.0288119968,2429.0
41771.0288119968,2234.0
47471.0288119968,2234.0
47471.0288119968,2429.0
59379.72727711313,2429.0
59379.72727711313,2234.0
69013.7537591625,2234.0
69013.7537591625,2667.0
79575.19556963818,2667.0
79575.19556963818,2555.0
86400.0,2555.0
# temp #9561
0.0,2234.0
55048.4886283055,2234.0
55048.4886283055,2429.0
55348.4886283055,2429.0
55348.4886283055,2234.0
66976.78168758286,2234.0
66976.78168758286,2429.0
86400.0,2429.0
# temp #9562
0.0,2234.0
68225.49603721127,2234.0
68225.49603721127,2555.0
86400.000002,2555.0
# temp #9563
0.0,2234.0
81961.22251523194,2234.0
81961.22251523194,2555.0
86400.000002,2555.0
# temp #9564
0.0,2234.0
74623.60515135808,2234.0
74623.60515135808,2555.0
75870.93682971319,2555.0
75870.93682971319,2429.0
86400.0,2429.0
# temp #9565
0.0,2234.0
2195.2752772020176,2234.0
2195.2752772020176,2883.0
3922.7226629387587,2883.0
3922.7226629387587,2667.0
12821.919588698074,2667.0
12821.919588698074,2883.0
14273.230331065133,2883.0
14273.230331065133,2667.0
29609.193142340522,2667.0
29609.193142340522,2555.0
43080.46482517385,2555.0
43080.46482517385,2429.0
45479.06306264923,2429.0
45479.06306264923,2555.0
73355.14665429947,2555.0
73355.14665429947,2429.0
79014.13203889971,2429.0
79014.13203889971,2555.0
86400.000002,2555.0
# temp #9566
0.0,2234.0
13727.274225186557,2234.0
13727.274225186557,2429.0
14327.274225186557,2429.0
14327.274225186557,2555.0
14891.907943692058,2555.0
14891.907943692058,2429.0
39797.06018997822,2429.0
39797.06018997822,2555.0
47524.63537745644,2555.0
47524.63537745644,2667.0
53324.788020201966,2667.0
53324.788020201966,2883.0
59673.60176222865,2883.0
59673.60176222865,2667.0
63794.79536376894,2667.0
63794.79536376894,2555.0
65807.98978367822,2555.0
65807.98978367822,2667.0
86400.0,2667.0
# temp #9567
0.0,2234.0
9736.25100608915,2234.0
9736.25100608915,2017.0
10628.597233816981,2017.0
10628.597233816981,2234.0
44058.58268458397,2234.0
44058.58268458397,2017.0
51535.29242989608,2017.0
51535.29242989608,2234.0
86400.000002,2234.0
# temp #9568
0.0,2234.0
21510.776759823788,2234.0
21510.776759823788,2017.0
25088.371098926295,2017.0
25088.371098926295,2234.0
41550.971396500245,2234.0
41550.971396500245,2017.0
85718.53268234992,2017.0
85718.53268234992,2234.0
86400.000002,2234.0
# temp #9569
0.0,2234.0
4904.23076497391,2234.0
4904.23076497391,2667.0
31131.54586439487,2667.0
31131.54586439487,2555.0
32253.212549979802,2555.0
32253.212549979802,2667.0
33848.664789833136,2667.0
33848.664789833136,2555.0
34148.664789833136,2555.0
34148.664789833136,2667.0
34923.356134537615,2667.0
34923.356134537615,2555.0
35523.356134537615,2555.0
35523.356134537615,2667.0
35928.50262620487,2667.0
35928.50262620487,2555.0
43398.172618774704,2555.0
43398.172618774704,2667.0
58680.677573871806,2667.0
58680.677573871806,2555.0
69663.78712530715,2555.0
69663.78712530715,2429.0
72806.49242936635,2429.0
72806.49242936635,2555.0
86286.8033220526,2555.0
86286.8033220526,2667.0
86400.000002,2667.0
# temp #9570
0.0,2234.0
4477.972987247632,2234.0
4477.972987247632,2667.0
15439.334043441344,2667.0
15439.334043441344,2555.0
15867.367229936648,2555.0
15867.367229936648,2429.0
34085.8480826486,2429.0
34085.8480826486,2555.0
50687.45165099391,2555.0
50687.45165099391,2667.0
70859.50898265002,2667.0
70859.50898265002,2555.0
80856.00014773665,2555.0
80856.00014773665,2667.0
86400.000002,2667.0
# temp #9571
0.0,2234.0
11216.746677132325,2234.0
11216.746677132325,2017.0
46344.04988950119,2017.0
46344.04988950119,2234.0
83805.73758697139,2234.0
83805.73758697139,2017.0
86400.0,2017.0
# temp #9572
0.0,2234.0
51822.08637145814,2234.0
51822.08637145814,2555.0
58279.3163512135,2555.0
58279.3163512135,2429.0
86400.000002,2429.0
# temp #9573
0.0,2234.0
18820.183309447024,2234.0
18820.183309447024,2429.0
19126.5806760639,2429.0
19126.5806760639,2555.0
23650.984248518947,2555.0
23650.984248518947,2429.0
31287.41585067474,2429.0
31287.41585067474,2555.0
62539.23107895536,2555.0
62539.23107895536,2429.0
81524.9995163642,2429.0
81524.9995163642,2555.0
86400.000002,2555.0
# temp #9574
0.0,2234.0
3443.198543717154,2234.0
3443.198543717154,2667.0
38070.37049224601,2667.0
38070.37049224601,2555.0
38905.55080678315,2555.0
38905.55080678315,2667.0
72333.9589694515,2667.0
72333.9589694515,2555.0
72633.9589694515,2555.0
72633.9589694515,2667.0
73356.78265169264,2667.0
73356.78265169264,2555.0
73956.78265169264,2555.0
73956.78265169264,2667.0
86400.0,2667.0
# temp #9575
0.0,2234.0
41494.23703656067,2234.0
41494.23703656067,2429.0
41897.04138971866,2429.0
41897.04138971866,2555.0
42807.38534778357,2555.0
42807.38534778357,2429.0
69825.14224445914,2429.0
69825.14224445914,2555.0
86400.0,2555.0
# temp #9576
0.0,2234.0
3262.167411879637,2234.0
3262.167411879637,2667.0
29465.675897290934,2667.0
29465.675897290934,2555.0
30415.873045613993,2555.0
30415.873045613993,2667.0
61910.94396715054,2667.0
61910.94396715054,2555.0
62510.94396715054,2555.0
62510.94396715054,2667.0
79492.34983571807,2667.0
79492.34983571807,2555.0
84536.12064407209,2555.0
84536.12064407209,2429.0
86400.000002,2429.0
# temp #9577
0.0,2234.0
68512.4335894827,2234.0
68512.4335894827,2555.0
86400.0,2555.0
# temp #9578
0.0,2234.0
2534.0183608699595,2234.0
2534.0183608699595,2667.0
45659.23318576534,2667.0
45659.23318576534,2555.0
46323.38834751864,2555.0
46323.38834751864,2667.0
73551.63562498057,2667.0
73551.63562498057,2555.0
73851.63562498057,2555.0
73851.63562498057,2667.0
74732.1838701144,2667.0
74732.1838701144,2555.0
75332.1838701144,2555.0
75332.1838701144,2667.0
86400.0,2667.0
# temp #9579
0.0,2234.0
14833.702385192739,2234.0
14833.702385192739,2429.0
15198.884592996912,2429.0
15198.884592996912,2234.0
15801.048070192339,2234.0
15801.048070192339,2429.0
19204.13382891566,2429.0
19204.13382891566,2234.0
25207.55327800289,2234.0
25207.55327800289,2429.0
26121.456631296318,2429.0
26121.456631296318,2234.0
39578.56820595917,2234.0
39578.56820595917,2429.0
46140.24929583539,2429.0
46140.24929583539,2555.0
56813.00674548839,2555.0
56813.00674548839,2667.0
82568.03136372475,2667.0
82568.03136372475,2555.0
86400.000002,2555.0
# temp #9580
0.0,2234.0
4017.1415708726277,2234.0
4017.1415708726277,2883.0
4350.633798656054,2883.0
4350.633798656054,2667.0
8826.382359699346,2667.0
8826.382359699346,2883.0
9277.3240637267,2883.0
9277.3240637267,2667.0
39590.50504560583,2667.0
39590.50504560583,2555.0
46747.407272388235,2555.0
46747.407272388235,2429.0
60547.45646305384,2429.0
60547.45646305384,2555.0
78786.49679068477,2555.0
78786.49679068477,2667.0
86400.0,2667.0
# temp #9581
0.0,2234.0
6608.908313862049,2234.0
6608.908313862049,2883.0
7598.711005900987,2883.0
7598.711005900987,2667.0
14634.382264316084,2667.0
14634.382264316084,2883.0
38843.95784055815,2883.0
38843.95784055815,2429.0
50190.49789337442,2429.0
50190.49789337442,2234.0
52306.60036727787,2234.0
52306.60036727787,2667.0
67204.729299224,2667.0
67204.729299224,2555.0
86400.0,2555.0
# temp #9582
0.0,2234.0
33180.40898758919,2234.0
33180.40898758919,2429.0
40080.40898758919,2429.0
40080.40898758919,2555.0
41880.40898758919,2555.0
41880.40898758919,2429.0
54780.40898758919,2429.0
54780.40898758919,2234.0
55080.40898758919,2234.0
55080.40898758919,2017.0
55380.40898758919,2017.0
55380.40898758919,2234.0
55680.40898758919,2234.0
55680.40898758919,2017.0
70060.58793598787,2017.0
70060.58793598787,2234.0
73969.77555421182,2234.0
73969.77555421182,2429.0
86400.000002,2429.0
# temp #9583
0.0,2234.0
61797.99251386431,2234.0
61797.99251386431,2883.0
64197.99251386431,2883.0
64197.99251386431,2667.0
86400.0,2667.0
# temp #9584
0.0,2234.0
7365.571037004703,2234.0
7365.571037004703,2883.0
8189.634770527483,2883.0
8189.634770527483,2667.0
18844.120688829575,2667.0
18844.120688829575,2883.0
32594.3828747375,2883.0
32594.3828747375,2429.0
40160.191526985735,2429.0
40160.191526985735,2883.0
44508.161804988056,2883.0
44508.161804988056,2667.0
59384.139351826176,2667.0
59384.139351826176,2234.0
83236.2301018322,2234.0
83236.2301018322,2429.0
86400.0,2429.0
# temp #9585
0.0,2234.0
1540.2004185598346,2234.0
1540.2004185598346,2667.0
16637.017303006724,2667.0
16637.017303006724,2555.0
17884.065726259727,2555.0
17884.065726259727,2667.0
49956.26955223271,2667.0
49956.26955223271,2555.0
50256.26955223271,2555.0
50256.26955223271,2429.0
86400.000002,2429.0
# temp #9586
0.0,2234.0
4387.741093221121,2234.0
4387.741093221121,2667.0
14305.226105824117,2667.0
14305.226105824117,2555.0
15564.843421150003,2555.0
15564.843421150003,2667.0
45737.62690199075,2667.0
45737.62690199075,2555.0
46037.62690199075,2555.0
46037.62690199075,2667.0
46686.22717328837,2667.0
46686.22717328837,2555.0
47286.22717328837,2555.0
47286.22717328837,2667.0
52178.0337031698,2667.0
52178.0337031698,2555.0
59672.00315650554,2555.0
59672.00315650554,2429.0
86400.0,2429.0
# temp #9587
0.0,2234.0
66511.56392397826,2234.0
66511.56392397826,2555.0
70161.54006987346,2555.0
70161.54006987346,2429.0
86400.000002,2429.0
# temp #9588
0.0,2234.0
82404.84022318853,2234.0
82404.84022318853,2555.0
86400.0,2555.0
# temp #9589
0.0,2234.0
29825.8169464767,2234.0
29825.8169464767,2017.0
61558.83108065464,2017.0
61558.83108065464,2234.0
79870.12549987996,2234.0
79870.12549987996,2017.0
86400.0,2017.0
# temp #9590
0.0,2234.0
64844.231519289315,2234.0
64844.231519289315,2555.0
79218.76043798402,2555.0
79218.76043798402,2234.0
86400.0,2234.0
# temp #9591
0.0,2234.0
31337.600017455406,2234.0
31337.600017455406,2883.0
33737.60001745541,2883.0
33737.60001745541,2667.0
64948.81018262822,2667.0
64948.81018262822,2883.0
86400.000002,2883.0
# temp #9592
0.0,2234.0
4230.07149542682,2234.0
4230.07149542682,2667.0
51779.581698984846,2667.0
51779.581698984846,2555.0
52997.82119358425,2555.0
52997.82119358425,2667.0
83034.1066992609,2667.0
83034.1066992609,2555.0
83334.1066992609,2555.0
83334.1066992609,2667.0
83634.1066992609,2667.0
83634.1066992609,2555.0
86400.000002,2555.0
# temp #9593
0.0,2234.0
65076.75300089178,2234.0
65076.75300089178,2555.0
76082.40566274618,2555.0
76082.40566274618,2429.0
86400.0,2429.0
# temp #9594
0.0,2234.0
9974.540153006094,2234.0
9974.540153006094,2555.0
10999.94445978664,2555.0
10999.94445978664,2429.0
12174.512571981179,2429.0
12174.512571981179,2234.0
13847.525457409212,2234.0
13847.525457409212,2429.0
29814.69552798663,2429.0
29814.69552798663,2234.0
42535.62431281899,2234.0
42535.62431281899,2667.0
48335.634927358486,2667.0
48335.634927358486,2555.0
59807.528659421965,2555.0
59807.528659421965,2667.0
61750.03249989824,2667.0
61750.03249989824,2883.0
76465.28808893637,2883.0
76465.28808893637,2667.0
86400.0,2667.0
# temp #9595
0.0,2234.0
50293.600838980645,2234.0
50293.600838980645,2555.0
55858.92256682274,2555.0
55858.92256682274,2429.0
56186.79055420217,2429.0
56186.79055420217,2555.0
71359.94764922654,2555.0
71359.94764922654,2429.0
71836.29324047362,2429.0
71836.29324047362,2555.0
73129.84870711809,2555.0
73129.84870711809,2429.0
86400.0,2429.0
# temp #9596
0.0,2234.0
8835.696841659957,2234.0
8835.696841659957,2883.0
19935.696841659956,2883.0
19935.696841659956,2555.0
39641.73321544659,2555.0
39641.73321544659,2429.0
71409.01575246827,2429.0
71409.01575246827,2555.0
86400.0,2555.0
# temp #9597
0.0,2234.0
17509.928964078426,2234.0
17509.928964078426,2017.0
46365.36603346467,2017.0
46365.36603346467,2234.0
52065.36603346467,2234.0
52065.36603346467,2429.0
86400.000002,2429.0
# temp #9598
0.0,2234.0
4449.042742839084,2234.0
4449.042742839084,2667.0
39365.02152008471,2667.0
39365.02152008471,2555.0
40548.5321081942,2555.0
40548.5321081942,2429.0
42174.44163900801,2429.0
42174.44163900801,2555.0
68412.48556897046,2555.0
68412.48556897046,2429.0
77634.72295752728,2429.0
77634.72295752728,2555.0
86400.0,2555.0
# temp #9599
0.0,2234.0
66657.60127888063,2234.0
66657.60127888063,2555.0
81468.60923138449,2555.0
81468.60923138449,2429.0
86400.0,2429.0
# temp #9600
0.0,2234.0
56858.26221622993,2234.0
56858.26221622993,2555.0
57482.88972659503,2555.0
57482.88972659503,2667.0
57897.91204347276,2667.0
57897.91204347276,2555.0
58197.91204347276,2555.0
58197.91204347276,2667.0
61797.91204347276,2667.0
61797.91204347276,2555.0
63297.91204347276,2555.0
63297.91204347276,2429.0
76893.17771613134,2429.0
76893.17771613134,2234.0
77695.50833876712,2234.0
77695.50833876712,2667.0
86400.000002,2667.0
# temp #9601
0.0,2234.0
3477.137952181511,2234.0
3477.137952181511,2883.0
14577.13795218151,2883.0
14577.13795218151,2555.0
24218.531279428862,2555.0
24218.531279428862,2667.0
53651.3096527895,2667.0
53651.3096527895,2234.0
61140.91208379251,2234.0
61140.91208379251,2667.0
83262.36597402023,2667.0
83262.36597402023,2234.0
86400.0,2234.0
# temp #9602
0.0,2234.0
8380.573342158461,2234.0
8380.573342158461,2883.0
10085.236796317624,2883.0
10085.236796317624,2667.0
19123.15934090875,2667.0
19123.15934090875,2883.0
34742.20342976042,2883.0
34742.20342976042,2667.0
51926.55461404939,2667.0
51926.55461404939,2555.0
72084.04417173007,2555.0
72084.04417173007,2429.0
86400.0,2429.0
# temp #9603
0.0,2234.0
7101.90809823107,2234.0
7101.90809823107,2429.0
14001.90809823107,2429.0
14001.90809823107,2555.0
15801.90809823107,2555.0
15801.90809823107,2429.0
28701.90809823107,2429.0
28701.90809823107,2234.0
29001.90809823107,2234.0
29001.90809823107,2017.0
29301.90809823107,2017.0
29301.90809823107,2234.0
29601.90809823107,2234.0
29601.90809823107,2017.0
33317.64990768861,2017.0
33317.64990768861,2234.0
44033.85290557053,2234.0
44033.85290557053,2667.0
80836.08955268282,2667.0
80836.08955268282,2555.0
86400.000002,2555.0
# temp #9604
0.0,2234.0
15026.13977221772,2234.0
15026.13977221772,2429.0
15626.13977221772,2429.0
15626.13977221772,2555.0
20035.427331458777,2555.0
20035.427331458777,2429.0
31072.0866532065,2429.0
31072.0866532065,2883.0
39707.89655316622,2883.0
39707.89655316622,2667.0
62216.497558937415,2667.0
62216.497558937415,2234.0
86400.000002,2234.0
# temp #9605
0.0,2234.0
71979.47896756233,2234.0
71979.47896756233,2555.0
86400.000002,2555.0
# temp #9606
0.0,2234.0
82593.64392952995,2234.0
82593.64392952995,2555.0
86400.0,2555.0
# temp #9607
0.0,2234.0
5349.570984207095,2234.0
5349.570984207095,2883.0
6422.91041314602,2883.0
6422.91041314602,2667.0
18027.611268544573,2667.0
18027.611268544573,2883.0
22054.98903966509,2883.0
22054.98903966509,2667.0
25015.159899811264,2667.0
25015.159899811264,2234.0
53955.997130647316,2234.0
53955.997130647316,2429.0
79072.78092016933,2429.0
79072.78092016933,2555.0
86400.0,2555.0
# temp #9608
0.0,2234.0
6405.334517522716,2234.0
6405.334517522716,2667.0
18214.334172592502,2667.0
18214.334172592502,2555.0
19421.524073579352,2555.0
19421.524073579352,2667.0
43473.44686549623,2667.0
43473.44686549623,2555.0
46473.44686549623,2555.0
46473.44686549623,2667.0
72573.44686549623,2667.0
72573.44686549623,2883.0
86400.000002,2883.0
# temp #9609
0.0,2234.0
5932.488660793752,2234.0
5932.488660793752,2667.0
18006.688435748223,2667.0
18006.688435748223,2555.0
18381.800252851102,2555.0
18381.800252851102,2429.0
25191.67056230363,2429.0
25191.67056230363,2555.0
34176.258631213575,2555.0
34176.258631213575,2667.0
53133.85223674124,2667.0
53133.85223674124,2555.0
58277.28820689955,2555.0
58277.28820689955,2429.0
81970.91668280774,2429.0
81970.91668280774,2883.0
86400.0,2883.0
# temp #9610
0.0,2234.0
1941.5926948422568,2234.0
1941.5926948422568,2667.0
10022.848140913993,2667.0
10022.848140913993,2555.0
10854.4701830484,2555.0
10854.4701830484,2429.0
25560.093290288936,2429.0
25560.093290288936,2234.0
41177.95767174103,2234.0
41177.95767174103,2429.0
41777.76016008575,2429.0
41777.76016008575,2555.0
71447.08752294538,2555.0
71447.08752294538,2429.0
81478.41606354342,2429.0
81478.41606354342,2555.0
84852.22984040157,2555.0
84852.22984040157,2667.0
86400.000002,2667.0
# temp #9611
0.0,2234.0
9300.49159268383,2234.0
9300.49159268383,2429.0
9645.003248937428,2429.0
9645.003248937428,2234.0
10452.591779502109,2234.0
10452.591779502109,2429.0
12862.881240947172,2429.0
12862.881240947172,2234.0
26374.020227277655,2234.0
26374.020227277655,2429.0
26744.366953312423,2429.0
26744.366953312423,2234.0
41105.720367352485,2234.0
41105.720367352485,2667.0
57143.848904734485,2667.0
57143.848904734485,2555.0
77444.44055682981,2555.0
77444.44055682981,2667.0
86400.0,2667.0
# temp #9612
0.0,2234.0
7250.961695658045,2234.0
7250.961695658045,2667.0
22380.476921307858,2667.0
22380.476921307858,2555.0
23431.379292975183,2555.0
23431.379292975183,2667.0
38653.36039038376,2667.0
38653.36039038376,2555.0
38953.36039038376,2555.0
38953.36039038376,2429.0
57639.21908978374,2429.0
57639.21908978374,2555.0
69288.42697748916,2555.0
69288.42697748916,2667.0
86400.000002,2667.0
# temp #9613
0.0,2234.0
14460.420379950667,2234.0
14460.420379950667,2429.0
15016.74073354807,2429.0
15016.74073354807,2555.0
15997.56780357566,2555.0
15997.56780357566,2429.0
50755.56602943689,2429.0
50755.56602943689,2555.0
62122.9708271334,2555.0
62122.9708271334,2883.0
86400.000002,2883.0
# temp #9614
0.0,2234.0
8688.212679536084,2234.0
8688.212679536084,2883.0
19788.212679536082,2883.0
19788.212679536082,2555.0
51428.03548551165,2555.0
51428.03548551165,2429.0
63294.06750469935,2429.0
63294.06750469935,2234.0
86400.0,2234.0
# temp #9615
0.0,2234.0
6414.036677009427,2234.0
6414.036677009427,2555.0
38909.168828255504,2555.0
38909.168828255504,2429.0
39463.59851961025,2429.0
39463.59851961025,2555.0
55154.47045136244,2555.0
55154.47045136244,2429.0
55805.615186411895,2429.0
55805.615186411895,2555.0
56924.58451129497,2555.0
56924.58451129497,2429.0
57224.58451129497,2429.0
57224.58451129497,2555.0
57524.58451129497,2555.0
57524.58451129497,2429.0
58124.58451129497,2429.0
58124.58451129497,2555.0
61201.48895345629,2555.0
61201.48895345629,2429.0
71917.68211349846,2429.0
71917.68211349846,2555.0
86400.0,2555.0
# temp #9616
0.0,2234.0
8580.363889178263,2234.0
8580.363889178263,2429.0
9020.000260393137,2429.0
9020.000260393137,2555.0
12143.082037637943,2555.0
12143.082037637943,2429.0
43867.25282343106,2429.0
43867.25282343106,2555.0
50407.1450616466,2555.0
50407.1450616466,2429.0
78940.81584254747,2429.0
78940.81584254747,2883.0
86400.0,2883.0
# temp #9617
0.0,2234.0
62135.26876461693,2234.0
62135.26876461693,2883.0
64535.26876461693,2883.0
64535.26876461693,2667.0
86400.000002,2667.0
# temp #9618
0.0,2234.0
38015.135498391464,2234.0
38015.135498391464,2883.0
40415.135498391464,2883.0
40415.135498391464,2667.0
73831.31718370132,2667.0
73831.31718370132,2555.0
79765.47946322245,2555.0
79765.47946322245,2429.0
86400.0,2429.0
# temp #9619
0.0,2234.0
29348.49100406282,2234.0
29348.49100406282,2017.0
47794.02100997978,2017.0
47794.02100997978,2234.0
69513.87737081388,2234.0
69513.87737081388,2017.0
70827.38413210028,2017.0
70827.38413210028,2234.0
86400.000002,2234.0
# temp #9620
0.0,2234.0
11564.794818637894,2234.0
11564.794818637894,2017.0
61726.7039091792,2017.0
61726.7039091792,2234.0
86400.000002,2234.0
# temp #9621
0.0,2234.0
10097.49511415139,2234.0
10097.49511415139,2883.0
10892.03599621542,2883.0
10892.03599621542,2667.0
20103.527221572585,2667.0
20103.527221572585,2883.0
28684.801541757774,2883.0
28684.801541757774,2429.0
52768.74564376195,2429.0
52768.74564376195,2555.0
67636.51489822661,2555.0
67636.51489822661,2667.0
70892.01828008519,2667.0
70892.01828008519,2555.0
84450.12947029901,2555.0
84450.12947029901,2429.0
86400.000002,2429.0
# temp #9622
0.0,2234.0
5308.779835375027,2234.0
5308.779835375027,2017.0
22806.75822249614,2017.0
22806.75822249614,2234.0
33829.22785780393,2234.0
33829.22785780393,2017.0
72594.10315006973,2017.0
72594.10315006973,2234.0
86400.0,2234.0
# temp #9623
0.0,2234.0
8618.773350957783,2234.0
8618.773350957783,2667.0
18311.132081737745,2667.0
18311.132081737745,2555.0
19146.53816786595,2555.0
19146.53816786595,2429.0
48904.83693913557,2429.0
48904.83693913557,2234.0
60521.9461494824,2234.0
60521.9461494824,2429.0
85429.95628123173,2429.0
85429.95628123173,2555.0
86400.000002,2555.0
# temp #9624
0.0,2234.0
13072.488008835355,2234.0
13072.488008835355,2883.0
24172.488008835353,2883.0
24172.488008835353,2555.0
28100.27682683431,2555.0
28100.27682683431,2429.0
29754.795594932515,2429.0
29754.795594932515,2555.0
60999.86332445407,2555.0
60999.86332445407,2429.0
85929.5946812723,2429.0
85929.5946812723,2883.0
86400.0,2883.0
# temp #9625
0.0,2234.0
37744.166512973614,2234.0
37744.166512973614,2017.0
77420.22855388933,2017.0
77420.22855388933,2234.0
86400.000002,2234.0
# temp #9626
0.0,2234.0
5357.797997770832,2234.0
5357.797997770832,2667.0
20897.725942125548,2667.0
20897.725942125548,2555.0
21382.3050969746,2555.0
21382.3050969746,2667.0
31027.670070924803,2667.0
31027.670070924803,2555.0
31327.670070924803,2555.0
31327.670070924803,2667.0
32078.404610906735,2667.0
32078.404610906735,2555.0
32678.404610906735,2555.0
32678.404610906735,2667.0
63806.25830870123,2667.0
63806.25830870123,2555.0
73992.04461153132,2555.0
73992.04461153132,2429.0
86400.000002,2429.0
# temp #9627
0.0,2234.0
46792.832589545294,2234.0
46792.832589545294,2429.0
47224.817494838506,2429.0
47224.817494838506,2555.0
49073.00986626652,2555.0
49073.00986626652,2429.0
86400.000002,2429.0
# temp #9628
0.0,2234.0
6333.189580310137,2234.0
6333.189580310137,2667.0
10264.992146822626,2667.0
10264.992146822626,2555.0
10593.249301495964,2555.0
10593.249301495964,2429.0
34006.3584550051,2429.0
34006.3584550051,2234.0
54547.65870252159,2234.0
54547.65870252159,2667.0
71236.48290708663,2667.0
71236.48290708663,2555.0
86400.000002,2555.0
# temp #9629
0.0,2234.0
39751.545405923396,2234.0
39751.545405923396,2555.0
44320.66816915759,2555.0
44320.66816915759,2667.0
44665.36442202051,2667.0
44665.36442202051,2555.0
44965.36442202051,2555.0
44965.36442202051,2667.0
48565.36442202051,2667.0
48565.36442202051,2555.0
50065.36442202051,2555.0
50065.36442202051,2429.0
53141.6734032333,2429.0
53141.6734032333,2234.0
76618.29000874424,2234.0
76618.29000874424,2429.0
86400.0,2429.0
# temp #9630
0.0,2234.0
2418.0342189269145,2234.0
2418.0342189269145,2667.0
27885.255410894755,2667.0
27885.255410894755,2555.0
29046.747364941988,2555.0
29046.747364941988,2667.0
30506.181773124266,2667.0
30506.181773124266,2555.0
31106.181773124266,2555.0
31106.181773124266,2667.0
47946.816457109526,2667.0
47946.816457109526,2555.0
51079.43209935912,2555.0
51079.43209935912,2429.0
60155.57237751783,2429.0
60155.57237751783,2555.0
86400.0,2555.0
# temp #9631
0.0,2234.0
63222.11781002116,2234.0
63222.11781002116,2555.0
85349.47219064926,2555.0
85349.47219064926,2429.0
86400.0,2429.0
# temp #9632
0.0,2234.0
42126.36542343535,2234.0
42126.36542343535,2017.0
52250.91938297265,2017.0
52250.91938297265,2234.0
80189.46549701506,2234.0
80189.46549701506,2017.0
86400.000002,2017.0
# temp #9633
0.0,2234.0
68787.43520427962,2234.0
68787.43520427962,2555.0
70923.3822878916,2555.0
70923.3822878916,2667.0
71504.94854568971,2667.0
71504.94854568971,2555.0
71804.94854568971,2555.0
71804.94854568971,2667.0
75404.94854568971,2667.0
75404.94854568971,2555.0
76904.94854568971,2555.0
76904.94854568971,2429.0
85805.6574738119,2429.0
85805.6574738119,2234.0
86400.000002,2234.0
# temp #9634
0.0,2234.0
3938.32022768911,2234.0
3938.32022768911,2429.0
36038.32022768911,2429.0
36038.32022768911,2555.0
36338.32022768911,2555.0
36338.32022768911,2667.0
50672.119584912434,2667.0
50672.119584912434,2555.0
64133.93195662648,2555.0
64133.93195662648,2429.0
80348.12117172407,2429.0
80348.12117172407,2555.0
86400.0,2555.0
# temp #9635
0.0,2234.0
35971.472370671116,2234.0
35971.472370671116,2429.0
36331.35754787364,2429.0
36331.35754787364,2555.0
39154.93202903309,2555.0
39154.93202903309,2429.0
58935.98412950525,2429.0
58935.98412950525,2883.0
86400.000002,2883.0
# temp #9636
0.0,2234.0
8078.8880861364305,2234.0
8078.8880861364305,2429.0
14978.88808613643,2429.0
14978.88808613643,2555.0
16778.88808613643,2555.0
16778.88808613643,2429.0
29678.88808613643,2429.0
29678.88808613643,2234.0
29978.88808613643,2234.0
29978.88808613643,2017.0
30278.88808613643,2017.0
30278.88808613643,2234.0
30578.88808613643,2234.0
30578.88808613643,2017.0
36651.92770322319,2017.0
36651.92770322319,2234.0
46964.532099547796,2234.0
46964.532099547796,2667.0
62907.602329202935,2667.0
62907.602329202935,2555.0
69726.49210088422,2555.0
69726.49210088422,2667.0
86205.25601995179,2667.0
86205.25601995179,2555.0
86400.000002,2555.0
# temp #9637
0.0,2234.0
4130.184793705122,2234.0
4130.184793705122,2667.0
6111.91892232746,2667.0
6111.91892232746,2555.0
6536.8534251116225,2555.0
6536.8534251116225,2429.0
39998.73072663323,2429.0
39998.73072663323,2555.0
73206.26011141577,2555.0
73206.26011141577,2429.0
86400.000002,2429.0
# temp #9638
0.0,2234.0
6066.064867470414,2234.0
6066.064867470414,2667.0
52807.114346092574,2667.0
52807.114346092574,2555.0
53594.9023354333,2555.0
53594.9023354333,2667.0
61902.93468951714,2667.0
61902.93468951714,2555.0
62202.93468951714,2555.0
62202.93468951714,2667.0
62939.93334425614,2667.0
62939.93334425614,2555.0
63539.93334425614,2555.0
63539.93334425614,2667.0
81573.14237714747,2667.0
81573.14237714747,2555.0
86400.000002,2555.0
# temp #9639
0.0,2234.0
74835.01424475109,2234.0
74835.01424475109,2555.0
86400.0,2555.0
# temp #9640
0.0,2234.0
31600.742342742164,2234.0
31600.742342742164,2429.0
31989.424106385562,2429.0
31989.424106385562,2555.0
33060.85268771276,2555.0
33060.85268771276,2429.0
56921.132387733094,2429.0
56921.132387733094,2234.0
68562.38567680122,2234.0
68562.38567680122,2429.0
81584.25734192134,2429.0
81584.25734192134,2883.0
86400.000002,2883.0
# temp #9641
0.0,2234.0
2274.074825132266,2234.0
2274.074825132266,2667.0
27278.053681505848,2667.0
27278.053681505848,2555.0
27850.28566452675,2555.0
27850.28566452675,2667.0
45830.49049749971,2667.0
45830.49049749971,2555.0
46130.49049749971,2555.0
46130.49049749971,2667.0
46791.95675861557,2667.0
46791.95675861557,2555.0
47391.95675861557,2555.0
47391.95675861557,2667.0
72163.60664733221,2667.0
72163.60664733221,2883.0
86400.000002,2883.0
# temp #9642
0.0,2234.0
44309.79853158352,2234.0
44309.79853158352,2555.0
60558.895189384944,2555.0
60558.895189384944,2429.0
60900.03312688788,2429.0
60900.03312688788,2555.0
65867.24235455041,2555.0
65867.24235455041,2429.0
66398.90077079182,2429.0
66398.90077079182,2555.0
67624.6927473927,2555.0
67624.6927473927,2429.0
67924.6927473927,2429.0
67924.6927473927,2555.0
69424.6927473927,2555.0
69424.6927473927,2429.0
79624.6927473927,2429.0
79624.6927473927,2234.0
86400.000002,2234.0
# temp #9643
0.0,2234.0
3051.398913050071,2234.0
3051.398913050071,2667.0
34596.47884215228,2667.0
34596.47884215228,2555.0
35191.87662047334,2555.0
35191.87662047334,2667.0
46731.517806043856,2667.0
46731.517806043856,2555.0
47031.517806043856,2555.0
47031.517806043856,2667.0
47331.517806043856,2667.0
47331.517806043856,2555.0
50631.517806043856,2555.0
50631.517806043856,2667.0
76131.51780604385,2667.0
76131.51780604385,2883.0
86400.000002,2883.0
# temp #9644
0.0,2234.0
5931.128433183768,2234.0
5931.128433183768,2667.0
54176.82809166145,2667.0
54176.82809166145,2555.0
54881.07182679233,2555.0
54881.07182679233,2667.0
61857.83407562413,2667.0
61857.83407562413,2555.0
62157.83407562413,2555.0
62157.83407562413,2667.0
62457.83407562413,2667.0
62457.83407562413,2555.0
65757.83407562414,2555.0
65757.83407562414,2667.0
86400.000002,2667.0
# temp #9645
0.0,2234.0
40547.909140773125,2234.0
40547.909140773125,2555.0
42012.84240034875,2555.0
42012.84240034875,2667.0
42564.05117665418,2667.0
42564.05117665418,2555.0
42864.05117665418,2555.0
42864.05117665418,2667.0
69564.05117665417,2667.0
69564.05117665417,2555.0
85464.05117665417,2555.0
85464.05117665417,2234.0
86400.000002,2234.0
# temp #9646
0.0,2234.0
14815.008873771876,2234.0
14815.008873771876,2429.0
15415.008873771876,2429.0
15415.008873771876,2555.0
18624.520452227443,2555.0
18624.520452227443,2429.0
20008.30319824163,2429.0
20008.30319824163,2555.0
28824.94354499504,2555.0
28824.94354499504,2883.0
48292.227777675726,2883.0
48292.227777675726,2429.0
56143.084645690404,2429.0
56143.084645690404,2555.0
85355.32197912691,2555.0
85355.32197912691,2429.0
86400.000002,2429.0
# temp #9647
0.0,2234.0
27168.360559176657,2234.0
27168.360559176657,2555.0
27766.02111726534,2555.0
27766.02111726534,2667.0
37666.021117265336,2667.0
37666.021117265336,2555.0
39263.62167529297,2555.0
39263.62167529297,2429.0
56280.19257690758,2429.0
56280.19257690758,2555.0
83250.66169872881,2555.0
83250.66169872881,2429.0
86400.0,2429.0
# temp #9648
0.0,2234.0
44270.54098716472,2234.0
44270.54098716472,2429.0
44766.40631246847,2429.0
44766.40631246847,2555.0
48529.17059313041,2555.0
48529.17059313041,2429.0
83311.06778704563,2429.0
83311.06778704563,2555.0
86400.0,2555.0
# temp #9649
0.0,2234.0
53045.23462594953,2234.0
53045.23462594953,2555.0
79091.44811003936,2555.0
79091.44811003936,2429.0
79587.21236034764,2429.0
79587.21236034764,2555.0
86400.0,2555.0
# temp #9650
0.0,2234.0
24693.274356960323,2234.0
24693.274356960323,2429.0
25028.41900417116,2429.0
25028.41900417116,2555.0
27793.217843561437,2555.0
27793.217843561437,2429.0
34068.637107918046,2429.0
34068.637107918046,2234.0
61095.290859416134,2234.0
61095.290859416134,2429.0
79392.78479455972,2429.0
79392.78479455972,2555.0
86191.82499661112,2555.0
86191.82499661112,2667.0
86400.000002,2667.0
# temp #9651
0.0,2234.0
20723.521352070387,2234.0
20723.521352070387,2555.0
25543.411498633217,2555.0
25543.411498633217,2429.0
25969.725170312453,2429.0
25969.725170312453,2555.0
41588.64764885512,2555.0
41588.64764885512,2429.0
42610.697286925286,2429.0
42610.697286925286,2555.0
43785.40527827573,2555.0
43785.40527827573,2429.0
44085.40527827573,2429.0
44085.40527827573,2555.0
64485.40527827573,2555.0
64485.40527827573,2429.0
64785.40527827573,2429.0
64785.40527827573,2555.0
65385.40527827573,2555.0
65385.40527827573,2667.0
86400.0,2667.0
# temp #9652
0.0,2234.0
5385.960165364669,2234.0
5385.960165364669,2883.0
5744.736058660784,2883.0
5744.736058660784,2667.0
16523.649112530988,2667.0
16523.649112530988,2883.0
19289.08642160241,2883.0
19289.08642160241,2429.0
25386.106601357467,2429.0
25386.106601357467,2555.0
46464.97378936038,2555.0
46464.97378936038,2429.0
83744.90151274951,2429.0
83744.90151274951,2555.0
86400.0,2555.0
# temp #9653
0.0,2234.0
55009.45069575683,2234.0
55009.45069575683,2555.0
83725.77921277845,2555.0
83725.77921277845,2429.0
86400.000002,2429.0
# temp #9654
0.0,2234.0
64368.88825690841,2234.0
64368.88825690841,2555.0
86400.000002,2555.0
# temp #9655
0.0,2234.0
33772.8032561252,2234.0
33772.8032561252,2555.0
48381.879593501806,2555.0
48381.879593501806,2429.0
50453.4693383379,2429.0
50453.4693383379,2234.0
59294.401201629094,2234.0
59294.401201629094,2429.0
76062.35511058477,2429.0
76062.35511058477,2234.0
86400.000002,2234.0
# temp #9656
0.0,2234.0
38987.76851277799,2234.0
38987.76851277799,2017.0
59076.12796132454,2017.0
59076.12796132454,2234.0
86400.0,2234.0
# temp #9657
0.0,2234.0
57865.44992288109,2234.0
57865.44992288109,2555.0
75450.34270458855,2555.0
75450.34270458855,2234.0
76005.85756176151,2234.0
76005.85756176151,2667.0
86400.0,2667.0
# temp #9658
0.0,2234.0
7140.59158859309,2234.0
7140.59158859309,2667.0
35015.85580555257,2667.0
35015.85580555257,2555.0
36334.72205295694,2555.0
36334.72205295694,2667.0
57617.58340860253,2667.0
57617.58340860253,2555.0
57917.58340860253,2555.0
57917.58340860253,2667.0
58636.10001497438,2667.0
58636.10001497438,2555.0
59236.10001497438,2555.0
59236.10001497438,2667.0
81068.80072527567,2667.0
81068.80072527567,2555.0
86400.000002,2555.0
# temp #9659
0.0,2234.0
44378.13416251448,2234.0
44378.13416251448,2555.0
71507.1091955295,2555.0
71507.1091955295,2429.0
71892.26842720529,2429.0
71892.26842720529,2555.0
73037.70157916007,2555.0
73037.70157916007,2429.0
74088.71201199947,2429.0
74088.71201199947,2555.0
75477.8509255266,2555.0
75477.8509255266,2429.0
75777.8509255266,2429.0
75777.8509255266,2555.0
76077.8509255266,2555.0
76077.8509255266,2429.0
76677.8509255266,2429.0
76677.8509255266,2555.0
79307.3516621953,2555.0
79307.3516621953,2429.0
86400.0,2429.0
# temp #9660
0.0,2234.0
80964.506456838,2234.0
80964.506456838,2555.0
86400.0,2555.0
# temp #9661
0.0,2234.0
12970.559232984671,2234.0
12970.559232984671,2429.0
13560.771935828963,2429.0
13560.771935828963,2234.0
14343.402687390337,2234.0
14343.402687390337,2429.0
18807.888134359386,2429.0
18807.888134359386,2234.0
31852.058719634082,2234.0
31852.058719634082,2429.0
33062.4336938141,2429.0
33062.4336938141,2555.0
33509.449677052915,2555.0
33509.449677052915,2429.0
86400.0,2429.0
# temp #9662
0.0,2234.0
19731.870454852473,2234.0
19731.870454852473,2555.0
24180.093237734403,2555.0
24180.093237734403,2429.0
62523.28848538456,2429.0
62523.28848538456,2234.0
63123.28848538456,2234.0
63123.28848538456,2429.0
65523.28848538456,2429.0
65523.28848538456,2555.0
75723.28848538456,2555.0
75723.28848538456,2667.0
86400.0,2667.0
# temp #9663
0.0,2234.0
1991.685961908661,2234.0
1991.685961908661,2667.0
15152.928296662869,2667.0
15152.928296662869,2555.0
16500.65102213994,2555.0
16500.65102213994,2667.0
50487.44488363155,2667.0
50487.44488363155,2555.0
53487.44488363155,2555.0
53487.44488363155,2667.0
79587.44488363154,2667.0
79587.44488363154,2883.0
86400.0,2883.0
# temp #9664
0.0,2234.0
80227.29222157506,2234.0
80227.29222157506,2555.0
81407.13471150959,2555.0
81407.13471150959,2667.0
86400.0,2667.0
# temp #9665
0.0,2234.0
1099.6525497408584,2234.0
1099.6525497408584,2667.0
18772.477997071113,2667.0
18772.477997071113,2555.0
19487.34490682837,2555.0
19487.34490682837,2429.0
47852.373808831915,2429.0
47852.373808831915,2555.0
55715.81445657649,2555.0
55715.81445657649,2429.0
77309.38576161863,2429.0
77309.38576161863,2555.0
86400.000002,2555.0
# temp #9666
0.0,2234.0
1224.6227398049086,2234.0
1224.6227398049086,2667.0
11247.128275595607,2667.0
11247.128275595607,2555.0
11690.50110569224,2555.0
11690.50110569224,2667.0
45013.87139910367,2667.0
45013.87139910367,2555.0
45613.87139910367,2555.0
45613.87139910367,2667.0
60673.34040224087,2667.0
60673.34040224087,2555.0
61129.50799770188,2555.0
61129.50799770188,2429.0
76096.78238010967,2429.0
76096.78238010967,2234.0
86400.000002,2234.0
# temp #9667
0.0,2234.0
79441.29394360354,2234.0
79441.29394360354,2883.0
81841.29394360354,2883.0
81841.29394360354,2667.0
86400.000002,2667.0
# temp #9668
0.0,2234.0
3851.670347456821,2234.0
3851.670347456821,2667.0
17035.090896743353,2667.0
17035.090896743353,2555.0
18333.06813889649,2555.0
18333.06813889649,2429.0
24340.87605911773,2429.0
24340.87605911773,2555.0
25398.208290967163,2555.0
25398.208290967163,2667.0
36667.78118961957,2667.0
36667.78118961957,2883.0
70186.32677870338,2883.0
70186.32677870338,2429.0
80241.18173662575,2429.0
80241.18173662575,2234.0
86400.000002,2234.0
# temp #9669
0.0,2234.0
47417.18806782738,2234.0
47417.18806782738,2555.0
50113.81323917304,2555.0
50113.81323917304,2667.0
50428.23333009147,2667.0
50428.23333009147,2555.0
50728.23333009147,2555.0
50728.23333009147,2667.0
54328.23333009147,2667.0
54328.23333009147,2555.0
55828.23333009147,2555.0
55828.23333009147,2429.0
57703.8188967621,2429.0
57703.8188967621,2234.0
84263.06974834298,2234.0
84263.06974834298,2429.0
86262.88991107141,2429.0
86262.88991107141,2555.0
86400.000002,2555.0
# temp #9670
0.0,2234.0
4515.712179802359,2234.0
4515.712179802359,2667.0
29712.303534429524,2667.0
29712.303534429524,2555.0
31098.913792613897,2555.0
31098.913792613897,2667.0
42964.55573276617,2667.0
42964.55573276617,2555.0
43564.55573276617,2555.0
43564.55573276617,2667.0
61049.51092614793,2667.0
61049.51092614793,2555.0
63077.92559727096,2555.0
63077.92559727096,2429.0
65404.21262439341,2429.0
65404.21262439341,2555.0
86400.0,2555.0
# temp #9671
0.0,2234.0
56965.30214434025,2234.0
56965.30214434025,2555.0
75876.12245127095,2555.0
75876.12245127095,2429.0
76279.04700818473,2429.0
76279.04700818473,2555.0
84575.46366839671,2555.0
84575.46366839671,2429.0
85429.40625865014,2429.0
85429.40625865014,2234.0
86400.000002,2234.0
# temp #9672
0.0,2234.0
74904.89832367748,2234.0
74904.89832367748,2555.0
84691.5926835034,2555.0
84691.5926835034,2234.0
86400.000002,2234.0
# temp #9673
0.0,2234.0
16323.845249670561,2234.0
16323.845249670561,2883.0
16974.47499611881,2883.0
16974.47499611881,2667.0
21193.116083834324,2667.0
21193.116083834324,2883.0
36733.130935113884,2883.0
36733.130935113884,2667.0
50584.46293326561,2667.0
50584.46293326561,2234.0
51130.55305110757,2234.0
51130.55305110757,2555.0
54599.30891955738,2555.0
54599.30891955738,2429.0
64354.014235641815,2429.0
64354.014235641815,2234.0
86400.000002,2234.0
# temp #9674
0.0,2234.0
7173.439978994431,2234.0
7173.439978994431,2667.0
34079.71756404732,2667.0
34079.71756404732,2555.0
34822.67759100069,2555.0
34822.67759100069,2667.0
57882.6966228895,2667.0
57882.6966228895,2555.0
58182.6966228895,2555.0
58182.6966228895,2667.0
59079.88927457483,2667.0
59079.88927457483,2555.0
59679.88927457483,2555.0
59679.88927457483,2667.0
74691.87467931771,2667.0
74691.87467931771,2555.0
76799.39421177843,2555.0
76799.39421177843,2667.0
86400.0,2667.0
# temp #9675
0.0,2234.0
81500.60288342649,2234.0
81500.60288342649,2555.0
86400.0,2555.0
# temp #9676
0.0,2234.0
42137.96388991178,2234.0
42137.96388991178,2017.0
77970.32414353454,2017.0
77970.32414353454,2234.0
86400.000002,2234.0
# temp #9677
0.0,2234.0
6054.861332592555,2234.0
6054.861332592555,2883.0
17154.861332592554,2883.0
17154.861332592554,2555.0
28958.793165162206,2555.0
28958.793165162206,2429.0
61862.52959438135,2429.0
61862.52959438135,2555.0
68901.60312701484,2555.0
68901.60312701484,2429.0
72210.24842094631,2429.0
72210.24842094631,2555.0
86400.0,2555.0
# temp #9678
0.0,2234.0
2018.7194905942308,2234.0
2018.7194905942308,2667.0
2469.9555564438924,2667.0
2469.9555564438924,2555.0
3174.0364560624585,2555.0
3174.0364560624585,2429.0
49930.16017803457,2429.0
49930.16017803457,2883.0
65451.49841420354,2883.0
65451.49841420354,2429.0
86400.000002,2429.0
# temp #9679
0.0,2234.0
12404.185505211353,2234.0
12404.185505211353,2017.0
21810.882660839707,2017.0
21810.882660839707,2234.0
58211.987754330046,2234.0
58211.987754330046,2017.0
82968.93195896411,2017.0
82968.93195896411,2234.0
86400.000002,2234.0
# temp #9680
0.0,2234.0
6617.957332637162,2234.0
6617.957332637162,2667.0
45374.251469434246,2667.0
45374.251469434246,2555.0
46371.04871787597,2555.0
46371.04871787597,2429.0
53366.517382976606,2429.0
53366.517382976606,2883.0
80787.26158202627,2883.0
80787.26158202627,2429.0
86400.0,2429.0
# temp #9681
0.0,2234.0
6618.841646611691,2234.0
6618.841646611691,2555.0
11933.103363169359,2555.0
11933.103363169359,2667.0
18233.103363169357,2667.0
18233.103363169357,2555.0
19433.103363169357,2555.0
19433.103363169357,2429.0
62633.10336316936,2429.0
62633.10336316936,2234.0
86400.000002,2234.0
# temp #9682
0.0,2234.0
41977.603707765236,2234.0
41977.603707765236,2555.0
55057.87612244022,2555.0
55057.87612244022,2429.0
86400.0,2429.0
# temp #9683
0.0,2234.0
39984.97913049069,2234.0
39984.97913049069,2555.0
41675.04101875239,2555.0
41675.04101875239,2667.0
42197.34228956514,2667.0
42197.34228956514,2555.0
42497.34228956514,2555.0
42497.34228956514,2667.0
69197.34228956513,2667.0
69197.34228956513,2555.0
85097.34228956513,2555.0
85097.34228956513,2234.0
86400.0,2234.0
# temp #9684
0.0,2234.0
5365.777231031098,2234.0
5365.777231031098,2555.0
5817.209026822821,2555.0
5817.209026822821,2667.0
6227.189865591937,2667.0
6227.189865591937,2555.0
6527.189865591937,2555.0
6527.189865591937,2667.0
33227.189865591936,2667.0
33227.189865591936,2555.0
49127.189865591936,2555.0
49127.189865591936,2234.0
52727.189865591936,2234.0
52727.189865591936,2429.0
62627.189865591936,2429.0
62627.189865591936,2555.0
63227.189865591936,2555.0
63227.189865591936,2667.0
75527.18986559194,2667.0
75527.18986559194,2883.0
86400.000002,2883.0
# temp #9685
0.0,2234.0
1108.494774112478,2234.0
1108.494774112478,2017.0
11561.461452255027,2017.0
11561.461452255027,2234.0
46050.72029563599,2234.0
46050.72029563599,2017.0
86400.0,2017.0
# temp #9686
0.0,2234.0
22362.708301004022,2234.0
22362.708301004022,2555.0
37837.58597401902,2555.0
37837.58597401902,2667.0
67318.85329540819,2667.0
67318.85329540819,2555.0
73558.24576027227,2555.0
73558.24576027227,2429.0
82696.06712590904,2429.0
82696.06712590904,2555.0
86400.0,2555.0
# temp #9687
0.0,2234.0
30143.94452995621,2234.0
30143.94452995621,2429.0
30505.66278782208,2429.0
30505.66278782208,2234.0
31205.405402951877,2234.0
31205.405402951877,2429.0
35277.024658327,2429.0
35277.024658327,2234.0
57329.69418580179,2234.0
57329.69418580179,2429.0
58777.767396834686,2429.0
58777.767396834686,2555.0
59491.6754878359,2555.0
59491.6754878359,2429.0
59791.6754878359,2429.0
59791.6754878359,2555.0
80191.67548783589,2555.0
80191.67548783589,2429.0
80491.67548783589,2429.0
80491.67548783589,2555.0
81091.67548783589,2555.0
81091.67548783589,2667.0
86400.000002,2667.0
# temp #9688
0.0,2234.0
4096.253680600786,2234.0
4096.253680600786,2667.0
48720.76496556402,2667.0
48720.76496556402,2555.0
49981.80352868513,2555.0
49981.80352868513,2667.0
86400.000002,2667.0
# temp #9689
0.0,2234.0
65390.699026524104,2234.0
65390.699026524104,2555.0
84225.50360492898,2555.0
84225.50360492898,2429.0
84626.99895480183,2429.0
84626.99895480183,2555.0
85045.78129181174,2555.0
85045.78129181174,2429.0
85862.55813678728,2429.0
85862.55813678728,2234.0
86238.05801449345,2234.0
86238.05801449345,2667.0
86400.0,2667.0
# temp #9690
0.0,2234.0
26494.54595097341,2234.0
26494.54595097341,2429.0
27024.18063282967,2429.0
27024.18063282967,2555.0
30885.412615165118,2555.0
30885.412615165118,2429.0
72409.15043866263,2429.0
72409.15043866263,2883.0
76474.62872369216,2883.0
76474.62872369216,2429.0
86400.0,2429.0
# temp #9691
0.0,2234.0
77944.03488154059,2234.0
77944.03488154059,2555.0
86400.000002,2555.0
# temp #9692
0.0,2234.0
13103.625985211695,2234.0
13103.625985211695,2555.0
13474.099010531792,2555.0
13474.099010531792,2667.0
14031.761508551428,2667.0
14031.761508551428,2555.0
14331.761508551428,2555.0
14331.761508551428,2667.0
17931.761508551426,2667.0
17931.761508551426,2555.0
19431.761508551426,2555.0
19431.761508551426,2429.0
27190.666880831126,2429.0
27190.666880831126,2234.0
44013.8355402276,2234.0
44013.8355402276,2429.0
46048.9457884105,2429.0
46048.9457884105,2555.0
63795.63610434999,2555.0
63795.63610434999,2667.0
86400.0,2667.0
# temp #9693
0.0,2234.0
79018.70881668293,2234.0
79018.70881668293,2555.0
86400.0,2555.0
# temp #9694
0.0,2234.0
33577.377588464886,2234.0
33577.377588464886,2429.0
34159.759260294966,2429.0
34159.759260294966,2555.0
36466.657269699506,2555.0
36466.657269699506,2429.0
42520.470360782936,2429.0
42520.470360782936,2234.0
43168.576112715535,2234.0
43168.576112715535,2429.0
58967.806481220774,2429.0
58967.806481220774,2555.0
67251.54693808874,2555.0
67251.54693808874,2667.0
86400.000002,2667.0
# temp #9695
0.0,2234.0
8414.217158127578,2234.0
8414.217158127578,2667.0
14360.917304595936,2667.0
14360.917304595936,2555.0
14705.092055210847,2555.0
14705.092055210847,2667.0
33292.8169162944,2667.0
33292.8169162944,2555.0
33592.8169162944,2555.0
33592.8169162944,2667.0
33892.8169162944,2667.0
33892.8169162944,2555.0
37192.8169162944,2555.0
37192.8169162944,2667.0
62692.8169162944,2667.0
62692.8169162944,2883.0
86400.000002,2883.0
# temp #9696
0.0,2234.0
62592.05997192767,2234.0
62592.05997192767,2555.0
65490.06974736695,2555.0
65490.06974736695,2667.0
71790.06974736694,2667.0
71790.06974736694,2555.0
72990.06974736694,2555.0
72990.06974736694,2429.0
86400.0,2429.0
# temp #9697
0.0,2234.0
27926.770124165345,2234.0
27926.770124165345,2429.0
28249.67997281347,2429.0
28249.67997281347,2555.0
32771.56614123379,2555.0
32771.56614123379,2429.0
55222.625902108855,2429.0
55222.625902108855,2555.0
67158.00854070114,2555.0
67158.00854070114,2429.0
86400.0,2429.0
# temp #9698
0.0,2234.0
81093.42584491243,2234.0
81093.42584491243,2555.0
86400.0,2555.0
# temp #9699
0.0,2234.0
19297.470416408036,2234.0
19297.470416408036,2555.0
52328.84777029978,2555.0
52328.84777029978,2429.0
55902.486588712796,2429.0
55902.486588712796,2234.0
61309.86661026256,2234.0
61309.86661026256,2429.0
66794.17456747034,2429.0
66794.17456747034,2234.0
78045.62118812466,2234.0
78045.62118812466,2429.0
86400.000002,2429.0
# temp #9700
0.0,2234.0
77459.15288042744,2234.0
77459.15288042744,2555.0
78521.18598518429,2555.0
78521.18598518429,2234.0
86400.0,2234.0
# temp #9701
0.0,2234.0
4204.993296135217,2234.0
4204.993296135217,2883.0
5584.938827343285,2883.0
5584.938827343285,2667.0
11597.882403270341,2667.0
11597.882403270341,2883.0
39812.73450006266,2883.0
39812.73450006266,2429.0
72328.25135418681,2429.0
72328.25135418681,2555.0
76421.03300951423,2555.0
76421.03300951423,2429.0
79530.58006132489,2429.0
79530.58006132489,2555.0
86400.0,2555.0
# temp #9702
0.0,2234.0
38335.47547026538,2234.0
38335.47547026538,2017.0
58702.0744088106,2017.0
58702.0744088106,2234.0
86400.000002,2234.0
# temp #9703
0.0,2234.0
65873.74446680771,2234.0
65873.74446680771,2555.0
86400.000002,2555.0
# temp #9704
0.0,2234.0
71265.81847902853,2234.0
71265.81847902853,2555.0
82474.41905695014,2555.0
82474.41905695014,2234.0
86400.0,2234.0
# temp #9705
0.0,2234.0
9002.927009551788,2234.0
9002.927009551788,2883.0
20102.927009551786,2883.0
20102.927009551786,2555.0
26614.373243995946,2555.0
26614.373243995946,2429.0
44427.40322977771,2429.0
44427.40322977771,2234.0
60289.24749756699,2234.0
60289.24749756699,2667.0
64863.20608402604,2667.0
64863.20608402604,2234.0
86400.000002,2234.0
# temp #9706
0.0,2234.0
19418.94100327045,2234.0
19418.94100327045,2555.0
49006.09591878021,2555.0
49006.09591878021,2429.0
53800.08808351123,2429.0
53800.08808351123,2234.0
60168.09749398382,2234.0
60168.09749398382,2429.0
64971.95430875292,2429.0
64971.95430875292,2234.0
75869.42021660508,2234.0
75869.42021660508,2429.0
78679.77801086383,2429.0
78679.77801086383,2883.0
81170.98404087593,2883.0
81170.98404087593,2429.0
86400.000002,2429.0
# temp #9707
0.0,2234.0
2281.0621099546556,2234.0
2281.0621099546556,2667.0
6229.533338989132,2667.0
6229.533338989132,2555.0
7270.431793550962,2555.0
7270.431793550962,2667.0
16172.372286021713,2667.0
16172.372286021713,2555.0
16472.372286021713,2555.0
16472.372286021713,2429.0
50298.617816995844,2429.0
50298.617816995844,2883.0
51872.29710761459,2883.0
51872.29710761459,2667.0
70686.46758666729,2667.0
70686.46758666729,2555.0
86400.000002,2555.0
# temp #9708
0.0,2234.0
9678.0948093161,2234.0
9678.0948093161,2555.0
27519.706728961326,2555.0
27519.706728961326,2429.0
27831.421773042537,2429.0
27831.421773042537,2555.0
45381.26903388185,2555.0
45381.26903388185,2429.0
46381.139721418745,2429.0
46381.139721418745,2234.0
59019.47903071997,2234.0
59019.47903071997,2667.0
85788.71062647087,2667.0
85788.71062647087,2883.0
86400.0,2883.0
# temp #9709
0.0,2234.0
52453.613949939616,2234.0
52453.613949939616,2429.0
52865.76183380094,2429.0
52865.76183380094,2555.0
54284.79428866413,2555.0
54284.79428866413,2429.0
70933.23679855095,2429.0
70933.23679855095,2555.0
86400.000002,2555.0
# temp #9710
0.0,2234.0
10341.276354971344,2234.0
10341.276354971344,2429.0
10852.377573656851,2429.0
10852.377573656851,2555.0
11538.517882931048,2555.0
11538.517882931048,2429.0
34361.555983359,2429.0
34361.555983359,2555.0
63012.12547877805,2555.0
63012.12547877805,2429.0
80310.17463512254,2429.0
80310.17463512254,2555.0
86400.000002,2555.0
# temp #9711
0.0,2234.0
12625.492409756409,2234.0
12625.492409756409,2883.0
13057.990154391156,2883.0
13057.990154391156,2667.0
16520.743000879884,2667.0
16520.743000879884,2883.0
30576.995330024514,2883.0
30576.995330024514,2667.0
71879.58797402681,2667.0
71879.58797402681,2883.0
78802.17120666058,2883.0
78802.17120666058,2429.0
86400.0,2429.0
# temp #9712
0.0,2234.0
43672.98153459561,2234.0
43672.98153459561,2555.0
72093.97361513694,2555.0
72093.97361513694,2429.0
72421.67168080343,2429.0
72421.67168080343,2555.0
86400.0,2555.0
# temp #9713
0.0,2234.0
70632.06528935116,2234.0
70632.06528935116,2555.0
76512.44972990826,2555.0
76512.44972990826,2234.0
77023.66270255297,2234.0
77023.66270255297,2667.0
86400.0,2667.0
# temp #9714
0.0,2234.0
2341.6249264497314,2234.0
2341.6249264497314,2667.0
16046.961313043723,2667.0
16046.961313043723,2555.0
16664.1177844489,2555.0
16664.1177844489,2667.0
22773.710511066023,2667.0
22773.710511066023,2555.0
23073.710511066023,2555.0
23073.710511066023,2667.0
23804.13579018787,2667.0
23804.13579018787,2555.0
24404.13579018787,2555.0
24404.13579018787,2667.0
29596.353553701196,2667.0
29596.353553701196,2555.0
37469.47015633342,2555.0
37469.47015633342,2429.0
48525.10195900687,2429.0
48525.10195900687,2555.0
71770.52840064281,2555.0
71770.52840064281,2429.0
86400.000002,2429.0
# temp #9715
0.0,2234.0
71194.59132920021,2234.0
71194.59132920021,2555.0
86400.0,2555.0
# temp #9716
0.0,2234.0
60601.504203001976,2234.0
60601.504203001976,2555.0
64097.500811121434,2555.0
64097.500811121434,2429.0
66732.77831634042,2429.0
66732.77831634042,2234.0
75992.9496265948,2234.0
75992.9496265948,2429.0
86246.46162218416,2429.0
86246.46162218416,2234.0
86400.000002,2234.0
# temp #9717
0.0,2234.0
45155.65427932889,2234.0
45155.65427932889,2555.0
58570.846361015,2555.0
58570.846361015,2667.0
86400.0,2667.0
# temp #9718
0.0,2234.0
37773.766924347736,2234.0
37773.766924347736,2017.0
71196.30542923698,2017.0
71196.30542923698,2234.0
86400.0,2234.0
# temp #9719
0.0,2234.0
56474.27380958107,2234.0
56474.27380958107,2555.0
76743.85462871288,2555.0
76743.85462871288,2429.0
77149.19228944929,2429.0
77149.19228944929,2555.0
86400.000002,2555.0
# temp #9720
0.0,2234.0
30102.554061287086,2234.0
30102.554061287086,2429.0
30555.629785917703,2429.0
30555.629785917703,2234.0
31447.901593311693,2234.0
31447.901593311693,2429.0
33270.02574771178,2429.0
33270.02574771178,2234.0
56039.63474608027,2234.0
56039.63474608027,2429.0
57130.65115562641,2429.0
57130.65115562641,2555.0
58181.615037331365,2555.0
58181.615037331365,2429.0
58481.615037331365,2429.0
58481.615037331365,2555.0
58781.615037331365,2555.0
58781.615037331365,2429.0
59381.615037331365,2429.0
59381.615037331365,2555.0
61512.96448730864,2555.0
61512.96448730864,2429.0
85415.92648951338,2429.0
85415.92648951338,2234.0
86400.000002,2234.0
# temp #9721
0.0,2234.0
45245.507394592285,2234.0
45245.507394592285,2555.0
66941.03656697554,2555.0
66941.03656697554,2429.0
67472.9101607809,2429.0
67472.9101607809,2555.0
81825.25204138366,2555.0
81825.25204138366,2429.0
82325.88636351285,2429.0
82325.88636351285,2555.0
83318.46928659362,2555.0
83318.46928659362,2429.0
83618.46928659362,2429.0
83618.46928659362,2555.0
83918.46928659362,2555.0
83918.46928659362,2429.0
84518.46928659362,2429.0
84518.46928659362,2555.0
86400.000002,2555.0
# temp #9722
0.0,2234.0
4655.389427044429,2234.0
4655.389427044429,2883.0
6136.442034062929,2883.0
6136.442034062929,2667.0
13617.958285007626,2667.0
13617.958285007626,2883.0
17756.46337782964,2883.0
17756.46337782964,2667.0
44058.81573103835,2667.0
44058.81573103835,2555.0
48521.24739415013,2555.0
48521.24739415013,2429.0
51111.56841216144,2429.0
51111.56841216144,2234.0
75424.28209169304,2234.0
75424.28209169304,2429.0
86400.0,2429.0
# temp #9723
0.0,2234.0
13871.738501172515,2234.0
13871.738501172515,2555.0
42361.064305063344,2555.0
42361.064305063344,2429.0
45823.65970378742,2429.0
45823.65970378742,2234.0
46123.65970378742,2234.0
46123.65970378742,2017.0
77180.70895476268,2017.0
77180.70895476268,2883.0
86400.0,2883.0
# temp #9724
0.0,2234.0
64425.08406399285,2234.0
64425.08406399285,2555.0
64876.41253501644,2555.0
64876.41253501644,2429.0
65179.48615523057,2429.0
65179.48615523057,2555.0
70675.57775862516,2555.0
70675.57775862516,2429.0
71333.19116164932,2429.0
71333.19116164932,2234.0
71907.77929478792,2234.0
71907.77929478792,2555.0
76751.72633619515,2555.0
76751.72633619515,2429.0
86400.0,2429.0
# temp #9725
0.0,2234.0
11197.701690439135,2234.0
11197.701690439135,2429.0
11797.701690439135,2429.0
11797.701690439135,2555.0
16653.387633059174,2555.0
16653.387633059174,2429.0
34491.32278813049,2429.0
34491.32278813049,2555.0
50787.106461077936,2555.0
50787.106461077936,2429.0
63974.44489155897,2429.0
63974.44489155897,2555.0
86400.000002,2555.0
# temp #9726
0.0,2234.0
60335.49548720475,2234.0
60335.49548720475,2555.0
74238.69508523494,2555.0
74238.69508523494,2234.0
76817.66483886167,2234.0
76817.66483886167,2667.0
86400.0,2667.0
# temp #9727
0.0,2234.0
50317.30405180716,2234.0
50317.30405180716,2555.0
52417.45888951701,2555.0
52417.45888951701,2667.0
52945.78443090432,2667.0
52945.78443090432,2555.0
53245.78443090432,2555.0
53245.78443090432,2667.0
79945.78443090431,2667.0
79945.78443090431,2555.0
86400.000002,2555.0
# temp #9728
0.0,2234.0
4651.079521514476,2234.0
4651.079521514476,2429.0
4971.252230275423,2429.0
4971.252230275423,2555.0
9284.343665186318,2555.0
9284.343665186318,2429.0
20986.647078255195,2429.0
20986.647078255195,2234.0
34357.4571994599,2234.0
34357.4571994599,2667.0
75189.96549979785,2667.0
75189.96549979785,2883.0
82243.68984089234,2883.0
82243.68984089234,2429.0
86400.0,2429.0
# temp #9729
0.0,2234.0
45978.16354532261,2234.0
45978.16354532261,2429.0
78078.1635453226,2429.0
78078.1635453226,2555.0
78378.1635453226,2555.0
78378.1635453226,2667.0
81112.94333408588,2667.0
81112.94333408588,2555.0
86400.0,2555.0
# temp #9730
0.0,2234.0
83543.58174554074,2234.0
83543.58174554074,2555.0
86400.000002,2555.0
# temp #9731
0.0,2234.0
6853.891621716322,2234.0
6853.891621716322,2667.0
50464.9723259965,2667.0
50464.9723259965,2555.0
51194.826061860666,2555.0
51194.826061860666,2667.0
53779.881221149124,2667.0
53779.881221149124,2555.0
56779.881221149124,2555.0
56779.881221149124,2667.0
82879.88122114912,2667.0
82879.88122114912,2883.0
86400.000002,2883.0
# temp #9732
0.0,2234.0
1868.413772969507,2234.0
1868.413772969507,2667.0
31776.233591116037,2667.0
31776.233591116037,2555.0
32382.374387118038,2555.0
32382.374387118038,2667.0
54929.22293564771,2667.0
54929.22293564771,2555.0
55229.22293564771,2555.0
55229.22293564771,2667.0
55833.52534503211,2667.0
55833.52534503211,2555.0
56433.52534503211,2555.0
56433.52534503211,2667.0
63621.917104558095,2667.0
63621.917104558095,2555.0
72019.79104382919,2555.0
72019.79104382919,2429.0
84069.0497686621,2429.0
84069.0497686621,2555.0
86400.0,2555.0
# temp #9733
0.0,2234.0
2308.0965137109165,2234.0
2308.0965137109165,2667.0
37646.83128339239,2667.0
37646.83128339239,2555.0
38997.009035339586,2555.0
38997.009035339586,2429.0
61344.49210634922,2429.0
61344.49210634922,2555.0
86400.0,2555.0
# temp #9734
0.0,2234.0
60059.65940169991,2234.0
60059.65940169991,2555.0
60591.60071213265,2555.0
60591.60071213265,2667.0
61008.69550758508,2667.0
61008.69550758508,2555.0
61308.69550758508,2555.0
61308.69550758508,2667.0
64908.69550758508,2667.0
64908.69550758508,2555.0
66408.69550758507,2555.0
66408.69550758507,2429.0
74793.77253649292,2429.0
74793.77253649292,2234.0
86400.0,2234.0
# temp #9735
0.0,2234.0
23022.401438956153,2234.0
23022.401438956153,2555.0
23895.87438181043,2555.0
23895.87438181043,2667.0
33795.87438181043,2667.0
33795.87438181043,2555.0
37524.55424554647,2555.0
37524.55424554647,2429.0
39307.476553344175,2429.0
39307.476553344175,2555.0
59581.56387505588,2555.0
59581.56387505588,2429.0
85017.87764627954,2429.0
85017.87764627954,2234.0
86400.0,2234.0
# temp #9736
0.0,2234.0
10013.453435688281,2234.0
10013.453435688281,2883.0
11461.56748258509,2883.0
11461.56748258509,2667.0
15571.313556376846,2667.0
15571.313556376846,2883.0
32550.012191059075,2883.0
32550.012191059075,2429.0
33114.818687969826,2429.0
33114.818687969826,2883.0
54649.09622948618,2883.0
54649.09622948618,2429.0
72404.18566132431,2429.0
72404.18566132431,2555.0
80686.19169651066,2555.0
80686.19169651066,2667.0
86400.0,2667.0
# temp #9737
0.0,2234.0
45211.762843024924,2234.0
45211.762843024924,2429.0
77311.76284302492,2429.0
77311.76284302492,2555.0
77611.76284302492,2555.0
77611.76284302492,2667.0
86400.000002,2667.0
# temp #9738
0.0,2234.0
34940.400627907366,2234.0
34940.400627907366,2555.0
50801.81877692231,2555.0
50801.81877692231,2429.0
83832.14027532378,2429.0
83832.14027532378,2555.0
86400.000002,2555.0
# temp #9739
0.0,2234.0
16104.588854103351,2234.0
16104.588854103351,2429.0
48204.58885410335,2429.0
48204.58885410335,2555.0
48504.58885410335,2555.0
48504.58885410335,2667.0
74430.9691704344,2667.0
74430.9691704344,2234.0
79631.93987009581,2234.0
79631.93987009581,2429.0
86400.0,2429.0
# temp #9740
0.0,2234.0
15668.603962124329,2234.0
15668.603962124329,2883.0
16895.618645148355,2883.0
16895.618645148355,2667.0
26181.438963487748,2667.0
26181.438963487748,2883.0
52064.042791211985,2883.0
52064.042791211985,2429.0
61562.492986349396,2429.0
61562.492986349396,2234.0
74685.30679622201,2234.0
74685.30679622201,2429.0
86400.0,2429.0
# temp #9741
0.0,2234.0
24114.67255780008,2234.0
24114.67255780008,2429.0
24449.508514394987,2429.0
24449.508514394987,2234.0
25102.516983845275,2234.0
25102.516983845275,2429.0
30270.87713212241,2429.0
30270.87713212241,2234.0
37118.00051615574,2234.0
37118.00051615574,2429.0
37450.8911357727,2429.0
37450.8911357727,2555.0
38797.448118729524,2555.0
38797.448118729524,2429.0
39097.448118729524,2429.0
39097.448118729524,2555.0
39397.448118729524,2555.0
39397.448118729524,2429.0
39997.448118729524,2429.0
39997.448118729524,2555.0
43313.12832380646,2555.0
43313.12832380646,2429.0
76589.74861095195,2429.0
76589.74861095195,2555.0
78097.88016497625,2555.0
78097.88016497625,2429.0
86400.0,2429.0
# temp #9742
0.0,2234.0
66479.670081893,2234.0
66479.670081893,2555.0
69220.4679542687,2555.0
69220.4679542687,2429.0
86400.000002,2429.0
# temp #9743
0.0,2234.0
46171.440407750204,2234.0
46171.440407750204,2555.0
49715.6282254262,2555.0
49715.6282254262,2429.0
50180.52296997049,2429.0
50180.52296997049,2555.0
64027.175154187724,2555.0
64027.175154187724,2429.0
64515.23072181736,2429.0
64515.23072181736,2555.0
65274.436815851375,2555.0
65274.436815851375,2429.0
65574.43681585138,2429.0
65574.43681585138,2555.0
85974.43681585138,2555.0
85974.43681585138,2429.0
86274.43681585138,2429.0
86274.43681585138,2555.0
86400.000002,2555.0
# temp #9744
0.0,2234.0
71432.7937817434,2234.0
71432.7937817434,2555.0
86400.0,2555.0
# temp #9745
0.0,2234.0
29317.869672691453,2234.0
29317.869672691453,2017.0
41406.26440322959,2017.0
41406.26440322959,2234.0
51461.2299555447,2234.0
51461.2299555447,2017.0
86400.000002,2017.0
# temp #9746
0.0,2234.0
70183.22796891443,2234.0
70183.22796891443,2555.0
75973.14017526805,2555.0
75973.14017526805,2234.0
86400.000002,2234.0
# temp #9747
0.0,2234.0
35669.328287593096,2234.0
35669.328287593096,2555.0
37582.50711446163,2555.0
37582.50711446163,2429.0
37981.75435687882,2429.0
37981.75435687882,2555.0
58594.984709448196,2555.0
58594.984709448196,2429.0
59183.96485566629,2429.0
59183.96485566629,2555.0
60564.38987811563,2555.0
60564.38987811563,2429.0
86400.000002,2429.0
# temp #9748
0.0,2234.0
26376.82072289754,2234.0
26376.82072289754,2555.0
27746.898721461188,2555.0
27746.898721461188,2429.0
28280.52835715935,2429.0
28280.52835715935,2555.0
42239.842569851324,2555.0
42239.842569851324,2429.0
43450.03558325116,2429.0
43450.03558325116,2555.0
43877.22597972025,2555.0
43877.22597972025,2429.0
44177.22597972025,2429.0
44177.22597972025,2555.0
44477.22597972025,2555.0
44477.22597972025,2429.0
45077.22597972025,2429.0
45077.22597972025,2555.0
47918.459014152184,2555.0
47918.459014152184,2429.0
72868.05091544522,2429.0
72868.05091544522,2555.0
76018.80177527202,2555.0
76018.80177527202,2667.0
85873.97819745821,2667.0
85873.97819745821,2555.0
86400.000002,2555.0
# temp #9749
0.0,2234.0
17192.757680453364,2234.0
17192.757680453364,2429.0
17540.83929250483,2429.0
17540.83929250483,2234.0
18151.80029701442,2234.0
18151.80029701442,2429.0
23238.267081649978,2429.0
23238.267081649978,2234.0
35949.654825381,2234.0
35949.654825381,2429.0
37404.516891553074,2429.0
37404.516891553074,2555.0
38301.641929219484,2555.0
38301.641929219484,2429.0
38601.641929219484,2429.0
38601.641929219484,2555.0
59001.64192921948,2555.0
59001.64192921948,2429.0
59301.64192921948,2429.0
59301.64192921948,2555.0
59901.64192921948,2555.0
59901.64192921948,2667.0
70634.93038339075,2667.0
70634.93038339075,2555.0
86400.0,2555.0
# temp #9750
0.0,2234.0
5701.039816229605,2234.0
5701.039816229605,2667.0
37396.85631010216,2667.0
37396.85631010216,2555.0
37786.31394363474,2555.0
37786.31394363474,2667.0
57992.845430178575,2667.0
57992.845430178575,2555.0
58292.845430178575,2555.0
58292.845430178575,2667.0
58926.8041022122,2667.0
58926.8041022122,2555.0
59526.8041022122,2555.0
59526.8041022122,2667.0
86400.0,2667.0
# temp #9751
0.0,2234.0
60730.51993253175,2234.0
60730.51993253175,2555.0
80234.01515150908,2555.0
80234.01515150908,2234.0
86400.0,2234.0
# temp #9752
0.0,2234.0
5793.78987515811,2234.0
5793.78987515811,2667.0
7775.218123127707,2667.0
7775.218123127707,2555.0
8977.228687447498,2555.0
8977.228687447498,2667.0
27386.158352228817,2667.0
27386.158352228817,2555.0
30386.158352228817,2555.0
30386.158352228817,2667.0
56486.15835222881,2667.0
56486.15835222881,2883.0
86400.0,2883.0
# temp #9753
0.0,2234.0
46952.76436500718,2234.0
46952.76436500718,2429.0
79052.76436500717,2429.0
79052.76436500717,2555.0
79352.76436500717,2555.0
79352.76436500717,2667.0
86400.000002,2667.0
# temp #9754
0.0,2234.0
1331.1589245451614,2234.0
1331.1589245451614,2667.0
27909.323880379092,2667.0
27909.323880379092,2555.0
28266.437249653976,2555.0
28266.437249653976,2667.0
39885.12647766621,2667.0
39885.12647766621,2555.0
42885.12647766621,2555.0
42885.12647766621,2667.0
68985.1264776662,2667.0
68985.1264776662,2883.0
86400.000002,2883.0
# temp #9755
0.0,2234.0
5680.797314085067,2234.0
5680.797314085067,2555.0
6222.628731443548,2555.0
6222.628731443548,2667.0
16122.628731443547,2667.0
16122.628731443547,2555.0
19978.855773224495,2555.0
19978.855773224495,2429.0
39174.237781902775,2429.0
39174.237781902775,2234.0
40454.02020325419,2234.0
40454.02020325419,2429.0
85403.92625627575,2429.0
85403.92625627575,2883.0
86400.000002,2883.0
# temp #9756
0.0,2234.0
28878.734298027124,2234.0
28878.734298027124,2429.0
29354.03130676132,2429.0
29354.03130676132,2555.0
32768.11726230663,2555.0
32768.11726230663,2429.0
47199.88908937667,2429.0
47199.88908937667,2555.0
64674.75726187696,2555.0
64674.75726187696,2429.0
83231.46860136186,2429.0
83231.46860136186,2883.0
86400.000002,2883.0
# temp #9757
0.0,2234.0
29968.851775769148,2234.0
29968.851775769148,2017.0
82846.42099854538,2017.0
82846.42099854538,2234.0
86400.000002,2234.0
# temp #9758
0.0,2234.0
16072.189819207417,2234.0
16072.189819207417,2555.0
17839.73786446732,2555.0
17839.73786446732,2667.0
27739.737864467315,2667.0
27739.737864467315,2555.0
29615.043256315406,2555.0
29615.043256315406,2429.0
47819.68531189487,2429.0
47819.68531189487,2555.0
56676.43594276161,2555.0
56676.43594276161,2667.0
58750.2611065982,2667.0
58750.2611065982,2555.0
75011.75852890594,2555.0
75011.75852890594,2667.0
86400.0,2667.0
# temp #9759
0.0,2234.0
71133.36471584626,2234.0
71133.36471584626,2555.0
71587.35409928486,2555.0
71587.35409928486,2234.0
86400.0,2234.0
# temp #9760
0.0,2234.0
59337.72005040665,2234.0
59337.72005040665,2883.0
61737.72005040665,2883.0
61737.72005040665,2667.0
67589.00093750564,2667.0
67589.00093750564,2234.0
69616.4763117442,2234.0
69616.4763117442,2429.0
86400.000002,2429.0
# temp #9761
0.0,2234.0
11267.926445812918,2234.0
11267.926445812918,2429.0
11752.545924950391,2429.0
11752.545924950391,2234.0
12620.284492196515,2234.0
12620.284492196515,2429.0
15371.742366906255,2429.0
15371.742366906255,2234.0
36158.417058200575,2234.0
36158.417058200575,2429.0
37519.95486330707,2429.0
37519.95486330707,2555.0
38203.36971546058,2555.0
38203.36971546058,2429.0
86400.0,2429.0
# temp #9762
0.0,2234.0
18301.506348908883,2234.0
18301.506348908883,2555.0
28086.376545927495,2555.0
28086.376545927495,2429.0
45040.515788993805,2429.0
45040.515788993805,2234.0
54069.58495164291,2234.0
54069.58495164291,2429.0
67737.30657873677,2429.0
67737.30657873677,2234.0
80180.8749228716,2234.0
80180.8749228716,2667.0
86400.000002,2667.0
# temp #9763
0.0,2234.0
10731.491841492245,2234.0
10731.491841492245,2555.0
32732.143601006836,2555.0
32732.143601006836,2429.0
33057.9378471477,2429.0
33057.9378471477,2555.0
34157.47480681167,2555.0
34157.47480681167,2429.0
35087.959870230414,2429.0
35087.959870230414,2555.0
35454.47366014124,2555.0
35454.47366014124,2429.0
35754.47366014124,2429.0
35754.47366014124,2555.0
37254.47366014124,2555.0
37254.47366014124,2429.0
47454.47366014124,2429.0
47454.47366014124,2234.0
86400.000002,2234.0
# temp #9764
0.0,2234.0
33117.38998268266,2234.0
33117.38998268266,2429.0
33606.304969196215,2429.0
33606.304969196215,2555.0
36145.02904631664,2555.0
36145.02904631664,2429.0
61321.57026214992,2429.0
61321.57026214992,2883.0
86400.0,2883.0
# temp #9765
0.0,2234.0
23603.50951775909,2234.0
23603.50951775909,2555.0
26696.99842280243,2555.0
26696.99842280243,2667.0
27236.358699761335,2667.0
27236.358699761335,2555.0
27536.358699761335,2555.0
27536.358699761335,2667.0
54236.35869976133,2667.0
54236.35869976133,2555.0
70136.35869976133,2555.0
70136.35869976133,2234.0
73736.35869976133,2234.0
73736.35869976133,2429.0
83636.35869976133,2429.0
83636.35869976133,2555.0
84236.35869976133,2555.0
84236.35869976133,2667.0
86400.0,2667.0
# temp #9766
0.0,2234.0
58527.29126990307,2234.0
58527.29126990307,2555.0
66251.41308533493,2555.0
66251.41308533493,2234.0
68582.93173997663,2234.0
68582.93173997663,2429.0
86400.0,2429.0
# temp #9767
0.0,2234.0
13705.293798283676,2234.0
13705.293798283676,2555.0
28354.340700083416,2555.0
28354.340700083416,2429.0
28943.658937769946,2429.0
28943.658937769946,2555.0
33967.3887946643,2555.0
33967.3887946643,2429.0
34823.85794157163,2429.0
34823.85794157163,2234.0
41722.29106798769,2234.0
41722.29106798769,2667.0
55415.79343162012,2667.0
55415.79343162012,2555.0
68797.32886191925,2555.0
68797.32886191925,2429.0
77627.16196838302,2429.0
77627.16196838302,2555.0
86400.000002,2555.0
# temp #9768
0.0,2234.0
15642.696724925194,2234.0
15642.696724925194,2883.0
26742.696724925194,2883.0
26742.696724925194,2555.0
38372.04810124823,2555.0
38372.04810124823,2883.0
40473.55032912456,2883.0
40473.55032912456,2429.0
71779.66466594955,2429.0
71779.66466594955,2555.0
86400.0,2555.0
# temp #9769
0.0,2234.0
26307.403742428873,2234.0
26307.403742428873,2429.0
26813.03947102279,2429.0
26813.03947102279,2234.0
27703.74111151323,2234.0
27703.74111151323,2429.0
32547.95145518147,2429.0
32547.95145518147,2234.0
38836.156902951196,2234.0
38836.156902951196,2429.0
39748.63290614449,2429.0
39748.63290614449,2234.0
42299.45077789017,2234.0
42299.45077789017,2667.0
62143.72327672319,2667.0
62143.72327672319,2555.0
73619.47435098702,2555.0
73619.47435098702,2429.0
86400.0,2429.0
# temp #9770
0.0,2234.0
2015.3691617539155,2234.0
2015.3691617539155,2667.0
46620.367353712216,2667.0
46620.367353712216,2555.0
47372.71812383552,2555.0
47372.71812383552,2429.0
61926.596759003594,2429.0
61926.596759003594,2883.0
73206.3053346472,2883.0
73206.3053346472,2667.0
73875.77893605923,2667.0
73875.77893605923,2555.0
84840.54667430466,2555.0
84840.54667430466,2667.0
86400.000002,2667.0
# temp #9771
0.0,2234.0
79128.12492472587,2234.0
79128.12492472587,2555.0
83828.38380499744,2555.0
83828.38380499744,2667.0
84411.54975243846,2667.0
84411.54975243846,2555.0
84711.54975243846,2555.0
84711.54975243846,2667.0
86400.0,2667.0
# temp #9772
0.0,2234.0
74370.13252191247,2234.0
74370.13252191247,2555.0
86400.0,2555.0
# temp #9773
0.0,2234.0
26357.08736549132,2234.0
26357.08736549132,2429.0
26661.60884597339,2429.0
26661.60884597339,2555.0
28014.77500596084,2555.0
28014.77500596084,2429.0
59372.906599938884,2429.0
59372.906599938884,2555.0
77123.17229190377,2555.0
77123.17229190377,2429.0
86400.000002,2429.0
# temp #9774
0.0,2234.0
7497.000674949961,2234.0
7497.000674949961,2667.0
20647.922162013132,2667.0
20647.922162013132,2555.0
21362.718840362508,2555.0
21362.718840362508,2667.0
45079.90173564759,2667.0
45079.90173564759,2555.0
45379.90173564759,2555.0
45379.90173564759,2667.0
46097.54430509639,2667.0
46097.54430509639,2555.0
46697.54430509639,2555.0
46697.54430509639,2667.0
49088.41327554547,2667.0
49088.41327554547,2555.0
60403.502194443725,2555.0
60403.502194443725,2667.0
77454.39143339173,2667.0
77454.39143339173,2555.0
86400.0,2555.0
# temp #9775
0.0,2234.0
28624.05837401748,2234.0
28624.05837401748,2429.0
29224.05837401748,2429.0
29224.05837401748,2555.0
31540.639621764425,2555.0
31540.639621764425,2429.0
69342.06345600543,2429.0
69342.06345600543,2555.0
86400.000002,2555.0
# temp #9776
0.0,2234.0
17373.82890915033,2234.0
17373.82890915033,2555.0
19074.3513178546,2555.0
19074.3513178546,2667.0
19658.855245029557,2667.0
19658.855245029557,2555.0
19958.855245029557,2555.0
19958.855245029557,2667.0
23558.855245029557,2667.0
23558.855245029557,2555.0
25058.855245029557,2555.0
25058.855245029557,2429.0
27911.838674428876,2429.0
27911.838674428876,2234.0
62890.34727774562,2234.0
62890.34727774562,2429.0
70044.18683778496,2429.0
70044.18683778496,2555.0
86400.000002,2555.0
# temp #9777
0.0,2234.0
63709.465271816596,2234.0
63709.465271816596,2555.0
86400.000002,2555.0
# temp #9778
0.0,2234.0
36056.26397368033,2234.0
36056.26397368033,2429.0
36421.29350923934,2429.0
36421.29350923934,2555.0
37401.436030352495,2555.0
37401.436030352495,2429.0
61129.817526787534,2429.0
61129.817526787534,2555.0
73884.35177961366,2555.0
73884.35177961366,2667.0
86400.0,2667.0
# temp #9779
0.0,2234.0
4921.8053641263405,2234.0
4921.8053641263405,2667.0
47510.893801040955,2667.0
47510.893801040955,2555.0
48940.641283337034,2555.0
48940.641283337034,2667.0
63044.4612938678,2667.0
63044.4612938678,2555.0
63344.4612938678,2555.0
63344.4612938678,2429.0
86400.000002,2429.0
# temp #9780
0.0,2234.0
62837.28440967389,2234.0
62837.28440967389,2555.0
86400.000002,2555.0
# temp #9781
0.0,2234.0
59128.70513303206,2234.0
59128.70513303206,2555.0
86400.000002,2555.0
# temp #9782
0.0,2234.0
2565.8677148865536,2234.0
2565.8677148865536,2883.0
2966.8148377910256,2883.0
2966.8148377910256,2667.0
14614.729149942288,2667.0
14614.729149942288,2883.0
36507.426822418354,2883.0
36507.426822418354,2429.0
57706.92696324551,2429.0
57706.92696324551,2234.0
73032.70957139322,2234.0
73032.70957139322,2667.0
86400.0,2667.0
# temp #9783
0.0,2234.0
71633.92837482972,2234.0
71633.92837482972,2555.0
72224.66194995215,2555.0
72224.66194995215,2429.0
72693.26700121166,2429.0
72693.26700121166,2555.0
86400.0,2555.0
# temp #9784
0.0,2234.0
4545.347215561196,2234.0
4545.347215561196,2883.0
15645.347215561196,2883.0
15645.347215561196,2555.0
22344.130099355243,2555.0
22344.130099355243,2429.0
24759.19465951156,2429.0
24759.19465951156,2667.0
31438.00503623206,2667.0
31438.00503623206,2555.0
62382.21575373319,2555.0
62382.21575373319,2429.0
86400.000002,2429.0
# temp #9785
0.0,2234.0
84200.85047499744,2234.0
84200.85047499744,2555.0
86400.0,2555.0
# temp #9786
0.0,2234.0
39862.14947425761,2234.0
39862.14947425761,2017.0
40248.32140328363,2017.0
40248.32140328363,2234.0
44463.35261715577,2234.0
44463.35261715577,2017.0
50846.32472321392,2017.0
50846.32472321392,2234.0
57388.460517860956,2234.0
57388.460517860956,2017.0
86400.0,2017.0
# temp #9787
0.0,2234.0
36832.48026974034,2234.0
36832.48026974034,2555.0
43093.426177022055,2555.0
43093.426177022055,2429.0
43479.311880748726,2429.0
43479.311880748726,2555.0
50628.44531382435,2555.0
50628.44531382435,2429.0
51981.31150086411,2429.0
51981.31150086411,2555.0
52662.207752047114,2555.0
52662.207752047114,2429.0
86400.0,2429.0
# temp #9788
0.0,2234.0
14256.3946421491,2234.0
14256.3946421491,2429.0
14742.296812171118,2429.0
14742.296812171118,2234.0
15536.960147484207,2234.0
15536.960147484207,2429.0
17162.78549234849,2429.0
17162.78549234849,2234.0
20199.540908681232,2234.0
20199.540908681232,2429.0
20523.56884335168,2429.0
20523.56884335168,2555.0
21146.14237477072,2555.0
21146.14237477072,2429.0
21446.14237477072,2429.0
21446.14237477072,2555.0
21746.14237477072,2555.0
21746.14237477072,2429.0
22346.14237477072,2429.0
22346.14237477072,2555.0
24282.72193637677,2555.0
24282.72193637677,2429.0
62252.701072627686,2429.0
62252.701072627686,2555.0
68410.92747172808,2555.0
68410.92747172808,2429.0
86400.0,2429.0
# temp #9789
0.0,2234.0
3548.0597186833625,2234.0
3548.0597186833625,2017.0
29020.084348227832,2017.0
29020.084348227832,2234.0
75297.93589571492,2234.0
75297.93589571492,2017.0
86400.0,2017.0
# temp #9790
0.0,2234.0
12897.271732008086,2234.0
12897.271732008086,2555.0
15612.44928671513,2555.0
15612.44928671513,2667.0
16008.345364546405,2667.0
16008.345364546405,2555.0
16308.345364546405,2555.0
16308.345364546405,2667.0
43008.3453645464,2667.0
43008.3453645464,2555.0
58908.3453645464,2555.0
58908.3453645464,2234.0
62508.3453645464,2234.0
62508.3453645464,2429.0
72408.3453645464,2429.0
72408.3453645464,2555.0
73008.3453645464,2555.0
73008.3453645464,2667.0
85308.3453645464,2667.0
85308.3453645464,2883.0
86400.000002,2883.0
# temp #9791
0.0,2234.0
18945.041368296374,2234.0
18945.041368296374,2017.0
40324.949152534835,2017.0
40324.949152534835,2234.0
50442.747686477385,2234.0
50442.747686477385,2017.0
86400.000002,2017.0
# temp #9792
0.0,2234.0
1195.6629561027512,2234.0
1195.6629561027512,2667.0
11219.097997457722,2667.0
11219.097997457722,2555.0
11737.620424688796,2555.0
11737.620424688796,2429.0
26890.650685247972,2429.0
26890.650685247972,2555.0
42830.70483414923,2555.0
42830.70483414923,2429.0
44269.26587973722,2429.0
44269.26587973722,2555.0
57791.88446220943,2555.0
57791.88446220943,2667.0
82207.71207525396,2667.0
82207.71207525396,2883.0
86400.0,2883.0
# temp #9793
0.0,2234.0
14243.162045278588,2234.0
14243.162045278588,2429.0
14727.413059584798,2429.0
14727.413059584798,2555.0
19137.32365574688,2555.0
19137.32365574688,2429.0
43503.08309581597,2429.0
43503.08309581597,2555.0
61375.440382515095,2555.0
61375.440382515095,2667.0
86400.0,2667.0
# temp #9794
0.0,2234.0
28665.064198826443,2234.0
28665.064198826443,2429.0
29038.704480696473,2429.0
29038.704480696473,2234.0
29789.04991394375,2234.0
29789.04991394375,2429.0
31909.275173465725,2429.0
31909.275173465725,2234.0
53923.94438842312,2234.0
53923.94438842312,2429.0
55354.798006732024,2429.0
55354.798006732024,2555.0
56433.79664914683,2555.0
56433.79664914683,2429.0
56733.79664914683,2429.0
56733.79664914683,2555.0
77133.79664914683,2555.0
77133.79664914683,2429.0
77433.79664914683,2429.0
77433.79664914683,2555.0
78033.79664914683,2555.0
78033.79664914683,2667.0
86400.0,2667.0
# temp #9795
0.0,2234.0
66581.71225783882,2234.0
66581.71225783882,2555.0
86400.0,2555.0
# temp #9796
0.0,2234.0
59640.998792275794,2234.0
59640.998792275794,2883.0
62040.998792275794,2883.0
62040.998792275794,2667.0
86400.0,2667.0
# temp #9797
0.0,2234.0
1639.7675836924466,2234.0
1639.7675836924466,2667.0
46241.23147989158,2667.0
46241.23147989158,2555.0
46823.722769902095,2555.0
46823.722769902095,2667.0
68924.50151361992,2667.0
68924.50151361992,2555.0
69524.50151361992,2555.0
69524.50151361992,2667.0
86400.000002,2667.0
# temp #9798
0.0,2234.0
33415.26811185759,2234.0
33415.26811185759,2555.0
35809.23182128464,2555.0
35809.23182128464,2429.0
53714.5277550677,2429.0
53714.5277550677,2234.0
57444.01780336631,2234.0
57444.01780336631,2429.0
61251.8333741231,2429.0
61251.8333741231,2234.0
62103.97574238015,2234.0
62103.97574238015,2667.0
77048.73843903189,2667.0
77048.73843903189,2234.0
84813.46422499047,2234.0
84813.46422499047,2429.0
86400.000002,2429.0
# temp #9799
0.0,2234.0
47972.69724765793,2234.0
47972.69724765793,2555.0
57744.56750610844,2555.0
57744.56750610844,2429.0
58342.36396090128,2429.0
58342.36396090128,2555.0
68618.88381801547,2555.0
68618.88381801547,2429.0
68954.9474864267,2429.0
68954.9474864267,2555.0
69769.96982116254,2555.0
69769.96982116254,2429.0
70069.96982116254,2429.0
70069.96982116254,2555.0
86400.0,2555.0
# temp #9800
0.0,2234.0
45428.73923827429,2234.0
45428.73923827429,2429.0
45853.21969203652,2429.0
45853.21969203652,2555.0
47658.91972146929,2555.0
47658.91972146929,2429.0
66179.79188743049,2429.0
66179.79188743049,2555.0
74720.42484472042,2555.0
74720.42484472042,2883.0
86400.000002,2883.0
# temp #9801
0.0,2234.0
1740.9735751803967,2234.0
1740.9735751803967,2667.0
32650.181423337202,2667.0
32650.181423337202,2555.0
33563.99372408633,2555.0
33563.99372408633,2667.0
33935.51244840492,2667.0
33935.51244840492,2555.0
34535.51244840492,2555.0
34535.51244840492,2667.0
53187.227769079625,2667.0
53187.227769079625,2555.0
56481.37981470209,2555.0
56481.37981470209,2429.0
81072.63473854402,2429.0
81072.63473854402,2234.0
86400.0,2234.0
# temp #9802
0.0,2234.0
2041.2203616695479,2234.0
2041.2203616695479,2883.0
2857.9978852299973,2883.0
2857.9978852299973,2667.0
13485.055291769097,2667.0
13485.055291769097,2883.0
27684.982594870966,2883.0
27684.982594870966,2667.0
48647.92094954756,2667.0
48647.92094954756,2555.0
76807.59687130341,2555.0
76807.59687130341,2429.0
86400.0,2429.0
# temp #9803
0.0,2234.0
80704.56342953259,2234.0
80704.56342953259,2555.0
81846.77751471756,2555.0
81846.77751471756,2667.0
82255.26837918443,2667.0
82255.26837918443,2555.0
82555.26837918443,2555.0
82555.26837918443,2667.0
86400.000002,2667.0
# temp #9804
0.0,2234.0
29230.84799149074,2234.0
29230.84799149074,2017.0
83703.27410954052,2017.0
83703.27410954052,2234.0
86400.000002,2234.0
# temp #9805
0.0,2234.0
55691.04880064261,2234.0
55691.04880064261,2555.0
57885.98502804526,2555.0
57885.98502804526,2667.0
64185.98502804526,2667.0
64185.98502804526,2555.0
65385.98502804526,2555.0
65385.98502804526,2429.0
86400.000002,2429.0
# temp #9806
0.0,2234.0
5095.380141190254,2234.0
5095.380141190254,2667.0
16440.144025976773,2667.0
16440.144025976773,2555.0
16985.450334451165,2555.0
16985.450334451165,2667.0
39773.2190639712,2667.0
39773.2190639712,2555.0
42773.2190639712,2555.0
42773.2190639712,2667.0
68873.21906397119,2667.0
68873.21906397119,2883.0
86400.0,2883.0
# temp #9807
0.0,2234.0
57273.112203762874,2234.0
57273.112203762874,2429.0
86400.0,2429.0
# temp #9808
0.0,2234.0
6348.810469103047,2234.0
6348.810469103047,2667.0
22657.232881151143,2667.0
22657.232881151143,2555.0
23059.276542719457,2555.0
23059.276542719457,2667.0
25717.657347000208,2667.0
25717.657347000208,2555.0
26317.657347000208,2555.0
26317.657347000208,2667.0
43801.15784013178,2667.0
43801.15784013178,2555.0
44379.53242266085,2555.0
44379.53242266085,2429.0
79956.73474415673,2429.0
79956.73474415673,2555.0
86400.000002,2555.0
# temp #9809
0.0,2234.0
34183.021742943674,2234.0
34183.021742943674,2555.0
55901.128946780234,2555.0
55901.128946780234,2429.0
86400.0,2429.0
# temp #9810
0.0,2234.0
42870.76092269272,2234.0
42870.76092269272,2017.0
54212.34211125412,2017.0
54212.34211125412,2234.0
84630.82119491884,2234.0
84630.82119491884,2017.0
86400.0,2017.0
# temp #9811
0.0,2234.0
31624.472593213435,2234.0
31624.472593213435,2555.0
41498.402379197076,2555.0
41498.402379197076,2429.0
67838.38600565214,2429.0
67838.38600565214,2234.0
76215.36839108448,2234.0
76215.36839108448,2429.0
76920.73561123107,2429.0
76920.73561123107,2234.0
86400.000002,2234.0
# temp #9812
0.0,2234.0
7652.366445399821,2234.0
7652.366445399821,2017.0
31370.696770213548,2017.0
31370.696770213548,2234.0
62975.59723919258,2234.0
62975.59723919258,2017.0
78119.94294128382,2017.0
78119.94294128382,2234.0
86400.000002,2234.0
# temp #9813
0.0,2234.0
36993.45434114803,2234.0
36993.45434114803,2429.0
37293.45434114803,2429.0
37293.45434114803,2234.0
62921.04092615192,2234.0
62921.04092615192,2429.0
86400.000002,2429.0
# temp #9814
0.0,2234.0
36953.71554640588,2234.0
36953.71554640588,2555.0
61968.27011096758,2555.0
61968.27011096758,2429.0
77230.36788243336,2429.0
77230.36788243336,2234.0
79353.32338199952,2234.0
79353.32338199952,2429.0
82084.99725598378,2429.0
82084.99725598378,2234.0
86400.0,2234.0
# temp #9815
0.0,2234.0
7708.417048165576,2234.0
7708.417048165576,2017.0
52825.319726625465,2017.0
52825.319726625465,2234.0
63832.95564302244,2234.0
63832.95564302244,2017.0
86400.0,2017.0
# temp #9816
0.0,2234.0
79535.53256685847,2234.0
79535.53256685847,2555.0
81898.5950476723,2555.0
81898.5950476723,2667.0
82371.5182509972,2667.0
82371.5182509972,2555.0
86400.000002,2555.0
# temp #9817
0.0,2234.0
9853.504814836198,2234.0
9853.504814836198,2429.0
10226.657822099516,2429.0
10226.657822099516,2555.0
12928.510796022603,2555.0
12928.510796022603,2429.0
14985.773579590024,2429.0
14985.773579590024,2234.0
21383.531241305176,2234.0
21383.531241305176,2667.0
55445.66108474975,2667.0
55445.66108474975,2555.0
66661.20348202532,2555.0
66661.20348202532,2667.0
86400.0,2667.0
# temp #9818
0.0,2234.0
4872.331831930206,2234.0
4872.331831930206,2667.0
30820.926843350757,2667.0
30820.926843350757,2555.0
31352.376456325877,2555.0
31352.376456325877,2667.0
50044.27142261994,2667.0
50044.27142261994,2555.0
50344.27142261994,2555.0
50344.27142261994,2429.0
73299.35068648776,2429.0
73299.35068648776,2234.0
85812.58335721215,2234.0
85812.58335721215,2667.0
86400.000002,2667.0
# temp #9819
0.0,2234.0
6249.984273849987,2234.0
6249.984273849987,2667.0
23014.603405748498,2667.0
23014.603405748498,2555.0
24387.031822954308,2555.0
24387.031822954308,2667.0
60602.92938344648,2667.0
60602.92938344648,2555.0
63602.92938344648,2555.0
63602.92938344648,2667.0
86400.0,2667.0
# temp #9820
0.0,2234.0
2205.4313952103257,2234.0
2205.4313952103257,2017.0
14806.333869416268,2017.0
14806.333869416268,2234.0
55621.97460802273,2234.0
55621.97460802273,2017.0
56222.49894523994,2017.0
56222.49894523994,2234.0
86400.0,2234.0
# temp #9821
0.0,2234.0
24411.06729190797,2234.0
24411.06729190797,2017.0
57424.52528094873,2017.0
57424.52528094873,2234.0
63124.52528094873,2234.0
63124.52528094873,2429.0
64069.28676695097,2429.0
64069.28676695097,2555.0
86400.000002,2555.0
# temp #9822
0.0,2234.0
12376.469275052661,2234.0
12376.469275052661,2883.0
13384.197352943012,2883.0
13384.197352943012,2667.0
19019.424334843643,2667.0
19019.424334843643,2883.0
36497.97614898999,2883.0
36497.97614898999,2667.0
43953.97231739481,2667.0
43953.97231739481,2555.0
51308.27592622955,2555.0
51308.27592622955,2667.0
78793.45631010366,2667.0
78793.45631010366,2555.0
86400.000002,2555.0
# temp #9823
0.0,2234.0
6014.745322731324,2234.0
6014.745322731324,2667.0
44741.95051230491,2667.0
44741.95051230491,2555.0
45742.231142241515,2555.0
45742.231142241515,2667.0
64397.62181695552,2667.0
64397.62181695552,2555.0
64997.62181695552,2555.0
64997.62181695552,2667.0
83217.7080561407,2667.0
83217.7080561407,2555.0
86400.0,2555.0
# temp #9824
0.0,2234.0
38606.91273752601,2234.0
38606.91273752601,2429.0
39072.73067871575,2429.0
39072.73067871575,2234.0
39837.254588515505,2234.0
39837.254588515505,2429.0
41826.63531785366,2429.0
41826.63531785366,2234.0
63922.59624449072,2234.0
63922.59624449072,2429.0
65183.8164828485,2429.0
65183.8164828485,2555.0
65859.61055529771,2555.0
65859.61055529771,2429.0
66159.61055529771,2429.0
66159.61055529771,2555.0
67659.61055529771,2555.0
67659.61055529771,2429.0
77859.61055529771,2429.0
77859.61055529771,2234.0
86400.000002,2234.0
# temp #9825
0.0,2234.0
2012.8617975628006,2234.0
2012.8617975628006,2667.0
6492.642722208985,2667.0
6492.642722208985,2555.0
7253.2027537236,2555.0
7253.2027537236,2667.0
13730.585121014157,2667.0
13730.585121014157,2555.0
14030.585121014157,2555.0
14030.585121014157,2429.0
43872.818405390724,2429.0
43872.818405390724,2555.0
51253.10143602547,2555.0
51253.10143602547,2429.0
58488.596482202425,2429.0
58488.596482202425,2555.0
78065.2229522355,2555.0
78065.2229522355,2667.0
86400.0,2667.0
# temp #9826
0.0,2234.0
6555.366347450764,2234.0
6555.366347450764,2667.0
26283.119128458206,2667.0
26283.119128458206,2555.0
26781.371929775927,2555.0
26781.371929775927,2667.0
51804.35544080102,2667.0
51804.35544080102,2555.0
52104.35544080102,2555.0
52104.35544080102,2667.0
52404.35544080102,2667.0
52404.35544080102,2555.0
55704.35544080102,2555.0
55704.35544080102,2667.0
81204.35544080101,2667.0
81204.35544080101,2883.0
86400.0,2883.0
# temp #9827
0.0,2234.0
22660.699712857608,2234.0
22660.699712857608,2429.0
23260.699712857608,2429.0
23260.699712857608,2555.0
28131.328340247277,2555.0
28131.328340247277,2429.0
45381.8630816415,2429.0
45381.8630816415,2555.0
63916.9207728468,2555.0
63916.9207728468,2667.0
86400.0,2667.0
# temp #9828
0.0,2234.0
84425.06846969483,2234.0
84425.06846969483,2555.0
86400.0,2555.0
# temp #9829
0.0,2234.0
33006.73009520397,2234.0
33006.73009520397,2555.0
69645.65477720463,2555.0
69645.65477720463,2429.0
77871.49914479816,2429.0
77871.49914479816,2234.0
78471.49914479816,2234.0
78471.49914479816,2429.0
80871.49914479816,2429.0
80871.49914479816,2555.0
86400.0,2555.0
# temp #9830
0.0,2234.0
56457.5382613577,2234.0
56457.5382613577,2555.0
84981.05830885471,2555.0
84981.05830885471,2429.0
85380.2023620112,2429.0
85380.2023620112,2555.0
85702.1788666025,2555.0
85702.1788666025,2429.0
86400.000002,2429.0
# temp #9831
0.0,2234.0
5135.249955067412,2234.0
5135.249955067412,2555.0
12637.831036839636,2555.0
12637.831036839636,2429.0
32406.99901068584,2429.0
32406.99901068584,2234.0
39904.048593901105,2234.0
39904.048593901105,2429.0
45921.71704850626,2429.0
45921.71704850626,2234.0
75456.06737367345,2234.0
75456.06737367345,2429.0
86400.000002,2429.0
# temp #9832
0.0,2234.0
58466.04673156981,2234.0
58466.04673156981,2555.0
60731.484993360944,2555.0
60731.484993360944,2667.0
70631.48499336094,2667.0
70631.48499336094,2555.0
72453.57279460879,2555.0
72453.57279460879,2429.0
79778.46660101788,2429.0
79778.46660101788,2555.0
86400.0,2555.0
# temp #9833
0.0,2234.0
75745.92370055617,2234.0
75745.92370055617,2555.0
84835.70102455562,2555.0
84835.70102455562,2234.0
86400.000002,2234.0
# temp #9834
0.0,2234.0
8518.827632884497,2234.0
8518.827632884497,2667.0
33443.25429329184,2667.0
33443.25429329184,2555.0
33973.29884532374,2555.0
33973.29884532374,2667.0
63322.08803496325,2667.0
63322.08803496325,2555.0
63622.08803496325,2555.0
63622.08803496325,2667.0
64247.29402796367,2667.0
64247.29402796367,2555.0
64847.29402796367,2555.0
64847.29402796367,2667.0
79315.42467358524,2667.0
79315.42467358524,2555.0
86400.000002,2555.0
# temp #9835
0.0,2234.0
85087.50061439352,2234.0
85087.50061439352,2555.0
86400.000002,2555.0
# temp #9836
0.0,2234.0
3540.1743303285916,2234.0
3540.1743303285916,2667.0
44450.115029979504,2667.0
44450.115029979504,2555.0
45506.44789980725,2555.0
45506.44789980725,2429.0
67333.38222540916,2429.0
67333.38222540916,2234.0
86400.000002,2234.0
# temp #9837
0.0,2234.0
4066.189890238457,2234.0
4066.189890238457,2555.0
30442.87580943201,2555.0
30442.87580943201,2429.0
30915.857723657977,2429.0
30915.857723657977,2555.0
47546.080934791826,2555.0
47546.080934791826,2429.0
47917.711587413214,2429.0
47917.711587413214,2555.0
48349.414430349134,2555.0
48349.414430349134,2429.0
48649.414430349134,2429.0
48649.414430349134,2555.0
69049.41443034913,2555.0
69049.41443034913,2429.0
69349.41443034913,2429.0
69349.41443034913,2555.0
69949.41443034913,2555.0
69949.41443034913,2667.0
86400.000002,2667.0
# temp #9838
0.0,2234.0
73008.52048988454,2234.0
73008.52048988454,2555.0
75971.41449311748,2555.0
75971.41449311748,2234.0
86400.0,2234.0
# temp #9839
0.0,2234.0
37837.4715986196,2234.0
37837.4715986196,2555.0
39210.54938742892,2555.0
39210.54938742892,2429.0
39753.26643018053,2429.0
39753.26643018053,2555.0
40617.77782773134,2555.0
40617.77782773134,2429.0
41129.58929829766,2429.0
41129.58929829766,2234.0
70128.25103541838,2234.0
70128.25103541838,2429.0
74263.59631775414,2429.0
74263.59631775414,2555.0
81183.94202759957,2555.0
81183.94202759957,2667.0
86400.000002,2667.0
# temp #9840
0.0,2234.0
7928.672472783365,2234.0
7928.672472783365,2555.0
40553.672053408816,2555.0
40553.672053408816,2429.0
41243.8092787983,2429.0
41243.8092787983,2234.0
49058.86210987811,2234.0
49058.86210987811,2429.0
60776.383875450134,2429.0
60776.383875450134,2234.0
63247.61688918808,2234.0
63247.61688918808,2667.0
76515.32377002297,2667.0
76515.32377002297,2555.0
86400.0,2555.0
# temp #9841
0.0,2234.0
15670.974073139952,2234.0
15670.974073139952,2555.0
16329.297348903494,2555.0
16329.297348903494,2667.0
22629.297348903492,2667.0
22629.297348903492,2555.0
23829.297348903492,2555.0
23829.297348903492,2429.0
67029.29734890349,2429.0
67029.29734890349,2234.0
71241.72065723687,2234.0
71241.72065723687,2429.0
82320.43726157863,2429.0
82320.43726157863,2555.0
86400.0,2555.0
# temp #9842
0.0,2234.0
10761.181307723748,2234.0
10761.181307723748,2017.0
21281.057324912403,2017.0
21281.057324912403,2234.0
48350.29259473086,2234.0
48350.29259473086,2017.0
86400.000002,2017.0
# temp #9843
0.0,2234.0
47080.34064034001,2234.0
47080.34064034001,2555.0
63070.476501504905,2555.0
63070.476501504905,2429.0
75931.07346163598,2429.0
75931.07346163598,2555.0
86400.000002,2555.0
# temp #9844
0.0,2234.0
81605.97911984661,2234.0
81605.97911984661,2555.0
86400.000002,2555.0
# temp #9845
0.0,2234.0
49569.79819773697,2234.0
49569.79819773697,2555.0
78444.76296971554,2555.0
78444.76296971554,2429.0
78790.00865353738,2429.0
78790.00865353738,2555.0
86400.0,2555.0
# temp #9846
0.0,2234.0
57417.86076568533,2234.0
57417.86076568533,2555.0
65189.68215433415,2555.0
65189.68215433415,2234.0
83373.33890057635,2234.0
83373.33890057635,2667.0
86400.000002,2667.0
# temp #9847
0.0,2234.0
32972.01490381267,2234.0
32972.01490381267,2429.0
33393.54052687995,2429.0
33393.54052687995,2555.0
34380.473480327055,2555.0
34380.473480327055,2429.0
56453.95573801361,2429.0
56453.95573801361,2555.0
61030.81101863646,2555.0
61030.81101863646,2667.0
79521.57852896489,2667.0
79521.57852896489,2883.0
84313.13142674045,2883.0
84313.13142674045,2429.0
86400.000002,2429.0
# temp #9848
0.0,2234.0
70310.82604564728,2234.0
70310.82604564728,2555.0
76625.3259802703,2555.0
76625.3259802703,2429.0
77104.9555434147,2429.0
77104.9555434147,2555.0
86400.000002,2555.0
# temp #9849
0.0,2234.0
81189.58891269287,2234.0
81189.58891269287,2555.0
84984.39474524932,2555.0
84984.39474524932,2234.0
86400.000002,2234.0
# temp #9850
0.0,2234.0
35046.711877500646,2234.0
35046.711877500646,2555.0
42180.9269275982,2555.0
42180.9269275982,2429.0
77763.50253489801,2429.0
77763.50253489801,2234.0
81473.5047449358,2234.0
81473.5047449358,2429.0
86400.0,2429.0
# temp #9851
0.0,2234.0
26393.404800281864,2234.0
26393.404800281864,2429.0
26986.89635668416,2429.0
26986.89635668416,2555.0
29310.046680760574,2555.0
29310.046680760574,2429.0
32536.07237823308,2429.0
32536.07237823308,2555.0
41506.33190721274,2555.0
41506.33190721274,2429.0
72362.96234275216,2429.0
72362.96234275216,2555.0
78932.91877009907,2555.0
78932.91877009907,2667.0
86400.000002,2667.0
# temp #9852
0.0,2234.0
51084.45510501043,2234.0
51084.45510501043,2555.0
71216.57767491417,2555.0
71216.57767491417,2429.0
86213.0700451322,2429.0
86213.0700451322,2234.0
86400.000002,2234.0
# temp #9853
0.0,2234.0
5161.9178981753075,2234.0
5161.9178981753075,2883.0
6621.4256909675905,2883.0
6621.4256909675905,2667.0
14720.096702082084,2667.0
14720.096702082084,2883.0
20815.3805624228,2883.0
20815.3805624228,2667.0
41042.90292144288,2667.0
41042.90292144288,2555.0
48544.709404581234,2555.0
48544.709404581234,2667.0
71528.98539570162,2667.0
71528.98539570162,2555.0
84935.79651829788,2555.0
84935.79651829788,2429.0
86400.000002,2429.0
# temp #9854
0.0,2234.0
1264.382419665344,2234.0
1264.382419665344,2667.0
3524.213375709951,2667.0
3524.213375709951,2555.0
4078.0963447876275,2555.0
4078.0963447876275,2667.0
32615.924389986325,2667.0
32615.924389986325,2555.0
33215.92438998632,2555.0
33215.92438998632,2667.0
47281.76569403149,2667.0
47281.76569403149,2555.0
52049.64585998096,2555.0
52049.64585998096,2429.0
62912.66414313578,2429.0
62912.66414313578,2555.0
65131.276792986326,2555.0
65131.276792986326,2429.0
86400.0,2429.0
# temp #9855
0.0,2234.0
42210.281945066534,2234.0
42210.281945066534,2555.0
45779.01076111012,2555.0
45779.01076111012,2667.0
46348.91903358512,2667.0
46348.91903358512,2555.0
46648.91903358512,2555.0
46648.91903358512,2667.0
73348.91903358512,2667.0
73348.91903358512,2555.0
86400.000002,2555.0
# temp #9856
0.0,2234.0
54692.221357533715,2234.0
54692.221357533715,2555.0
86400.0,2555.0
# temp #9857
0.0,2234.0
10542.12306244299,2234.0
10542.12306244299,2429.0
42642.12306244299,2429.0
42642.12306244299,2555.0
42942.12306244299,2555.0
42942.12306244299,2667.0
66486.2900198903,2667.0
66486.2900198903,2555.0
78788.09880483896,2555.0
78788.09880483896,2429.0
86400.0,2429.0
# temp #9858
0.0,2234.0
81909.89448772745,2234.0
81909.89448772745,2555.0
86400.000002,2555.0
# temp #9859
0.0,2234.0
4173.311336338521,2234.0
4173.311336338521,2667.0
52372.421885188676,2667.0
52372.421885188676,2555.0
53715.15670409427,2555.0
53715.15670409427,2667.0
81788.13245063649,2667.0
81788.13245063649,2555.0
82088.13245063649,2555.0
82088.13245063649,2667.0
82784.28014754319,2667.0
82784.28014754319,2555.0
83384.28014754319,2555.0
83384.28014754319,2667.0
86400.000002,2667.0
# temp #9860
0.0,2234.0
81544.6861436125,2234.0
81544.6861436125,2555.0
85121.4020360727,2555.0
85121.4020360727,2667.0
85637.85824251828,2667.0
85637.85824251828,2555.0
86400.000002,2555.0
# temp #9861
0.0,2234.0
8369.084557425233,2234.0
8369.084557425233,2667.0
14759.30521760602,2667.0
14759.30521760602,2555.0
15428.253513132226,2555.0
15428.253513132226,2667.0
19112.91513978504,2667.0
19112.91513978504,2555.0
22112.91513978504,2555.0
22112.91513978504,2667.0
48212.91513978504,2667.0
48212.91513978504,2883.0
86400.0,2883.0
# temp #9862
0.0,2234.0
3131.513113388792,2234.0
3131.513113388792,2667.0
21243.12940081582,2667.0
21243.12940081582,2555.0
21975.14191148803,2555.0
21975.14191148803,2667.0
52040.53558639718,2667.0
52040.53558639718,2555.0
52340.53558639718,2555.0
52340.53558639718,2667.0
52640.53558639718,2667.0
52640.53558639718,2555.0
55940.53558639718,2555.0
55940.53558639718,2667.0
81440.53558639718,2667.0
81440.53558639718,2883.0
86400.0,2883.0
# temp #9863
0.0,2234.0
33476.55149514322,2234.0
33476.55149514322,2429.0
33919.44552711212,2429.0
33919.44552711212,2234.0
34817.26003435907,2234.0
34817.26003435907,2429.0
37265.29198370409,2429.0
37265.29198370409,2234.0
48311.74215660432,2234.0
48311.74215660432,2429.0
48830.29406382704,2429.0
48830.29406382704,2555.0
49360.36184099504,2555.0
49360.36184099504,2429.0
49660.36184099504,2429.0
49660.36184099504,2555.0
51160.36184099504,2555.0
51160.36184099504,2429.0
61360.36184099504,2429.0
61360.36184099504,2234.0
86400.000002,2234.0
# temp #9864
0.0,2234.0
58161.72179197893,2234.0
58161.72179197893,2883.0
60561.72179197893,2883.0
60561.72179197893,2667.0
63443.27400214971,2667.0
63443.27400214971,2555.0
64276.08020547778,2555.0
64276.08020547778,2667.0
86400.0,2667.0
# temp #9865
0.0,2234.0
5048.261299054139,2234.0
5048.261299054139,2429.0
5348.261299054139,2429.0
5348.261299054139,2234.0
8288.382863416338,2234.0
8288.382863416338,2667.0
33556.19069414679,2667.0
33556.19069414679,2555.0
52855.67554424052,2555.0
52855.67554424052,2667.0
68985.7461759355,2667.0
68985.7461759355,2555.0
86400.000002,2555.0
# temp #9866
0.0,2234.0
65994.92540310604,2234.0
65994.92540310604,2555.0
66464.43610866556,2555.0
66464.43610866556,2667.0
76364.43610866556,2667.0
76364.43610866556,2555.0
78174.7815698851,2555.0
78174.7815698851,2429.0
86400.0,2429.0
# temp #9867
0.0,2234.0
21058.1338420976,2234.0
21058.1338420976,2017.0
63020.99319021219,2017.0
63020.99319021219,2234.0
81449.96603219771,2234.0
81449.96603219771,2017.0
86400.000002,2017.0
# temp #9868
0.0,2234.0
10092.893108027058,2234.0
10092.893108027058,2017.0
54259.216349758215,2017.0
54259.216349758215,2234.0
55488.23545910419,2234.0
55488.23545910419,2017.0
86400.000002,2017.0
# temp #9869
0.0,2234.0
4806.1281400267035,2234.0
4806.1281400267035,2883.0
6521.227007755078,2883.0
6521.227007755078,2667.0
8673.795218439773,2667.0
8673.795218439773,2883.0
26335.832780110653,2883.0
26335.832780110653,2429.0
62264.48025007268,2429.0
62264.48025007268,2555.0
69945.07756344975,2555.0
69945.07756344975,2429.0
86400.0,2429.0
# temp #9870
0.0,2234.0
33525.68275434896,2234.0
33525.68275434896,2429.0
34125.68275434896,2429.0
34125.68275434896,2555.0
35838.50861331449,2555.0
35838.50861331449,2429.0
71265.35502802582,2429.0
71265.35502802582,2883.0
71714.25547823311,2883.0
71714.25547823311,2555.0
73746.16159647705,2555.0
73746.16159647705,2429.0
75831.18413840422,2429.0
75831.18413840422,2555.0
86400.0,2555.0
# temp #9871
0.0,2234.0
13361.530253570529,2234.0
13361.530253570529,2017.0
51851.06993266382,2017.0
51851.06993266382,2234.0
74929.17186920533,2234.0
74929.17186920533,2017.0
86400.000002,2017.0
# temp #9872
0.0,2234.0
49809.26441468765,2234.0
49809.26441468765,2555.0
54704.648759728305,2555.0
54704.648759728305,2667.0
55106.32326691412,2667.0
55106.32326691412,2555.0
55406.32326691412,2555.0
55406.32326691412,2667.0
82106.32326691411,2667.0
82106.32326691411,2555.0
86400.0,2555.0
# temp #9873
0.0,2234.0
24570.002956758257,2234.0
24570.002956758257,2429.0
56670.00295675825,2429.0
56670.00295675825,2555.0
56970.00295675825,2555.0
56970.00295675825,2667.0
86400.0,2667.0
# temp #9874
0.0,2234.0
61923.67549133488,2234.0
61923.67549133488,2555.0
85880.63506716864,2555.0
85880.63506716864,2429.0
86199.0988844773,2429.0
86199.0988844773,2555.0
86400.000002,2555.0
# temp #9875
0.0,2234.0
7518.510454986244,2234.0
7518.510454986244,2017.0
62284.92847471499,2017.0
62284.92847471499,2234.0
86400.0,2234.0
# temp #9876
0.0,2234.0
35897.880713827915,2234.0
35897.880713827915,2017.0
58208.32400755027,2017.0
58208.32400755027,2234.0
86225.00377963299,2234.0
86225.00377963299,2017.0
86400.000002,2017.0
# temp #9877
0.0,2234.0
67850.41859457271,2234.0
67850.41859457271,2555.0
86400.000002,2555.0
# temp #9878
0.0,2234.0
74347.263648198,2234.0
74347.263648198,2555.0
84996.38891613578,2555.0
84996.38891613578,2429.0
85350.18287580462,2429.0
85350.18287580462,2555.0
86400.0,2555.0
# temp #9879
0.0,2234.0
30243.097959109586,2234.0
30243.097959109586,2555.0
40707.42518242915,2555.0
40707.42518242915,2429.0
47181.61203798373,2429.0
47181.61203798373,2234.0
47481.61203798373,2234.0
47481.61203798373,2017.0
75848.60981984531,2017.0
75848.60981984531,2883.0
85566.44853281324,2883.0
85566.44853281324,2667.0
86400.000002,2667.0
# temp #9880
0.0,2234.0
66378.64082304297,2234.0
66378.64082304297,2555.0
71668.7961327145,2555.0
71668.7961327145,2429.0
86400.0,2429.0
# temp #9881
0.0,2234.0
3173.51036220789,2234.0
3173.51036220789,2667.0
29913.055643741976,2667.0
29913.055643741976,2555.0
30691.897941869687,2555.0
30691.897941869687,2667.0
61627.60759312661,2667.0
61627.60759312661,2555.0
61927.60759312661,2555.0
61927.60759312661,2429.0
86400.0,2429.0
# temp #9882
0.0,2234.0
3009.4553886679937,2234.0
3009.4553886679937,2667.0
35324.48506965302,2667.0
35324.48506965302,2555.0
36743.77766358667,2555.0
36743.77766358667,2667.0
60490.076374774806,2667.0
60490.076374774806,2555.0
60790.076374774806,2555.0
60790.076374774806,2667.0
61090.076374774806,2667.0
61090.076374774806,2555.0
64390.076374774806,2555.0
64390.076374774806,2667.0
86400.000002,2667.0
# temp #9883
0.0,2234.0
22372.106952779,2234.0
22372.106952779,2429.0
22891.7872119695,2429.0
22891.7872119695,2555.0
24856.171792745594,2555.0
24856.171792745594,2429.0
44122.55041922909,2429.0
44122.55041922909,2555.0
45909.08309721854,2555.0
45909.08309721854,2667.0
58892.32449538541,2667.0
58892.32449538541,2883.0
64116.837027249865,2883.0
64116.837027249865,2429.0
83998.5731465975,2429.0
83998.5731465975,2555.0
86400.0,2555.0
# temp #9884
0.0,2234.0
63283.43106040266,2234.0
63283.43106040266,2555.0
86400.0,2555.0
# temp #9885
0.0,2234.0
10631.986849545503,2234.0
10631.986849545503,2883.0
11285.088127967903,2883.0
11285.088127967903,2667.0
15410.183045058513,2667.0
15410.183045058513,2883.0
21095.428100321446,2883.0
21095.428100321446,2429.0
52865.16512988602,2429.0
52865.16512988602,2555.0
66904.85347809737,2555.0
66904.85347809737,2667.0
82223.3859610744,2667.0
82223.3859610744,2555.0
86400.000002,2555.0
# temp #9886
0.0,2234.0
7535.83998035174,2234.0
7535.83998035174,2667.0
31213.035341771327,2667.0
31213.035341771327,2555.0
31709.234439628206,2555.0
31709.234439628206,2667.0
57735.009451839156,2667.0
57735.009451839156,2555.0
58035.009451839156,2555.0
58035.009451839156,2429.0
64238.5267552687,2429.0
64238.5267552687,2555.0
86400.0,2555.0
# temp #9887
0.0,2234.0
42335.439379094176,2234.0
42335.439379094176,2429.0
42933.37823837065,2429.0
42933.37823837065,2555.0
46291.95647067391,2555.0
46291.95647067391,2429.0
75731.0297122691,2429.0
75731.0297122691,2555.0
86400.000002,2555.0
# temp #9888
0.0,2234.0
8214.936321415007,2234.0
8214.936321415007,2555.0
32300.421898020435,2555.0
32300.421898020435,2429.0
66242.08058039659,2429.0
66242.08058039659,2234.0
66542.08058039659,2234.0
66542.08058039659,2017.0
69034.78275546806,2017.0
69034.78275546806,2555.0
81921.83291316034,2555.0
81921.83291316034,2429.0
86400.0,2429.0
# temp #9889
0.0,2234.0
2350.3039020812143,2234.0
2350.3039020812143,2555.0
27412.921860557984,2555.0
27412.921860557984,2429.0
27875.4782068776,2429.0
27875.4782068776,2555.0
38169.06616317575,2555.0
38169.06616317575,2429.0
39628.58768070583,2429.0
39628.58768070583,2555.0
40179.482875973925,2555.0
40179.482875973925,2429.0
40479.482875973925,2429.0
40479.482875973925,2555.0
41979.482875973925,2555.0
41979.482875973925,2429.0
52179.482875973925,2429.0
52179.482875973925,2234.0
86400.0,2234.0
# temp #9890
0.0,2234.0
36301.96854835377,2234.0
36301.96854835377,2555.0
41592.830959009014,2555.0
41592.830959009014,2667.0
41980.97577367444,2667.0
41980.97577367444,2555.0
42280.97577367444,2555.0
42280.97577367444,2667.0
68980.97577367444,2667.0
68980.97577367444,2555.0
84880.97577367444,2555.0
84880.97577367444,2234.0
86400.0,2234.0
# temp #9891
0.0,2234.0
5658.1266607157895,2234.0
5658.1266607157895,2667.0
19499.640041403476,2667.0
19499.640041403476,2555.0
19922.439621482048,2555.0
19922.439621482048,2667.0
23879.386954056103,2667.0
23879.386954056103,2555.0
24179.386954056103,2555.0
24179.386954056103,2667.0
24479.386954056103,2667.0
24479.386954056103,2555.0
27779.386954056103,2555.0
27779.386954056103,2667.0
53279.3869540561,2667.0
53279.3869540561,2883.0
86400.0,2883.0
# temp #9892
0.0,2234.0
11637.85878410563,2234.0
11637.85878410563,2555.0
26978.274601511665,2555.0
26978.274601511665,2429.0
72232.93238338084,2429.0
72232.93238338084,2234.0
74931.68096949813,2234.0
74931.68096949813,2429.0
86400.0,2429.0
# temp #9893
0.0,2234.0
84795.14597954696,2234.0
84795.14597954696,2555.0
86400.000002,2555.0
# temp #9894
0.0,2234.0
16871.31896282081,2234.0
16871.31896282081,2555.0
20198.177809012126,2555.0
20198.177809012126,2667.0
20721.47844352294,2667.0
20721.47844352294,2555.0
21021.47844352294,2555.0
21021.47844352294,2667.0
47721.47844352294,2667.0
47721.47844352294,2555.0
63621.47844352294,2555.0
63621.47844352294,2234.0
67221.47844352294,2234.0
67221.47844352294,2429.0
77121.47844352294,2429.0
77121.47844352294,2555.0
77721.47844352294,2555.0
77721.47844352294,2667.0
86400.0,2667.0
# temp #9895
0.0,2234.0
36287.377647939145,2234.0
36287.377647939145,2429.0
36715.01441854053,2429.0
36715.01441854053,2555.0
39536.43308202737,2555.0
39536.43308202737,2429.0
40284.45835195017,2429.0
40284.45835195017,2234.0
45485.26933039539,2234.0
45485.26933039539,2429.0
81729.33156215587,2429.0
81729.33156215587,2883.0
86400.0,2883.0
# temp #9896
0.0,2234.0
12699.491589283572,2234.0
12699.491589283572,2883.0
13932.040950539524,2883.0
13932.040950539524,2667.0
24528.16289928742,2667.0
24528.16289928742,2883.0
40209.44923893549,2883.0
40209.44923893549,2429.0
56283.980070892736,2429.0
56283.980070892736,2555.0
67623.94920482767,2555.0
67623.94920482767,2429.0
86400.000002,2429.0
# temp #9897
0.0,2234.0
26741.74135923386,2234.0
26741.74135923386,2017.0
69680.46787236819,2017.0
69680.46787236819,2234.0
85714.33201222682,2234.0
85714.33201222682,2017.0
86400.000002,2017.0
# temp #9898
0.0,2234.0
67628.29569191673,2234.0
67628.29569191673,2555.0
69962.71761450918,2555.0
69962.71761450918,2667.0
70307.52112192569,2667.0
70307.52112192569,2555.0
70607.52112192569,2555.0
70607.52112192569,2667.0
86400.0,2667.0
# temp #9899
0.0,2234.0
5389.101415034384,2234.0
5389.101415034384,2667.0
26545.548480679285,2667.0
26545.548480679285,2555.0
27395.89951105882,2555.0
27395.89951105882,2667.0
62544.82670060826,2667.0
62544.82670060826,2555.0
63144.82670060826,2555.0
63144.82670060826,2667.0
77703.07440643666,2667.0
77703.07440643666,2555.0
78060.52864117084,2555.0
78060.52864117084,2429.0
85403.85260463228,2429.0
85403.85260463228,2234.0
86400.000002,2234.0
# temp #9900
0.0,2234.0
47159.360082820065,2234.0
47159.360082820065,2555.0
58307.619699463256,2555.0
58307.619699463256,2667.0
86400.0,2667.0
# temp #9901
0.0,2234.0
39796.13813124598,2234.0
39796.13813124598,2555.0
42761.121535906575,2555.0
42761.121535906575,2667.0
43149.85447232612,2667.0
43149.85447232612,2555.0
43449.85447232612,2555.0
43449.85447232612,2667.0
70149.85447232611,2667.0
70149.85447232611,2555.0
86049.85447232611,2555.0
86049.85447232611,2234.0
86400.0,2234.0
# temp #9902
0.0,2234.0
64610.30971894508,2234.0
64610.30971894508,2555.0
85932.09564036225,2555.0
85932.09564036225,2429.0
86400.0,2429.0
# temp #9903
0.0,2234.0
27963.44451438636,2234.0
27963.44451438636,2429.0
28563.44451438636,2429.0
28563.44451438636,2555.0
31080.248052813116,2555.0
31080.248052813116,2429.0
31607.409450598065,2429.0
31607.409450598065,2555.0
36032.51062701457,2555.0
36032.51062701457,2429.0
49594.168848381385,2429.0
49594.168848381385,2555.0
80159.60986339489,2555.0
80159.60986339489,2429.0
86400.0,2429.0
# temp #9904
0.0,2234.0
17549.645015574064,2234.0
17549.645015574064,2883.0
19047.5935518276,2883.0
19047.5935518276,2667.0
26723.387880460363,2667.0
26723.387880460363,2883.0
29003.75907851849,2883.0
29003.75907851849,2667.0
51864.45160252043,2667.0
51864.45160252043,2555.0
70002.30494686404,2555.0
70002.30494686404,2429.0
86400.0,2429.0
# temp #9905
0.0,2234.0
14652.169023477476,2234.0
14652.169023477476,2883.0
25752.169023477476,2883.0
25752.169023477476,2555.0
53532.530349819004,2555.0
53532.530349819004,2429.0
86400.0,2429.0
# temp #9906
0.0,2234.0
27540.015966841023,2234.0
27540.015966841023,2429.0
34440.01596684102,2429.0
34440.01596684102,2555.0
36240.01596684102,2555.0
36240.01596684102,2429.0
49140.01596684102,2429.0
49140.01596684102,2234.0
49440.01596684102,2234.0
49440.01596684102,2017.0
49740.01596684102,2017.0
49740.01596684102,2234.0
50040.01596684102,2234.0
50040.01596684102,2017.0
68511.4775921451,2017.0
68511.4775921451,2234.0
79120.62958998141,2234.0
79120.62958998141,2429.0
86400.0,2429.0
# temp #9907
0.0,2234.0
23306.363288685683,2234.0
23306.363288685683,2017.0
54042.06092152745,2017.0
54042.06092152745,2234.0
69006.85072615744,2234.0
69006.85072615744,2017.0
86400.000002,2017.0
# temp #9908
0.0,2234.0
5861.267843493261,2234.0
5861.267843493261,2667.0
35035.429625655524,2667.0
35035.429625655524,2555.0
35575.77917582821,2555.0
35575.77917582821,2667.0
50122.58358621039,2667.0
50122.58358621039,2555.0
50422.58358621039,2555.0
50422.58358621039,2667.0
50722.58358621039,2667.0
50722.58358621039,2555.0
54022.58358621039,2555.0
54022.58358621039,2667.0
79522.58358621038,2667.0
79522.58358621038,2883.0
86400.0,2883.0
# temp #9909
0.0,2234.0
81442.77593430599,2234.0
81442.77593430599,2555.0
86400.000002,2555.0
# temp #9910
0.0,2234.0
45345.37931971718,2234.0
45345.37931971718,2429.0
45830.774699687034,2429.0
45830.774699687034,2555.0
47550.7147067925,2555.0
47550.7147067925,2429.0
57090.04128521775,2429.0
57090.04128521775,2555.0
66992.65519171023,2555.0
66992.65519171023,2429.0
86400.000002,2429.0
# temp #9911
0.0,2234.0
19395.08149023168,2234.0
19395.08149023168,2555.0
55763.729900959894,2555.0
55763.729900959894,2429.0
71874.59348151462,2429.0
71874.59348151462,2234.0
72474.59348151462,2234.0
72474.59348151462,2429.0
74874.59348151462,2429.0
74874.59348151462,2555.0
85074.59348151462,2555.0
85074.59348151462,2667.0
86400.0,2667.0
# temp #9912
0.0,2234.0
27397.172802546997,2234.0
27397.172802546997,2555.0
32055.813172739003,2555.0
32055.813172739003,2667.0
32538.740057288673,2667.0
32538.740057288673,2555.0
38538.740057288676,2555.0
38538.740057288676,2429.0
40938.740057288676,2429.0
40938.740057288676,2234.0
44538.740057288676,2234.0
44538.740057288676,2429.0
45738.740057288676,2429.0
45738.740057288676,2234.0
51438.740057288676,2234.0
51438.740057288676,2429.0
81990.7012612559,2429.0
81990.7012612559,2555.0
84080.66529203208,2555.0
84080.66529203208,2429.0
86400.000002,2429.0
# temp #9913
0.0,2234.0
7689.494502916933,2234.0
7689.494502916933,2555.0
37242.112317262225,2555.0
37242.112317262225,2429.0
37650.34848062788,2429.0
37650.34848062788,2555.0
58716.41404861586,2555.0
58716.41404861586,2429.0
59828.92913015095,2429.0
59828.92913015095,2234.0
61280.98181120587,2234.0
61280.98181120587,2667.0
86400.0,2667.0
# temp #9914
0.0,2234.0
1243.5880318516865,2234.0
1243.5880318516865,2667.0
45298.514041677125,2667.0
45298.514041677125,2555.0
46744.679001253106,2555.0
46744.679001253106,2429.0
55141.44187350758,2429.0
55141.44187350758,2555.0
86400.000002,2555.0
# temp #9915
0.0,2234.0
5410.689539113083,2234.0
5410.689539113083,2667.0
11151.867170236075,2667.0
11151.867170236075,2555.0
11548.880701395685,2555.0
11548.880701395685,2667.0
28944.11588371732,2667.0
28944.11588371732,2555.0
29244.11588371732,2555.0
29244.11588371732,2667.0
30045.71558316239,2667.0
30045.71558316239,2555.0
30645.71558316239,2555.0
30645.71558316239,2667.0
39464.72931888421,2667.0
39464.72931888421,2234.0
43316.209849831655,2234.0
43316.209849831655,2667.0
53628.015490178965,2667.0
53628.015490178965,2555.0
64972.246085596285,2555.0
64972.246085596285,2667.0
86400.0,2667.0
# temp #9916
0.0,2234.0
18236.922144144777,2234.0
18236.922144144777,2883.0
18829.16101443116,2883.0
18829.16101443116,2667.0
27120.522884745154,2667.0
27120.522884745154,2883.0
34332.188629754826,2883.0
34332.188629754826,2429.0
40505.378980468966,2429.0
40505.378980468966,2555.0
45010.53849365563,2555.0
45010.53849365563,2429.0
48688.69367188309,2429.0
48688.69367188309,2555.0
71492.2426636331,2555.0
71492.2426636331,2429.0
81067.44292282966,2429.0
81067.44292282966,2555.0
86400.0,2555.0
# temp #9917
0.0,2234.0
13453.528598975392,2234.0
13453.528598975392,2429.0
14021.86471866444,2429.0
14021.86471866444,2555.0
18998.24685165659,2555.0
18998.24685165659,2429.0
22918.510559108112,2429.0
22918.510559108112,2883.0
42369.31479871274,2883.0
42369.31479871274,2667.0
72141.64942391218,2667.0
72141.64942391218,2555.0
79157.25189931692,2555.0
79157.25189931692,2429.0
86400.0,2429.0
# temp #9918
0.0,2234.0
12893.82183419075,2234.0
12893.82183419075,2429.0
13314.985905331561,2429.0
13314.985905331561,2555.0
18342.802461725663,2555.0
18342.802461725663,2429.0
50870.485789678074,2429.0
50870.485789678074,2555.0
86400.000002,2555.0
# temp #9919
0.0,2234.0
18744.469057372775,2234.0
18744.469057372775,2555.0
19408.06313257199,2555.0
19408.06313257199,2429.0
28387.36539285165,2429.0
28387.36539285165,2234.0
28987.36539285165,2234.0
28987.36539285165,2429.0
31387.36539285165,2429.0
31387.36539285165,2555.0
41587.36539285165,2555.0
41587.36539285165,2667.0
75336.28130278086,2667.0
75336.28130278086,2555.0
79442.10112423172,2555.0
79442.10112423172,2667.0
86400.000002,2667.0
# temp #9920
0.0,2234.0
18009.372119698677,2234.0
18009.372119698677,2555.0
20075.756564014595,2555.0
20075.756564014595,2667.0
20399.773024488244,2667.0
20399.773024488244,2555.0
20699.773024488244,2555.0
20699.773024488244,2667.0
24299.773024488244,2667.0
24299.773024488244,2555.0
25799.773024488244,2555.0
25799.773024488244,2429.0
46231.89789878671,2429.0
46231.89789878671,2234.0
61127.42538736203,2234.0
61127.42538736203,2429.0
72611.47037856282,2429.0
72611.47037856282,2234.0
86224.78801365943,2234.0
86224.78801365943,2667.0
86400.0,2667.0
# temp #9921
0.0,2234.0
1863.7900144793095,2234.0
1863.7900144793095,2667.0
38755.22910375149,2667.0
38755.22910375149,2555.0
39173.79024708644,2555.0
39173.79024708644,2667.0
52929.08370669466,2667.0
52929.08370669466,2555.0
53229.08370669466,2555.0
53229.08370669466,2429.0
86282.16875342187,2429.0
86282.16875342187,2883.0
86400.0,2883.0
# temp #9922
0.0,2234.0
17108.01516850479,2234.0
17108.01516850479,2429.0
24008.01516850479,2429.0
24008.01516850479,2555.0
25808.01516850479,2555.0
25808.01516850479,2429.0
38708.01516850479,2429.0
38708.01516850479,2234.0
39008.01516850479,2234.0
39008.01516850479,2017.0
39308.01516850479,2017.0
39308.01516850479,2234.0
39608.01516850479,2234.0
39608.01516850479,2017.0
59607.05150894355,2017.0
59607.05150894355,2234.0
75045.46232500579,2234.0
75045.46232500579,2667.0
86400.0,2667.0
# temp #9923
0.0,2234.0
28361.590564576913,2234.0
28361.590564576913,2017.0
55014.405103912584,2017.0
55014.405103912584,2234.0
69191.5813161526,2234.0
69191.5813161526,2017.0
71555.46441818589,2017.0
71555.46441818589,2234.0
86400.0,2234.0
# temp #9924
0.0,2234.0
7712.430524406956,2234.0
7712.430524406956,2017.0
21637.09403802641,2017.0
21637.09403802641,2234.0
43045.9967579227,2234.0
43045.9967579227,2017.0
51669.48821553961,2017.0
51669.48821553961,2234.0
86400.000002,2234.0
# temp #9925
0.0,2234.0
4035.9003303805375,2234.0
4035.9003303805375,2667.0
48350.52807717585,2667.0
48350.52807717585,2555.0
49212.22484526225,2555.0
49212.22484526225,2667.0
51718.77320799977,2667.0
51718.77320799977,2555.0
52018.77320799977,2555.0
52018.77320799977,2667.0
52846.80641731248,2667.0
52846.80641731248,2555.0
53446.80641731248,2555.0
53446.80641731248,2667.0
54846.96494301316,2667.0
54846.96494301316,2555.0
71892.2846477246,2555.0
71892.2846477246,2667.0
76514.76161952598,2667.0
76514.76161952598,2555.0
86400.000002,2555.0
# temp #9926
0.0,2234.0
8167.853857856244,2234.0
8167.853857856244,2017.0
27854.782315157358,2017.0
27854.782315157358,2234.0
43438.524833600975,2234.0
43438.524833600975,2017.0
86400.0,2017.0
# temp #9927
0.0,2234.0
36885.25971039199,2234.0
36885.25971039199,2555.0
71306.28481283785,2555.0
71306.28481283785,2429.0
71626.24508973678,2429.0
71626.24508973678,2555.0
77439.43127298263,2555.0
77439.43127298263,2429.0
78385.54142557552,2429.0
78385.54142557552,2234.0
86400.000002,2234.0
# temp #9928
0.0,2234.0
22133.17105150782,2234.0
22133.17105150782,2429.0
29033.17105150782,2429.0
29033.17105150782,2555.0
30833.17105150782,2555.0
30833.17105150782,2429.0
43733.171051507816,2429.0
43733.171051507816,2234.0
44033.171051507816,2234.0
44033.171051507816,2017.0
44333.171051507816,2017.0
44333.171051507816,2234.0
44633.171051507816,2234.0
44633.171051507816,2017.0
47023.37961243466,2017.0
47023.37961243466,2234.0
52984.86879074481,2234.0
52984.86879074481,2429.0
78655.23564449977,2429.0
78655.23564449977,2883.0
86400.000002,2883.0
# temp #9929
0.0,2234.0
3901.72344557941,2234.0
3901.72344557941,2883.0
4984.912456967868,2883.0
4984.912456967868,2667.0
15311.389616900125,2667.0
15311.389616900125,2883.0
36210.29153731652,2883.0
36210.29153731652,2429.0
55651.05187017472,2429.0
55651.05187017472,2234.0
61919.357593939654,2234.0
61919.357593939654,2429.0
74864.81191939676,2429.0
74864.81191939676,2555.0
86400.000002,2555.0
# temp #9930
0.0,2234.0
8845.185639406556,2234.0
8845.185639406556,2883.0
9336.269808607178,2883.0
9336.269808607178,2667.0
17238.873396394778,2667.0
17238.873396394778,2883.0
45351.40211347026,2883.0
45351.40211347026,2429.0
82771.84718137143,2429.0
82771.84718137143,2883.0
86400.0,2883.0
# temp #9931
0.0,2234.0
7881.019041244874,2234.0
7881.019041244874,2667.0
27754.225461767062,2667.0
27754.225461767062,2555.0
28141.613066685393,2555.0
28141.613066685393,2667.0
52259.965484146975,2667.0
52259.965484146975,2555.0
52559.965484146975,2555.0
52559.965484146975,2429.0
77183.63698117902,2429.0
77183.63698117902,2883.0
83034.12910394838,2883.0
83034.12910394838,2667.0
86400.0,2667.0
# temp #9932
0.0,2234.0
11209.055528277533,2234.0
11209.055528277533,2017.0
20795.37563673221,2017.0
20795.37563673221,2234.0
63588.52800386959,2234.0
63588.52800386959,2017.0
85003.38629102336,2017.0
85003.38629102336,2234.0
86400.0,2234.0
# temp #9933
0.0,2234.0
84546.43866915723,2234.0
84546.43866915723,2555.0
86400.000002,2555.0
# temp #9934
0.0,2234.0
31661.17244465277,2234.0
31661.17244465277,2017.0
45809.27289524116,2017.0
45809.27289524116,2234.0
80749.10727445969,2234.0
80749.10727445969,2017.0
86400.0,2017.0
# temp #9935
0.0,2234.0
11539.446777943524,2234.0
11539.446777943524,2555.0
13543.363780737856,2555.0
13543.363780737856,2667.0
14069.287481415087,2667.0
14069.287481415087,2555.0
14369.287481415087,2555.0
14369.287481415087,2667.0
17969.28748141509,2667.0
17969.28748141509,2555.0
19469.28748141509,2555.0
19469.28748141509,2429.0
37366.91859627609,2429.0
37366.91859627609,2234.0
48002.43488077541,2234.0
48002.43488077541,2667.0
81202.48126694934,2667.0
81202.48126694934,2555.0
83989.00902962779,2555.0
83989.00902962779,2429.0
86400.000002,2429.0
# temp #9936
0.0,2234.0
1273.9977680845186,2234.0
1273.9977680845186,2667.0
31058.515394129794,2667.0
31058.515394129794,2555.0
31692.440781486224,2555.0
31692.440781486224,2667.0
49441.17251350545,2667.0
49441.17251350545,2555.0
49741.17251350545,2555.0
49741.17251350545,2667.0
50371.083185565665,2667.0
50371.083185565665,2555.0
50971.083185565665,2555.0
50971.083185565665,2667.0
62426.39045566321,2667.0
62426.39045566321,2555.0
86400.000002,2555.0
# temp #9937
0.0,2234.0
3771.913602109999,2234.0
3771.913602109999,2017.0
54332.216522935785,2017.0
54332.216522935785,2234.0
55317.05660903827,2234.0
55317.05660903827,2017.0
86400.0,2017.0
# temp #9938
0.0,2234.0
8033.651123894379,2234.0
8033.651123894379,2555.0
12483.33269110881,2555.0
12483.33269110881,2667.0
12994.294799258934,2667.0
12994.294799258934,2555.0
18994.294799258932,2555.0
18994.294799258932,2429.0
21394.294799258932,2429.0
21394.294799258932,2234.0
24994.294799258932,2234.0
24994.294799258932,2429.0
26194.294799258932,2429.0
26194.294799258932,2234.0
31894.294799258932,2234.0
31894.294799258932,2429.0
39802.76397198904,2429.0
39802.76397198904,2555.0
48772.12319432293,2555.0
48772.12319432293,2667.0
64461.35898332578,2667.0
64461.35898332578,2555.0
76804.72399683205,2555.0
76804.72399683205,2667.0
86400.000002,2667.0
# temp #9939
0.0,2234.0
61102.34242721927,2234.0
61102.34242721927,2883.0
63502.34242721927,2883.0
63502.34242721927,2667.0
86400.0,2667.0
# temp #9940
0.0,2234.0
4430.248211114668,2234.0
4430.248211114668,2555.0
26878.93727088813,2555.0
26878.93727088813,2429.0
68776.75850281959,2429.0
68776.75850281959,2234.0
73589.49313543273,2234.0
73589.49313543273,2429.0
84171.39610885644,2429.0
84171.39610885644,2234.0
86400.0,2234.0
# temp #9941
0.0,2234.0
40184.148206748076,2234.0
40184.148206748076,2017.0
74372.23938186654,2017.0
74372.23938186654,2234.0
80072.23938186654,2234.0
80072.23938186654,2429.0
86400.0,2429.0
# temp #9942
0.0,2234.0
19744.98311807402,2234.0
19744.98311807402,2017.0
57089.23488110305,2017.0
57089.23488110305,2234.0
86400.000002,2234.0
# temp #9943
0.0,2234.0
54310.90685671662,2234.0
54310.90685671662,2555.0
57653.71556498577,2555.0
57653.71556498577,2429.0
78654.74873625209,2429.0
78654.74873625209,2234.0
86400.0,2234.0
# temp #9944
0.0,2234.0
3542.504043853842,2234.0
3542.504043853842,2667.0
14205.27183241211,2667.0
14205.27183241211,2555.0
15635.623622545974,2555.0
15635.623622545974,2667.0
39189.62936229073,2667.0
39189.62936229073,2555.0
39789.62936229073,2555.0
39789.62936229073,2667.0
53224.53922675923,2667.0
53224.53922675923,2555.0
54204.79396367446,2555.0
54204.79396367446,2429.0
86226.81865969209,2429.0
86226.81865969209,2555.0
86400.0,2555.0
# temp #9945
0.0,2234.0
8105.483329924757,2234.0
8105.483329924757,2667.0
21099.65914220084,2667.0
21099.65914220084,2555.0
21890.570296277296,2555.0
21890.570296277296,2667.0
46024.202535697266,2667.0
46024.202535697266,2555.0
46324.202535697266,2555.0
46324.202535697266,2667.0
47104.03113509529,2667.0
47104.03113509529,2555.0
47704.03113509529,2555.0
47704.03113509529,2667.0
80904.0107858833,2667.0
80904.0107858833,2555.0
86400.0,2555.0
# temp #9946
0.0,2234.0
30964.049141714353,2234.0
30964.049141714353,2017.0
86400.0,2017.0
# temp #9947
0.0,2234.0
17543.523209821436,2234.0
17543.523209821436,2429.0
49643.52320982143,2429.0
49643.52320982143,2555.0
49943.52320982143,2555.0
49943.52320982143,2667.0
86400.000002,2667.0
# temp #9948
0.0,2234.0
9799.50996763073,2234.0
9799.50996763073,2883.0
20899.50996763073,2883.0
20899.50996763073,2555.0
32165.243168477904,2555.0
32165.243168477904,2429.0
43621.91356848926,2429.0
43621.91356848926,2555.0
54132.690118462786,2555.0
54132.690118462786,2429.0
86400.0,2429.0
# temp #9949
0.0,2234.0
30933.000180451203,2234.0
30933.000180451203,2017.0
68618.29566629605,2017.0
68618.29566629605,2234.0
86400.000002,2234.0
# temp #9950
0.0,2234.0
8654.5516213635,2234.0
8654.5516213635,2667.0
33435.15415750445,2667.0
33435.15415750445,2555.0
34315.913614165045,2555.0
34315.913614165045,2667.0
60031.14919129295,2667.0
60031.14919129295,2555.0
60631.14919129295,2555.0
60631.14919129295,2667.0
74443.61130406616,2667.0
74443.61130406616,2555.0
79519.20148318169,2555.0
79519.20148318169,2429.0
86400.000002,2429.0
# temp #9951
0.0,2234.0
12801.501754741186,2234.0
12801.501754741186,2883.0
14533.071739738809,2883.0
14533.071739738809,2667.0
16537.460973928686,2667.0
16537.460973928686,2883.0
25716.450069355782,2883.0
25716.450069355782,2667.0
33966.80054354948,2667.0
33966.80054354948,2555.0
52678.34177431651,2555.0
52678.34177431651,2429.0
75840.74090668002,2429.0
75840.74090668002,2883.0
83338.58802602628,2883.0
83338.58802602628,2667.0
86400.000002,2667.0
# temp #9952
0.0,2234.0
28881.49675475434,2234.0
28881.49675475434,2555.0
39924.98686001637,2555.0
39924.98686001637,2429.0
40379.24907824491,2429.0
40379.24907824491,2555.0
61922.799646854415,2555.0
61922.799646854415,2429.0
62779.3543319218,2429.0
62779.3543319218,2234.0
63084.14384904319,2234.0
63084.14384904319,2555.0
65854.76800720209,2555.0
65854.76800720209,2429.0
79824.34825762176,2429.0
79824.34825762176,2555.0
80753.17297163421,2555.0
80753.17297163421,2667.0
86400.0,2667.0
# temp #9953
0.0,2234.0
72727.1061732201,2234.0
72727.1061732201,2555.0
86400.0,2555.0
# temp #9954
0.0,2234.0
25399.74319590256,2234.0
25399.74319590256,2429.0
25773.53964534123,2429.0
25773.53964534123,2555.0
28173.70710235555,2555.0
28173.70710235555,2429.0
72416.28656408285,2429.0
72416.28656408285,2883.0
84468.46286191141,2883.0
84468.46286191141,2667.0
86400.000002,2667.0
# temp #9955
0.0,2234.0
4074.2742679081866,2234.0
4074.2742679081866,2667.0
35132.13889505714,2667.0
35132.13889505714,2555.0
35667.62840850279,2555.0
35667.62840850279,2667.0
37680.68867598195,2667.0
37680.68867598195,2555.0
38280.68867598195,2555.0
38280.68867598195,2667.0
52111.88373465557,2667.0
52111.88373465557,2555.0
53476.03480455001,2555.0
53476.03480455001,2429.0
65566.70347948093,2429.0
65566.70347948093,2555.0
70527.32350740116,2555.0
70527.32350740116,2429.0
86400.0,2429.0
# temp #9956
0.0,2234.0
2114.442983153276,2234.0
2114.442983153276,2667.0
45949.666155246094,2667.0
45949.666155246094,2555.0
47353.20566848387,2555.0
47353.20566848387,2667.0
61926.410856563605,2667.0
61926.410856563605,2555.0
62226.410856563605,2555.0
62226.410856563605,2429.0
70328.08638755234,2429.0
70328.08638755234,2555.0
81445.72785990314,2555.0
81445.72785990314,2667.0
86400.000002,2667.0
# temp #9957
0.0,2234.0
38026.363162673086,2234.0
38026.363162673086,2555.0
71985.30524626841,2555.0
71985.30524626841,2429.0
86400.000002,2429.0
# temp #9958
0.0,2234.0
22164.867964480076,2234.0
22164.867964480076,2555.0
38573.769769258804,2555.0
38573.769769258804,2429.0
39095.652091456584,2429.0
39095.652091456584,2555.0
63274.52345194762,2555.0
63274.52345194762,2429.0
64461.88945623582,2429.0
64461.88945623582,2234.0
69676.3232987607,2234.0
69676.3232987607,2429.0
86400.0,2429.0
# temp #9959
0.0,2234.0
55551.37450704352,2234.0
55551.37450704352,2555.0
57636.39661283233,2555.0
57636.39661283233,2667.0
58106.58213011921,2667.0
58106.58213011921,2555.0
64106.58213011921,2555.0
64106.58213011921,2429.0
66506.5821301192,2429.0
66506.5821301192,2234.0
70106.5821301192,2234.0
70106.5821301192,2429.0
71306.5821301192,2429.0
71306.5821301192,2234.0
77006.5821301192,2234.0
77006.5821301192,2429.0
86400.000002,2429.0
# temp #9960
0.0,2234.0
37887.14676098898,2234.0
37887.14676098898,2883.0
40287.14676098898,2883.0
40287.14676098898,2667.0
48163.53129465133,2667.0
48163.53129465133,2883.0
54203.86438462883,2883.0
54203.86438462883,2667.0
81539.29156491067,2667.0
81539.29156491067,2555.0
86400.000002,2555.0
# temp #9961
0.0,2234.0
40041.23237491586,2234.0
40041.23237491586,2429.0
40503.53894548026,2429.0
40503.53894548026,2555.0
44051.391429989606,2555.0
44051.391429989606,2429.0
57546.58766495996,2429.0
57546.58766495996,2555.0
68091.87720674092,2555.0
68091.87720674092,2667.0
78463.72628740502,2667.0
78463.72628740502,2555.0
86400.0,2555.0
# temp #9962
0.0,2234.0
77396.28628646025,2234.0
77396.28628646025,2883.0
79796.28628646025,2883.0
79796.28628646025,2667.0
86400.000002,2667.0
# temp #9963
0.0,2234.0
9287.021290976554,2234.0
9287.021290976554,2429.0
9760.41028755717,2429.0
9760.41028755717,2234.0
10378.709022933617,2234.0
10378.709022933617,2429.0
14315.872321324423,2429.0
14315.872321324423,2234.0
35085.80887543503,2234.0
35085.80887543503,2429.0
35687.61998210102,2429.0
35687.61998210102,2234.0
55308.04393307772,2234.0
55308.04393307772,2429.0
86400.0,2429.0
# temp #9964
0.0,2234.0
6257.253885129468,2234.0
6257.253885129468,2555.0
41427.67826565542,2555.0
41427.67826565542,2429.0
62891.28044270912,2429.0
62891.28044270912,2234.0
63491.28044270912,2234.0
63491.28044270912,2429.0
65891.28044270912,2429.0
65891.28044270912,2555.0
76091.28044270912,2555.0
76091.28044270912,2667.0
82799.55193307252,2667.0
82799.55193307252,2555.0
86400.000002,2555.0
# temp #9965
0.0,2234.0
83149.53705556692,2234.0
83149.53705556692,2883.0
85549.53705556692,2883.0
85549.53705556692,2667.0
86188.57398075053,2667.0
86188.57398075053,2555.0
86400.000002,2555.0
# temp #9966
0.0,2234.0
5423.984407028184,2234.0
5423.984407028184,2667.0
9067.909673159013,2667.0
9067.909673159013,2555.0
9403.350641881118,2555.0
9403.350641881118,2667.0
12298.2818299206,2667.0
12298.2818299206,2555.0
12898.2818299206,2555.0
12898.2818299206,2667.0
32518.495658808395,2667.0
32518.495658808395,2555.0
35037.08393464331,2555.0
35037.08393464331,2429.0
50164.99364934863,2429.0
50164.99364934863,2555.0
62880.09118102492,2555.0
62880.09118102492,2429.0
80200.5724486895,2429.0
80200.5724486895,2555.0
86400.000002,2555.0
# temp #9967
0.0,2234.0
38757.63269362506,2234.0
38757.63269362506,2429.0
45657.63269362506,2429.0
45657.63269362506,2555.0
47457.63269362506,2555.0
47457.63269362506,2429.0
60357.63269362506,2429.0
60357.63269362506,2234.0
60657.63269362506,2234.0
60657.63269362506,2017.0
60957.63269362506,2017.0
60957.63269362506,2234.0
61257.63269362506,2234.0
61257.63269362506,2017.0
73598.8124853233,2017.0
73598.8124853233,2234.0
74752.62194399258,2234.0
74752.62194399258,2667.0
85657.3664761847,2667.0
85657.3664761847,2555.0
86400.000002,2555.0
# temp #9968
0.0,2234.0
68401.15509296303,2234.0
68401.15509296303,2555.0
86400.0,2555.0
# temp #9969
0.0,2234.0
53036.19493092411,2234.0
53036.19493092411,2555.0
76098.05157207885,2555.0
76098.05157207885,2429.0
76524.33129334824,2429.0
76524.33129334824,2555.0
86400.0,2555.0
# temp #9970
0.0,2234.0
13849.150340468625,2234.0
13849.150340468625,2429.0
14205.071857525038,2429.0
14205.071857525038,2555.0
15260.866967914628,2555.0
15260.866967914628,2429.0
31647.515496890992,2429.0
31647.515496890992,2234.0
48642.20948265866,2234.0
48642.20948265866,2667.0
70083.94161842299,2667.0
70083.94161842299,2234.0
72551.10968628434,2234.0
72551.10968628434,2667.0
73079.09318099266,2667.0
73079.09318099266,2555.0
86400.000002,2555.0
# temp #9971
0.0,2234.0
27373.666432709437,2234.0
27373.666432709437,2555.0
34897.78763728683,2555.0
34897.78763728683,2429.0
41335.550966137096,2429.0
41335.550966137096,2234.0
41935.550966137096,2234.0
41935.550966137096,2429.0
60235.550966137096,2429.0
60235.550966137096,2555.0
61735.550966137096,2555.0
61735.550966137096,2429.0
80608.19113589825,2429.0
80608.19113589825,2234.0
86400.0,2234.0
# temp #9972
0.0,2234.0
21966.741706221368,2234.0
21966.741706221368,2429.0
22517.05838455819,2429.0
22517.05838455819,2555.0
24325.437886035073,2555.0
24325.437886035073,2429.0
29330.394125240862,2429.0
29330.394125240862,2555.0
29885.56605556515,2555.0
29885.56605556515,2667.0
46994.37722729054,2667.0
46994.37722729054,2555.0
52405.69955098909,2555.0
52405.69955098909,2667.0
60923.86885131711,2667.0
60923.86885131711,2555.0
86400.000002,2555.0
# temp #9973
0.0,2234.0
72596.56504858285,2234.0
72596.56504858285,2555.0
86400.0,2555.0
# temp #9974
0.0,2234.0
55564.324923302054,2234.0
55564.324923302054,2429.0
55892.69453901798,2429.0
55892.69453901798,2555.0
57930.60384672136,2555.0
57930.60384672136,2429.0
60511.66283127387,2429.0
60511.66283127387,2667.0
63934.160228236586,2667.0
63934.160228236586,2555.0
86400.000002,2555.0
# temp #9975
0.0,2234.0
13108.82760579698,2234.0
13108.82760579698,2429.0
13690.202524582857,2429.0
13690.202524582857,2555.0
14208.222748409027,2555.0
14208.222748409027,2429.0
46285.2429955965,2429.0
46285.2429955965,2883.0
77612.90850928055,2883.0
77612.90850928055,2429.0
86400.0,2429.0
# temp #9976
0.0,2234.0
9335.94895983115,2234.0
9335.94895983115,2555.0
11078.9393610321,2555.0
11078.9393610321,2667.0
11525.854820315728,2667.0
11525.854820315728,2555.0
17525.854820315726,2555.0
17525.854820315726,2429.0
19925.854820315726,2429.0
19925.854820315726,2234.0
23525.854820315726,2234.0
23525.854820315726,2429.0
24725.854820315726,2429.0
24725.854820315726,2234.0
30425.854820315726,2234.0
30425.854820315726,2429.0
37179.3997366447,2429.0
37179.3997366447,2555.0
70202.73086973466,2555.0
70202.73086973466,2429.0
86400.000002,2429.0
# temp #9977
0.0,2234.0
8296.073506213726,2234.0
8296.073506213726,2017.0
38169.54015875236,2017.0
38169.54015875236,2234.0
60251.58542543651,2234.0
60251.58542543651,2017.0
66054.23043253833,2017.0
66054.23043253833,2234.0
86400.000002,2234.0
# temp #9978
0.0,2234.0
8926.305554551074,2234.0
8926.305554551074,2555.0
12342.741266288796,2555.0
12342.741266288796,2429.0
23982.547536143105,2429.0
23982.547536143105,2234.0
24582.547536143105,2234.0
24582.547536143105,2429.0
26982.547536143105,2429.0
26982.547536143105,2555.0
37182.5475361431,2555.0
37182.5475361431,2667.0
61930.44401519001,2667.0
61930.44401519001,2555.0
69434.00112795645,2555.0
69434.00112795645,2429.0
79159.81420234313,2429.0
79159.81420234313,2234.0
80832.82947263216,2234.0
80832.82947263216,2667.0
86400.000002,2667.0
# temp #9979
0.0,2234.0
67966.89925915562,2234.0
67966.89925915562,2555.0
79514.12398000248,2555.0
79514.12398000248,2234.0
86400.0,2234.0
# temp #9980
0.0,2234.0
20213.408557791267,2234.0
20213.408557791267,2555.0
25014.00795676746,2555.0
25014.00795676746,2667.0
31314.00795676746,2667.0
31314.00795676746,2555.0
32514.00795676746,2555.0
32514.00795676746,2429.0
75714.00795676745,2429.0
75714.00795676745,2234.0
86400.000002,2234.0
# temp #9981
0.0,2234.0
57525.43061119505,2234.0
57525.43061119505,2555.0
58055.838526971645,2555.0
58055.838526971645,2429.0
86400.0,2429.0
# temp #9982
0.0,2234.0
77309.90596355406,2234.0
77309.90596355406,2555.0
79824.21417364386,2555.0
79824.21417364386,2667.0
80260.32124715859,2667.0
80260.32124715859,2555.0
80560.32124715859,2555.0
80560.32124715859,2667.0
86400.0,2667.0
# temp #9983
0.0,2234.0
5640.915946173483,2234.0
5640.915946173483,2883.0
7373.388552828693,2883.0
7373.388552828693,2667.0
17006.208482407965,2667.0
17006.208482407965,2883.0
41219.83383412008,2883.0
41219.83383412008,2429.0
70288.16767511891,2429.0
70288.16767511891,2234.0
86400.000002,2234.0
# temp #9984
0.0,2234.0
36784.91713979748,2234.0
36784.91713979748,2429.0
37164.846712374136,2429.0
37164.846712374136,2234.0
37769.87607304473,2234.0
37769.87607304473,2429.0
41002.36575447489,2429.0
41002.36575447489,2234.0
52963.90814250336,2234.0
52963.90814250336,2429.0
54407.73562621326,2429.0
54407.73562621326,2555.0
55220.936285052456,2555.0
55220.936285052456,2429.0
55520.936285052456,2429.0
55520.936285052456,2555.0
55820.936285052456,2555.0
55820.936285052456,2429.0
56420.936285052456,2429.0
56420.936285052456,2555.0
59767.6714536734,2555.0
59767.6714536734,2429.0
86400.000002,2429.0
# temp #9985
0.0,2234.0
7376.683809072712,2234.0
7376.683809072712,2667.0
10971.704569947908,2667.0
10971.704569947908,2555.0
12048.06001831312,2555.0
12048.06001831312,2667.0
14918.704395974059,2667.0
14918.704395974059,2555.0
15218.704395974059,2555.0
15218.704395974059,2429.0
48044.43038762547,2429.0
48044.43038762547,2883.0
65704.80195139535,2883.0
65704.80195139535,2667.0
86400.0,2667.0
# temp #9986
0.0,2234.0
2827.323729079217,2234.0
2827.323729079217,2667.0
20633.915467537012,2667.0
20633.915467537012,2555.0
21204.012076067742,2555.0
21204.012076067742,2429.0
45756.093014474034,2429.0
45756.093014474034,2555.0
53004.89177859855,2555.0
53004.89177859855,2429.0
83896.96110805964,2429.0
83896.96110805964,2555.0
85947.8382267058,2555.0
85947.8382267058,2429.0
86400.000002,2429.0
# temp #9987
0.0,2234.0
71364.23476031052,2234.0
71364.23476031052,2555.0
76192.98403998838,2555.0
76192.98403998838,2429.0
76665.99805550651,2429.0
76665.99805550651,2555.0
86400.000002,2555.0
# temp #9988
0.0,2234.0
38510.15667747707,2234.0
38510.15667747707,2555.0
65085.31353701839,2555.0
65085.31353701839,2429.0
65598.40018451215,2429.0
65598.40018451215,2555.0
78347.91401331314,2555.0
78347.91401331314,2429.0
79096.36752305088,2429.0
79096.36752305088,2234.0
86400.000002,2234.0
# temp #9989
0.0,2234.0
57331.364041403875,2234.0
57331.364041403875,2555.0
62594.587004743524,2555.0
62594.587004743524,2667.0
63036.47143661511,2667.0
63036.47143661511,2555.0
63336.47143661511,2555.0
63336.47143661511,2667.0
66936.47143661512,2667.0
66936.47143661512,2555.0
68436.47143661512,2555.0
68436.47143661512,2429.0
72629.44983264898,2429.0
72629.44983264898,2234.0
85384.48117955124,2234.0
85384.48117955124,2667.0
86400.0,2667.0
# temp #9990
0.0,2234.0
52962.35797530972,2234.0
52962.35797530972,2555.0
54142.26203262807,2555.0
54142.26203262807,2667.0
64042.26203262807,2667.0
64042.26203262807,2555.0
65943.52474249901,2555.0
65943.52474249901,2429.0
81458.31222804265,2429.0
81458.31222804265,2883.0
86400.000002,2883.0
# temp #9991
0.0,2234.0
47525.55064985063,2234.0
47525.55064985063,2883.0
49925.55064985063,2883.0
49925.55064985063,2667.0
85447.92857884895,2667.0
85447.92857884895,2555.0
86400.000002,2555.0
# temp #9992
0.0,2234.0
7518.28314852901,2234.0
7518.28314852901,2667.0
29326.845302386217,2667.0
29326.845302386217,2555.0
30748.521024780355,2555.0
30748.521024780355,2667.0
43766.75061348361,2667.0
43766.75061348361,2555.0
44066.75061348361,2555.0
44066.75061348361,2667.0
44809.848040994264,2667.0
44809.848040994264,2555.0
45409.848040994264,2555.0
45409.848040994264,2667.0
48142.739977757454,2667.0
48142.739977757454,2234.0
49724.26143600606,2234.0
49724.26143600606,2429.0
62769.11327303389,2429.0
62769.11327303389,2883.0
86400.0,2883.0
# temp #9993
0.0,2234.0
17351.38591399882,2234.0
17351.38591399882,2429.0
24251.38591399882,2429.0
24251.38591399882,2555.0
26051.38591399882,2555.0
26051.38591399882,2429.0
38951.38591399882,2429.0
38951.38591399882,2234.0
39251.38591399882,2234.0
39251.38591399882,2017.0
39551.38591399882,2017.0
39551.38591399882,2234.0
39851.38591399882,2234.0
39851.38591399882,2017.0
58927.38088017795,2017.0
58927.38088017795,2234.0
83547.98080120236,2234.0
83547.98080120236,2429.0
86400.000002,2429.0
# temp #9994
0.0,2234.0
20306.04352599476,2234.0
20306.04352599476,2429.0
20626.724922400903,2429.0
20626.724922400903,2234.0
21494.905943493362,2234.0
21494.905943493362,2429.0
25924.35048592743,2429.0
25924.35048592743,2234.0
27421.642362303104,2234.0
27421.642362303104,2429.0
27763.803282869052,2429.0
27763.803282869052,2234.0
55012.08868045361,2234.0
55012.08868045361,2429.0
74356.89850612545,2429.0
74356.89850612545,2555.0
86400.000002,2555.0
# temp #9995
0.0,2234.0
4753.637969470584,2234.0
4753.637969470584,2667.0
8047.06086216029,2667.0
8047.06086216029,2555.0
9323.175644944424,2555.0
9323.175644944424,2667.0
29768.187048775148,2667.0
29768.187048775148,2555.0
30368.187048775148,2555.0
30368.187048775148,2667.0
50554.375321115374,2667.0
50554.375321115374,2555.0
53350.44886737597,2555.0
53350.44886737597,2429.0
58704.124749242335,2429.0
58704.124749242335,2555.0
84004.82902710793,2555.0
84004.82902710793,2429.0
86400.0,2429.0
# temp #9996
0.0,2234.0
51483.66031805054,2234.0
51483.66031805054,2555.0
55468.1042357348,2555.0
55468.1042357348,2667.0
58467.18060078566,2667.0
58467.18060078566,2555.0
61402.37238567789,2555.0
61402.37238567789,2667.0
86400.000002,2667.0
# temp #9997
0.0,2234.0
7457.957383780742,2234.0
7457.957383780742,2667.0
36567.443100828685,2667.0
36567.443100828685,2555.0
37873.88970684261,2555.0
37873.88970684261,2667.0
40351.58005824779,2667.0
40351.58005824779,2555.0
40651.58005824779,2555.0
40651.58005824779,2667.0
40951.58005824779,2667.0
40951.58005824779,2555.0
44251.58005824779,2555.0
44251.58005824779,2667.0
69751.58005824778,2667.0
69751.58005824778,2883.0
86400.0,2883.0
# temp #9998
0.0,2234.0
12776.709908223713,2234.0
12776.709908223713,2555.0
48440.00786498655,2555.0
48440.00786498655,2429.0
48885.718504269615,2429.0
48885.718504269615,2555.0
61676.86260666233,2555.0
61676.86260666233,2429.0
62673.49211198744,2429.0
62673.49211198744,2234.0
86400.000002,2234.0
# temp #9999
0.0,2234.0
29419.648190145384,2234.0
29419.648190145384,2555.0
56659.08399580513,2555.0
56659.08399580513,2429.0
56974.87815355417,2429.0
56974.87815355417,2555.0
62756.137305311866,2555.0
62756.137305311866,2429.0
63792.88384616376,2429.0
63792.88384616376,2555.0
65272.135176043965,2555.0
65272.135176043965,2429.0
65572.13517604396,2429.0
65572.13517604396,2555.0
85972.13517604396,2555.0
85972.13517604396,2429.0
86272.13517604396,2429.0
86272.13517604396,2555.0
86400.0,2555.0
# temp #10000
0.0,2234.0
34573.88650621288,2234.0
34573.88650621288,2017.0
48965.85312802345,2017.0
48965.85312802345,2234.0
67483.409662731,2234.0
67483.409662731,2017.0
86400.0,2017.0
